GenomeStart 41690
Neuron 1 1 0.00000000 1 0.00000000 0.00000000 0.00000000 0.00000000
Neuron 2 1 0.00000000 1 0.00000000 0.00000000 0.00000000 0.00000000
Neuron 3 1 0.00000000 1 0.00000000 0.00000000 0.00000000 0.00000000
Neuron 4 1 0.00000000 1 0.00000000 0.00000000 0.00000000 0.00000000
Neuron 5 1 0.00000000 1 0.00000000 0.00000000 0.00000000 0.00000000
Neuron 6 1 0.00000000 1 0.00000000 0.00000000 0.00000000 0.00000000
Neuron 7 1 0.00000000 1 0.00000000 0.00000000 0.00000000 0.00000000
Neuron 8 1 0.00000000 1 0.00000000 0.00000000 0.00000000 0.00000000
Neuron 9 2 0.00000000 1 0.00000000 0.00000000 0.00000000 0.00000000
Neuron 10 4 1.00000000 0 1.00000000 0.00000000 0.00000000 0.00000000
Neuron 11 4 1.00000000 0 1.00000000 0.00000000 0.00000000 0.00000000
Neuron 12 4 1.00000000 0 1.00000000 0.00000000 0.00000000 0.00000000
Neuron 13 4 1.00000000 0 1.00000000 0.00000000 0.00000000 0.00000000
Neuron 14 4 1.00000000 0 1.00000000 0.00000000 0.00000000 0.00000000
Neuron 15 4 1.00000000 0 1.00000000 0.00000000 0.00000000 0.00000000
Neuron 16 4 1.00000000 0 1.00000000 0.00000000 0.00000000 0.00000000
Neuron 18 3 0.50000000 1 1.00000000 0.00000000 0.00000000 0.00000000
Neuron 19 3 0.50000000 1 1.00000000 0.00000000 0.00000000 0.00000000
Neuron 20 3 0.50000000 1 1.00000000 0.00000000 0.00000000 0.00000000
Neuron 21 3 0.50000000 1 1.00000000 0.00000000 0.00000000 0.00000000
Neuron 22 3 0.50000000 1 1.00000000 0.00000000 0.00000000 0.00000000
Neuron 23 3 0.50000000 1 1.00000000 0.00000000 0.00000000 0.00000000
Neuron 24 3 0.50000000 1 1.00000000 0.00000000 0.00000000 0.00000000
Neuron 26 3 0.50000000 1 1.00000000 0.00000000 0.00000000 0.00000000
Neuron 27 3 0.50000000 1 1.00000000 0.00000000 0.00000000 0.00000000
Neuron 28 3 0.50000000 1 1.00000000 0.00000000 0.00000000 0.00000000
Neuron 30 3 0.50000000 1 1.00000000 0.00000000 0.00000000 0.00000000
Neuron 32 3 0.50000000 1 1.00000000 0.00000000 0.00000000 0.00000000
Neuron 33 3 0.50000000 1 1.00000000 0.00000000 0.00000000 0.00000000
Neuron 34 3 0.50000000 1 1.00000000 0.00000000 0.00000000 0.00000000
Neuron 37 3 0.50000000 1 1.00000000 0.00000000 0.00000000 0.00000000
Neuron 38 3 0.50000000 1 1.00000000 0.00000000 0.00000000 0.00000000
Neuron 39 3 0.50000000 1 1.00000000 0.00000000 0.00000000 0.00000000
Neuron 40 3 0.50000000 1 1.00000000 0.00000000 0.00000000 0.00000000
Neuron 42 3 0.50000000 1 1.00000000 0.00000000 0.00000000 0.00000000
Neuron 43 3 0.50000000 1 1.00000000 0.00000000 0.00000000 0.00000000
Neuron 44 3 0.50000000 1 1.00000000 0.00000000 0.00000000 0.00000000
Neuron 45 3 0.50000000 1 1.00000000 0.00000000 0.00000000 0.00000000
Neuron 47 3 0.50000000 1 1.00000000 0.00000000 0.00000000 0.00000000
Neuron 49 3 0.50000000 1 1.00000000 0.00000000 0.00000000 0.00000000
Neuron 50 3 0.50000000 1 1.00000000 0.00000000 0.00000000 0.00000000
Neuron 51 3 0.50000000 1 1.00000000 0.00000000 0.00000000 0.00000000
Neuron 52 3 0.50000000 1 1.00000000 0.00000000 0.00000000 0.00000000
Neuron 53 3 0.50000000 1 1.00000000 0.00000000 0.00000000 0.00000000
Neuron 54 3 0.50000000 1 1.00000000 0.00000000 0.00000000 0.00000000
Neuron 55 3 0.50000000 1 1.00000000 0.00000000 0.00000000 0.00000000
Neuron 56 3 0.50000000 1 1.00000000 0.00000000 0.00000000 0.00000000
Neuron 57 3 0.50000000 1 1.00000000 0.00000000 0.00000000 0.00000000
Neuron 59 3 0.50000000 1 1.00000000 0.00000000 0.00000000 0.00000000
Neuron 60 3 0.50000000 1 1.00000000 0.00000000 0.00000000 0.00000000
Neuron 62 3 0.75000000 1 1.00000000 0.00000000 0.00000000 0.00000000
Neuron 63 3 0.50000000 1 1.00000000 0.00000000 0.00000000 0.00000000
Neuron 65 3 0.50000000 1 1.00000000 0.00000000 0.00000000 0.00000000
Neuron 66 3 0.50000000 1 1.00000000 0.00000000 0.00000000 0.00000000
Neuron 70 3 0.75000000 1 1.00000000 0.00000000 0.00000000 0.00000000
Neuron 72 3 0.50000000 1 1.00000000 0.00000000 0.00000000 0.00000000
Neuron 73 3 0.50000000 1 1.00000000 0.00000000 0.00000000 0.00000000
Neuron 74 3 0.50000000 1 1.00000000 0.00000000 0.00000000 0.00000000
Neuron 76 3 0.25000000 1 1.00000000 0.00000000 0.00000000 0.00000000
Neuron 78 3 0.50000000 1 1.00000000 0.00000000 0.00000000 0.00000000
Neuron 80 3 0.75000000 1 1.00000000 0.00000000 0.00000000 0.00000000
Neuron 81 3 0.50000000 1 1.00000000 0.00000000 0.00000000 0.00000000
Neuron 83 3 0.50000000 1 1.00000000 0.00000000 0.00000000 0.00000000
Neuron 84 3 0.50000000 1 1.00000000 0.00000000 0.00000000 0.00000000
Neuron 85 3 0.50000000 1 1.00000000 0.00000000 0.00000000 0.00000000
Neuron 88 3 0.25000000 1 1.00000000 0.00000000 0.00000000 0.00000000
Neuron 96 3 0.75000000 1 1.00000000 0.00000000 0.00000000 0.00000000
Neuron 99 3 0.75000000 1 1.00000000 0.00000000 0.00000000 0.00000000
Neuron 102 3 0.75000000 1 1.00000000 0.00000000 0.00000000 0.00000000
Neuron 106 3 0.75000000 1 1.00000000 0.00000000 0.00000000 0.00000000
Neuron 107 3 0.25000000 1 1.00000000 0.00000000 0.00000000 0.00000000
Neuron 109 3 0.75000000 1 1.00000000 0.00000000 0.00000000 0.00000000
Neuron 114 3 0.75000000 1 1.00000000 0.00000000 0.00000000 0.00000000
Neuron 127 3 0.25000000 1 1.00000000 0.00000000 0.00000000 0.00000000
Neuron 139 3 0.25000000 1 1.00000000 0.00000000 0.00000000 0.00000000
Neuron 146 3 0.75000000 1 1.00000000 0.00000000 0.00000000 0.00000000
Neuron 159 3 0.87500000 1 1.00000000 0.00000000 0.00000000 0.00000000
Neuron 160 3 0.75000000 1 1.00000000 0.00000000 0.00000000 0.00000000
Neuron 165 3 0.25000000 1 1.00000000 0.00000000 0.00000000 0.00000000
Neuron 169 3 0.25000000 1 1.00000000 0.00000000 0.00000000 0.00000000
Neuron 170 3 0.25000000 1 1.00000000 0.00000000 0.00000000 0.00000000
Neuron 176 3 0.75000000 1 1.00000000 0.00000000 0.00000000 0.00000000
Neuron 177 3 0.75000000 1 1.00000000 0.00000000 0.00000000 0.00000000
Neuron 181 3 0.25000000 1 1.00000000 0.00000000 0.00000000 0.00000000
Neuron 190 3 0.75000000 1 1.00000000 0.00000000 0.00000000 0.00000000
Neuron 197 3 0.75000000 1 1.00000000 0.00000000 0.00000000 0.00000000
Neuron 225 3 0.25000000 1 1.00000000 0.00000000 0.00000000 0.00000000
Neuron 229 3 0.25000000 1 1.00000000 0.00000000 0.00000000 0.00000000
Neuron 235 3 0.25000000 1 1.00000000 0.00000000 0.00000000 0.00000000
Neuron 236 3 0.75000000 1 1.00000000 0.00000000 0.00000000 0.00000000
Neuron 238 3 0.50000000 1 1.00000000 0.00000000 0.00000000 0.00000000
Neuron 241 3 0.37500000 1 1.00000000 0.00000000 0.00000000 0.00000000
Neuron 254 3 0.62500000 1 1.00000000 0.00000000 0.00000000 0.00000000
Neuron 255 3 0.87500000 1 1.00000000 0.00000000 0.00000000 0.00000000
Neuron 256 3 0.50000000 1 1.00000000 0.00000000 0.00000000 0.00000000
Neuron 258 3 0.62500000 1 1.00000000 0.00000000 0.00000000 0.00000000
Neuron 267 3 0.25000000 1 1.00000000 0.00000000 0.00000000 0.00000000
Neuron 272 3 0.75000000 1 1.00000000 0.00000000 0.00000000 0.00000000
Neuron 273 3 0.75000000 1 1.00000000 0.00000000 0.00000000 0.00000000
Neuron 274 3 0.75000000 1 1.00000000 0.00000000 0.00000000 0.00000000
Neuron 292 3 0.25000000 1 1.00000000 0.00000000 0.00000000 0.00000000
Neuron 303 3 0.37500000 1 1.00000000 0.00000000 0.00000000 0.00000000
Neuron 311 3 0.75000000 1 1.00000000 0.00000000 0.00000000 0.00000000
Neuron 313 3 0.87500000 1 1.00000000 0.00000000 0.00000000 0.00000000
Neuron 318 3 0.56250000 1 1.00000000 0.00000000 0.00000000 0.00000000
Neuron 330 3 0.25000000 1 1.00000000 0.00000000 0.00000000 0.00000000
Neuron 343 3 0.25000000 1 1.00000000 0.00000000 0.00000000 0.00000000
Neuron 359 3 0.87500000 1 1.00000000 0.00000000 0.00000000 0.00000000
Neuron 363 3 0.75000000 1 1.00000000 0.00000000 0.00000000 0.00000000
Neuron 366 3 0.25000000 1 1.00000000 0.00000000 0.00000000 0.00000000
Neuron 380 3 0.50000000 1 1.00000000 0.00000000 0.00000000 0.00000000
Neuron 384 3 0.62500000 1 1.00000000 0.00000000 0.00000000 0.00000000
Neuron 408 3 0.75000000 1 1.00000000 0.00000000 0.00000000 0.00000000
Neuron 432 3 0.50000000 1 1.00000000 0.00000000 0.00000000 0.00000000
Neuron 439 3 0.37500000 1 1.00000000 0.00000000 0.00000000 0.00000000
Neuron 471 3 0.50000000 1 1.00000000 0.00000000 0.00000000 0.00000000
Neuron 472 3 0.25000000 1 1.00000000 0.00000000 0.00000000 0.00000000
Neuron 473 3 0.50000000 1 1.00000000 0.00000000 0.00000000 0.00000000
Neuron 475 3 0.50000000 1 1.00000000 0.00000000 0.00000000 0.00000000
Neuron 479 3 0.59375000 1 1.00000000 0.00000000 0.00000000 0.00000000
Neuron 480 3 0.50000000 1 1.00000000 0.00000000 0.00000000 0.00000000
Neuron 482 3 0.62500000 1 1.00000000 0.00000000 0.00000000 0.00000000
Neuron 485 3 0.12500000 1 1.00000000 0.00000000 0.00000000 0.00000000
Neuron 492 3 0.50000000 1 1.00000000 0.00000000 0.00000000 0.00000000
Neuron 504 3 0.87500000 1 1.00000000 0.00000000 0.00000000 0.00000000
Neuron 508 3 0.31250000 1 1.00000000 0.00000000 0.00000000 0.00000000
Neuron 515 3 0.50000000 1 1.00000000 0.00000000 0.00000000 0.00000000
Neuron 519 3 0.12500000 1 1.00000000 0.00000000 0.00000000 0.00000000
Neuron 520 3 1.00000000 1 1.00000000 0.00000000 0.00000000 0.00000000
Neuron 522 3 0.53125000 1 1.00000000 0.00000000 0.00000000 0.00000000
Neuron 526 3 0.81250000 1 1.00000000 0.00000000 0.00000000 0.00000000
Neuron 546 3 0.50000000 1 1.00000000 0.00000000 0.00000000 0.00000000
Neuron 549 3 0.75000000 1 1.00000000 0.00000000 0.00000000 0.00000000
Neuron 563 3 0.50000000 1 1.00000000 0.00000000 0.00000000 0.00000000
Neuron 573 3 0.81250000 1 1.00000000 0.00000000 0.00000000 0.00000000
Neuron 616 3 0.18750000 1 1.00000000 0.00000000 0.00000000 0.00000000
Neuron 669 3 0.37500000 1 1.00000000 0.00000000 0.00000000 0.00000000
Neuron 763 3 0.56250000 1 1.00000000 0.00000000 0.00000000 0.00000000
Neuron 799 3 0.37500000 1 1.00000000 0.00000000 0.00000000 0.00000000
Neuron 832 3 0.78125000 1 1.00000000 0.00000000 0.00000000 0.00000000
Link 1 10 1 0 2.43246159
Link 2 10 2 0 -1.26743033
Link 3 10 3 0 -1.46093108
Link 4 10 4 0 -0.13282572
Link 5 10 5 0 2.79757658
Link 6 10 6 0 -2.54561569
Link 7 10 7 0 -0.46392861
Link 8 10 8 0 3.20800153
Link 9 10 9 0 0.14918889
Link 1 11 10 0 0.83392343
Link 2 11 11 0 1.25269360
Link 3 11 12 0 -0.24989248
Link 4 11 13 0 -1.29805346
Link 5 11 14 0 1.35613980
Link 7 11 16 0 -1.66665343
Link 8 11 17 0 -3.29935594
Link 9 11 18 0 -0.34324385
Link 1 12 19 0 2.15919830
Link 2 12 20 0 -0.69603018
Link 3 12 21 0 1.35186565
Link 4 12 22 0 1.40577753
Link 5 12 23 0 0.02299155
Link 6 12 24 0 0.28777742
Link 7 12 25 0 -2.41778082
Link 8 12 26 0 2.44917446
Link 9 12 27 0 1.88962803
Link 1 13 28 0 3.86414701
Link 2 13 29 0 0.70532377
Link 3 13 30 0 0.84954787
Link 4 13 31 0 -0.66209809
Link 5 13 32 0 0.55269200
Link 6 13 33 0 -1.14091340
Link 7 13 34 0 0.46627436
Link 8 13 35 0 3.42976120
Link 9 13 36 0 -0.21685256
Link 1 14 37 0 1.62860421
Link 2 14 38 0 3.08130372
Link 3 14 39 0 -2.50838631
Link 4 14 40 0 -0.66443507
Link 5 14 41 0 -0.16624426
Link 6 14 42 0 0.19863178
Link 7 14 43 0 -0.03353425
Link 8 14 44 0 1.48656508
Link 9 14 45 0 0.07410382
Link 3 15 48 0 0.94597082
Link 4 15 49 0 2.40616347
Link 5 15 50 0 -3.06605735
Link 6 15 51 0 0.88337957
Link 7 15 52 0 -1.50274535
Link 8 15 53 0 -2.43986382
Link 9 15 54 0 0.71923169
Link 1 16 55 0 2.52321028
Link 3 16 57 0 -0.65540714
Link 4 16 58 0 -3.38293107
Link 5 16 59 0 -0.90792062
Link 6 16 60 0 -0.33901023
Link 7 16 61 0 -2.89547593
Link 8 16 62 0 -1.62817756
Link 9 16 63 0 -2.24094462
Link 2 18 68 0 -0.07749492
Link 18 15 69 0 0.32010997
Link 6 19 71 0 1.71327225
Link 19 11 72 0 0.65751210
Link 4 20 74 0 2.19281477
Link 20 10 75 0 -2.20420103
Link 3 21 77 0 0.13392560
Link 6 22 80 0 1.15784975
Link 22 16 81 0 -2.60944090
Link 8 23 83 0 4.46475324
Link 23 15 84 0 1.39695375
Link 6 24 86 0 0.00805165
Link 24 13 87 0 -2.58754976
Link 5 26 92 0 -1.01945924
Link 26 14 93 0 1.08601248
Link 2 27 95 0 -0.05228851
Link 27 16 96 0 0.28584867
Link 5 28 98 0 2.92186076
Link 28 16 99 0 0.88708401
Link 6 30 104 0 0.87447880
Link 30 15 105 0 0.13414373
Link 5 32 110 0 1.31304103
Link 32 10 111 0 -1.42404968
Link 7 33 113 0 0.39122853
Link 4 34 116 0 1.53612533
Link 34 15 117 0 0.99525858
Link 8 37 125 0 -1.43006441
Link 37 16 126 0 0.45259336
Link 1 38 129 0 0.94795113
Link 38 15 130 0 -0.17565649
Link 7 39 134 0 3.23854334
Link 39 16 135 0 -0.74268571
Link 7 40 137 0 -2.22879614
Link 40 13 138 0 0.38841341
Link 42 12 144 0 1.62110322
Link 8 43 146 0 0.95278956
Link 43 11 147 0 3.04728288
Link 8 44 149 0 -2.04273390
Link 44 14 150 0 2.95616055
Link 4 47 162 0 2.18790692
Link 2 49 169 0 -2.12212418
Link 49 12 170 0 0.17448027
Link 1 50 172 0 1.97251205
Link 50 10 173 0 0.96205662
Link 7 51 175 0 -1.78682642
Link 51 15 176 0 -0.72852509
Link 4 53 182 0 -1.80515956
Link 53 12 183 0 -1.79288616
Link 5 54 188 0 -0.75147672
Link 54 11 189 0 -1.55489446
Link 6 55 192 0 -1.05439052
Link 11 11 198 1 -0.11580128
Link 56 14 204 0 -0.57113711
Link 3 18 207 0 0.21014172
Link 5 57 212 0 -2.64271105
Link 6 59 219 0 2.67415730
Link 59 14 220 0 -0.20317066
Link 5 60 222 0 2.34458410
Link 60 15 223 0 0.83126386
Link 12 18 227 1 -3.90944642
Link 32 62 232 0 2.05073884
Link 3 63 236 0 1.07256648
Link 63 12 237 0 0.51990364
Link 65 16 248 0 -1.66199206
Link 3 66 250 0 -1.09739634
Link 66 13 251 0 -0.39198576
Link 33 70 269 0 0.55263005
Link 70 12 270 0 -1.12223354
Link 12 12 274 1 -0.83332942
Link 1 72 281 0 -3.06777900
Link 5 73 285 0 -4.26464783
Link 73 12 286 0 1.16574429
Link 4 74 295 0 1.28840840
Link 74 16 296 0 1.31288875
Link 15 27 299 1 1.19236074
Link 5 76 313 0 -0.79518402
Link 76 32 314 0 0.89846517
Link 8 78 320 0 -0.31181000
Link 78 12 321 0 1.23609771
Link 27 80 326 0 2.50817375
Link 80 16 327 0 0.62713958
Link 9 52 333 0 2.72489676
Link 14 44 343 1 0.98857399
Link 4 81 346 0 0.26711504
Link 16 60 353 1 1.49340795
Link 4 37 354 0 -0.07795474
Link 3 83 362 0 -2.24195680
Link 2 84 369 0 4.09579175
Link 84 10 370 0 2.78439760
Link 2 52 380 0 -1.20975472
Link 2 85 382 0 -1.35200162
Link 85 14 383 0 -2.44663759
Link 11 27 393 1 -3.49326766
Link 8 88 402 0 -0.12803187
Link 66 27 418 0 -2.79696328
Link 1 18 428 0 2.47549504
Link 13 37 432 1 0.32755729
Link 7 18 444 0 -1.68035099
Link 4 39 454 0 -1.29070379
Link 32 96 475 0 -2.31146783
Link 96 10 476 0 -0.23657225
Link 27 66 486 0 0.72799742
Link 18 99 505 0 -4.01118719
Link 99 15 506 0 0.17218730
Link 81 102 524 0 0.11823563
Link 102 14 525 0 1.96312710
Link 2 66 529 0 3.07642035
Link 16 72 536 1 1.58163351
Link 57 106 559 0 -3.18452627
Link 106 13 560 0 -3.90886369
Link 2 107 564 0 2.54198704
Link 107 18 565 0 -3.17063729
Link 109 10 573 0 -0.54151306
Link 72 12 574 0 -1.24358936
Link 38 114 618 0 -0.84468751
Link 114 15 619 0 0.12324328
Link 16 27 634 1 -0.47661708
Link 16 52 675 1 1.49320764
Link 9 66 707 0 2.46344629
Link 4 127 721 0 0.69517418
Link 127 47 722 0 -2.00960835
Link 13 13 724 1 1.55408666
Link 18 27 742 0 1.01835006
Link 27 14 748 0 -0.90359588
Link 7 27 798 0 -0.87378185
Link 2 139 829 0 -1.20097289
Link 139 49 830 0 0.40491901
Link 27 10 886 0 -2.39258837
Link 52 146 892 0 -0.35829551
Link 146 13 893 0 1.15448649
Link 62 159 977 0 1.18731861
Link 159 14 978 0 0.29383010
Link 47 160 983 0 0.66160533
Link 160 11 984 0 -0.20504686
Link 27 99 987 0 -1.00140478
Link 3 165 1014 0 -1.84852006
Link 165 27 1015 0 3.30577944
Link 3 169 1038 0 2.11047677
Link 169 65 1039 0 -0.61349836
Link 7 170 1041 0 0.40936708
Link 170 56 1042 0 -1.58872112
Link 54 32 1069 0 -0.06592802
Link 78 176 1075 0 0.28313310
Link 176 12 1076 0 -1.68712137
Link 49 177 1082 0 -0.24644309
Link 177 12 1083 0 -1.87658142
Link 5 181 1120 0 -1.50790861
Link 181 60 1121 0 1.22954164
Link 16 43 1131 1 3.08991020
Link 4 23 1132 0 -0.45179567
Link 6 60 1181 0 1.74855931
Link 28 190 1186 0 -0.89073777
Link 23 197 1225 0 2.50500106
Link 197 15 1226 0 -1.46847776
Link 37 49 1371 0 -1.63423895
Link 16 88 1375 1 -0.02883461
Link 3 225 1384 0 -0.71166524
Link 225 63 1385 0 2.35874856
Link 8 229 1415 0 -2.19783826
Link 229 23 1416 0 0.41564933
Link 6 235 1452 0 -0.50155376
Link 235 18 1453 0 0.70630618
Link 236 12 1462 0 -1.47697899
Link 3 238 1475 0 1.11139161
Link 238 16 1476 0 -2.08193292
Link 107 241 1492 0 -1.32758241
Link 241 18 1493 0 0.83124801
Link 114 114 1531 1 -1.33405084
Link 254 236 1574 0 -1.10268346
Link 80 255 1576 0 0.18577243
Link 255 16 1577 0 3.35854429
Link 39 51 1578 0 -0.77118343
Link 27 256 1583 0 1.06747441
Link 256 72 1584 0 0.32609081
Link 8 50 1592 0 1.29575878
Link 42 37 1594 0 -1.39837392
Link 258 109 1600 0 0.63615200
Link 51 38 1637 0 -0.59979325
Link 267 66 1650 0 -2.23162456
Link 13 272 1686 1 -0.94342171
Link 272 55 1687 1 3.68848192
Link 60 65 1689 0 0.18432619
Link 15 273 1708 1 1.52496251
Link 273 42 1709 1 0.31306576
Link 83 274 1715 0 1.13109008
Link 274 14 1716 0 0.48232304
Link 10 235 1723 1 -2.34766234
Link 85 22 1755 0 -1.72982212
Link 54 43 1776 0 -0.96706654
Link 88 16 1796 0 -2.54494046
Link 5 84 1806 0 0.26394510
Link 3 292 1847 0 0.80343341
Link 292 18 1848 0 1.96044605
Link 60 62 1869 0 0.16365472
Link 55 106 1920 0 3.70669335
Link 88 303 1932 0 1.88955714
Link 303 43 1933 0 2.04611018
Link 311 14 1986 0 -0.78911191
Link 106 313 1991 0 0.53733272
Link 313 13 1992 0 3.05832858
Link 26 23 2006 0 -2.29894496
Link 55 318 2042 0 -0.54113921
Link 318 258 2043 0 -0.72721084
Link 3 330 2117 0 -0.30522253
Link 8 197 2167 0 1.25797979
Link 10 51 2183 1 2.54125782
Link 72 52 2192 0 2.33572442
Link 66 10 2206 0 2.27669276
Link 8 343 2209 0 -0.05201202
Link 343 78 2210 0 -0.28132047
Link 30 23 2220 0 3.38337172
Link 27 55 2253 0 0.18558258
Link 15 60 2281 1 3.46580754
Link 1 235 2305 0 1.12903911
Link 99 359 2326 0 -3.36032251
Link 359 15 2327 0 -1.89849423
Link 45 363 2348 0 -1.90549756
Link 363 11 2349 0 0.55643630
Link 66 16 2350 0 1.46680391
Link 1 366 2367 0 0.94919103
Link 366 18 2368 0 1.93660831
Link 235 197 2382 0 0.56143179
Link 72 27 2401 0 -1.71678407
Link 18 380 2475 0 1.46555043
Link 380 85 2476 0 -1.79743213
Link 146 384 2495 1 6.79034172
Link 384 65 2496 1 0.24284499
Link 80 57 2553 1 0.48673191
Link 114 78 2665 1 -1.17938536
Link 21 408 2676 0 1.57362285
Link 408 10 2677 0 1.14178759
Link 14 238 2739 1 2.74140504
Link 432 16 2854 0 1.48476082
Link 26 26 2866 1 1.97453617
Link 2 33 2879 0 -2.16128644
Link 439 55 2896 0 0.74168851
Link 363 18 2903 1 -4.03139490
Link 27 177 3001 0 -0.30223640
Link 23 471 3147 0 1.32684215
Link 471 32 3148 0 -1.72468908
Link 6 472 3150 0 4.02480013
Link 472 432 3151 0 0.48036994
Link 6 170 3155 0 0.66630015
Link 54 473 3162 0 1.04669849
Link 473 66 3163 0 -1.81794038
Link 45 475 3172 0 -4.53768389
Link 475 51 3173 0 -0.47717839
Link 318 479 3194 0 -1.57314542
Link 479 258 3195 0 -0.67271513
Link 2 480 3198 0 -0.29203016
Link 480 14 3199 0 1.77211743
Link 51 26 3219 0 -1.23682797
Link 72 482 3226 0 -0.67906330
Link 482 311 3227 0 0.85776144
Link 8 485 3252 0 0.34863814
Link 485 229 3253 0 4.63605299
Link 8 492 3295 0 -1.14435160
Link 492 11 3296 0 -0.86190792
Link 504 16 3374 0 1.99097791
Link 7 83 3404 0 -0.02365027
Link 107 508 3413 0 1.36934723
Link 508 439 3414 0 -2.81511348
Link 85 267 3432 1 -3.62268224
Link 27 515 3476 0 0.34482182
Link 6 106 3478 0 -0.37708927
Link 78 44 3503 0 -0.52284083
Link 3 519 3509 0 -0.86480651
Link 13 520 3512 1 1.11039676
Link 520 13 3513 1 -0.79942409
Link 55 522 3551 0 0.80593623
Link 522 318 3552 0 0.05107276
Link 526 504 3596 0 -3.64981795
Link 99 114 3611 0 -0.81768568
Link 432 42 3613 0 -3.24767042
Link 54 55 3621 0 2.56617679
Link 38 30 3746 0 0.19691530
Link 6 546 3755 0 0.15389109
Link 546 14 3756 0 0.78968848
Link 23 549 3791 0 0.15848143
Link 549 13 3792 0 1.28076260
Link 5 80 3794 0 0.59913797
Link 49 74 3817 0 -0.92106643
Link 114 38 3819 1 -0.98979210
Link 18 52 3836 0 0.32172766
Link 515 563 3865 0 0.93858555
Link 563 55 3866 0 0.73360487
Link 176 176 3896 1 -1.26066116
Link 267 26 3959 0 -0.19875501
Link 99 573 3970 0 1.87846997
Link 573 359 3971 0 0.45644248
Link 12 57 4009 1 -0.60059773
Link 475 475 4113 1 -2.67332065
Link 255 255 4126 1 -2.12304567
Link 34 81 4139 0 1.19207998
Link 311 439 4158 1 -2.13178275
Link 16 114 4223 1 0.92187487
Link 43 45 4273 0 -0.18480399
Link 54 45 4302 0 -1.93816037
Link 10 139 4358 1 -0.12979700
Link 519 616 4412 0 1.00000000
Link 616 267 4413 0 -1.34889241
Link 27 229 4477 1 1.45077178
Link 8 549 4696 0 -0.30939015
Link 26 229 4705 1 2.02773291
Link 492 492 4851 1 -0.23218397
Link 165 669 4857 0 1.27482513
Link 669 28 4858 0 -0.64650547
Link 508 13 4870 0 1.14241205
Link 165 492 5211 0 -1.36547829
Link 473 42 5403 0 -0.60917362
Link 49 563 5593 0 2.16518636
Link 63 763 5670 0 -0.48242523
Link 763 254 5671 0 0.40076969
Link 60 359 5678 0 0.22339999
Link 475 47 5690 0 -0.59799198
Link 30 522 5707 0 -0.91899964
Link 56 37 5735 0 -1.21055402
Link 169 102 5850 0 1.61770767
Link 38 34 5910 0 -2.52108900
Link 28 236 5982 0 -3.12693645
Link 330 799 5995 0 0.34206609
Link 799 45 5996 0 -1.02943966
Link 114 16 6035 0 -1.06330558
Link 190 832 6264 0 0.55639954
Link 832 526 6265 0 -0.23796212
Link 73 482 6377 0 2.00056354
Link 51 177 6591 0 2.54131282
GenomeEnd

