GenomeStart 40445
Neuron 1 1 0.00000000 1 0.00000000 0.00000000 0.00000000 0.00000000
Neuron 2 1 0.00000000 1 0.00000000 0.00000000 0.00000000 0.00000000
Neuron 3 1 0.00000000 1 0.00000000 0.00000000 0.00000000 0.00000000
Neuron 4 1 0.00000000 1 0.00000000 0.00000000 0.00000000 0.00000000
Neuron 5 1 0.00000000 1 0.00000000 0.00000000 0.00000000 0.00000000
Neuron 6 1 0.00000000 1 0.00000000 0.00000000 0.00000000 0.00000000
Neuron 7 1 0.00000000 1 0.00000000 0.00000000 0.00000000 0.00000000
Neuron 8 1 0.00000000 1 0.00000000 0.00000000 0.00000000 0.00000000
Neuron 9 2 0.00000000 1 0.00000000 0.00000000 0.00000000 0.00000000
Neuron 10 4 1.00000000 0 1.00000000 0.00000000 0.00000000 0.00000000
Neuron 11 4 1.00000000 0 1.00000000 0.00000000 0.00000000 0.00000000
Neuron 12 4 1.00000000 0 1.00000000 0.00000000 0.00000000 0.00000000
Neuron 13 4 1.00000000 0 1.00000000 0.00000000 0.00000000 0.00000000
Neuron 14 4 1.00000000 0 1.00000000 0.00000000 0.00000000 0.00000000
Neuron 15 4 1.00000000 0 1.00000000 0.00000000 0.00000000 0.00000000
Neuron 16 4 1.00000000 0 1.00000000 0.00000000 0.00000000 0.00000000
Neuron 18 3 0.50000000 1 1.00000000 0.00000000 0.00000000 0.00000000
Neuron 23 3 0.50000000 1 1.00000000 0.00000000 0.00000000 0.00000000
Neuron 27 3 0.50000000 1 1.00000000 0.00000000 0.00000000 0.00000000
Neuron 28 3 0.50000000 1 1.00000000 0.00000000 0.00000000 0.00000000
Neuron 37 3 0.50000000 1 1.00000000 0.00000000 0.00000000 0.00000000
Neuron 38 3 0.50000000 1 1.00000000 0.00000000 0.00000000 0.00000000
Neuron 40 3 0.50000000 1 1.00000000 0.00000000 0.00000000 0.00000000
Neuron 41 3 0.50000000 1 1.00000000 0.00000000 0.00000000 0.00000000
Neuron 43 3 0.50000000 1 1.00000000 0.00000000 0.00000000 0.00000000
Neuron 44 3 0.50000000 1 1.00000000 0.00000000 0.00000000 0.00000000
Neuron 54 3 0.50000000 1 1.00000000 0.00000000 0.00000000 0.00000000
Neuron 55 3 0.50000000 1 1.00000000 0.00000000 0.00000000 0.00000000
Neuron 57 3 0.50000000 1 1.00000000 0.00000000 0.00000000 0.00000000
Neuron 60 3 0.50000000 1 1.00000000 0.00000000 0.00000000 0.00000000
Neuron 66 3 0.50000000 1 1.00000000 0.00000000 0.00000000 0.00000000
Neuron 78 3 0.50000000 1 1.00000000 0.00000000 0.00000000 0.00000000
Neuron 80 3 0.75000000 1 1.00000000 0.00000000 0.00000000 0.00000000
Neuron 99 3 0.75000000 1 1.00000000 0.00000000 0.00000000 0.00000000
Neuron 106 3 0.75000000 1 1.00000000 0.00000000 0.00000000 0.00000000
Neuron 107 3 0.25000000 1 1.00000000 0.00000000 0.00000000 0.00000000
Neuron 109 3 0.75000000 1 1.00000000 0.00000000 0.00000000 0.00000000
Neuron 114 3 0.75000000 1 1.00000000 0.00000000 0.00000000 0.00000000
Neuron 118 3 0.75000000 1 1.00000000 0.00000000 0.00000000 0.00000000
Neuron 147 3 0.62500000 1 1.00000000 0.00000000 0.00000000 0.00000000
Neuron 165 3 0.25000000 1 1.00000000 0.00000000 0.00000000 0.00000000
Neuron 176 3 0.75000000 1 1.00000000 0.00000000 0.00000000 0.00000000
Neuron 192 3 0.37500000 1 1.00000000 0.00000000 0.00000000 0.00000000
Neuron 221 3 0.25000000 1 1.00000000 0.00000000 0.00000000 0.00000000
Neuron 229 3 0.25000000 1 1.00000000 0.00000000 0.00000000 0.00000000
Neuron 258 3 0.62500000 1 1.00000000 0.00000000 0.00000000 0.00000000
Neuron 272 3 0.75000000 1 1.00000000 0.00000000 0.00000000 0.00000000
Neuron 290 3 0.12500000 1 1.00000000 0.00000000 0.00000000 0.00000000
Neuron 313 3 0.87500000 1 1.00000000 0.00000000 0.00000000 0.00000000
Neuron 318 3 0.56250000 1 1.00000000 0.00000000 0.00000000 0.00000000
Neuron 334 3 0.62500000 1 1.00000000 0.00000000 0.00000000 0.00000000
Neuron 359 3 0.87500000 1 1.00000000 0.00000000 0.00000000 0.00000000
Neuron 366 3 0.25000000 1 1.00000000 0.00000000 0.00000000 0.00000000
Neuron 439 3 0.37500000 1 1.00000000 0.00000000 0.00000000 0.00000000
Neuron 440 3 0.62500000 1 1.00000000 0.00000000 0.00000000 0.00000000
Neuron 449 3 0.62500000 1 1.00000000 0.00000000 0.00000000 0.00000000
Neuron 481 3 0.87500000 1 1.00000000 0.00000000 0.00000000 0.00000000
Neuron 485 3 0.12500000 1 1.00000000 0.00000000 0.00000000 0.00000000
Neuron 508 3 0.31250000 1 1.00000000 0.00000000 0.00000000 0.00000000
Neuron 515 3 0.50000000 1 1.00000000 0.00000000 0.00000000 0.00000000
Neuron 552 3 0.68750000 1 1.00000000 0.00000000 0.00000000 0.00000000
Neuron 573 3 0.81250000 1 1.00000000 0.00000000 0.00000000 0.00000000
Neuron 585 3 0.50000000 1 1.00000000 0.00000000 0.00000000 0.00000000
Link 1 10 1 0 3.56576947
Link 2 10 2 0 -5.15746145
Link 3 10 3 0 0.54275316
Link 4 10 4 0 -0.51025718
Link 5 10 5 0 5.32558610
Link 7 10 7 0 -3.67818739
Link 8 10 8 0 -0.70064184
Link 9 10 9 0 0.64935408
Link 1 11 10 0 1.43298269
Link 2 11 11 0 -2.69233536
Link 3 11 12 0 2.82213424
Link 4 11 13 0 -1.21337569
Link 9 11 18 0 1.25062415
Link 1 12 19 0 2.27241678
Link 2 12 20 0 -0.63511444
Link 4 12 22 0 -0.80343737
Link 5 12 23 0 -2.87116860
Link 6 12 24 0 2.26292168
Link 7 12 25 0 -4.90287978
Link 9 12 27 0 -2.33948931
Link 1 13 28 0 1.99283022
Link 4 13 31 0 -0.24039462
Link 6 13 33 0 1.55374939
Link 8 13 35 0 4.70797396
Link 9 13 36 0 -0.00548656
Link 1 14 37 0 0.25701577
Link 2 14 38 0 1.17784038
Link 3 14 39 0 0.13132527
Link 4 14 40 0 0.41306351
Link 5 14 41 0 1.82970636
Link 6 14 42 0 0.60446082
Link 7 14 43 0 -0.16830150
Link 9 14 45 0 0.02556381
Link 3 15 48 0 0.02456936
Link 4 15 49 0 -0.51679589
Link 6 15 51 0 3.14456208
Link 7 15 52 0 -0.07152260
Link 9 15 54 0 -0.06840399
Link 1 16 55 0 -1.38881182
Link 3 16 57 0 -1.98114380
Link 4 16 58 0 -0.38729206
Link 6 16 60 0 1.71780738
Link 7 16 61 0 -3.43524610
Link 9 16 63 0 3.01773748
Link 23 15 84 0 -0.21065875
Link 5 28 98 0 1.46382300
Link 28 16 99 0 0.18307933
Link 8 37 125 0 0.07592036
Link 37 16 126 0 -0.95931180
Link 1 38 129 0 1.12899463
Link 7 40 137 0 -0.68042108
Link 40 13 138 0 1.11314822
Link 2 41 140 0 -2.12719803
Link 41 13 141 0 0.50776050
Link 8 43 146 0 -0.19620479
Link 43 11 147 0 -1.64524291
Link 8 44 149 0 0.74743695
Link 5 54 188 0 -1.79156616
Link 54 11 189 0 -0.00151224
Link 6 55 192 0 -2.12820666
Link 5 57 212 0 -0.96456334
Link 5 60 222 0 -0.89211788
Link 60 15 223 0 -0.50472756
Link 3 66 250 0 -2.62060226
Link 8 78 320 0 -0.94001061
Link 80 16 327 0 -2.11450074
Link 11 27 393 1 0.60209156
Link 18 99 505 0 -3.74743519
Link 2 107 564 0 2.18297455
Link 107 18 565 0 -0.63759806
Link 109 10 573 0 0.17084884
Link 16 27 634 1 2.33426496
Link 44 118 648 0 1.18844833
Link 118 14 649 0 -2.45497196
Link 13 13 724 1 1.23211095
Link 27 147 895 0 -0.38966922
Link 147 80 896 0 -0.93961637
Link 27 99 987 0 1.17972637
Link 78 176 1075 0 2.29439331
Link 176 12 1076 0 0.85228673
Link 165 192 1206 0 1.28720463
Link 192 27 1207 0 -0.27440231
Link 2 221 1360 0 2.82067019
Link 221 66 1361 0 -3.07008226
Link 229 23 1416 0 -2.50038047
Link 114 114 1531 1 -1.76026997
Link 258 109 1600 0 -2.42648182
Link 13 272 1686 1 -1.02505601
Link 272 55 1687 1 0.57636462
Link 3 290 1834 0 -1.71737017
Link 290 165 1835 0 -0.47723845
Link 55 106 1920 0 -0.22992470
Link 106 313 1991 0 -3.21205676
Link 313 13 1992 0 1.40821458
Link 55 318 2042 0 1.13119978
Link 318 258 2043 0 -2.34637747
Link 38 334 2133 0 1.32958028
Link 334 114 2134 0 0.59555958
Link 359 15 2327 0 1.78172525
Link 66 16 2350 0 -0.95602453
Link 1 366 2367 0 2.90671869
Link 366 18 2368 0 0.03356018
Link 114 78 2665 1 1.85328491
Link 439 55 2896 0 0.25059721
Link 80 440 2898 1 0.84735996
Link 440 57 2899 1 0.01895347
Link 272 272 2964 1 -1.74465630
Link 57 449 2966 0 1.12899764
Link 449 106 2967 0 -1.50858965
Link 114 481 3216 0 1.94673043
Link 481 15 3217 0 0.89843577
Link 8 485 3252 0 1.60955553
Link 485 229 3253 0 -3.46866464
Link 107 508 3413 0 -2.20758528
Link 508 439 3414 0 1.62228037
Link 6 54 3421 0 -3.14241373
Link 515 55 3477 0 -1.49180227
Link 165 10 3554 0 -2.81353814
Link 16 80 3659 1 -0.37802871
Link 23 10 3703 0 3.30927176
Link 43 552 3806 0 0.61105215
Link 552 359 3807 0 -0.21064109
Link 11 290 3867 1 -1.85117514
Link 5 318 3930 0 -2.00772152
Link 99 573 3970 0 1.76076601
Link 573 359 3971 0 -0.86513277
Link 107 515 3989 0 -2.05459668
Link 165 114 4055 0 -2.13769453
Link 27 585 4100 0 0.65222945
Link 585 515 4101 0 -1.43242720
Link 221 54 4383 0 -2.62265701
Link 439 109 4788 0 -1.20688864
Link 99 147 4840 1 -4.16767060
Link 165 15 5069 0 0.10844324
Link 221 37 5201 0 -1.47639131
Link 552 38 5217 1 0.31840916
Link 165 14 5243 0 0.10524289
Link 439 37 5520 0 2.96177712
Link 366 366 5729 1 -1.53968865
Link 107 54 5807 0 -0.63479573
Link 440 481 5974 0 -3.66794956
Link 107 313 6027 0 -2.10024463
Link 43 60 6105 0 0.30802183
Link 57 258 6122 0 -2.07726372
Link 439 18 6224 0 3.46767621
GenomeEnd

