GenomeStart 42357
Neuron 1 1 0.00000000 1 0.00000000 0.00000000 0.00000000 0.00000000
Neuron 2 1 0.00000000 1 0.00000000 0.00000000 0.00000000 0.00000000
Neuron 3 1 0.00000000 1 0.00000000 0.00000000 0.00000000 0.00000000
Neuron 4 1 0.00000000 1 0.00000000 0.00000000 0.00000000 0.00000000
Neuron 5 1 0.00000000 1 0.00000000 0.00000000 0.00000000 0.00000000
Neuron 6 1 0.00000000 1 0.00000000 0.00000000 0.00000000 0.00000000
Neuron 7 1 0.00000000 1 0.00000000 0.00000000 0.00000000 0.00000000
Neuron 8 1 0.00000000 1 0.00000000 0.00000000 0.00000000 0.00000000
Neuron 9 2 0.00000000 1 0.00000000 0.00000000 0.00000000 0.00000000
Neuron 10 4 1.00000000 0 1.00000000 0.00000000 0.00000000 0.00000000
Neuron 11 4 1.00000000 0 1.00000000 0.00000000 0.00000000 0.00000000
Neuron 12 4 1.00000000 0 1.00000000 0.00000000 0.00000000 0.00000000
Neuron 13 4 1.00000000 0 1.00000000 0.00000000 0.00000000 0.00000000
Neuron 14 4 1.00000000 0 1.00000000 0.00000000 0.00000000 0.00000000
Neuron 15 4 1.00000000 0 1.00000000 0.00000000 0.00000000 0.00000000
Neuron 16 4 1.00000000 0 1.00000000 0.00000000 0.00000000 0.00000000
Neuron 18 3 0.50000000 1 1.00000000 0.00000000 0.00000000 0.00000000
Neuron 23 3 0.50000000 1 1.00000000 0.00000000 0.00000000 0.00000000
Neuron 27 3 0.50000000 1 1.00000000 0.00000000 0.00000000 0.00000000
Neuron 28 3 0.50000000 1 1.00000000 0.00000000 0.00000000 0.00000000
Neuron 37 3 0.50000000 1 1.00000000 0.00000000 0.00000000 0.00000000
Neuron 38 3 0.50000000 1 1.00000000 0.00000000 0.00000000 0.00000000
Neuron 40 3 0.50000000 1 1.00000000 0.00000000 0.00000000 0.00000000
Neuron 41 3 0.50000000 1 1.00000000 0.00000000 0.00000000 0.00000000
Neuron 43 3 0.50000000 1 1.00000000 0.00000000 0.00000000 0.00000000
Neuron 44 3 0.50000000 1 1.00000000 0.00000000 0.00000000 0.00000000
Neuron 54 3 0.50000000 1 1.00000000 0.00000000 0.00000000 0.00000000
Neuron 55 3 0.50000000 1 1.00000000 0.00000000 0.00000000 0.00000000
Neuron 57 3 0.50000000 1 1.00000000 0.00000000 0.00000000 0.00000000
Neuron 60 3 0.50000000 1 1.00000000 0.00000000 0.00000000 0.00000000
Neuron 66 3 0.50000000 1 1.00000000 0.00000000 0.00000000 0.00000000
Neuron 78 3 0.50000000 1 1.00000000 0.00000000 0.00000000 0.00000000
Neuron 80 3 0.75000000 1 1.00000000 0.00000000 0.00000000 0.00000000
Neuron 99 3 0.75000000 1 1.00000000 0.00000000 0.00000000 0.00000000
Neuron 106 3 0.75000000 1 1.00000000 0.00000000 0.00000000 0.00000000
Neuron 107 3 0.25000000 1 1.00000000 0.00000000 0.00000000 0.00000000
Neuron 109 3 0.75000000 1 1.00000000 0.00000000 0.00000000 0.00000000
Neuron 114 3 0.75000000 1 1.00000000 0.00000000 0.00000000 0.00000000
Neuron 118 3 0.75000000 1 1.00000000 0.00000000 0.00000000 0.00000000
Neuron 147 3 0.62500000 1 1.00000000 0.00000000 0.00000000 0.00000000
Neuron 165 3 0.25000000 1 1.00000000 0.00000000 0.00000000 0.00000000
Neuron 176 3 0.75000000 1 1.00000000 0.00000000 0.00000000 0.00000000
Neuron 192 3 0.37500000 1 1.00000000 0.00000000 0.00000000 0.00000000
Neuron 221 3 0.25000000 1 1.00000000 0.00000000 0.00000000 0.00000000
Neuron 229 3 0.25000000 1 1.00000000 0.00000000 0.00000000 0.00000000
Neuron 258 3 0.62500000 1 1.00000000 0.00000000 0.00000000 0.00000000
Neuron 272 3 0.75000000 1 1.00000000 0.00000000 0.00000000 0.00000000
Neuron 290 3 0.12500000 1 1.00000000 0.00000000 0.00000000 0.00000000
Neuron 313 3 0.87500000 1 1.00000000 0.00000000 0.00000000 0.00000000
Neuron 318 3 0.56250000 1 1.00000000 0.00000000 0.00000000 0.00000000
Neuron 334 3 0.62500000 1 1.00000000 0.00000000 0.00000000 0.00000000
Neuron 359 3 0.87500000 1 1.00000000 0.00000000 0.00000000 0.00000000
Neuron 366 3 0.25000000 1 1.00000000 0.00000000 0.00000000 0.00000000
Neuron 439 3 0.37500000 1 1.00000000 0.00000000 0.00000000 0.00000000
Neuron 440 3 0.62500000 1 1.00000000 0.00000000 0.00000000 0.00000000
Neuron 449 3 0.62500000 1 1.00000000 0.00000000 0.00000000 0.00000000
Neuron 481 3 0.87500000 1 1.00000000 0.00000000 0.00000000 0.00000000
Neuron 485 3 0.12500000 1 1.00000000 0.00000000 0.00000000 0.00000000
Neuron 508 3 0.31250000 1 1.00000000 0.00000000 0.00000000 0.00000000
Neuron 515 3 0.50000000 1 1.00000000 0.00000000 0.00000000 0.00000000
Neuron 552 3 0.68750000 1 1.00000000 0.00000000 0.00000000 0.00000000
Neuron 573 3 0.81250000 1 1.00000000 0.00000000 0.00000000 0.00000000
Neuron 585 3 0.50000000 1 1.00000000 0.00000000 0.00000000 0.00000000
Neuron 638 3 0.81250000 1 1.00000000 0.00000000 0.00000000 0.00000000
Link 1 10 1 0 3.33289677
Link 2 10 2 0 -4.63508223
Link 3 10 3 0 0.71075202
Link 4 10 4 0 -1.08233581
Link 5 10 5 0 5.37358690
Link 7 10 7 0 -3.71587464
Link 8 10 8 0 -0.90788529
Link 9 10 9 0 0.88489077
Link 1 11 10 0 2.40414418
Link 2 11 11 0 -1.96215045
Link 3 11 12 0 3.26218210
Link 4 11 13 0 -2.30163498
Link 9 11 18 0 1.41825798
Link 1 12 19 0 1.78747110
Link 2 12 20 0 -1.24428715
Link 4 12 22 0 -0.98432173
Link 5 12 23 0 -3.45565277
Link 6 12 24 0 3.80012038
Link 7 12 25 0 -4.72058323
Link 9 12 27 0 -2.43730956
Link 1 13 28 0 2.61107647
Link 4 13 31 0 -1.12608453
Link 6 13 33 0 0.92910944
Link 8 13 35 0 4.97907096
Link 9 13 36 0 0.47701711
Link 1 14 37 0 -0.33206126
Link 2 14 38 0 1.79859883
Link 3 14 39 0 0.01037762
Link 4 14 40 0 0.93231628
Link 5 14 41 0 1.79548053
Link 6 14 42 0 1.29838462
Link 7 14 43 0 -0.21379101
Link 9 14 45 0 -0.57155387
Link 3 15 48 0 -0.18897060
Link 4 15 49 0 -0.32748538
Link 6 15 51 0 3.55572748
Link 7 15 52 0 -0.09239730
Link 9 15 54 0 -1.18561445
Link 1 16 55 0 -1.17216414
Link 3 16 57 0 -1.37486622
Link 4 16 58 0 -0.82276599
Link 6 16 60 0 2.01100413
Link 7 16 61 0 -4.04286996
Link 9 16 63 0 2.25934897
Link 23 15 84 0 0.34790286
Link 5 28 98 0 0.79475133
Link 28 16 99 0 -0.31816499
Link 8 37 125 0 0.03787080
Link 37 16 126 0 -1.36246935
Link 1 38 129 0 1.11130089
Link 7 40 137 0 0.20435832
Link 40 13 138 0 0.83768939
Link 2 41 140 0 -2.56816217
Link 41 13 141 0 0.44139445
Link 8 43 146 0 -0.40359419
Link 43 11 147 0 -2.09734018
Link 8 44 149 0 0.92498632
Link 5 54 188 0 -1.96464560
Link 54 11 189 0 -0.28561795
Link 6 55 192 0 -2.42425789
Link 5 57 212 0 -0.50967322
Link 5 60 222 0 -1.62452056
Link 60 15 223 0 -0.38064084
Link 3 66 250 0 -3.00339040
Link 8 78 320 0 -0.48720274
Link 80 16 327 0 -2.44825588
Link 11 27 393 1 -1.33134244
Link 18 99 505 0 -3.62323296
Link 2 107 564 0 2.84129113
Link 107 18 565 0 -0.31033772
Link 109 10 573 0 -0.26675845
Link 16 27 634 1 2.91948778
Link 44 118 648 0 0.87414706
Link 118 14 649 0 -2.26545898
Link 13 13 724 1 1.89092670
Link 27 147 895 0 -1.51655409
Link 147 80 896 0 -1.43095081
Link 27 99 987 0 1.95607754
Link 78 176 1075 0 3.24297240
Link 176 12 1076 0 1.49768688
Link 165 192 1206 0 1.00328495
Link 192 27 1207 0 -0.87306732
Link 2 221 1360 0 2.55010444
Link 221 66 1361 0 -3.56572521
Link 229 23 1416 0 -2.44921213
Link 114 114 1531 1 -1.57881369
Link 258 109 1600 0 -2.04227806
Link 13 272 1686 1 -0.55232966
Link 272 55 1687 1 -0.70220864
Link 3 290 1834 0 -1.62670858
Link 290 165 1835 0 -1.44698366
Link 55 106 1920 0 -0.68455540
Link 313 13 1992 0 0.73099538
Link 55 318 2042 0 0.36716766
Link 318 258 2043 0 -1.78024803
Link 38 334 2133 0 0.91714519
Link 334 114 2134 0 1.21209548
Link 359 15 2327 0 2.38047526
Link 66 16 2350 0 -1.23523657
Link 1 366 2367 0 2.08017418
Link 366 18 2368 0 0.00019447
Link 114 78 2665 1 2.11173427
Link 439 55 2896 0 -0.46648983
Link 80 440 2898 1 0.77396728
Link 440 57 2899 1 -0.10247068
Link 272 272 2964 1 -1.79098437
Link 57 449 2966 0 1.12899764
Link 449 106 2967 0 -2.39421351
Link 114 481 3216 0 1.74881715
Link 481 15 3217 0 -0.03352393
Link 8 485 3252 0 0.88495295
Link 485 229 3253 0 -2.71082853
Link 107 508 3413 0 -1.43942262
Link 508 439 3414 0 1.07178654
Link 6 54 3421 0 -3.03289517
Link 515 55 3477 0 -1.45301446
Link 165 10 3554 0 -2.94347815
Link 16 80 3659 1 -0.20158401
Link 23 10 3703 0 3.71334297
Link 43 552 3806 0 0.06720326
Link 552 359 3807 0 0.69332185
Link 11 290 3867 1 -1.43584359
Link 5 318 3930 0 -2.83833209
Link 99 573 3970 0 2.02830646
Link 573 359 3971 0 -0.50230966
Link 107 515 3989 0 -2.59674364
Link 165 114 4055 0 -2.18119526
Link 27 585 4100 0 1.74388293
Link 585 515 4101 0 -2.07582187
Link 221 54 4383 0 -3.23234728
Link 106 638 4603 0 1.00000000
Link 638 313 4604 0 -2.71736568
Link 439 109 4788 0 -0.95078379
Link 99 147 4840 1 -3.56018078
Link 165 15 5069 0 1.12906951
Link 221 37 5201 0 -1.16254944
Link 552 38 5217 1 -0.51464346
Link 165 14 5243 0 0.15676097
Link 439 37 5520 0 3.19454120
Link 366 366 5729 1 -1.53347104
Link 107 54 5807 0 -0.51417167
Link 440 481 5974 0 -4.24351661
Link 107 313 6027 0 -1.63977864
Link 43 60 6105 0 0.98444473
Link 57 258 6122 0 -1.89902376
Link 439 18 6224 0 4.27140170
GenomeEnd

