GenomeStart 11402
Neuron 1 1 0.00000000 1 0.00000000 0.00000000 0.00000000 0.00000000
Neuron 2 1 0.00000000 1 0.00000000 0.00000000 0.00000000 0.00000000
Neuron 3 1 0.00000000 1 0.00000000 0.00000000 0.00000000 0.00000000
Neuron 4 1 0.00000000 1 0.00000000 0.00000000 0.00000000 0.00000000
Neuron 5 1 0.00000000 1 0.00000000 0.00000000 0.00000000 0.00000000
Neuron 6 1 0.00000000 1 0.00000000 0.00000000 0.00000000 0.00000000
Neuron 7 1 0.00000000 1 0.00000000 0.00000000 0.00000000 0.00000000
Neuron 8 1 0.00000000 1 0.00000000 0.00000000 0.00000000 0.00000000
Neuron 9 2 0.00000000 1 0.00000000 0.00000000 0.00000000 0.00000000
Neuron 10 4 1.00000000 0 1.00000000 0.00000000 0.00000000 0.00000000
Neuron 11 4 1.00000000 0 1.00000000 0.00000000 0.00000000 0.00000000
Neuron 12 4 1.00000000 0 1.00000000 0.00000000 0.00000000 0.00000000
Neuron 13 4 1.00000000 0 1.00000000 0.00000000 0.00000000 0.00000000
Neuron 14 4 1.00000000 0 1.00000000 0.00000000 0.00000000 0.00000000
Neuron 15 4 1.00000000 0 1.00000000 0.00000000 0.00000000 0.00000000
Neuron 16 4 1.00000000 0 1.00000000 0.00000000 0.00000000 0.00000000
Neuron 18 3 0.50000000 1 1.00000000 0.00000000 0.00000000 0.00000000
Neuron 20 3 0.50000000 1 1.00000000 0.00000000 0.00000000 0.00000000
Neuron 35 3 0.50000000 1 1.00000000 0.00000000 0.00000000 0.00000000
Neuron 55 3 0.50000000 1 1.00000000 0.00000000 0.00000000 0.00000000
Neuron 63 3 0.50000000 1 1.00000000 0.00000000 0.00000000 0.00000000
Neuron 79 3 0.75000000 1 1.00000000 0.00000000 0.00000000 0.00000000
Neuron 84 3 0.50000000 1 1.00000000 0.00000000 0.00000000 0.00000000
Neuron 204 3 1.00000000 1 1.00000000 0.00000000 0.00000000 0.00000000
Link 1 10 1 0 1.62315629
Link 3 10 3 0 4.24865649
Link 5 10 5 0 -0.72740008
Link 7 10 7 0 0.03356466
Link 8 10 8 0 -3.34392888
Link 9 10 9 0 -5.16102993
Link 1 11 10 0 4.68633672
Link 3 11 12 0 -1.91216349
Link 5 11 14 0 2.07731831
Link 6 11 15 0 -2.73277527
Link 7 11 16 0 -1.00797989
Link 8 11 17 0 -0.26852048
Link 9 11 18 0 -1.35068054
Link 1 12 19 0 3.97290045
Link 2 12 20 0 2.68539598
Link 4 12 22 0 -2.03439901
Link 5 12 23 0 -1.74121998
Link 6 12 24 0 -2.87675465
Link 7 12 25 0 0.07172647
Link 8 12 26 0 -3.51394339
Link 9 12 27 0 1.70196877
Link 1 13 28 0 -0.59494724
Link 2 13 29 0 0.96242682
Link 3 13 30 0 0.37046525
Link 5 13 32 0 3.93783992
Link 6 13 33 0 -1.98231867
Link 7 13 34 0 2.73560340
Link 8 13 35 0 -1.27996050
Link 9 13 36 0 -0.73755847
Link 2 14 38 0 -2.16891991
Link 3 14 39 0 2.72248543
Link 4 14 40 0 2.29955418
Link 5 14 41 0 -0.97771612
Link 6 14 42 0 0.27122276
Link 7 14 43 0 -2.41935174
Link 8 14 44 0 0.60226918
Link 9 14 45 0 3.05834284
Link 1 15 46 0 2.84076633
Link 2 15 47 0 2.96750710
Link 3 15 48 0 -3.53649751
Link 4 15 49 0 3.21908883
Link 6 15 51 0 -2.43988203
Link 7 15 52 0 3.11753464
Link 8 15 53 0 -0.46402940
Link 9 15 54 0 -0.22790415
Link 1 16 55 0 1.00980610
Link 2 16 56 0 1.59082251
Link 3 16 57 0 0.32529866
Link 4 16 58 0 -3.91263054
Link 5 16 59 0 2.61057801
Link 6 16 60 0 1.02515226
Link 7 16 61 0 2.02048291
Link 8 16 62 0 3.88737919
Link 9 16 63 0 0.55014353
Link 2 18 68 0 3.29544799
Link 18 15 69 0 0.85313266
Link 4 20 74 0 2.40202043
Link 4 35 119 0 1.00000000
Link 35 13 120 0 0.22385462
Link 6 55 192 0 -2.20669722
Link 55 10 193 0 2.17474318
Link 3 63 236 0 0.21151385
Link 63 12 237 0 0.52085664
Link 15 18 271 1 -3.99417869
Link 12 55 297 1 -0.22314033
Link 20 79 323 0 0.59836524
Link 79 10 324 0 -0.80493191
Link 2 84 369 0 -1.80464510
Link 84 10 370 0 -4.53894375
Link 55 16 1096 0 -0.74760738
Link 16 84 1195 1 -0.69359701
Link 11 204 1282 1 0.85247628
Link 204 11 1283 1 0.58665847
GenomeEnd

