GenomeStart 111039
Neuron 1 1 0.00000000 1 0.00000000 0.00000000 0.00000000 0.00000000
Neuron 2 1 0.00000000 1 0.00000000 0.00000000 0.00000000 0.00000000
Neuron 3 1 0.00000000 1 0.00000000 0.00000000 0.00000000 0.00000000
Neuron 4 1 0.00000000 1 0.00000000 0.00000000 0.00000000 0.00000000
Neuron 5 1 0.00000000 1 0.00000000 0.00000000 0.00000000 0.00000000
Neuron 6 1 0.00000000 1 0.00000000 0.00000000 0.00000000 0.00000000
Neuron 7 1 0.00000000 1 0.00000000 0.00000000 0.00000000 0.00000000
Neuron 8 1 0.00000000 1 0.00000000 0.00000000 0.00000000 0.00000000
Neuron 9 2 0.00000000 1 0.00000000 0.00000000 0.00000000 0.00000000
Neuron 10 4 1.00000000 0 1.00000000 0.00000000 0.00000000 0.00000000
Neuron 11 4 1.00000000 0 1.00000000 0.00000000 0.00000000 0.00000000
Neuron 12 4 1.00000000 0 1.00000000 0.00000000 0.00000000 0.00000000
Neuron 13 4 1.00000000 0 1.00000000 0.00000000 0.00000000 0.00000000
Neuron 14 4 1.00000000 0 1.00000000 0.00000000 0.00000000 0.00000000
Neuron 15 4 1.00000000 0 1.00000000 0.00000000 0.00000000 0.00000000
Neuron 16 4 1.00000000 0 1.00000000 0.00000000 0.00000000 0.00000000
Neuron 18 3 0.50000000 1 1.00000000 0.00000000 0.00000000 0.00000000
Neuron 19 3 0.50000000 1 1.00000000 0.00000000 0.00000000 0.00000000
Neuron 20 3 0.50000000 1 1.00000000 0.00000000 0.00000000 0.00000000
Neuron 21 3 0.50000000 1 1.00000000 0.00000000 0.00000000 0.00000000
Neuron 22 3 0.50000000 1 1.00000000 0.00000000 0.00000000 0.00000000
Neuron 23 3 0.50000000 1 1.00000000 0.00000000 0.00000000 0.00000000
Neuron 24 3 0.50000000 1 1.00000000 0.00000000 0.00000000 0.00000000
Neuron 25 3 0.50000000 1 1.00000000 0.00000000 0.00000000 0.00000000
Neuron 26 3 0.50000000 1 1.00000000 0.00000000 0.00000000 0.00000000
Neuron 27 3 0.50000000 1 1.00000000 0.00000000 0.00000000 0.00000000
Neuron 28 3 0.50000000 1 1.00000000 0.00000000 0.00000000 0.00000000
Neuron 30 3 0.50000000 1 1.00000000 0.00000000 0.00000000 0.00000000
Neuron 32 3 0.50000000 1 1.00000000 0.00000000 0.00000000 0.00000000
Neuron 33 3 0.50000000 1 1.00000000 0.00000000 0.00000000 0.00000000
Neuron 34 3 0.50000000 1 1.00000000 0.00000000 0.00000000 0.00000000
Neuron 37 3 0.50000000 1 1.00000000 0.00000000 0.00000000 0.00000000
Neuron 38 3 0.50000000 1 1.00000000 0.00000000 0.00000000 0.00000000
Neuron 39 3 0.50000000 1 1.00000000 0.00000000 0.00000000 0.00000000
Neuron 40 3 0.50000000 1 1.00000000 0.00000000 0.00000000 0.00000000
Neuron 41 3 0.50000000 1 1.00000000 0.00000000 0.00000000 0.00000000
Neuron 42 3 0.50000000 1 1.00000000 0.00000000 0.00000000 0.00000000
Neuron 43 3 0.50000000 1 1.00000000 0.00000000 0.00000000 0.00000000
Neuron 44 3 0.50000000 1 1.00000000 0.00000000 0.00000000 0.00000000
Neuron 45 3 0.50000000 1 1.00000000 0.00000000 0.00000000 0.00000000
Neuron 46 3 0.75000000 1 1.00000000 0.00000000 0.00000000 0.00000000
Neuron 47 3 0.50000000 1 1.00000000 0.00000000 0.00000000 0.00000000
Neuron 49 3 0.50000000 1 1.00000000 0.00000000 0.00000000 0.00000000
Neuron 50 3 0.50000000 1 1.00000000 0.00000000 0.00000000 0.00000000
Neuron 51 3 0.50000000 1 1.00000000 0.00000000 0.00000000 0.00000000
Neuron 52 3 0.50000000 1 1.00000000 0.00000000 0.00000000 0.00000000
Neuron 53 3 0.50000000 1 1.00000000 0.00000000 0.00000000 0.00000000
Neuron 54 3 0.50000000 1 1.00000000 0.00000000 0.00000000 0.00000000
Neuron 55 3 0.50000000 1 1.00000000 0.00000000 0.00000000 0.00000000
Neuron 56 3 0.50000000 1 1.00000000 0.00000000 0.00000000 0.00000000
Neuron 57 3 0.50000000 1 1.00000000 0.00000000 0.00000000 0.00000000
Neuron 59 3 0.50000000 1 1.00000000 0.00000000 0.00000000 0.00000000
Neuron 60 3 0.50000000 1 1.00000000 0.00000000 0.00000000 0.00000000
Neuron 61 3 0.50000000 1 1.00000000 0.00000000 0.00000000 0.00000000
Neuron 62 3 0.75000000 1 1.00000000 0.00000000 0.00000000 0.00000000
Neuron 63 3 0.50000000 1 1.00000000 0.00000000 0.00000000 0.00000000
Neuron 65 3 0.50000000 1 1.00000000 0.00000000 0.00000000 0.00000000
Neuron 66 3 0.50000000 1 1.00000000 0.00000000 0.00000000 0.00000000
Neuron 70 3 0.75000000 1 1.00000000 0.00000000 0.00000000 0.00000000
Neuron 72 3 0.50000000 1 1.00000000 0.00000000 0.00000000 0.00000000
Neuron 73 3 0.50000000 1 1.00000000 0.00000000 0.00000000 0.00000000
Neuron 74 3 0.50000000 1 1.00000000 0.00000000 0.00000000 0.00000000
Neuron 76 3 0.25000000 1 1.00000000 0.00000000 0.00000000 0.00000000
Neuron 78 3 0.50000000 1 1.00000000 0.00000000 0.00000000 0.00000000
Neuron 80 3 0.75000000 1 1.00000000 0.00000000 0.00000000 0.00000000
Neuron 81 3 0.50000000 1 1.00000000 0.00000000 0.00000000 0.00000000
Neuron 82 3 0.50000000 1 1.00000000 0.00000000 0.00000000 0.00000000
Neuron 83 3 0.50000000 1 1.00000000 0.00000000 0.00000000 0.00000000
Neuron 84 3 0.50000000 1 1.00000000 0.00000000 0.00000000 0.00000000
Neuron 85 3 0.50000000 1 1.00000000 0.00000000 0.00000000 0.00000000
Neuron 88 3 0.25000000 1 1.00000000 0.00000000 0.00000000 0.00000000
Neuron 96 3 0.75000000 1 1.00000000 0.00000000 0.00000000 0.00000000
Neuron 97 3 0.75000000 1 1.00000000 0.00000000 0.00000000 0.00000000
Neuron 99 3 0.75000000 1 1.00000000 0.00000000 0.00000000 0.00000000
Neuron 101 3 0.62500000 1 1.00000000 0.00000000 0.00000000 0.00000000
Neuron 102 3 0.75000000 1 1.00000000 0.00000000 0.00000000 0.00000000
Neuron 106 3 0.75000000 1 1.00000000 0.00000000 0.00000000 0.00000000
Neuron 107 3 0.25000000 1 1.00000000 0.00000000 0.00000000 0.00000000
Neuron 109 3 0.75000000 1 1.00000000 0.00000000 0.00000000 0.00000000
Neuron 110 3 0.75000000 1 1.00000000 0.00000000 0.00000000 0.00000000
Neuron 114 3 0.75000000 1 1.00000000 0.00000000 0.00000000 0.00000000
Neuron 116 3 0.25000000 1 1.00000000 0.00000000 0.00000000 0.00000000
Neuron 118 3 0.75000000 1 1.00000000 0.00000000 0.00000000 0.00000000
Neuron 127 3 0.25000000 1 1.00000000 0.00000000 0.00000000 0.00000000
Neuron 129 3 0.75000000 1 1.00000000 0.00000000 0.00000000 0.00000000
Neuron 132 3 0.50000000 1 1.00000000 0.00000000 0.00000000 0.00000000
Neuron 139 3 0.25000000 1 1.00000000 0.00000000 0.00000000 0.00000000
Neuron 141 3 0.25000000 1 1.00000000 0.00000000 0.00000000 0.00000000
Neuron 146 3 0.75000000 1 1.00000000 0.00000000 0.00000000 0.00000000
Neuron 147 3 0.62500000 1 1.00000000 0.00000000 0.00000000 0.00000000
Neuron 149 3 0.12500000 1 1.00000000 0.00000000 0.00000000 0.00000000
Neuron 159 3 0.87500000 1 1.00000000 0.00000000 0.00000000 0.00000000
Neuron 160 3 0.75000000 1 1.00000000 0.00000000 0.00000000 0.00000000
Neuron 165 3 0.25000000 1 1.00000000 0.00000000 0.00000000 0.00000000
Neuron 169 3 0.25000000 1 1.00000000 0.00000000 0.00000000 0.00000000
Neuron 170 3 0.25000000 1 1.00000000 0.00000000 0.00000000 0.00000000
Neuron 171 3 0.75000000 1 1.00000000 0.00000000 0.00000000 0.00000000
Neuron 176 3 0.75000000 1 1.00000000 0.00000000 0.00000000 0.00000000
Neuron 177 3 0.75000000 1 1.00000000 0.00000000 0.00000000 0.00000000
Neuron 181 3 0.25000000 1 1.00000000 0.00000000 0.00000000 0.00000000
Neuron 186 3 0.75000000 1 1.00000000 0.00000000 0.00000000 0.00000000
Neuron 190 3 0.75000000 1 1.00000000 0.00000000 0.00000000 0.00000000
Neuron 192 3 0.37500000 1 1.00000000 0.00000000 0.00000000 0.00000000
Neuron 197 3 0.75000000 1 1.00000000 0.00000000 0.00000000 0.00000000
Neuron 206 3 0.75000000 1 1.00000000 0.00000000 0.00000000 0.00000000
Neuron 207 3 0.25000000 1 1.00000000 0.00000000 0.00000000 0.00000000
Neuron 208 3 0.75000000 1 1.00000000 0.00000000 0.00000000 0.00000000
Neuron 212 3 0.50000000 1 1.00000000 0.00000000 0.00000000 0.00000000
Neuron 221 3 0.25000000 1 1.00000000 0.00000000 0.00000000 0.00000000
Neuron 225 3 0.25000000 1 1.00000000 0.00000000 0.00000000 0.00000000
Neuron 229 3 0.25000000 1 1.00000000 0.00000000 0.00000000 0.00000000
Neuron 235 3 0.25000000 1 1.00000000 0.00000000 0.00000000 0.00000000
Neuron 236 3 0.75000000 1 1.00000000 0.00000000 0.00000000 0.00000000
Neuron 238 3 0.50000000 1 1.00000000 0.00000000 0.00000000 0.00000000
Neuron 241 3 0.37500000 1 1.00000000 0.00000000 0.00000000 0.00000000
Neuron 244 3 0.25000000 1 1.00000000 0.00000000 0.00000000 0.00000000
Neuron 254 3 0.62500000 1 1.00000000 0.00000000 0.00000000 0.00000000
Neuron 255 3 0.87500000 1 1.00000000 0.00000000 0.00000000 0.00000000
Neuron 256 3 0.50000000 1 1.00000000 0.00000000 0.00000000 0.00000000
Neuron 258 3 0.62500000 1 1.00000000 0.00000000 0.00000000 0.00000000
Neuron 267 3 0.25000000 1 1.00000000 0.00000000 0.00000000 0.00000000
Neuron 272 3 0.75000000 1 1.00000000 0.00000000 0.00000000 0.00000000
Neuron 273 3 0.75000000 1 1.00000000 0.00000000 0.00000000 0.00000000
Neuron 274 3 0.75000000 1 1.00000000 0.00000000 0.00000000 0.00000000
Neuron 286 3 0.75000000 1 1.00000000 0.00000000 0.00000000 0.00000000
Neuron 289 3 0.25000000 1 1.00000000 0.00000000 0.00000000 0.00000000
Neuron 290 3 0.12500000 1 1.00000000 0.00000000 0.00000000 0.00000000
Neuron 292 3 0.25000000 1 1.00000000 0.00000000 0.00000000 0.00000000
Neuron 294 3 0.75000000 1 1.00000000 0.00000000 0.00000000 0.00000000
Neuron 303 3 0.37500000 1 1.00000000 0.00000000 0.00000000 0.00000000
Neuron 311 3 0.75000000 1 1.00000000 0.00000000 0.00000000 0.00000000
Neuron 313 3 0.87500000 1 1.00000000 0.00000000 0.00000000 0.00000000
Neuron 318 3 0.56250000 1 1.00000000 0.00000000 0.00000000 0.00000000
Neuron 319 3 0.25000000 1 1.00000000 0.00000000 0.00000000 0.00000000
Neuron 330 3 0.25000000 1 1.00000000 0.00000000 0.00000000 0.00000000
Neuron 334 3 0.62500000 1 1.00000000 0.00000000 0.00000000 0.00000000
Neuron 336 3 0.62500000 1 1.00000000 0.00000000 0.00000000 0.00000000
Neuron 343 3 0.25000000 1 1.00000000 0.00000000 0.00000000 0.00000000
Neuron 357 3 0.87500000 1 1.00000000 0.00000000 0.00000000 0.00000000
Neuron 359 3 0.87500000 1 1.00000000 0.00000000 0.00000000 0.00000000
Neuron 363 3 0.75000000 1 1.00000000 0.00000000 0.00000000 0.00000000
Neuron 366 3 0.25000000 1 1.00000000 0.00000000 0.00000000 0.00000000
Neuron 380 3 0.50000000 1 1.00000000 0.00000000 0.00000000 0.00000000
Neuron 383 3 0.62500000 1 1.00000000 0.00000000 0.00000000 0.00000000
Neuron 384 3 0.62500000 1 1.00000000 0.00000000 0.00000000 0.00000000
Neuron 385 3 0.37500000 1 1.00000000 0.00000000 0.00000000 0.00000000
Neuron 390 3 0.87500000 1 1.00000000 0.00000000 0.00000000 0.00000000
Neuron 391 3 0.31250000 1 1.00000000 0.00000000 0.00000000 0.00000000
Neuron 392 3 0.75000000 1 1.00000000 0.00000000 0.00000000 0.00000000
Neuron 395 3 0.56250000 1 1.00000000 0.00000000 0.00000000 0.00000000
Neuron 400 3 0.87500000 1 1.00000000 0.00000000 0.00000000 0.00000000
Neuron 408 3 0.75000000 1 1.00000000 0.00000000 0.00000000 0.00000000
Neuron 425 3 0.25000000 1 1.00000000 0.00000000 0.00000000 0.00000000
Neuron 432 3 0.50000000 1 1.00000000 0.00000000 0.00000000 0.00000000
Neuron 433 3 0.75000000 1 1.00000000 0.00000000 0.00000000 0.00000000
Neuron 435 3 0.25000000 1 1.00000000 0.00000000 0.00000000 0.00000000
Neuron 439 3 0.37500000 1 1.00000000 0.00000000 0.00000000 0.00000000
Neuron 440 3 0.62500000 1 1.00000000 0.00000000 0.00000000 0.00000000
Neuron 444 3 0.25000000 1 1.00000000 0.00000000 0.00000000 0.00000000
Neuron 445 3 0.75000000 1 1.00000000 0.00000000 0.00000000 0.00000000
Neuron 447 3 0.87500000 1 1.00000000 0.00000000 0.00000000 0.00000000
Neuron 449 3 0.62500000 1 1.00000000 0.00000000 0.00000000 0.00000000
Neuron 455 3 0.62500000 1 1.00000000 0.00000000 0.00000000 0.00000000
Neuron 469 3 0.37500000 1 1.00000000 0.00000000 0.00000000 0.00000000
Neuron 471 3 0.50000000 1 1.00000000 0.00000000 0.00000000 0.00000000
Neuron 472 3 0.25000000 1 1.00000000 0.00000000 0.00000000 0.00000000
Neuron 473 3 0.50000000 1 1.00000000 0.00000000 0.00000000 0.00000000
Neuron 475 3 0.50000000 1 1.00000000 0.00000000 0.00000000 0.00000000
Neuron 479 3 0.59375000 1 1.00000000 0.00000000 0.00000000 0.00000000
Neuron 480 3 0.50000000 1 1.00000000 0.00000000 0.00000000 0.00000000
Neuron 481 3 0.87500000 1 1.00000000 0.00000000 0.00000000 0.00000000
Neuron 482 3 0.62500000 1 1.00000000 0.00000000 0.00000000 0.00000000
Neuron 485 3 0.12500000 1 1.00000000 0.00000000 0.00000000 0.00000000
Neuron 492 3 0.50000000 1 1.00000000 0.00000000 0.00000000 0.00000000
Neuron 496 3 0.37500000 1 1.00000000 0.00000000 0.00000000 0.00000000
Neuron 499 3 0.87500000 1 1.00000000 0.00000000 0.00000000 0.00000000
Neuron 503 3 0.43750000 1 1.00000000 0.00000000 0.00000000 0.00000000
Neuron 504 3 0.87500000 1 1.00000000 0.00000000 0.00000000 0.00000000
Neuron 508 3 0.31250000 1 1.00000000 0.00000000 0.00000000 0.00000000
Neuron 509 3 0.62500000 1 1.00000000 0.00000000 0.00000000 0.00000000
Neuron 514 3 0.56250000 1 1.00000000 0.00000000 0.00000000 0.00000000
Neuron 515 3 0.50000000 1 1.00000000 0.00000000 0.00000000 0.00000000
Neuron 519 3 0.12500000 1 1.00000000 0.00000000 0.00000000 0.00000000
Neuron 520 3 1.00000000 1 1.00000000 0.00000000 0.00000000 0.00000000
Neuron 522 3 0.53125000 1 1.00000000 0.00000000 0.00000000 0.00000000
Neuron 525 3 0.93750000 1 1.00000000 0.00000000 0.00000000 0.00000000
Neuron 526 3 0.81250000 1 1.00000000 0.00000000 0.00000000 0.00000000
Neuron 535 3 0.75000000 1 1.00000000 0.00000000 0.00000000 0.00000000
Neuron 541 3 0.87500000 1 1.00000000 0.00000000 0.00000000 0.00000000
Neuron 546 3 0.50000000 1 1.00000000 0.00000000 0.00000000 0.00000000
Neuron 548 3 0.75000000 1 1.00000000 0.00000000 0.00000000 0.00000000
Neuron 549 3 0.75000000 1 1.00000000 0.00000000 0.00000000 0.00000000
Neuron 552 3 0.68750000 1 1.00000000 0.00000000 0.00000000 0.00000000
Neuron 563 3 0.50000000 1 1.00000000 0.00000000 0.00000000 0.00000000
Neuron 567 3 0.50000000 1 1.00000000 0.00000000 0.00000000 0.00000000
Neuron 569 3 0.50000000 1 1.00000000 0.00000000 0.00000000 0.00000000
Neuron 573 3 0.81250000 1 1.00000000 0.00000000 0.00000000 0.00000000
Neuron 575 3 0.50000000 1 1.00000000 0.00000000 0.00000000 0.00000000
Neuron 582 3 0.18750000 1 1.00000000 0.00000000 0.00000000 0.00000000
Neuron 583 3 0.62500000 1 1.00000000 0.00000000 0.00000000 0.00000000
Neuron 585 3 0.50000000 1 1.00000000 0.00000000 0.00000000 0.00000000
Neuron 586 3 0.87500000 1 1.00000000 0.00000000 0.00000000 0.00000000
Neuron 587 3 0.50000000 1 1.00000000 0.00000000 0.00000000 0.00000000
Neuron 591 3 0.56250000 1 1.00000000 0.00000000 0.00000000 0.00000000
Neuron 593 3 0.37500000 1 1.00000000 0.00000000 0.00000000 0.00000000
Neuron 596 3 0.50000000 1 1.00000000 0.00000000 0.00000000 0.00000000
Neuron 604 3 0.37500000 1 1.00000000 0.00000000 0.00000000 0.00000000
Neuron 605 3 0.87500000 1 1.00000000 0.00000000 0.00000000 0.00000000
Neuron 606 3 0.75000000 1 1.00000000 0.00000000 0.00000000 0.00000000
Neuron 608 3 0.25000000 1 1.00000000 0.00000000 0.00000000 0.00000000
Neuron 610 3 0.87500000 1 1.00000000 0.00000000 0.00000000 0.00000000
Neuron 612 3 0.93750000 1 1.00000000 0.00000000 0.00000000 0.00000000
Neuron 614 3 0.50000000 1 1.00000000 0.00000000 0.00000000 0.00000000
Neuron 622 3 0.96875000 1 1.00000000 0.00000000 0.00000000 0.00000000
Neuron 628 3 0.28125000 1 1.00000000 0.00000000 0.00000000 0.00000000
Neuron 629 3 0.68750000 1 1.00000000 0.00000000 0.00000000 0.00000000
Neuron 631 3 0.37500000 1 1.00000000 0.00000000 0.00000000 0.00000000
Neuron 636 3 0.62500000 1 1.00000000 0.00000000 0.00000000 0.00000000
Neuron 638 3 0.81250000 1 1.00000000 0.00000000 0.00000000 0.00000000
Neuron 642 3 0.75000000 1 1.00000000 0.00000000 0.00000000 0.00000000
Neuron 652 3 0.93750000 1 1.00000000 0.00000000 0.00000000 0.00000000
Neuron 661 3 0.50000000 1 1.00000000 0.00000000 0.00000000 0.00000000
Neuron 669 3 0.37500000 1 1.00000000 0.00000000 0.00000000 0.00000000
Neuron 675 3 0.06250000 1 1.00000000 0.00000000 0.00000000 0.00000000
Neuron 678 3 0.31250000 1 1.00000000 0.00000000 0.00000000 0.00000000
Neuron 684 3 0.50000000 1 1.00000000 0.00000000 0.00000000 0.00000000
Neuron 686 3 0.12500000 1 1.00000000 0.00000000 0.00000000 0.00000000
Neuron 698 3 0.75000000 1 1.00000000 0.00000000 0.00000000 0.00000000
Neuron 709 3 0.75000000 1 1.00000000 0.00000000 0.00000000 0.00000000
Neuron 715 3 0.59375000 1 1.00000000 0.00000000 0.00000000 0.00000000
Neuron 723 3 0.37500000 1 1.00000000 0.00000000 0.00000000 0.00000000
Neuron 725 3 0.87500000 1 1.00000000 0.00000000 0.00000000 0.00000000
Neuron 729 3 0.43750000 1 1.00000000 0.00000000 0.00000000 0.00000000
Neuron 733 3 0.37500000 1 1.00000000 0.00000000 0.00000000 0.00000000
Neuron 754 3 0.25000000 1 1.00000000 0.00000000 0.00000000 0.00000000
Neuron 756 3 0.65625000 1 1.00000000 0.00000000 0.00000000 0.00000000
Neuron 763 3 0.56250000 1 1.00000000 0.00000000 0.00000000 0.00000000
Neuron 770 3 0.75000000 1 1.00000000 0.00000000 0.00000000 0.00000000
Neuron 776 3 0.65625000 1 1.00000000 0.00000000 0.00000000 0.00000000
Neuron 787 3 0.12500000 1 1.00000000 0.00000000 0.00000000 0.00000000
Neuron 789 3 0.84375000 1 1.00000000 0.00000000 0.00000000 0.00000000
Neuron 790 3 0.25000000 1 1.00000000 0.00000000 0.00000000 0.00000000
Neuron 791 3 0.75000000 1 1.00000000 0.00000000 0.00000000 0.00000000
Neuron 795 3 0.75000000 1 1.00000000 0.00000000 0.00000000 0.00000000
Neuron 796 3 0.62500000 1 1.00000000 0.00000000 0.00000000 0.00000000
Neuron 799 3 0.37500000 1 1.00000000 0.00000000 0.00000000 0.00000000
Neuron 800 3 0.50000000 1 1.00000000 0.00000000 0.00000000 0.00000000
Neuron 811 3 0.43750000 1 1.00000000 0.00000000 0.00000000 0.00000000
Neuron 812 3 0.50000000 1 1.00000000 0.00000000 0.00000000 0.00000000
Neuron 813 3 0.43750000 1 1.00000000 0.00000000 0.00000000 0.00000000
Neuron 815 3 0.50000000 1 1.00000000 0.00000000 0.00000000 0.00000000
Neuron 820 3 0.37500000 1 1.00000000 0.00000000 0.00000000 0.00000000
Neuron 832 3 0.78125000 1 1.00000000 0.00000000 0.00000000 0.00000000
Neuron 844 3 0.50000000 1 1.00000000 0.00000000 0.00000000 0.00000000
Neuron 845 3 0.50000000 1 1.00000000 0.00000000 0.00000000 0.00000000
Neuron 847 3 0.62500000 1 1.00000000 0.00000000 0.00000000 0.00000000
Neuron 848 3 0.78125000 1 1.00000000 0.00000000 0.00000000 0.00000000
Neuron 854 3 0.54687500 1 1.00000000 0.00000000 0.00000000 0.00000000
Neuron 860 3 0.93750000 1 1.00000000 0.00000000 0.00000000 0.00000000
Neuron 872 3 0.50000000 1 1.00000000 0.00000000 0.00000000 0.00000000
Neuron 881 3 0.50000000 1 1.00000000 0.00000000 0.00000000 0.00000000
Neuron 882 3 0.37500000 1 1.00000000 0.00000000 0.00000000 0.00000000
Neuron 883 3 0.87500000 1 1.00000000 0.00000000 0.00000000 0.00000000
Neuron 884 3 0.56250000 1 1.00000000 0.00000000 0.00000000 0.00000000
Neuron 889 3 0.50000000 1 1.00000000 0.00000000 0.00000000 0.00000000
Neuron 892 3 0.75000000 1 1.00000000 0.00000000 0.00000000 0.00000000
Neuron 901 3 0.90625000 1 1.00000000 0.00000000 0.00000000 0.00000000
Neuron 903 3 0.50000000 1 1.00000000 0.00000000 0.00000000 0.00000000
Neuron 905 3 0.25000000 1 1.00000000 0.00000000 0.00000000 0.00000000
Neuron 912 3 0.56250000 1 1.00000000 0.00000000 0.00000000 0.00000000
Neuron 915 3 0.12500000 1 1.00000000 0.00000000 0.00000000 0.00000000
Neuron 918 3 1.00000000 1 1.00000000 0.00000000 0.00000000 0.00000000
Neuron 920 3 0.62500000 1 1.00000000 0.00000000 0.00000000 0.00000000
Neuron 923 3 0.56250000 1 1.00000000 0.00000000 0.00000000 0.00000000
Neuron 942 3 0.75000000 1 1.00000000 0.00000000 0.00000000 0.00000000
Neuron 947 3 0.40625000 1 1.00000000 0.00000000 0.00000000 0.00000000
Neuron 949 3 0.75000000 1 1.00000000 0.00000000 0.00000000 0.00000000
Neuron 950 3 0.43750000 1 1.00000000 0.00000000 0.00000000 0.00000000
Neuron 971 3 0.50000000 1 1.00000000 0.00000000 0.00000000 0.00000000
Neuron 982 3 0.75000000 1 1.00000000 0.00000000 0.00000000 0.00000000
Neuron 993 3 0.81250000 1 1.00000000 0.00000000 0.00000000 0.00000000
Neuron 998 3 1.00000000 1 1.00000000 0.00000000 0.00000000 0.00000000
Neuron 1003 3 0.93750000 1 1.00000000 0.00000000 0.00000000 0.00000000
Neuron 1008 3 0.62500000 1 1.00000000 0.00000000 0.00000000 0.00000000
Neuron 1010 3 0.43750000 1 1.00000000 0.00000000 0.00000000 0.00000000
Neuron 1020 3 0.18750000 1 1.00000000 0.00000000 0.00000000 0.00000000
Neuron 1024 3 0.82812500 1 1.00000000 0.00000000 0.00000000 0.00000000
Neuron 1045 3 0.56250000 1 1.00000000 0.00000000 0.00000000 0.00000000
Neuron 1054 3 0.90625000 1 1.00000000 0.00000000 0.00000000 0.00000000
Neuron 1058 3 0.18750000 1 1.00000000 0.00000000 0.00000000 0.00000000
Neuron 1062 3 0.76562500 1 1.00000000 0.00000000 0.00000000 0.00000000
Neuron 1065 3 0.09375000 1 1.00000000 0.00000000 0.00000000 0.00000000
Neuron 1081 3 0.78125000 1 1.00000000 0.00000000 0.00000000 0.00000000
Neuron 1082 3 0.31250000 1 1.00000000 0.00000000 0.00000000 0.00000000
Neuron 1090 3 0.78125000 1 1.00000000 0.00000000 0.00000000 0.00000000
Neuron 1094 3 0.62500000 1 1.00000000 0.00000000 0.00000000 0.00000000
Neuron 1096 3 0.62500000 1 1.00000000 0.00000000 0.00000000 0.00000000
Neuron 1098 3 0.68750000 1 1.00000000 0.00000000 0.00000000 0.00000000
Neuron 1102 3 0.25000000 1 1.00000000 0.00000000 0.00000000 0.00000000
Neuron 1106 3 0.96875000 1 1.00000000 0.00000000 0.00000000 0.00000000
Neuron 1113 3 0.79687500 1 1.00000000 0.00000000 0.00000000 0.00000000
Neuron 1117 3 0.53125000 1 1.00000000 0.00000000 0.00000000 0.00000000
Neuron 1119 3 0.87500000 1 1.00000000 0.00000000 0.00000000 0.00000000
Neuron 1127 3 0.62500000 1 1.00000000 0.00000000 0.00000000 0.00000000
Neuron 1131 3 0.43750000 1 1.00000000 0.00000000 0.00000000 0.00000000
Neuron 1135 3 0.68750000 1 1.00000000 0.00000000 0.00000000 0.00000000
Neuron 1161 3 0.62500000 1 1.00000000 0.00000000 0.00000000 0.00000000
Neuron 1184 3 0.31250000 1 1.00000000 0.00000000 0.00000000 0.00000000
Neuron 1188 3 0.25000000 1 1.00000000 0.00000000 0.00000000 0.00000000
Neuron 1196 3 0.56250000 1 1.00000000 0.00000000 0.00000000 0.00000000
Neuron 1199 3 0.25000000 1 1.00000000 0.00000000 0.00000000 0.00000000
Neuron 1201 3 0.43750000 1 1.00000000 0.00000000 0.00000000 0.00000000
Neuron 1202 3 0.31250000 1 1.00000000 0.00000000 0.00000000 0.00000000
Neuron 1203 3 0.76562500 1 1.00000000 0.00000000 0.00000000 0.00000000
Neuron 1208 3 0.56250000 1 1.00000000 0.00000000 0.00000000 0.00000000
Neuron 1236 3 0.12500000 1 1.00000000 0.00000000 0.00000000 0.00000000
Neuron 1239 3 0.62500000 1 1.00000000 0.00000000 0.00000000 0.00000000
Neuron 1267 3 0.81250000 1 1.00000000 0.00000000 0.00000000 0.00000000
Neuron 1280 3 0.56250000 1 1.00000000 0.00000000 0.00000000 0.00000000
Neuron 1292 3 0.62500000 1 1.00000000 0.00000000 0.00000000 0.00000000
Neuron 1308 3 0.62500000 1 1.00000000 0.00000000 0.00000000 0.00000000
Neuron 1309 3 0.50000000 1 1.00000000 0.00000000 0.00000000 0.00000000
Neuron 1315 3 0.95312500 1 1.00000000 0.00000000 0.00000000 0.00000000
Neuron 1322 3 0.37500000 1 1.00000000 0.00000000 0.00000000 0.00000000
Neuron 1338 3 0.56250000 1 1.00000000 0.00000000 0.00000000 0.00000000
Neuron 1343 3 0.37500000 1 1.00000000 0.00000000 0.00000000 0.00000000
Neuron 1346 3 0.50000000 1 1.00000000 0.00000000 0.00000000 0.00000000
Neuron 1347 3 0.70312500 1 1.00000000 0.00000000 0.00000000 0.00000000
Neuron 1384 3 0.25000000 1 1.00000000 0.00000000 0.00000000 0.00000000
Neuron 1408 3 0.75000000 1 1.00000000 0.00000000 0.00000000 0.00000000
Neuron 1423 3 0.75000000 1 1.00000000 0.00000000 0.00000000 0.00000000
Neuron 1424 3 0.37500000 1 1.00000000 0.00000000 0.00000000 0.00000000
Neuron 1443 3 0.90625000 1 1.00000000 0.00000000 0.00000000 0.00000000
Neuron 1466 3 0.12500000 1 1.00000000 0.00000000 0.00000000 0.00000000
Neuron 1537 3 0.59375000 1 1.00000000 0.00000000 0.00000000 0.00000000
Neuron 1539 3 0.25000000 1 1.00000000 0.00000000 0.00000000 0.00000000
Neuron 1544 3 0.50000000 1 1.00000000 0.00000000 0.00000000 0.00000000
Neuron 1626 3 0.12500000 1 1.00000000 0.00000000 0.00000000 0.00000000
Neuron 1667 3 0.50000000 1 1.00000000 0.00000000 0.00000000 0.00000000
Neuron 1686 3 0.78125000 1 1.00000000 0.00000000 0.00000000 0.00000000
Neuron 1688 3 0.59375000 1 1.00000000 0.00000000 0.00000000 0.00000000
Neuron 1695 3 0.25000000 1 1.00000000 0.00000000 0.00000000 0.00000000
Neuron 1696 3 0.50000000 1 1.00000000 0.00000000 0.00000000 0.00000000
Neuron 1717 3 0.59375000 1 1.00000000 0.00000000 0.00000000 0.00000000
Neuron 1766 3 0.37500000 1 1.00000000 0.00000000 0.00000000 0.00000000
Neuron 1816 3 0.68750000 1 1.00000000 0.00000000 0.00000000 0.00000000
Neuron 1819 3 0.57812500 1 1.00000000 0.00000000 0.00000000 0.00000000
Neuron 1822 3 0.65625000 1 1.00000000 0.00000000 0.00000000 0.00000000
Neuron 1856 3 0.84375000 1 1.00000000 0.00000000 0.00000000 0.00000000
Neuron 1925 3 0.96875000 1 1.00000000 0.00000000 0.00000000 0.00000000
Neuron 1938 3 0.50000000 1 1.00000000 0.00000000 0.00000000 0.00000000
Neuron 2007 3 0.57812500 1 1.00000000 0.00000000 0.00000000 0.00000000
Neuron 2040 3 0.53125000 1 1.00000000 0.00000000 0.00000000 0.00000000
Neuron 2044 3 0.79687500 1 1.00000000 0.00000000 0.00000000 0.00000000
Link 1 10 1 0 -0.53323733
Link 2 10 2 0 1.04759485
Link 3 10 3 0 -2.60182798
Link 4 10 4 0 1.24694146
Link 5 10 5 0 0.51671395
Link 6 10 6 0 0.75528260
Link 7 10 7 0 3.21122150
Link 8 10 8 0 1.93810327
Link 9 10 9 0 3.48085831
Link 1 11 10 0 -2.84704128
Link 2 11 11 0 1.44062934
Link 3 11 12 0 -2.66977173
Link 4 11 13 0 0.93156727
Link 7 11 16 0 -0.26189050
Link 8 11 17 0 -1.44832107
Link 9 11 18 0 -2.83356408
Link 1 12 19 0 -2.31445285
Link 2 12 20 0 -1.97387721
Link 3 12 21 0 1.53209660
Link 4 12 22 0 -3.50030445
Link 5 12 23 0 -1.37109555
Link 6 12 24 0 -1.01456998
Link 7 12 25 0 0.67948667
Link 8 12 26 0 -2.71137845
Link 9 12 27 0 1.64972191
Link 1 13 28 0 -1.75132819
Link 2 13 29 0 2.31760587
Link 3 13 30 0 0.03038211
Link 4 13 31 0 0.85023951
Link 5 13 32 0 2.24607828
Link 6 13 33 0 1.80525669
Link 7 13 34 0 -0.46403566
Link 8 13 35 0 1.97351159
Link 9 13 36 0 0.61606304
Link 1 14 37 0 -2.47515150
Link 2 14 38 0 0.02465416
Link 3 14 39 0 2.00623937
Link 4 14 40 0 -3.06733634
Link 6 14 42 0 2.06676995
Link 7 14 43 0 0.40999745
Link 8 14 44 0 -1.83042455
Link 9 14 45 0 3.04582167
Link 3 15 48 0 -4.74414295
Link 4 15 49 0 0.22932802
Link 5 15 50 0 -0.78261110
Link 6 15 51 0 1.32718916
Link 7 15 52 0 3.72878019
Link 8 15 53 0 -2.09147799
Link 9 15 54 0 1.30756441
Link 1 16 55 0 1.87871942
Link 3 16 57 0 2.39132715
Link 4 16 58 0 -0.52621916
Link 6 16 60 0 0.75075639
Link 7 16 61 0 0.12575395
Link 9 16 63 0 0.88488169
Link 18 15 69 0 2.91420863
Link 6 19 71 0 2.11669076
Link 19 11 72 0 -0.21165746
Link 4 20 74 0 0.57178009
Link 20 10 75 0 4.20875207
Link 6 22 80 0 -0.87928076
Link 22 16 81 0 0.67097613
Link 8 23 83 0 -0.28007122
Link 23 15 84 0 0.52958350
Link 6 24 86 0 -0.23681046
Link 24 13 87 0 -1.12147037
Link 25 15 90 0 1.43401991
Link 5 26 92 0 0.40070315
Link 26 14 93 0 -4.49807053
Link 2 27 95 0 3.25043463
Link 27 16 96 0 1.26829446
Link 28 16 99 0 1.41544853
Link 6 30 104 0 0.43042087
Link 30 15 105 0 0.38133821
Link 5 32 110 0 1.23793758
Link 32 10 111 0 4.00534402
Link 33 12 114 0 -2.34414266
Link 4 34 116 0 1.16496369
Link 34 15 117 0 -3.47308537
Link 8 37 125 0 -3.64525245
Link 37 16 126 0 -2.77199334
Link 1 38 129 0 -0.97327181
Link 7 39 134 0 0.34397304
Link 39 16 135 0 -2.09065348
Link 7 40 137 0 1.97775555
Link 40 13 138 0 -2.00721331
Link 2 41 140 0 2.22801051
Link 41 13 141 0 3.42512096
Link 42 12 144 0 0.88435221
Link 8 43 146 0 -1.99177150
Link 43 11 147 0 -0.93554663
Link 8 44 149 0 -0.51930905
Link 3 45 153 0 -0.59344897
Link 45 11 154 0 -0.11014864
Link 37 46 157 0 0.51495216
Link 46 16 158 0 2.22790472
Link 4 47 162 0 -1.12972141
Link 47 11 163 0 -0.05780570
Link 2 49 169 0 2.27881471
Link 1 50 172 0 4.54478795
Link 50 10 173 0 -0.73420842
Link 51 15 176 0 -1.83085111
Link 4 53 182 0 -2.48666546
Link 53 12 183 0 -0.94823465
Link 5 54 188 0 -0.10268321
Link 54 11 189 0 1.76914067
Link 6 55 192 0 2.99282968
Link 55 10 193 0 3.47102903
Link 11 11 198 1 2.23322722
Link 56 14 204 0 0.27007033
Link 5 18 206 0 -2.55434433
Link 3 18 207 0 -2.00134118
Link 5 57 212 0 -1.92931585
Link 6 59 219 0 -2.68189161
Link 5 60 222 0 0.01242761
Link 60 15 223 0 -1.58298365
Link 7 61 225 0 2.07421508
Link 61 10 226 0 -2.68232117
Link 12 18 227 1 -0.69822360
Link 62 14 233 0 -5.31086326
Link 3 63 236 0 -2.32766973
Link 63 12 237 0 -3.40262231
Link 3 66 250 0 -1.57633460
Link 66 13 251 0 -0.24261960
Link 33 70 269 0 -1.94609433
Link 70 12 270 0 0.75576104
Link 12 12 274 1 2.04679492
Link 5 73 285 0 0.14958185
Link 73 12 286 0 1.14062463
Link 43 13 289 0 -1.13658857
Link 43 33 292 0 0.05748479
Link 4 74 295 0 1.38574836
Link 74 16 296 0 1.05985641
Link 15 27 299 1 -2.59776521
Link 16 16 308 1 -1.03218672
Link 5 76 313 0 -1.54427799
Link 76 32 314 0 -1.09161530
Link 8 78 320 0 2.11227102
Link 78 12 321 0 -0.62208224
Link 9 52 333 0 -0.28590764
Link 14 44 343 1 1.91103979
Link 4 81 346 0 1.13133019
Link 6 82 349 0 -0.33125587
Link 82 12 350 0 -0.38468215
Link 4 37 354 0 -2.66939180
Link 3 83 362 0 -2.97726258
Link 83 14 363 0 0.61990607
Link 2 84 369 0 0.25333165
Link 84 10 370 0 0.84285590
Link 2 52 380 0 -4.79950789
Link 2 85 382 0 -1.50402985
Link 85 14 383 0 0.38124572
Link 11 27 393 1 -0.00207877
Link 8 88 402 0 2.24150588
Link 66 27 418 0 1.65506592
Link 1 18 428 0 -1.69846075
Link 13 37 432 1 -1.10503826
Link 7 18 444 0 1.68819533
Link 4 39 454 0 -2.14451380
Link 32 96 475 0 -0.11327900
Link 96 10 476 0 -2.30453907
Link 66 97 497 0 -1.15318963
Link 97 13 498 0 1.36795904
Link 18 99 505 0 1.59582917
Link 99 15 506 0 1.40617513
Link 32 101 518 0 -1.22043654
Link 101 62 519 0 2.14704147
Link 81 102 524 0 2.13168057
Link 102 14 525 0 -2.02648698
Link 2 66 529 0 -1.53563661
Link 16 72 536 1 -3.16024862
Link 57 106 559 0 1.14183053
Link 106 13 560 0 1.68797495
Link 2 107 564 0 -1.18428565
Link 107 18 565 0 1.80633354
Link 109 10 573 0 2.25605531
Link 72 12 574 0 1.64024042
Link 54 110 577 0 -0.59335862
Link 110 11 578 0 1.62321724
Link 60 55 597 0 1.23774439
Link 38 114 618 0 -0.18117807
Link 114 15 619 0 2.10991953
Link 1 116 627 0 0.96021668
Link 116 72 628 0 -0.22418139
Link 16 27 634 1 -0.16268175
Link 44 118 648 0 -3.46764284
Link 118 14 649 0 0.47962921
Link 16 52 675 1 2.79716201
Link 9 66 707 0 2.70484178
Link 4 127 721 0 -3.46929119
Link 127 47 722 0 3.72887895
Link 13 13 724 1 -2.11004768
Link 15 129 735 1 0.28194090
Link 129 27 736 1 -0.91592315
Link 8 132 774 0 4.41361919
Link 11 32 785 1 -0.02818452
Link 2 139 829 0 1.74892295
Link 139 49 830 0 -1.00757057
Link 3 141 852 0 2.50041112
Link 141 25 853 0 1.34914838
Link 27 10 886 0 -3.07855065
Link 52 146 892 0 0.25966465
Link 146 13 893 0 0.04348372
Link 27 147 895 0 0.75322834
Link 147 80 896 0 -3.06821727
Link 2 149 909 0 1.98496765
Link 149 107 910 0 -3.45517075
Link 62 159 977 0 1.43122189
Link 159 14 978 0 1.26345065
Link 47 160 983 0 -2.09204438
Link 160 11 984 0 -0.86146769
Link 27 72 985 0 0.26828213
Link 27 99 987 0 -0.22950419
Link 3 165 1014 0 -1.38799860
Link 165 27 1015 0 -1.12303996
Link 3 169 1038 0 3.39797459
Link 169 65 1039 0 -1.47852192
Link 7 170 1041 0 -0.49446095
Link 43 171 1044 0 -0.13637324
Link 171 11 1045 0 -0.61737879
Link 54 32 1069 0 -0.77460526
Link 78 176 1075 0 2.46890837
Link 176 12 1076 0 2.04851402
Link 177 12 1083 0 -0.61458369
Link 5 181 1120 0 -0.68419791
Link 181 60 1121 0 1.03988534
Link 16 43 1131 1 0.08030704
Link 26 186 1159 0 -1.66753077
Link 186 14 1160 0 -0.37300268
Link 6 60 1181 0 -0.23805396
Link 28 190 1186 0 0.17324251
Link 165 192 1206 0 3.06897113
Link 192 27 1207 0 0.88952235
Link 23 197 1225 0 0.44222786
Link 197 15 1226 0 0.93367109
Link 74 206 1292 0 -1.32108343
Link 206 16 1293 0 -1.55323586
Link 7 207 1295 0 1.07269054
Link 207 51 1296 0 2.40969596
Link 12 208 1298 1 -0.58690556
Link 208 18 1299 1 -0.73731187
Link 8 212 1313 0 2.19964935
Link 212 14 1314 0 -1.56092840
Link 2 221 1360 0 1.40144883
Link 221 66 1361 0 0.06678395
Link 37 49 1371 0 -2.10596565
Link 16 88 1375 1 -2.01690828
Link 3 225 1384 0 -0.85499535
Link 225 63 1385 0 0.83701753
Link 8 229 1415 0 0.42056748
Link 229 23 1416 0 -1.16481191
Link 6 235 1452 0 -0.00702482
Link 235 18 1453 0 1.02672675
Link 63 236 1461 0 0.15564503
Link 236 12 1462 0 0.14799511
Link 3 238 1475 0 -0.40396480
Link 238 16 1476 0 -0.70643525
Link 107 241 1492 0 2.52108534
Link 5 244 1506 0 -1.96543954
Link 244 28 1507 0 2.84361551
Link 116 116 1510 1 3.04734358
Link 254 236 1574 0 -0.17469330
Link 80 255 1576 0 -2.74002129
Link 255 16 1577 0 1.03607245
Link 39 51 1578 0 3.49038100
Link 27 256 1583 0 2.54906262
Link 256 72 1584 0 0.51981570
Link 8 50 1592 0 0.61497106
Link 42 37 1594 0 1.05161566
Link 258 109 1600 0 0.83537064
Link 51 38 1637 0 0.84203943
Link 3 267 1649 0 -1.02369318
Link 267 66 1650 0 1.32127691
Link 7 54 1653 0 -0.03971642
Link 10 197 1664 1 0.78703013
Link 60 65 1689 0 2.49558632
Link 15 273 1708 1 1.06579135
Link 83 274 1715 0 1.48693226
Link 274 14 1716 0 3.94956264
Link 10 235 1723 1 -1.07133864
Link 85 22 1755 0 0.00278377
Link 54 43 1776 0 -0.56722076
Link 88 16 1796 0 1.20438190
Link 27 286 1804 0 2.59079156
Link 286 14 1805 0 -0.74945659
Link 5 84 1806 0 -0.02098098
Link 289 60 1824 0 1.99337353
Link 3 290 1834 0 3.48730212
Link 290 165 1835 0 0.10875460
Link 3 292 1847 0 1.50793152
Link 292 18 1848 0 -0.10805378
Link 65 294 1867 0 0.04815898
Link 294 16 1868 0 2.01036943
Link 60 62 1869 0 1.71776217
Link 55 106 1920 0 2.85721071
Link 88 303 1932 0 0.53027416
Link 311 14 1986 0 -0.11552998
Link 106 313 1991 0 1.55800046
Link 313 13 1992 0 0.41569934
Link 26 23 2006 0 1.57320432
Link 55 318 2042 0 0.79702939
Link 318 258 2043 0 -0.51331559
Link 1 319 2049 0 -2.20186905
Link 319 38 2050 0 2.00513376
Link 3 330 2117 0 0.17996416
Link 38 334 2133 0 0.78281675
Link 334 114 2134 0 -2.70067209
Link 49 336 2150 0 1.47565592
Link 336 177 2151 0 -1.76494236
Link 8 197 2167 0 -3.97721861
Link 10 51 2183 1 1.58768892
Link 72 52 2192 0 -1.08676671
Link 66 10 2206 0 2.30743977
Link 343 78 2210 0 -0.21904602
Link 30 23 2220 0 0.36894067
Link 27 55 2253 0 0.51161283
Link 15 60 2281 1 -2.50993484
Link 15 357 2303 1 2.46186546
Link 357 273 2304 1 0.60128908
Link 1 235 2305 0 2.15007562
Link 99 359 2326 0 -0.05369009
Link 359 15 2327 0 2.26239659
Link 45 363 2348 0 -1.02618818
Link 363 11 2349 0 0.27767889
Link 66 16 2350 0 -3.51493276
Link 1 366 2367 0 -2.37068529
Link 366 18 2368 0 -0.75735255
Link 235 197 2382 0 1.57488984
Link 72 27 2401 0 0.04312353
Link 11 23 2450 1 0.86419066
Link 18 380 2475 0 2.20253880
Link 380 85 2476 0 -0.32905341
Link 55 383 2491 0 1.16576077
Link 383 106 2492 0 0.63125910
Link 146 384 2495 1 2.65264109
Link 384 65 2496 1 -3.66902131
Link 8 385 2503 0 0.01501959
Link 80 57 2553 1 0.76160363
Link 13 390 2555 1 0.80898884
Link 390 272 2556 1 1.07819545
Link 88 391 2565 0 1.93809411
Link 391 303 2566 0 -0.35972931
Link 16 392 2569 1 1.13905423
Link 392 60 2570 1 -2.43496959
Link 384 395 2599 1 1.01362424
Link 395 65 2600 1 -0.23239232
Link 10 400 2628 1 -0.46589774
Link 400 197 2629 1 0.41361658
Link 114 78 2665 1 0.62923245
Link 21 408 2676 0 -2.69666711
Link 408 10 2677 0 -3.80761039
Link 14 238 2739 1 -0.79597723
Link 4 425 2783 0 1.20842680
Link 432 16 2854 0 -1.07934333
Link 23 433 2857 0 -2.21813451
Link 433 15 2858 0 -0.40510453
Link 26 26 2866 1 -0.07203276
Link 7 435 2874 0 -2.06209303
Link 435 27 2875 0 4.50062300
Link 2 33 2879 0 -3.63527315
Link 439 55 2896 0 -3.23267311
Link 80 440 2898 1 -0.71612289
Link 363 18 2903 1 -0.53464499
Link 23 32 2917 0 -1.29630994
Link 4 444 2927 0 0.37178530
Link 444 37 2928 0 -2.12966035
Link 114 445 2930 1 1.96424171
Link 445 114 2931 1 0.55974333
Link 447 13 2944 0 -0.82361574
Link 272 272 2964 1 2.67272739
Link 57 449 2966 0 -1.77137442
Link 449 106 2967 0 -2.24393983
Link 27 177 3001 0 0.80756777
Link 272 455 3032 1 3.24995164
Link 229 469 3139 0 -2.88338622
Link 23 471 3147 0 -1.59244428
Link 471 32 3148 0 1.95373487
Link 6 472 3150 0 -2.73028250
Link 472 432 3151 0 1.41307865
Link 6 170 3155 0 2.72289060
Link 54 473 3162 0 -0.44178217
Link 473 66 3163 0 -0.32057845
Link 45 475 3172 0 1.11125536
Link 475 51 3173 0 -0.82125814
Link 318 479 3194 0 -0.48474323
Link 479 258 3195 0 4.08301501
Link 2 480 3198 0 -0.70823864
Link 480 14 3199 0 -0.75561939
Link 114 481 3216 0 -2.24660112
Link 481 15 3217 0 0.89085164
Link 51 26 3219 0 1.53638234
Link 482 311 3227 0 0.08858957
Link 8 485 3252 0 -0.93370065
Link 485 229 3253 0 -2.52438606
Link 8 492 3295 0 0.51494882
Link 492 11 3296 0 2.26595426
Link 170 496 3320 0 1.69252830
Link 496 56 3321 0 -0.82847714
Link 311 499 3341 0 -3.76584516
Link 499 14 3342 0 1.01028535
Link 303 503 3364 0 1.54024846
Link 503 43 3365 0 2.18723912
Link 190 504 3373 0 -0.37937025
Link 504 16 3374 0 -0.21537943
Link 107 508 3413 0 1.10445897
Link 508 439 3414 0 -2.37939222
Link 27 509 3417 0 -0.20383176
Link 509 177 3418 0 -0.97503618
Link 6 54 3421 0 -1.92840304
Link 85 267 3432 1 2.98782445
Link 514 482 3470 0 0.46075863
Link 515 55 3477 0 -1.92795042
Link 6 106 3478 0 -0.95416479
Link 52 30 3499 0 -0.41858633
Link 78 44 3503 0 -3.68046523
Link 3 519 3509 0 0.40031438
Link 519 267 3510 0 0.72527144
Link 13 520 3512 1 -2.12267389
Link 520 13 3513 1 -2.11492751
Link 55 522 3551 0 -2.25213483
Link 522 318 3552 0 -0.48363014
Link 165 10 3554 0 0.67283483
Link 526 504 3596 0 -1.27501552
Link 99 114 3611 0 -0.36184748
Link 432 42 3613 0 3.55861782
Link 16 80 3659 1 0.44622816
Link 535 15 3677 0 -2.94251285
Link 23 10 3703 0 -0.64060395
Link 197 541 3711 0 1.32407897
Link 541 15 3712 0 -1.06033422
Link 38 30 3746 0 -0.42597439
Link 6 546 3755 0 -0.06591796
Link 546 14 3756 0 2.60306318
Link 66 548 3781 0 1.44462676
Link 548 16 3782 0 -0.08906335
Link 23 549 3791 0 -1.24903954
Link 549 13 3792 0 -3.26816912
Link 5 80 3794 0 -0.47891438
Link 552 359 3807 0 -0.63566025
Link 45 22 3809 0 0.04269788
Link 49 74 3817 0 0.46088510
Link 114 38 3819 1 3.08530003
Link 18 52 3836 0 3.56998654
Link 515 563 3865 0 -1.04777450
Link 563 55 3866 0 0.34503712
Link 176 176 3896 1 -2.05396642
Link 480 480 3921 1 0.88862378
Link 567 15 3927 0 -1.22841999
Link 5 318 3930 0 0.24648182
Link 3 569 3947 0 -0.43443507
Link 569 10 3948 0 -2.71717412
Link 267 26 3959 0 -2.25728389
Link 99 573 3970 0 0.29557600
Link 573 359 3971 0 0.34722686
Link 107 515 3989 0 -1.21379073
Link 5 575 4000 0 2.29204186
Link 575 11 4001 0 1.82842746
Link 12 57 4009 1 2.58595103
Link 26 42 4025 0 2.22031434
Link 165 114 4055 0 -0.78561462
Link 485 582 4060 0 -3.53457886
Link 582 229 4061 0 -1.91633503
Link 37 59 4074 0 -0.49645603
Link 165 380 4095 0 -1.82380934
Link 53 380 4098 0 -1.24276370
Link 27 585 4100 0 0.34965966
Link 585 515 4101 0 -1.53779092
Link 72 44 4104 0 0.67743382
Link 586 12 4111 0 -1.38531110
Link 475 475 4113 1 2.02893370
Link 27 587 4115 0 -1.46784611
Link 587 66 4116 0 0.84907365
Link 255 255 4126 1 4.05527434
Link 34 81 4139 0 1.81156761
Link 11 591 4141 1 1.89116222
Link 591 290 4142 1 4.89175518
Link 311 439 4158 1 -0.16900289
Link 472 593 4165 0 2.39333548
Link 3 596 4177 0 1.22198285
Link 596 13 4178 0 -2.16748185
Link 38 80 4213 0 0.63499761
Link 6 604 4244 0 1.37042438
Link 604 106 4245 0 -2.61645695
Link 5 62 4253 0 0.43035189
Link 549 605 4268 0 0.71768217
Link 605 13 4269 0 -2.39787562
Link 43 45 4273 0 3.83056382
Link 176 606 4287 1 0.30800503
Link 606 176 4288 1 -0.13537498
Link 54 45 4302 0 -0.63218172
Link 8 608 4335 0 1.84120625
Link 608 23 4336 0 3.58070102
Link 10 139 4358 1 -4.69861863
Link 176 610 4371 0 1.12559575
Link 221 54 4383 0 -1.56123958
Link 610 612 4389 0 -0.91781257
Link 612 12 4390 0 0.01644194
Link 165 28 4392 0 -4.74821277
Link 18 614 4405 0 1.32572334
Link 614 27 4406 0 -2.82854465
Link 2 318 4445 0 2.70639373
Link 380 492 4459 0 -1.04702660
Link 54 384 4462 0 1.87996184
Link 525 622 4471 0 -1.60484126
Link 622 15 4472 0 -0.16765350
Link 27 229 4477 1 -2.88792985
Link 5 628 4540 0 2.39071064
Link 628 318 4541 0 0.78419246
Link 258 176 4551 0 -1.40570425
Link 55 629 4553 0 1.88659940
Link 629 586 4554 0 3.10437229
Link 5 631 4560 0 -0.15289937
Link 273 636 4592 1 0.10309106
Link 636 42 4593 1 -1.44297376
Link 106 638 4603 0 0.51742042
Link 638 313 4604 0 1.08647735
Link 642 10 4630 0 -2.23490905
Link 53 27 4643 0 0.37540446
Link 8 549 4696 0 -1.86207984
Link 492 33 4703 0 1.51314925
Link 26 229 4705 1 3.58647653
Link 313 652 4716 0 2.72548933
Link 652 13 4717 0 -1.20926038
Link 85 34 4724 0 1.54381376
Link 13 359 4746 1 -2.06964197
Link 439 109 4788 0 0.04968776
Link 661 16 4792 0 2.17577472
Link 78 273 4803 0 0.12264450
Link 99 147 4840 1 -1.02148875
Link 165 669 4857 0 -0.55962292
Link 8 675 4903 0 -3.64451022
Link 675 485 4904 0 -2.29169882
Link 52 176 4914 0 -1.36754989
Link 107 678 4942 0 -2.31230525
Link 678 241 4943 0 -0.00983699
Link 5 684 4972 0 -0.86933302
Link 684 16 4973 0 0.42236189
Link 8 686 4979 0 -2.32868446
Link 686 343 4980 0 0.67166633
Link 698 15 5135 0 0.31906902
Link 24 66 5197 0 -2.80626200
Link 221 37 5201 0 -3.12527839
Link 165 492 5211 0 0.54277789
Link 552 38 5217 1 -1.31968347
Link 7 549 5219 0 2.41731854
Link 99 709 5225 0 2.46528965
Link 709 114 5226 0 -0.18649692
Link 289 289 5244 1 -0.44018233
Link 43 715 5259 0 2.94281070
Link 715 552 5260 0 0.76642582
Link 267 170 5267 0 -1.88696677
Link 343 723 5321 0 -0.70907743
Link 723 78 5322 0 1.16467263
Link 16 725 5347 1 -0.94980446
Link 725 114 5348 1 2.27033905
Link 53 43 5352 0 1.06690888
Link 241 729 5394 0 -1.47235513
Link 729 18 5395 0 1.27040383
Link 473 42 5403 0 1.48287249
Link 244 733 5443 0 -0.53168555
Link 733 28 5444 0 2.83826562
Link 221 43 5471 0 1.79203500
Link 59 472 5475 1 -0.09966417
Link 78 24 5497 0 1.05392693
Link 439 37 5520 0 1.39226027
Link 482 73 5543 1 -2.27540256
Link 49 563 5593 0 0.62760971
Link 4 754 5627 0 1.00000000
Link 754 661 5628 0 -1.35764115
Link 177 177 5631 1 -1.44546332
Link 508 756 5637 0 -2.16452661
Link 756 13 5638 0 1.82746128
Link 763 254 5671 0 -1.42745649
Link 60 359 5678 0 -0.49544052
Link 30 522 5707 0 1.66168791
Link 366 366 5729 1 -1.79484361
Link 114 770 5732 0 1.10630036
Link 56 37 5735 0 -2.72349937
Link 318 776 5771 0 2.00919222
Link 776 272 5772 0 -2.70779560
Link 107 54 5807 0 1.43279004
Link 515 515 5841 1 -0.85277089
Link 169 102 5850 0 0.12189465
Link 23 482 5859 0 -1.67178763
Link 5 787 5888 0 1.05061725
Link 787 181 5889 0 -1.45736966
Link 789 359 5905 0 1.85041794
Link 5 790 5907 0 1.95465086
Link 790 78 5908 0 -4.18578772
Link 770 791 5919 0 0.47680219
Link 791 549 5920 0 -1.95264124
Link 177 272 5944 0 -2.26851869
Link 78 795 5971 0 0.01872525
Link 795 12 5972 0 0.32637762
Link 440 481 5974 0 -1.59845845
Link 165 796 5977 0 1.51187466
Link 796 14 5978 0 1.57633980
Link 28 236 5982 0 1.39795526
Link 83 97 5989 0 -3.60149450
Link 330 799 5995 0 -0.27563121
Link 475 800 5998 1 -2.34614937
Link 800 475 5999 1 0.54196345
Link 6 573 6014 0 0.31429275
Link 107 313 6027 0 2.82235285
Link 114 16 6035 0 1.70700906
Link 192 811 6074 0 -0.65587277
Link 811 27 6075 0 -1.45481244
Link 23 812 6082 0 0.94334524
Link 812 57 6083 0 -1.98723600
Link 81 22 6086 0 0.44609607
Link 165 41 6091 0 -1.38848387
Link 43 60 6105 0 -0.00789552
Link 593 813 6113 0 -1.21193629
Link 813 432 6114 0 -2.87135141
Link 57 258 6122 0 5.32909875
Link 475 815 6129 0 0.79132986
Link 820 54 6176 0 0.58276935
Link 439 18 6224 0 3.35600510
Link 832 526 6265 0 0.12654148
Link 40 18 6285 0 0.11984145
Link 38 844 6356 0 0.53846177
Link 844 32 6357 0 -1.75016697
Link 24 845 6359 0 -0.93558144
Link 845 66 6360 0 4.81046993
Link 165 847 6367 0 -0.21924119
Link 73 482 6377 0 0.38509933
Link 848 573 6384 0 -2.52852381
Link 313 525 6409 0 0.01814034
Link 522 854 6427 0 -0.55733119
Link 854 318 6428 0 2.29248669
Link 255 860 6460 0 -0.32775505
Link 860 10 6461 0 1.63674984
Link 334 132 6506 1 -1.43917763
Link 165 872 6556 0 -1.85106130
Link 872 114 6557 0 1.21931759
Link 844 43 6622 0 0.49966837
Link 27 881 6643 0 -1.50809029
Link 881 585 6644 0 -0.67401478
Link 882 229 6651 1 2.38917568
Link 99 883 6654 0 0.61025701
Link 883 11 6655 0 -0.96323757
Link 27 884 6661 0 -2.56952742
Link 884 147 6662 0 0.08713115
Link 5 515 6670 0 -2.72826582
Link 604 573 6677 0 1.84011890
Link 432 84 6722 0 -1.99320495
Link 38 889 6724 0 1.19542121
Link 889 34 6725 0 0.06346215
Link 49 892 6743 0 -1.36224257
Link 892 12 6744 0 1.64446765
Link 546 313 6773 0 0.57706597
Link 475 190 6788 0 -3.59921124
Link 28 28 6791 1 -1.89772410
Link 359 901 6803 0 1.55695446
Link 901 525 6804 0 1.35176552
Link 290 290 6809 1 -1.65475628
Link 2 292 6814 0 -0.93848062
Link 492 903 6820 1 -2.17598670
Link 241 109 6830 0 -0.37451644
Link 290 44 6853 0 0.02340630
Link 366 905 6855 1 4.87044187
Link 905 366 6856 1 2.42554191
Link 23 176 6870 0 0.29961959
Link 770 525 6882 0 -0.26071422
Link 385 912 6920 0 -1.11936587
Link 912 197 6921 0 -2.51395242
Link 313 522 6922 1 3.77759026
Link 84 520 6939 0 -1.01221614
Link 6 915 6949 0 -0.08213262
Link 915 289 6950 0 -3.61107202
Link 13 638 6953 1 -0.00689027
Link 13 918 6972 1 -1.42244510
Link 918 13 6973 1 6.21829228
Link 34 920 6996 0 -1.81414826
Link 920 535 6997 0 1.10314333
Link 631 923 7013 0 -0.32558648
Link 923 80 7014 0 -2.44046415
Link 569 45 7043 0 -2.38036556
Link 6 552 7045 0 -0.78280881
Link 181 88 7070 0 1.26837132
Link 63 515 7125 0 0.24176032
Link 60 942 7159 0 -0.26655974
Link 942 11 7160 0 -1.05445064
Link 6 947 7199 0 2.54732140
Link 947 573 7200 0 -1.45936394
Link 132 949 7215 0 1.00280900
Link 949 16 7216 0 -1.84765870
Link 669 950 7222 0 1.56254718
Link 950 28 7223 0 1.14839114
Link 469 11 7323 0 0.96018830
Link 229 366 7392 0 -0.75977809
Link 38 971 7400 0 -2.85573194
Link 971 844 7401 0 -1.35272903
Link 221 334 7415 0 -1.17506735
Link 4 290 7435 0 -1.63496214
Link 492 177 7479 0 1.36597800
Link 44 573 7519 0 0.02472750
Link 76 272 7535 0 0.96883564
Link 982 770 7544 0 -0.15258670
Link 508 638 7560 0 0.87726240
Link 177 96 7592 0 0.35140984
Link 847 993 7631 0 0.89207221
Link 993 15 7632 0 -0.48604944
Link 13 998 7670 1 2.65673732
Link 998 13 7671 1 -0.43328348
Link 499 1003 7694 0 -3.19970603
Link 1003 14 7695 0 0.01859756
Link 129 1008 7718 1 -2.06372685
Link 1008 27 7719 1 -0.05398343
Link 5 847 7733 0 -3.02316557
Link 27 1010 7747 1 0.96756173
Link 1010 882 7748 1 0.26105623
Link 107 229 7818 0 1.96179857
Link 1020 439 7831 0 -0.48677062
Link 5 439 7835 0 -1.76638441
Link 573 1024 7858 0 0.65805270
Link 1024 789 7859 0 0.43875169
Link 22 97 7871 0 -2.29401802
Link 1045 55 8019 1 -3.08168395
Link 147 229 8032 1 -0.49904994
Link 192 481 8039 0 -2.13437566
Link 440 106 8047 0 -0.81418618
Link 343 24 8079 0 -1.60708651
Link 1054 638 8112 1 -0.75765944
Link 54 40 8129 0 -3.08387294
Link 686 1058 8131 0 2.33194901
Link 1058 343 8132 0 0.29368454
Link 366 114 8162 0 -0.84838440
Link 99 1062 8164 0 -0.08547436
Link 1062 848 8165 0 -0.26149018
Link 2 1065 8178 0 2.33379214
Link 1065 1020 8179 0 2.30279787
Link 50 82 8196 0 -0.76939397
Link 290 848 8226 0 -2.52640512
Link 27 313 8266 0 0.44121583
Link 74 552 8275 0 -3.50369571
Link 33 176 8332 0 1.35932073
Link 698 236 8379 0 -1.01667326
Link 106 1081 8396 0 -0.97729459
Link 1081 638 8397 0 -1.28795191
Link 3 469 8404 0 1.04006038
Link 165 1082 8408 0 -1.70326841
Link 1082 669 8409 0 2.27343177
Link 39 181 8430 1 -2.79723527
Link 181 147 8461 0 -3.33945955
Link 99 1090 8464 0 0.18156357
Link 1090 573 8465 0 -0.37573742
Link 18 255 8514 0 -1.46422188
Link 38 1094 8526 0 0.58801095
Link 1094 698 8527 0 -1.50711629
Link 272 1096 8542 1 1.06972877
Link 1096 55 8543 1 0.18254437
Link 114 1098 8551 1 0.13907752
Link 1098 583 8552 1 -4.14647285
Link 5 1102 8588 0 -1.33957165
Link 1102 28 8589 0 -2.29452755
Link 612 1106 8637 0 1.67353456
Link 1106 12 8638 0 -1.81283651
Link 593 18 8672 0 0.38445570
Link 440 1024 8703 0 -4.07731923
Link 114 267 8730 1 0.28298978
Link 479 359 8738 0 -0.16457309
Link 1081 1113 8774 0 1.51339373
Link 1113 638 8775 0 1.78365306
Link 63 1117 8823 0 1.37884711
Link 1117 763 8824 0 0.28968431
Link 80 1119 8835 0 -0.87701254
Link 1119 16 8836 0 2.21524216
Link 146 21 8848 1 1.07847274
Link 27 1127 8891 0 0.84630965
Link 1127 80 8892 0 2.49373123
Link 799 1131 8922 0 3.46709570
Link 1131 45 8923 0 -0.83034340
Link 440 1135 8961 0 -0.55838281
Link 1135 106 8962 0 -1.66508550
Link 24 610 9027 0 1.94150059
Link 882 882 9114 1 1.93368025
Link 39 763 9119 0 -3.48321622
Link 256 57 9135 0 0.75854755
Link 23 1161 9166 0 -1.06052750
Link 1161 642 9167 0 2.38708667
Link 88 1184 9358 0 -2.33640185
Link 1184 303 9359 0 -0.06004388
Link 8 1188 9379 0 -2.85976866
Link 1188 85 9380 0 -2.06894718
Link 508 1196 9433 0 -2.12121535
Link 1196 638 9434 0 1.81381213
Link 74 147 9443 0 0.52863147
Link 4 1199 9456 0 -0.25291032
Link 469 1201 9479 0 3.73447693
Link 1201 23 9480 0 1.20441100
Link 107 1202 9498 0 0.88738739
Link 1202 820 9499 0 -2.54101873
Link 190 1203 9517 0 -2.42315730
Link 1203 832 9518 0 -0.66195957
Link 499 499 9547 1 -0.08306343
Link 583 1208 9564 1 1.31019908
Link 1208 78 9565 1 -0.25190794
Link 905 832 9698 0 -1.44706008
Link 8 1236 9818 0 3.06020404
Link 1236 343 9819 0 0.25928022
Link 165 1239 9833 0 1.80772215
Link 1239 14 9834 0 6.75913367
Link 23 80 9858 0 1.70431551
Link 343 169 9905 0 0.10430309
Link 628 45 10050 0 -4.68623452
Link 70 1267 10071 0 0.37118583
Link 1267 586 10072 0 1.32154982
Link 384 1280 10161 1 -1.53454912
Link 1280 65 10162 1 -1.93517313
Link 186 1292 10257 1 0.88836799
Link 1292 480 10258 1 1.58945291
Link 22 1308 10384 0 -1.85186179
Link 1308 97 10385 0 0.22358677
Link 7 1309 10390 0 0.48601836
Link 1309 15 10391 0 -1.40913414
Link 139 1010 10419 0 -4.96994217
Link 13 1315 10455 1 1.63784660
Link 1315 1054 10456 1 3.83157853
Link 548 1024 10475 0 -1.80312590
Link 652 485 10502 1 -4.06455388
Link 181 1322 10532 0 -3.20960525
Link 1322 20 10533 0 -2.94375349
Link 582 485 10539 1 -2.14721604
Link 334 1338 10658 1 -0.86775560
Link 1338 132 10659 1 1.84617678
Link 425 1343 10708 0 5.00333677
Link 1343 23 10709 0 2.19729969
Link 118 66 10721 1 -0.98465767
Link 903 1346 10770 1 -0.46505148
Link 1346 492 10771 1 -1.24761284
Link 313 1347 10773 1 -2.48325245
Link 1347 522 10774 1 0.37490327
Link 197 186 10835 0 -0.50545691
Link 289 165 10972 0 -1.22448187
Link 186 286 11039 0 -0.51009316
Link 6 1384 11059 0 2.83777775
Link 1384 60 11060 0 2.43248010
Link 132 499 11105 0 -0.10837337
Link 181 56 11180 0 0.65021611
Link 628 51 11239 0 0.38744336
Link 118 1408 11270 0 1.97721237
Link 1408 272 11271 0 3.92197759
Link 114 1423 11388 0 -2.61749985
Link 1423 982 11389 0 -0.08976073
Link 1199 1424 11392 0 -1.05393028
Link 1424 23 11393 0 0.18775950
Link 13 1443 11516 1 1.03892741
Link 1443 638 11517 1 0.10579497
Link 569 684 11520 0 -1.24129002
Link 139 661 11582 0 1.46936543
Link 147 526 11692 0 -3.03807756
Link 8 1466 11776 0 0.17284502
Link 1466 1188 11777 0 3.76582511
Link 596 22 11796 0 -3.96662843
Link 548 267 12157 1 0.99752116
Link 475 132 12203 0 -2.54255591
Link 319 23 12329 0 -2.05214583
Link 132 504 12430 0 1.21179176
Link 715 1537 12465 1 1.54777769
Link 1537 715 12466 1 -0.48908628
Link 1188 1539 12473 1 3.89618994
Link 1539 1188 12474 1 2.87033590
Link 686 1090 12516 0 -0.16688524
Link 473 1544 12536 1 0.19794868
Link 1544 473 12537 1 -1.35608579
Link 74 903 12645 0 -1.59772330
Link 101 272 12663 0 -0.92073795
Link 433 903 12685 1 -2.89746072
Link 290 160 12754 0 0.71378487
Link 723 81 12771 0 -1.17403881
Link 582 439 12818 0 -0.23409024
Link 116 99 12825 0 -1.17106153
Link 1280 97 12870 0 -0.15072000
Link 686 1292 13233 0 -1.50701301
Link 604 447 13346 0 -1.92817382
Link 8 1626 13384 0 1.64722017
Link 1626 343 13385 0 2.97459592
Link 18 197 13717 0 -0.52666809
Link 45 236 13773 0 1.23252864
Link 661 1667 13784 0 1.82480460
Link 1667 25 13785 0 -1.01908923
Link 139 139 13818 1 1.07943581
Link 38 292 13853 1 0.48837072
Link 480 52 13978 0 -0.52598227
Link 1686 294 13983 1 -0.26153783
Link 1024 1082 14003 1 -3.35933198
Link 1201 1688 14022 0 0.13837134
Link 1688 146 14023 0 -0.93731855
Link 1539 756 14076 0 1.48576439
Link 6 1695 14099 0 -2.31832041
Link 343 1696 14118 0 1.44347519
Link 1696 770 14119 0 0.39624717
Link 274 236 14204 0 1.00558930
Link 455 1717 14319 1 1.23578222
Link 72 587 14321 0 2.62518615
Link 106 28 14612 1 0.36250789
Link 318 638 14744 0 0.70356339
Link 756 110 14821 0 0.62600439
Link 1695 1766 14859 0 0.32534840
Link 1766 567 14860 0 3.79909066
Link 311 357 15186 0 -0.61077242
Link 147 1816 15432 0 1.44511182
Link 1816 190 15433 0 0.29142831
Link 127 1819 15441 0 0.28491001
Link 1819 1443 15442 0 0.39528369
Link 1161 1443 15453 0 0.49771752
Link 508 1822 15474 0 2.26110511
Link 1822 13 15475 0 -0.81403808
Link 3 1315 15625 0 0.06513000
Link 1201 583 15779 0 -1.80874914
Link 638 1856 15836 0 0.90585820
Link 1856 159 15837 0 0.20103755
Link 127 1539 16005 0 -1.00140039
Link 44 171 16078 0 0.85341807
Link 901 686 16203 1 0.31266190
Link 408 318 16361 1 1.03193571
Link 1236 41 16578 0 0.81024141
Link 525 1925 16628 0 -0.80778279
Link 1925 15 16629 0 -1.93069527
Link 882 733 16667 0 -0.79822410
Link 815 1938 16752 0 0.68179014
Link 1938 47 16753 0 -2.53408908
Link 425 1090 16821 0 2.04997990
Link 1347 258 16864 1 -2.34505439
Link 197 892 16904 0 1.53726000
Link 139 80 16938 0 0.60321329
Link 756 236 16980 0 -1.08649746
Link 475 1081 17003 0 1.31373030
Link 1347 110 17047 0 -0.02033671
Link 947 790 17058 1 0.47696111
Link 1717 2007 17500 1 1.81790389
Link 2007 1045 17501 1 -0.53707428
Link 73 334 17558 0 1.97904301
Link 1065 45 17717 0 -1.71981057
Link 72 2040 17821 0 1.42968002
Link 2040 514 17822 0 1.20428442
Link 319 73 17840 0 0.29641970
Link 573 2044 17863 1 0.97341719
Link 2044 1686 17864 1 -0.67943239
Link 881 1208 17993 0 -3.30114336
Link 567 918 18083 0 0.07573336
Link 432 56 18288 0 3.35494340
Link 42 1161 18396 0 1.40458923
Link 661 384 18704 0 1.54635367
Link 21 628 18740 1 -2.36311834
Link 1058 318 18762 0 -0.24732866
Link 447 575 18830 1 0.83092086
GenomeEnd

