GenomeStart 68407
Neuron 1 1 0.00000000 1 0.00000000 0.00000000 0.00000000 0.00000000
Neuron 2 1 0.00000000 1 0.00000000 0.00000000 0.00000000 0.00000000
Neuron 3 1 0.00000000 1 0.00000000 0.00000000 0.00000000 0.00000000
Neuron 4 1 0.00000000 1 0.00000000 0.00000000 0.00000000 0.00000000
Neuron 5 1 0.00000000 1 0.00000000 0.00000000 0.00000000 0.00000000
Neuron 6 1 0.00000000 1 0.00000000 0.00000000 0.00000000 0.00000000
Neuron 7 1 0.00000000 1 0.00000000 0.00000000 0.00000000 0.00000000
Neuron 8 1 0.00000000 1 0.00000000 0.00000000 0.00000000 0.00000000
Neuron 9 2 0.00000000 1 0.00000000 0.00000000 0.00000000 0.00000000
Neuron 10 4 1.00000000 0 1.00000000 0.00000000 0.00000000 0.00000000
Neuron 11 4 1.00000000 0 1.00000000 0.00000000 0.00000000 0.00000000
Neuron 12 4 1.00000000 0 1.00000000 0.00000000 0.00000000 0.00000000
Neuron 13 4 1.00000000 0 1.00000000 0.00000000 0.00000000 0.00000000
Neuron 14 4 1.00000000 0 1.00000000 0.00000000 0.00000000 0.00000000
Neuron 15 4 1.00000000 0 1.00000000 0.00000000 0.00000000 0.00000000
Neuron 16 4 1.00000000 0 1.00000000 0.00000000 0.00000000 0.00000000
Neuron 18 3 0.50000000 1 1.00000000 0.00000000 0.00000000 0.00000000
Neuron 19 3 0.50000000 1 1.00000000 0.00000000 0.00000000 0.00000000
Neuron 20 3 0.50000000 1 1.00000000 0.00000000 0.00000000 0.00000000
Neuron 21 3 0.50000000 1 1.00000000 0.00000000 0.00000000 0.00000000
Neuron 22 3 0.50000000 1 1.00000000 0.00000000 0.00000000 0.00000000
Neuron 23 3 0.50000000 1 1.00000000 0.00000000 0.00000000 0.00000000
Neuron 24 3 0.50000000 1 1.00000000 0.00000000 0.00000000 0.00000000
Neuron 25 3 0.50000000 1 1.00000000 0.00000000 0.00000000 0.00000000
Neuron 26 3 0.50000000 1 1.00000000 0.00000000 0.00000000 0.00000000
Neuron 27 3 0.50000000 1 1.00000000 0.00000000 0.00000000 0.00000000
Neuron 28 3 0.50000000 1 1.00000000 0.00000000 0.00000000 0.00000000
Neuron 30 3 0.50000000 1 1.00000000 0.00000000 0.00000000 0.00000000
Neuron 32 3 0.50000000 1 1.00000000 0.00000000 0.00000000 0.00000000
Neuron 33 3 0.50000000 1 1.00000000 0.00000000 0.00000000 0.00000000
Neuron 34 3 0.50000000 1 1.00000000 0.00000000 0.00000000 0.00000000
Neuron 37 3 0.50000000 1 1.00000000 0.00000000 0.00000000 0.00000000
Neuron 38 3 0.50000000 1 1.00000000 0.00000000 0.00000000 0.00000000
Neuron 39 3 0.50000000 1 1.00000000 0.00000000 0.00000000 0.00000000
Neuron 40 3 0.50000000 1 1.00000000 0.00000000 0.00000000 0.00000000
Neuron 41 3 0.50000000 1 1.00000000 0.00000000 0.00000000 0.00000000
Neuron 42 3 0.50000000 1 1.00000000 0.00000000 0.00000000 0.00000000
Neuron 43 3 0.50000000 1 1.00000000 0.00000000 0.00000000 0.00000000
Neuron 44 3 0.50000000 1 1.00000000 0.00000000 0.00000000 0.00000000
Neuron 45 3 0.50000000 1 1.00000000 0.00000000 0.00000000 0.00000000
Neuron 46 3 0.75000000 1 1.00000000 0.00000000 0.00000000 0.00000000
Neuron 47 3 0.50000000 1 1.00000000 0.00000000 0.00000000 0.00000000
Neuron 49 3 0.50000000 1 1.00000000 0.00000000 0.00000000 0.00000000
Neuron 50 3 0.50000000 1 1.00000000 0.00000000 0.00000000 0.00000000
Neuron 51 3 0.50000000 1 1.00000000 0.00000000 0.00000000 0.00000000
Neuron 52 3 0.50000000 1 1.00000000 0.00000000 0.00000000 0.00000000
Neuron 53 3 0.50000000 1 1.00000000 0.00000000 0.00000000 0.00000000
Neuron 54 3 0.50000000 1 1.00000000 0.00000000 0.00000000 0.00000000
Neuron 55 3 0.50000000 1 1.00000000 0.00000000 0.00000000 0.00000000
Neuron 56 3 0.50000000 1 1.00000000 0.00000000 0.00000000 0.00000000
Neuron 57 3 0.50000000 1 1.00000000 0.00000000 0.00000000 0.00000000
Neuron 59 3 0.50000000 1 1.00000000 0.00000000 0.00000000 0.00000000
Neuron 60 3 0.50000000 1 1.00000000 0.00000000 0.00000000 0.00000000
Neuron 61 3 0.50000000 1 1.00000000 0.00000000 0.00000000 0.00000000
Neuron 62 3 0.75000000 1 1.00000000 0.00000000 0.00000000 0.00000000
Neuron 63 3 0.50000000 1 1.00000000 0.00000000 0.00000000 0.00000000
Neuron 65 3 0.50000000 1 1.00000000 0.00000000 0.00000000 0.00000000
Neuron 66 3 0.50000000 1 1.00000000 0.00000000 0.00000000 0.00000000
Neuron 70 3 0.75000000 1 1.00000000 0.00000000 0.00000000 0.00000000
Neuron 72 3 0.50000000 1 1.00000000 0.00000000 0.00000000 0.00000000
Neuron 73 3 0.50000000 1 1.00000000 0.00000000 0.00000000 0.00000000
Neuron 74 3 0.50000000 1 1.00000000 0.00000000 0.00000000 0.00000000
Neuron 76 3 0.25000000 1 1.00000000 0.00000000 0.00000000 0.00000000
Neuron 78 3 0.50000000 1 1.00000000 0.00000000 0.00000000 0.00000000
Neuron 80 3 0.75000000 1 1.00000000 0.00000000 0.00000000 0.00000000
Neuron 81 3 0.50000000 1 1.00000000 0.00000000 0.00000000 0.00000000
Neuron 82 3 0.50000000 1 1.00000000 0.00000000 0.00000000 0.00000000
Neuron 83 3 0.50000000 1 1.00000000 0.00000000 0.00000000 0.00000000
Neuron 84 3 0.50000000 1 1.00000000 0.00000000 0.00000000 0.00000000
Neuron 85 3 0.50000000 1 1.00000000 0.00000000 0.00000000 0.00000000
Neuron 88 3 0.25000000 1 1.00000000 0.00000000 0.00000000 0.00000000
Neuron 96 3 0.75000000 1 1.00000000 0.00000000 0.00000000 0.00000000
Neuron 97 3 0.75000000 1 1.00000000 0.00000000 0.00000000 0.00000000
Neuron 99 3 0.75000000 1 1.00000000 0.00000000 0.00000000 0.00000000
Neuron 101 3 0.62500000 1 1.00000000 0.00000000 0.00000000 0.00000000
Neuron 102 3 0.75000000 1 1.00000000 0.00000000 0.00000000 0.00000000
Neuron 106 3 0.75000000 1 1.00000000 0.00000000 0.00000000 0.00000000
Neuron 107 3 0.25000000 1 1.00000000 0.00000000 0.00000000 0.00000000
Neuron 109 3 0.75000000 1 1.00000000 0.00000000 0.00000000 0.00000000
Neuron 114 3 0.75000000 1 1.00000000 0.00000000 0.00000000 0.00000000
Neuron 116 3 0.25000000 1 1.00000000 0.00000000 0.00000000 0.00000000
Neuron 118 3 0.75000000 1 1.00000000 0.00000000 0.00000000 0.00000000
Neuron 127 3 0.25000000 1 1.00000000 0.00000000 0.00000000 0.00000000
Neuron 129 3 0.75000000 1 1.00000000 0.00000000 0.00000000 0.00000000
Neuron 132 3 0.50000000 1 1.00000000 0.00000000 0.00000000 0.00000000
Neuron 139 3 0.25000000 1 1.00000000 0.00000000 0.00000000 0.00000000
Neuron 141 3 0.25000000 1 1.00000000 0.00000000 0.00000000 0.00000000
Neuron 146 3 0.75000000 1 1.00000000 0.00000000 0.00000000 0.00000000
Neuron 147 3 0.62500000 1 1.00000000 0.00000000 0.00000000 0.00000000
Neuron 149 3 0.12500000 1 1.00000000 0.00000000 0.00000000 0.00000000
Neuron 159 3 0.87500000 1 1.00000000 0.00000000 0.00000000 0.00000000
Neuron 160 3 0.75000000 1 1.00000000 0.00000000 0.00000000 0.00000000
Neuron 165 3 0.25000000 1 1.00000000 0.00000000 0.00000000 0.00000000
Neuron 169 3 0.25000000 1 1.00000000 0.00000000 0.00000000 0.00000000
Neuron 170 3 0.25000000 1 1.00000000 0.00000000 0.00000000 0.00000000
Neuron 171 3 0.75000000 1 1.00000000 0.00000000 0.00000000 0.00000000
Neuron 176 3 0.75000000 1 1.00000000 0.00000000 0.00000000 0.00000000
Neuron 177 3 0.75000000 1 1.00000000 0.00000000 0.00000000 0.00000000
Neuron 181 3 0.25000000 1 1.00000000 0.00000000 0.00000000 0.00000000
Neuron 186 3 0.75000000 1 1.00000000 0.00000000 0.00000000 0.00000000
Neuron 190 3 0.75000000 1 1.00000000 0.00000000 0.00000000 0.00000000
Neuron 192 3 0.37500000 1 1.00000000 0.00000000 0.00000000 0.00000000
Neuron 197 3 0.75000000 1 1.00000000 0.00000000 0.00000000 0.00000000
Neuron 206 3 0.75000000 1 1.00000000 0.00000000 0.00000000 0.00000000
Neuron 208 3 0.75000000 1 1.00000000 0.00000000 0.00000000 0.00000000
Neuron 221 3 0.25000000 1 1.00000000 0.00000000 0.00000000 0.00000000
Neuron 225 3 0.25000000 1 1.00000000 0.00000000 0.00000000 0.00000000
Neuron 229 3 0.25000000 1 1.00000000 0.00000000 0.00000000 0.00000000
Neuron 235 3 0.25000000 1 1.00000000 0.00000000 0.00000000 0.00000000
Neuron 236 3 0.75000000 1 1.00000000 0.00000000 0.00000000 0.00000000
Neuron 238 3 0.50000000 1 1.00000000 0.00000000 0.00000000 0.00000000
Neuron 241 3 0.37500000 1 1.00000000 0.00000000 0.00000000 0.00000000
Neuron 244 3 0.25000000 1 1.00000000 0.00000000 0.00000000 0.00000000
Neuron 254 3 0.62500000 1 1.00000000 0.00000000 0.00000000 0.00000000
Neuron 255 3 0.87500000 1 1.00000000 0.00000000 0.00000000 0.00000000
Neuron 256 3 0.50000000 1 1.00000000 0.00000000 0.00000000 0.00000000
Neuron 258 3 0.62500000 1 1.00000000 0.00000000 0.00000000 0.00000000
Neuron 267 3 0.25000000 1 1.00000000 0.00000000 0.00000000 0.00000000
Neuron 272 3 0.75000000 1 1.00000000 0.00000000 0.00000000 0.00000000
Neuron 273 3 0.75000000 1 1.00000000 0.00000000 0.00000000 0.00000000
Neuron 274 3 0.75000000 1 1.00000000 0.00000000 0.00000000 0.00000000
Neuron 286 3 0.75000000 1 1.00000000 0.00000000 0.00000000 0.00000000
Neuron 289 3 0.25000000 1 1.00000000 0.00000000 0.00000000 0.00000000
Neuron 290 3 0.12500000 1 1.00000000 0.00000000 0.00000000 0.00000000
Neuron 292 3 0.25000000 1 1.00000000 0.00000000 0.00000000 0.00000000
Neuron 294 3 0.75000000 1 1.00000000 0.00000000 0.00000000 0.00000000
Neuron 303 3 0.37500000 1 1.00000000 0.00000000 0.00000000 0.00000000
Neuron 311 3 0.75000000 1 1.00000000 0.00000000 0.00000000 0.00000000
Neuron 313 3 0.87500000 1 1.00000000 0.00000000 0.00000000 0.00000000
Neuron 318 3 0.56250000 1 1.00000000 0.00000000 0.00000000 0.00000000
Neuron 319 3 0.25000000 1 1.00000000 0.00000000 0.00000000 0.00000000
Neuron 330 3 0.25000000 1 1.00000000 0.00000000 0.00000000 0.00000000
Neuron 334 3 0.62500000 1 1.00000000 0.00000000 0.00000000 0.00000000
Neuron 343 3 0.25000000 1 1.00000000 0.00000000 0.00000000 0.00000000
Neuron 357 3 0.87500000 1 1.00000000 0.00000000 0.00000000 0.00000000
Neuron 359 3 0.87500000 1 1.00000000 0.00000000 0.00000000 0.00000000
Neuron 363 3 0.75000000 1 1.00000000 0.00000000 0.00000000 0.00000000
Neuron 366 3 0.25000000 1 1.00000000 0.00000000 0.00000000 0.00000000
Neuron 380 3 0.50000000 1 1.00000000 0.00000000 0.00000000 0.00000000
Neuron 383 3 0.62500000 1 1.00000000 0.00000000 0.00000000 0.00000000
Neuron 384 3 0.62500000 1 1.00000000 0.00000000 0.00000000 0.00000000
Neuron 385 3 0.37500000 1 1.00000000 0.00000000 0.00000000 0.00000000
Neuron 390 3 0.87500000 1 1.00000000 0.00000000 0.00000000 0.00000000
Neuron 391 3 0.31250000 1 1.00000000 0.00000000 0.00000000 0.00000000
Neuron 395 3 0.56250000 1 1.00000000 0.00000000 0.00000000 0.00000000
Neuron 408 3 0.75000000 1 1.00000000 0.00000000 0.00000000 0.00000000
Neuron 425 3 0.25000000 1 1.00000000 0.00000000 0.00000000 0.00000000
Neuron 432 3 0.50000000 1 1.00000000 0.00000000 0.00000000 0.00000000
Neuron 435 3 0.25000000 1 1.00000000 0.00000000 0.00000000 0.00000000
Neuron 439 3 0.37500000 1 1.00000000 0.00000000 0.00000000 0.00000000
Neuron 440 3 0.62500000 1 1.00000000 0.00000000 0.00000000 0.00000000
Neuron 449 3 0.62500000 1 1.00000000 0.00000000 0.00000000 0.00000000
Neuron 455 3 0.62500000 1 1.00000000 0.00000000 0.00000000 0.00000000
Neuron 469 3 0.37500000 1 1.00000000 0.00000000 0.00000000 0.00000000
Neuron 471 3 0.50000000 1 1.00000000 0.00000000 0.00000000 0.00000000
Neuron 472 3 0.25000000 1 1.00000000 0.00000000 0.00000000 0.00000000
Neuron 473 3 0.50000000 1 1.00000000 0.00000000 0.00000000 0.00000000
Neuron 475 3 0.50000000 1 1.00000000 0.00000000 0.00000000 0.00000000
Neuron 479 3 0.59375000 1 1.00000000 0.00000000 0.00000000 0.00000000
Neuron 480 3 0.50000000 1 1.00000000 0.00000000 0.00000000 0.00000000
Neuron 481 3 0.87500000 1 1.00000000 0.00000000 0.00000000 0.00000000
Neuron 482 3 0.62500000 1 1.00000000 0.00000000 0.00000000 0.00000000
Neuron 485 3 0.12500000 1 1.00000000 0.00000000 0.00000000 0.00000000
Neuron 492 3 0.50000000 1 1.00000000 0.00000000 0.00000000 0.00000000
Neuron 499 3 0.87500000 1 1.00000000 0.00000000 0.00000000 0.00000000
Neuron 504 3 0.87500000 1 1.00000000 0.00000000 0.00000000 0.00000000
Neuron 508 3 0.31250000 1 1.00000000 0.00000000 0.00000000 0.00000000
Neuron 515 3 0.50000000 1 1.00000000 0.00000000 0.00000000 0.00000000
Neuron 519 3 0.12500000 1 1.00000000 0.00000000 0.00000000 0.00000000
Neuron 520 3 1.00000000 1 1.00000000 0.00000000 0.00000000 0.00000000
Neuron 522 3 0.53125000 1 1.00000000 0.00000000 0.00000000 0.00000000
Neuron 525 3 0.93750000 1 1.00000000 0.00000000 0.00000000 0.00000000
Neuron 526 3 0.81250000 1 1.00000000 0.00000000 0.00000000 0.00000000
Neuron 535 3 0.75000000 1 1.00000000 0.00000000 0.00000000 0.00000000
Neuron 546 3 0.50000000 1 1.00000000 0.00000000 0.00000000 0.00000000
Neuron 548 3 0.75000000 1 1.00000000 0.00000000 0.00000000 0.00000000
Neuron 549 3 0.75000000 1 1.00000000 0.00000000 0.00000000 0.00000000
Neuron 552 3 0.68750000 1 1.00000000 0.00000000 0.00000000 0.00000000
Neuron 563 3 0.50000000 1 1.00000000 0.00000000 0.00000000 0.00000000
Neuron 569 3 0.50000000 1 1.00000000 0.00000000 0.00000000 0.00000000
Neuron 573 3 0.81250000 1 1.00000000 0.00000000 0.00000000 0.00000000
Neuron 582 3 0.18750000 1 1.00000000 0.00000000 0.00000000 0.00000000
Neuron 583 3 0.62500000 1 1.00000000 0.00000000 0.00000000 0.00000000
Neuron 585 3 0.50000000 1 1.00000000 0.00000000 0.00000000 0.00000000
Neuron 586 3 0.87500000 1 1.00000000 0.00000000 0.00000000 0.00000000
Neuron 587 3 0.50000000 1 1.00000000 0.00000000 0.00000000 0.00000000
Neuron 591 3 0.56250000 1 1.00000000 0.00000000 0.00000000 0.00000000
Neuron 593 3 0.37500000 1 1.00000000 0.00000000 0.00000000 0.00000000
Neuron 596 3 0.50000000 1 1.00000000 0.00000000 0.00000000 0.00000000
Neuron 604 3 0.37500000 1 1.00000000 0.00000000 0.00000000 0.00000000
Neuron 606 3 0.75000000 1 1.00000000 0.00000000 0.00000000 0.00000000
Neuron 610 3 0.87500000 1 1.00000000 0.00000000 0.00000000 0.00000000
Neuron 612 3 0.93750000 1 1.00000000 0.00000000 0.00000000 0.00000000
Neuron 628 3 0.28125000 1 1.00000000 0.00000000 0.00000000 0.00000000
Neuron 629 3 0.68750000 1 1.00000000 0.00000000 0.00000000 0.00000000
Neuron 631 3 0.37500000 1 1.00000000 0.00000000 0.00000000 0.00000000
Neuron 638 3 0.81250000 1 1.00000000 0.00000000 0.00000000 0.00000000
Neuron 642 3 0.75000000 1 1.00000000 0.00000000 0.00000000 0.00000000
Neuron 652 3 0.93750000 1 1.00000000 0.00000000 0.00000000 0.00000000
Neuron 661 3 0.50000000 1 1.00000000 0.00000000 0.00000000 0.00000000
Neuron 667 3 0.37500000 1 1.00000000 0.00000000 0.00000000 0.00000000
Neuron 669 3 0.37500000 1 1.00000000 0.00000000 0.00000000 0.00000000
Neuron 678 3 0.31250000 1 1.00000000 0.00000000 0.00000000 0.00000000
Neuron 684 3 0.50000000 1 1.00000000 0.00000000 0.00000000 0.00000000
Neuron 686 3 0.12500000 1 1.00000000 0.00000000 0.00000000 0.00000000
Neuron 698 3 0.75000000 1 1.00000000 0.00000000 0.00000000 0.00000000
Neuron 709 3 0.75000000 1 1.00000000 0.00000000 0.00000000 0.00000000
Neuron 715 3 0.59375000 1 1.00000000 0.00000000 0.00000000 0.00000000
Neuron 723 3 0.37500000 1 1.00000000 0.00000000 0.00000000 0.00000000
Neuron 725 3 0.87500000 1 1.00000000 0.00000000 0.00000000 0.00000000
Neuron 733 3 0.37500000 1 1.00000000 0.00000000 0.00000000 0.00000000
Neuron 763 3 0.56250000 1 1.00000000 0.00000000 0.00000000 0.00000000
Neuron 770 3 0.75000000 1 1.00000000 0.00000000 0.00000000 0.00000000
Neuron 776 3 0.65625000 1 1.00000000 0.00000000 0.00000000 0.00000000
Neuron 787 3 0.12500000 1 1.00000000 0.00000000 0.00000000 0.00000000
Neuron 789 3 0.84375000 1 1.00000000 0.00000000 0.00000000 0.00000000
Neuron 791 3 0.75000000 1 1.00000000 0.00000000 0.00000000 0.00000000
Neuron 795 3 0.75000000 1 1.00000000 0.00000000 0.00000000 0.00000000
Neuron 796 3 0.62500000 1 1.00000000 0.00000000 0.00000000 0.00000000
Neuron 799 3 0.37500000 1 1.00000000 0.00000000 0.00000000 0.00000000
Neuron 811 3 0.43750000 1 1.00000000 0.00000000 0.00000000 0.00000000
Neuron 812 3 0.50000000 1 1.00000000 0.00000000 0.00000000 0.00000000
Neuron 813 3 0.43750000 1 1.00000000 0.00000000 0.00000000 0.00000000
Neuron 820 3 0.37500000 1 1.00000000 0.00000000 0.00000000 0.00000000
Neuron 832 3 0.78125000 1 1.00000000 0.00000000 0.00000000 0.00000000
Neuron 844 3 0.50000000 1 1.00000000 0.00000000 0.00000000 0.00000000
Neuron 847 3 0.62500000 1 1.00000000 0.00000000 0.00000000 0.00000000
Neuron 848 3 0.78125000 1 1.00000000 0.00000000 0.00000000 0.00000000
Neuron 872 3 0.50000000 1 1.00000000 0.00000000 0.00000000 0.00000000
Neuron 882 3 0.37500000 1 1.00000000 0.00000000 0.00000000 0.00000000
Neuron 884 3 0.56250000 1 1.00000000 0.00000000 0.00000000 0.00000000
Neuron 892 3 0.75000000 1 1.00000000 0.00000000 0.00000000 0.00000000
Neuron 903 3 0.50000000 1 1.00000000 0.00000000 0.00000000 0.00000000
Neuron 905 3 0.25000000 1 1.00000000 0.00000000 0.00000000 0.00000000
Neuron 912 3 0.56250000 1 1.00000000 0.00000000 0.00000000 0.00000000
Neuron 918 3 1.00000000 1 1.00000000 0.00000000 0.00000000 0.00000000
Neuron 920 3 0.62500000 1 1.00000000 0.00000000 0.00000000 0.00000000
Neuron 949 3 0.75000000 1 1.00000000 0.00000000 0.00000000 0.00000000
Neuron 982 3 0.75000000 1 1.00000000 0.00000000 0.00000000 0.00000000
Neuron 1010 3 0.43750000 1 1.00000000 0.00000000 0.00000000 0.00000000
Neuron 1020 3 0.18750000 1 1.00000000 0.00000000 0.00000000 0.00000000
Neuron 1024 3 0.82812500 1 1.00000000 0.00000000 0.00000000 0.00000000
Neuron 1054 3 0.90625000 1 1.00000000 0.00000000 0.00000000 0.00000000
Neuron 1065 3 0.09375000 1 1.00000000 0.00000000 0.00000000 0.00000000
Neuron 1081 3 0.78125000 1 1.00000000 0.00000000 0.00000000 0.00000000
Neuron 1090 3 0.78125000 1 1.00000000 0.00000000 0.00000000 0.00000000
Neuron 1094 3 0.62500000 1 1.00000000 0.00000000 0.00000000 0.00000000
Neuron 1102 3 0.25000000 1 1.00000000 0.00000000 0.00000000 0.00000000
Neuron 1135 3 0.68750000 1 1.00000000 0.00000000 0.00000000 0.00000000
Neuron 1161 3 0.62500000 1 1.00000000 0.00000000 0.00000000 0.00000000
Neuron 1188 3 0.25000000 1 1.00000000 0.00000000 0.00000000 0.00000000
Neuron 1199 3 0.25000000 1 1.00000000 0.00000000 0.00000000 0.00000000
Neuron 1201 3 0.43750000 1 1.00000000 0.00000000 0.00000000 0.00000000
Neuron 1203 3 0.76562500 1 1.00000000 0.00000000 0.00000000 0.00000000
Neuron 1315 3 0.95312500 1 1.00000000 0.00000000 0.00000000 0.00000000
Neuron 1347 3 0.70312500 1 1.00000000 0.00000000 0.00000000 0.00000000
Link 1 10 1 0 -1.37108915
Link 2 10 2 0 -3.85881806
Link 3 10 3 0 3.79626031
Link 4 10 4 0 4.77864966
Link 5 10 5 0 -0.74862614
Link 6 10 6 0 1.56203400
Link 7 10 7 0 0.33255361
Link 8 10 8 0 0.09766910
Link 9 10 9 0 1.31762810
Link 1 11 10 0 -2.84127519
Link 2 11 11 0 2.28021707
Link 3 11 12 0 -0.08450263
Link 4 11 13 0 2.90550916
Link 5 11 14 0 2.88981035
Link 7 11 16 0 -0.81150651
Link 8 11 17 0 -1.11326064
Link 9 11 18 0 0.03128791
Link 1 12 19 0 -4.03188049
Link 2 12 20 0 -1.44743011
Link 3 12 21 0 1.46188118
Link 4 12 22 0 -0.78653397
Link 5 12 23 0 0.12242582
Link 6 12 24 0 -1.63387821
Link 7 12 25 0 -0.08023960
Link 8 12 26 0 -0.21270715
Link 9 12 27 0 -1.68695056
Link 1 13 28 0 -0.12626784
Link 2 13 29 0 0.20069376
Link 3 13 30 0 -2.07249790
Link 4 13 31 0 -0.36530420
Link 5 13 32 0 2.34499070
Link 6 13 33 0 0.33452861
Link 7 13 34 0 -1.25390530
Link 8 13 35 0 -1.48888587
Link 9 13 36 0 1.53753586
Link 1 14 37 0 -2.62861476
Link 2 14 38 0 -1.10034710
Link 3 14 39 0 0.29972052
Link 4 14 40 0 -0.52398517
Link 6 14 42 0 0.59106021
Link 7 14 43 0 0.70110617
Link 8 14 44 0 3.24408286
Link 9 14 45 0 -1.79294802
Link 3 15 48 0 -0.27825919
Link 4 15 49 0 -0.65789319
Link 5 15 50 0 0.72877658
Link 6 15 51 0 0.31948734
Link 7 15 52 0 1.17800938
Link 8 15 53 0 4.95363554
Link 9 15 54 0 -0.49125889
Link 1 16 55 0 -1.75009479
Link 3 16 57 0 -0.23343128
Link 4 16 58 0 0.54960323
Link 6 16 60 0 1.90882638
Link 7 16 61 0 0.40033414
Link 8 16 62 0 -0.00617430
Link 9 16 63 0 -0.42916298
Link 18 15 69 0 -1.06384000
Link 6 19 71 0 1.10377836
Link 19 11 72 0 3.47886182
Link 4 20 74 0 -1.53968564
Link 20 10 75 0 -2.94019946
Link 6 22 80 0 -0.41012718
Link 22 16 81 0 -2.85174549
Link 8 23 83 0 0.74285386
Link 23 15 84 0 1.25167816
Link 6 24 86 0 0.77292094
Link 24 13 87 0 -0.87833577
Link 25 15 90 0 -0.74735053
Link 5 26 92 0 1.59322011
Link 26 14 93 0 2.13907247
Link 2 27 95 0 1.87642928
Link 27 16 96 0 -0.12167684
Link 28 16 99 0 -0.58714825
Link 6 30 104 0 2.20500627
Link 30 15 105 0 1.83868452
Link 5 32 110 0 -0.86173999
Link 32 10 111 0 -0.03644821
Link 7 33 113 0 -2.28392346
Link 33 12 114 0 -1.83375078
Link 4 34 116 0 -1.44851211
Link 34 15 117 0 0.49451618
Link 8 37 125 0 -4.34871312
Link 37 16 126 0 0.27486927
Link 1 38 129 0 0.55444000
Link 7 39 134 0 -0.23804435
Link 39 16 135 0 -1.07396293
Link 7 40 137 0 -0.51549923
Link 40 13 138 0 -0.28821890
Link 2 41 140 0 1.21850187
Link 41 13 141 0 0.35502227
Link 42 12 144 0 1.75488250
Link 8 43 146 0 -1.82288377
Link 43 11 147 0 0.55863517
Link 8 44 149 0 -0.10474459
Link 44 14 150 0 -0.81835774
Link 3 45 153 0 0.99855452
Link 45 11 154 0 -0.17589199
Link 37 46 157 0 1.04690038
Link 46 16 158 0 -1.42982963
Link 4 47 162 0 -4.11094937
Link 47 11 163 0 3.10246517
Link 2 49 169 0 0.36845303
Link 1 50 172 0 -0.61434963
Link 50 10 173 0 -1.21789259
Link 7 51 175 0 -2.35601435
Link 51 15 176 0 -1.11800252
Link 4 53 182 0 1.43382586
Link 53 12 183 0 -0.15422857
Link 5 54 188 0 0.86694837
Link 54 11 189 0 -1.48000800
Link 6 55 192 0 2.35928525
Link 55 10 193 0 -4.19534818
Link 11 11 198 1 0.65787111
Link 56 14 204 0 -1.84962770
Link 5 18 206 0 -2.62011424
Link 3 18 207 0 2.86619727
Link 5 57 212 0 -1.48286505
Link 6 59 219 0 0.00091618
Link 59 14 220 0 -4.59314353
Link 5 60 222 0 0.68583701
Link 60 15 223 0 -0.09467936
Link 7 61 225 0 0.17470025
Link 61 10 226 0 -1.42215280
Link 12 18 227 1 -1.70587921
Link 62 14 233 0 1.61054261
Link 3 63 236 0 -0.02366106
Link 63 12 237 0 -1.45193871
Link 3 66 250 0 -0.40076977
Link 66 13 251 0 0.53848181
Link 33 70 269 0 1.89448659
Link 70 12 270 0 3.34451614
Link 12 12 274 1 3.44252233
Link 5 73 285 0 -0.03242375
Link 73 12 286 0 -2.72167628
Link 43 13 289 0 2.29741907
Link 43 33 292 0 -1.94302855
Link 4 74 295 0 2.06175030
Link 74 16 296 0 -0.67937400
Link 15 27 299 1 0.08271602
Link 5 76 313 0 -1.79243229
Link 76 32 314 0 0.55226346
Link 8 78 320 0 1.56673034
Link 78 12 321 0 -0.19925905
Link 27 80 326 0 3.24152477
Link 80 16 327 0 -1.06111246
Link 9 52 333 0 0.06938530
Link 14 44 343 1 -0.40583659
Link 4 81 346 0 2.70340748
Link 6 82 349 0 1.75777347
Link 82 12 350 0 1.78674850
Link 16 60 353 1 -4.13904012
Link 4 37 354 0 -2.33541881
Link 3 83 362 0 1.15493406
Link 83 14 363 0 -3.04717142
Link 2 84 369 0 2.44718880
Link 84 10 370 0 1.97482823
Link 2 52 380 0 -1.52312250
Link 2 85 382 0 2.78930303
Link 85 14 383 0 1.19173984
Link 11 27 393 1 -0.62509660
Link 8 88 402 0 -0.28709720
Link 66 27 418 0 2.80046666
Link 1 18 428 0 -0.65032145
Link 13 37 432 1 -1.31709071
Link 7 18 444 0 0.20150593
Link 4 39 454 0 -0.67342972
Link 32 96 475 0 -2.24307389
Link 96 10 476 0 -1.57510008
Link 66 97 497 0 1.86895264
Link 97 13 498 0 -0.66488131
Link 18 99 505 0 -0.99014308
Link 99 15 506 0 -0.00712607
Link 32 101 518 0 2.66989631
Link 101 62 519 0 2.13899776
Link 81 102 524 0 -0.21400990
Link 102 14 525 0 -0.15764277
Link 2 66 529 0 2.90868367
Link 16 72 536 1 1.15911338
Link 57 106 559 0 -0.82408963
Link 106 13 560 0 -0.45933073
Link 2 107 564 0 0.69422848
Link 107 18 565 0 0.69690859
Link 109 10 573 0 0.10421018
Link 72 12 574 0 -0.93907758
Link 38 114 618 0 -0.92529380
Link 114 15 619 0 4.75563686
Link 1 116 627 0 -2.50019213
Link 116 72 628 0 -3.56783539
Link 16 27 634 1 -0.16022812
Link 44 118 648 0 1.98469036
Link 118 14 649 0 -1.58171760
Link 16 52 675 1 -0.04164348
Link 9 66 707 0 -1.88436206
Link 4 127 721 0 -1.97398263
Link 127 47 722 0 1.01847889
Link 13 13 724 1 -0.42282975
Link 15 129 735 1 -0.29560868
Link 129 27 736 1 -0.77924790
Link 18 27 742 0 1.03822790
Link 8 132 774 0 0.38915293
Link 11 32 785 1 -1.78300135
Link 2 139 829 0 -0.67701349
Link 139 49 830 0 -1.78157212
Link 3 141 852 0 -3.92962222
Link 141 25 853 0 -3.45818928
Link 27 10 886 0 -1.25766700
Link 52 146 892 0 2.01928385
Link 146 13 893 0 2.32545977
Link 27 147 895 0 -0.41447599
Link 147 80 896 0 0.65394202
Link 2 149 909 0 1.40489467
Link 149 107 910 0 -0.42353592
Link 62 159 977 0 1.34270966
Link 159 14 978 0 -1.01042542
Link 47 160 983 0 -1.26859621
Link 160 11 984 0 -0.61570341
Link 27 72 985 0 0.61135732
Link 27 99 987 0 5.08068063
Link 3 165 1014 0 0.04914531
Link 165 27 1015 0 0.35048683
Link 3 169 1038 0 -2.23659226
Link 169 65 1039 0 -0.79573272
Link 7 170 1041 0 1.36068891
Link 170 56 1042 0 0.09463283
Link 43 171 1044 0 0.00505539
Link 171 11 1045 0 -2.57491294
Link 54 32 1069 0 0.50945959
Link 78 176 1075 0 1.70270484
Link 176 12 1076 0 0.83864687
Link 49 177 1082 0 1.95392555
Link 177 12 1083 0 0.76923368
Link 5 181 1120 0 -0.83805533
Link 181 60 1121 0 1.35885560
Link 16 43 1131 1 0.43549708
Link 26 186 1159 0 1.33685075
Link 186 14 1160 0 0.42252024
Link 6 60 1181 0 1.20470798
Link 28 190 1186 0 -1.75222152
Link 165 192 1206 0 2.72099105
Link 192 27 1207 0 -0.40604324
Link 23 197 1225 0 1.73377358
Link 197 15 1226 0 2.07100680
Link 74 206 1292 0 -1.20612107
Link 206 16 1293 0 1.26313990
Link 12 208 1298 1 2.18148836
Link 208 18 1299 1 2.25051422
Link 2 221 1360 0 -1.16791960
Link 37 49 1371 0 0.02518915
Link 16 88 1375 1 1.58412783
Link 3 225 1384 0 0.54808088
Link 225 63 1385 0 2.08196621
Link 8 229 1415 0 1.90916283
Link 229 23 1416 0 0.10937872
Link 5 78 1436 0 1.76723790
Link 6 235 1452 0 1.97328747
Link 235 18 1453 0 1.02765290
Link 63 236 1461 0 -0.18076652
Link 236 12 1462 0 -0.82772809
Link 3 238 1475 0 1.63978905
Link 238 16 1476 0 -0.62164141
Link 107 241 1492 0 -0.47169299
Link 241 18 1493 0 -0.00877572
Link 5 244 1506 0 1.23855883
Link 244 28 1507 0 0.71825827
Link 114 114 1531 1 0.47332365
Link 254 236 1574 0 -0.86185227
Link 80 255 1576 0 -0.17203783
Link 255 16 1577 0 2.11066701
Link 39 51 1578 0 0.30435007
Link 27 256 1583 0 -0.44108909
Link 256 72 1584 0 -1.65680536
Link 8 50 1592 0 -3.15516264
Link 42 37 1594 0 -1.50505055
Link 258 109 1600 0 1.08944268
Link 51 38 1637 0 -0.93853591
Link 3 267 1649 0 -4.98754418
Link 267 66 1650 0 0.95196494
Link 7 54 1653 0 -0.31499993
Link 10 197 1664 1 2.97082303
Link 13 272 1686 1 -0.20904843
Link 272 55 1687 1 1.14332750
Link 60 65 1689 0 -1.79657482
Link 15 273 1708 1 1.30472616
Link 273 42 1709 1 0.97018996
Link 83 274 1715 0 -0.39109838
Link 274 14 1716 0 -0.90255283
Link 10 235 1723 1 -0.93129228
Link 85 22 1755 0 -1.31338806
Link 37 27 1768 0 0.66194004
Link 54 43 1776 0 -1.55484144
Link 88 16 1796 0 -0.53313929
Link 27 286 1804 0 0.40952466
Link 286 14 1805 0 1.36243339
Link 5 84 1806 0 0.39803373
Link 6 289 1823 0 1.21403957
Link 289 60 1824 0 -0.54662833
Link 3 290 1834 0 0.27950576
Link 290 165 1835 0 2.55770754
Link 3 292 1847 0 0.64200221
Link 292 18 1848 0 -1.51983370
Link 65 294 1867 0 1.01467012
Link 294 16 1868 0 -1.72459954
Link 60 62 1869 0 -1.60855032
Link 55 106 1920 0 -1.19247599
Link 88 303 1932 0 0.21510437
Link 303 43 1933 0 -2.57288006
Link 311 14 1986 0 -1.94764987
Link 106 313 1991 0 -0.28658354
Link 313 13 1992 0 1.50332312
Link 26 23 2006 0 0.91492750
Link 55 318 2042 0 0.53975418
Link 318 258 2043 0 -0.30292471
Link 1 319 2049 0 0.43841427
Link 319 38 2050 0 1.21201649
Link 3 330 2117 0 -1.70370762
Link 38 334 2133 0 -0.51151324
Link 334 114 2134 0 3.76883377
Link 8 197 2167 0 1.40567001
Link 10 51 2183 1 -1.00300275
Link 72 52 2192 0 -0.38392202
Link 66 10 2206 0 3.51657423
Link 8 343 2209 0 -2.97907699
Link 343 78 2210 0 0.94217610
Link 30 23 2220 0 0.76590977
Link 27 55 2253 0 -2.98117048
Link 15 60 2281 1 -1.99047050
Link 15 357 2303 1 -1.72707113
Link 357 273 2304 1 4.43001225
Link 1 235 2305 0 -2.79368115
Link 99 359 2326 0 -1.04451044
Link 359 15 2327 0 4.31479609
Link 45 363 2348 0 -0.81666410
Link 363 11 2349 0 -0.09325190
Link 66 16 2350 0 -0.45210788
Link 1 366 2367 0 2.05036395
Link 366 18 2368 0 -1.62904623
Link 235 197 2382 0 -1.85837352
Link 72 27 2401 0 1.71082075
Link 11 23 2450 1 -0.45271540
Link 18 380 2475 0 0.78217912
Link 380 85 2476 0 -0.41476454
Link 55 383 2491 0 -3.09044321
Link 383 106 2492 0 -3.25037634
Link 146 384 2495 1 -0.40801568
Link 384 65 2496 1 -0.47834715
Link 8 385 2503 0 -1.81572655
Link 80 57 2553 1 -2.13144712
Link 13 390 2555 1 0.73254524
Link 390 272 2556 1 -2.16452126
Link 88 391 2565 0 -0.27615315
Link 391 303 2566 0 0.38874685
Link 384 395 2599 1 -1.25780050
Link 395 65 2600 1 0.44769248
Link 60 11 2615 0 -0.56523947
Link 114 78 2665 1 -3.60557227
Link 21 408 2676 0 0.25842175
Link 408 10 2677 0 0.59744632
Link 14 238 2739 1 1.81462712
Link 4 425 2783 0 -0.07821205
Link 425 23 2784 0 -1.14886284
Link 432 16 2854 0 -1.45736147
Link 26 26 2866 1 -2.40894649
Link 7 435 2874 0 -1.35810331
Link 435 27 2875 0 2.14793532
Link 2 33 2879 0 0.26354037
Link 439 55 2896 0 0.44884235
Link 80 440 2898 1 -1.10703353
Link 363 18 2903 1 0.28376777
Link 23 32 2917 0 -1.87532863
Link 272 272 2964 1 -1.71570540
Link 57 449 2966 0 -0.80127808
Link 449 106 2967 0 1.83794393
Link 27 177 3001 0 -1.60809821
Link 272 455 3032 1 0.54569450
Link 455 55 3033 1 -0.07133465
Link 229 469 3139 0 -0.56525268
Link 23 471 3147 0 -0.56231601
Link 471 32 3148 0 0.14187170
Link 6 472 3150 0 0.85395790
Link 472 432 3151 0 0.19696726
Link 6 170 3155 0 0.73946611
Link 54 473 3162 0 0.27322512
Link 473 66 3163 0 0.28385380
Link 45 475 3172 0 2.76612471
Link 475 51 3173 0 -0.08785617
Link 318 479 3194 0 3.32310538
Link 479 258 3195 0 -1.60859166
Link 2 480 3198 0 1.58807167
Link 480 14 3199 0 0.96937332
Link 114 481 3216 0 -0.44653842
Link 481 15 3217 0 0.78552168
Link 51 26 3219 0 1.22233016
Link 72 482 3226 0 0.01009876
Link 482 311 3227 0 0.03251668
Link 8 485 3252 0 -0.76032118
Link 485 229 3253 0 1.26005743
Link 8 492 3295 0 1.57305884
Link 492 11 3296 0 0.78981881
Link 311 499 3341 0 -1.84053034
Link 499 14 3342 0 -4.05358865
Link 190 504 3373 0 -1.39045109
Link 504 16 3374 0 -2.32103052
Link 7 83 3404 0 0.64605896
Link 107 508 3413 0 -2.09169820
Link 508 439 3414 0 1.66192792
Link 6 54 3421 0 -0.22682015
Link 85 267 3432 1 -0.36305055
Link 27 515 3476 0 -0.44353799
Link 515 55 3477 0 -1.95205354
Link 6 106 3478 0 3.98891212
Link 52 30 3499 0 2.28470526
Link 78 44 3503 0 0.40177069
Link 3 519 3509 0 0.73580159
Link 519 267 3510 0 -2.16163892
Link 13 520 3512 1 0.82354646
Link 520 13 3513 1 -4.64242052
Link 55 522 3551 0 -0.43780722
Link 522 318 3552 0 2.46453794
Link 165 10 3554 0 1.39030416
Link 359 525 3572 0 -0.74698424
Link 525 15 3573 0 1.92966265
Link 526 504 3596 0 1.16930932
Link 99 114 3611 0 1.69659160
Link 432 42 3613 0 0.06060005
Link 54 55 3621 0 -3.87598443
Link 16 80 3659 1 2.22183393
Link 535 15 3677 0 -2.92907766
Link 23 10 3703 0 0.34999375
Link 38 30 3746 0 0.50730442
Link 6 546 3755 0 -0.22659107
Link 546 14 3756 0 1.66180554
Link 66 548 3781 0 -0.71805451
Link 548 16 3782 0 4.39182638
Link 23 549 3791 0 -0.66220412
Link 549 13 3792 0 1.21212148
Link 5 80 3794 0 1.48362154
Link 552 359 3807 0 1.20220551
Link 45 22 3809 0 -1.53120708
Link 49 74 3817 0 -1.07662051
Link 114 38 3819 1 0.30713640
Link 18 52 3836 0 -2.48871758
Link 515 563 3865 0 2.45981993
Link 563 55 3866 0 0.89217045
Link 176 176 3896 1 -1.06177868
Link 480 480 3921 1 -0.89399216
Link 5 318 3930 0 -2.60216781
Link 3 569 3947 0 -1.08574200
Link 569 10 3948 0 -0.95525715
Link 267 26 3959 0 0.67347208
Link 99 573 3970 0 -1.52736490
Link 573 359 3971 0 -1.27918482
Link 107 515 3989 0 0.44859336
Link 12 57 4009 1 -1.38795118
Link 26 42 4025 0 -0.39936619
Link 165 114 4055 0 1.49980525
Link 485 582 4060 0 -1.09911614
Link 582 229 4061 0 -1.36366808
Link 114 583 4064 1 -0.20201434
Link 583 78 4065 1 -1.01425015
Link 37 59 4074 0 0.94488704
Link 165 380 4095 0 3.25235166
Link 53 380 4098 0 -1.82579635
Link 27 585 4100 0 0.38789243
Link 585 515 4101 0 2.70060220
Link 72 44 4104 0 -1.31445803
Link 70 586 4110 0 0.09198451
Link 586 12 4111 0 -2.24102664
Link 475 475 4113 1 -0.14402544
Link 27 587 4115 0 -2.38054955
Link 587 66 4116 0 -0.43795505
Link 255 255 4126 1 0.17524911
Link 34 81 4139 0 -1.76879240
Link 11 591 4141 1 0.55440983
Link 591 290 4142 1 0.19502851
Link 311 439 4158 1 1.30489989
Link 472 593 4165 0 -0.93342129
Link 3 596 4177 0 1.16236873
Link 596 13 4178 0 1.04724288
Link 38 80 4213 0 0.11814858
Link 6 604 4244 0 2.72658112
Link 604 106 4245 0 -0.08552618
Link 5 62 4253 0 -1.23298683
Link 43 45 4273 0 2.58224304
Link 176 606 4287 1 -1.36560201
Link 606 176 4288 1 1.92944137
Link 54 45 4302 0 0.81267205
Link 10 139 4358 1 2.58771231
Link 176 610 4371 0 -0.30596040
Link 221 54 4383 0 0.57428083
Link 610 612 4389 0 -1.52600222
Link 612 12 4390 0 2.03310760
Link 165 28 4392 0 -0.19033431
Link 2 318 4445 0 -0.22187596
Link 380 492 4459 0 0.63029913
Link 54 384 4462 0 -2.82992681
Link 27 229 4477 1 0.82001728
Link 5 628 4540 0 1.68560352
Link 628 318 4541 0 1.31389850
Link 258 176 4551 0 -1.98303730
Link 55 629 4553 0 -0.13493391
Link 629 586 4554 0 -0.35171437
Link 5 631 4560 0 0.82018038
Link 631 80 4561 0 -0.19267542
Link 106 638 4603 0 -0.15298445
Link 638 313 4604 0 -1.13198256
Link 642 10 4630 0 1.87100790
Link 53 27 4643 0 0.36825419
Link 8 549 4696 0 -0.05353678
Link 492 33 4703 0 -0.73539994
Link 26 229 4705 1 2.30791889
Link 313 652 4716 0 0.88571533
Link 652 13 4717 0 -1.26108247
Link 85 34 4724 0 1.44632687
Link 13 359 4746 1 1.93719213
Link 439 109 4788 0 0.55891550
Link 4 661 4791 0 -1.51378298
Link 661 16 4792 0 -1.50860752
Link 78 273 4803 0 -0.57335029
Link 99 147 4840 1 1.92677707
Link 221 667 4842 0 1.00000000
Link 667 66 4843 0 0.11858072
Link 165 669 4857 0 -0.75253145
Link 669 28 4858 0 -1.13297920
Link 508 13 4870 0 -1.20301637
Link 52 176 4914 0 0.25042787
Link 107 678 4942 0 1.72303070
Link 678 241 4943 0 0.39015860
Link 5 684 4972 0 1.16072656
Link 684 16 4973 0 0.92831389
Link 8 686 4979 0 -1.33979745
Link 686 343 4980 0 2.38421888
Link 186 480 5066 1 -0.03701224
Link 698 15 5135 0 1.14732232
Link 24 66 5197 0 -0.56937627
Link 221 37 5201 0 -0.08429403
Link 165 492 5211 0 -1.29554336
Link 552 38 5217 1 0.83770597
Link 7 549 5219 0 0.06447298
Link 99 709 5225 0 -0.22870784
Link 709 114 5226 0 0.80448958
Link 165 14 5243 0 0.89152854
Link 289 289 5244 1 0.73348893
Link 43 715 5259 0 -3.51704620
Link 715 552 5260 0 0.48221868
Link 267 170 5267 0 1.66389177
Link 343 723 5321 0 1.81458735
Link 723 78 5322 0 -1.57374397
Link 16 725 5347 1 0.36606036
Link 725 114 5348 1 2.14502257
Link 53 43 5352 0 1.24475449
Link 473 42 5403 0 0.12658724
Link 244 733 5443 0 2.40277935
Link 733 28 5444 0 -0.92502639
Link 221 43 5471 0 1.83879514
Link 59 472 5475 1 1.39358818
Link 78 24 5497 0 0.11998284
Link 439 37 5520 0 -0.38186249
Link 473 473 5522 1 2.81429267
Link 482 73 5543 1 3.07173372
Link 49 563 5593 0 -0.49330631
Link 177 177 5631 1 0.56944730
Link 63 763 5670 0 -1.74365016
Link 763 254 5671 0 1.25008043
Link 60 359 5678 0 2.94196585
Link 475 47 5690 0 1.87536350
Link 30 522 5707 0 -1.41083733
Link 366 366 5729 1 -0.61568681
Link 56 37 5735 0 0.34041425
Link 318 776 5771 0 -0.34834438
Link 776 272 5772 0 -0.55190207
Link 107 54 5807 0 1.93728457
Link 255 10 5821 0 1.96280891
Link 515 515 5841 1 -2.82548491
Link 169 102 5850 0 -1.83208975
Link 23 482 5859 0 0.75811419
Link 5 787 5888 0 2.52440397
Link 787 181 5889 0 -1.24861309
Link 789 359 5905 0 -0.44768430
Link 38 34 5910 0 4.05405655
Link 770 791 5919 0 2.25954343
Link 791 549 5920 0 -0.02753080
Link 177 272 5944 0 2.18757553
Link 78 795 5971 0 -0.55702476
Link 795 12 5972 0 1.88509436
Link 440 481 5974 0 3.46689243
Link 165 796 5977 0 2.15624478
Link 796 14 5978 0 -1.77304083
Link 28 236 5982 0 0.40676695
Link 83 97 5989 0 0.22708356
Link 330 799 5995 0 1.01838198
Link 799 45 5996 0 0.70075346
Link 6 573 6014 0 -0.64328630
Link 107 313 6027 0 3.23692108
Link 114 16 6035 0 -0.09743874
Link 192 811 6074 0 -2.25568618
Link 811 27 6075 0 2.19036851
Link 23 812 6082 0 -3.14829859
Link 812 57 6083 0 0.19724220
Link 81 22 6086 0 -1.72737359
Link 165 41 6091 0 -1.96811620
Link 43 60 6105 0 0.30540280
Link 593 813 6113 0 1.14216699
Link 813 432 6114 0 3.26377736
Link 57 258 6122 0 0.50944643
Link 99 11 6148 0 -1.53740940
Link 107 820 6175 0 1.48210317
Link 820 54 6176 0 1.90295994
Link 439 18 6224 0 0.12920601
Link 832 526 6265 0 -2.32812847
Link 40 18 6285 0 -1.41902275
Link 38 844 6356 0 2.91158436
Link 844 32 6357 0 -0.71952195
Link 165 847 6367 0 -0.03687774
Link 847 15 6368 0 -1.38867243
Link 73 482 6377 0 0.30335226
Link 99 848 6383 0 -0.81311447
Link 848 573 6384 0 1.66481246
Link 313 525 6409 0 -0.98123436
Link 334 132 6506 1 -1.81397584
Link 165 872 6556 0 1.79511958
Link 872 114 6557 0 0.02454320
Link 844 43 6622 0 0.84344477
Link 882 229 6651 1 -0.83139130
Link 27 884 6661 0 2.73459212
Link 884 147 6662 0 1.52230223
Link 5 515 6670 0 -1.58286557
Link 604 573 6677 0 -0.13437599
Link 432 84 6722 0 -1.93028107
Link 49 892 6743 0 2.54784547
Link 892 12 6744 0 -1.93796270
Link 546 313 6773 0 -1.57769846
Link 475 190 6788 0 0.84971625
Link 28 28 6791 1 1.42582117
Link 290 290 6809 1 0.81234037
Link 2 292 6814 0 -1.77957831
Link 492 903 6820 1 -0.02632215
Link 903 492 6821 1 -1.45682717
Link 241 109 6830 0 -0.09121760
Link 290 44 6853 0 -3.32697066
Link 366 905 6855 1 1.53611987
Link 905 366 6856 1 2.16579433
Link 23 176 6870 0 -1.09574144
Link 770 525 6882 0 0.95804124
Link 385 912 6920 0 -1.32861080
Link 912 197 6921 0 1.63982483
Link 84 520 6939 0 0.79902482
Link 13 638 6953 1 -0.08941465
Link 13 918 6972 1 0.22043140
Link 918 13 6973 1 1.16058152
Link 34 920 6996 0 3.20722298
Link 920 535 6997 0 0.47641385
Link 569 45 7043 0 -1.27055155
Link 6 552 7045 0 1.11019533
Link 181 20 7051 0 2.30023464
Link 181 88 7070 0 0.85054730
Link 63 515 7125 0 0.70773155
Link 132 949 7215 0 0.06286569
Link 949 16 7216 0 -0.47406147
Link 343 770 7279 0 2.81180821
Link 469 11 7323 0 2.59995437
Link 229 366 7392 0 -0.16039282
Link 221 334 7415 0 2.10632390
Link 4 290 7435 0 2.90330720
Link 492 177 7479 0 0.96972169
Link 44 573 7519 0 0.67272339
Link 76 272 7535 0 -0.31962566
Link 114 982 7543 0 1.00000000
Link 982 770 7544 0 -2.68090521
Link 508 638 7560 0 -0.94793477
Link 177 96 7592 0 1.26515480
Link 5 847 7733 0 -0.92151922
Link 27 1010 7747 1 4.44903736
Link 1010 882 7748 1 0.05763426
Link 107 229 7818 0 0.53990412
Link 1020 439 7831 0 -1.96298649
Link 5 439 7835 0 2.46384569
Link 573 1024 7858 0 -0.53095596
Link 1024 789 7859 0 -1.02924638
Link 22 97 7871 0 1.61085856
Link 147 229 8032 1 0.14417027
Link 192 481 8039 0 3.04544764
Link 343 24 8079 0 2.28219546
Link 1054 638 8112 1 -1.26792736
Link 54 40 8129 0 -1.00053027
Link 439 33 8143 0 -2.04417016
Link 366 114 8162 0 1.51959904
Link 2 1065 8178 0 -1.00095656
Link 1065 1020 8179 0 0.47722900
Link 50 82 8196 0 -1.01138371
Link 290 848 8226 0 2.65388618
Link 27 313 8266 0 0.98673699
Link 74 552 8275 0 0.94138851
Link 33 176 8332 0 1.61730498
Link 698 236 8379 0 -2.36745630
Link 106 1081 8396 0 -1.77080573
Link 1081 638 8397 0 0.97213464
Link 3 469 8404 0 0.05685037
Link 39 181 8430 1 -1.30268439
Link 715 715 8445 1 -2.31946454
Link 99 1090 8464 0 0.73184067
Link 1090 573 8465 0 3.30600212
Link 18 255 8514 0 -1.56333941
Link 38 1094 8526 0 -0.68674192
Link 1094 698 8527 0 4.74569323
Link 5 1102 8588 0 -1.50450690
Link 1102 28 8589 0 -1.28946618
Link 593 18 8672 0 -1.01064222
Link 440 1024 8703 0 -1.49684102
Link 114 267 8730 1 -2.87648441
Link 479 359 8738 0 -1.58604669
Link 118 272 8798 0 -2.05478375
Link 146 21 8848 1 1.26643941
Link 440 1135 8961 0 1.00000000
Link 1135 106 8962 0 2.87253936
Link 24 610 9027 0 -0.07244129
Link 39 763 9119 0 -0.00145398
Link 256 57 9135 0 4.44391769
Link 23 1161 9166 0 0.61416154
Link 1161 642 9167 0 -0.19903026
Link 8 1188 9379 0 0.53473956
Link 1188 85 9380 0 1.95638574
Link 74 147 9443 0 -1.54417614
Link 4 1199 9456 0 1.39772897
Link 1199 23 9457 0 1.23688520
Link 469 1201 9479 0 0.24439984
Link 1201 23 9480 0 -0.80263384
Link 190 1203 9517 0 0.81070475
Link 1203 832 9518 0 3.07429344
Link 905 832 9698 0 -0.23755678
Link 343 169 9905 0 0.48315065
Link 628 45 10050 0 0.64773895
Link 139 1010 10419 0 -1.00856505
Link 13 1315 10455 1 1.21114602
Link 1315 1054 10456 1 -2.75584596
Link 548 1024 10475 0 1.02055654
Link 652 485 10502 1 1.69798918
Link 582 485 10539 1 -0.09059927
Link 118 66 10721 1 -0.12894684
Link 313 1347 10773 1 1.00000000
Link 1347 522 10774 1 -1.25945338
Link 127 795 11019 0 4.34027484
Link 56 515 11061 0 -1.38876199
Link 107 949 11104 0 0.49792914
Link 492 480 11153 0 -3.13982545
Link 334 236 11178 0 0.34250560
Link 25 480 11213 0 1.48741207
Link 88 78 11287 0 -3.16790922
GenomeEnd

