GenomeStart 39594
Neuron 1 1 0.00000000 1 0.00000000 0.00000000 0.00000000 0.00000000
Neuron 2 1 0.00000000 1 0.00000000 0.00000000 0.00000000 0.00000000
Neuron 3 1 0.00000000 1 0.00000000 0.00000000 0.00000000 0.00000000
Neuron 4 1 0.00000000 1 0.00000000 0.00000000 0.00000000 0.00000000
Neuron 5 1 0.00000000 1 0.00000000 0.00000000 0.00000000 0.00000000
Neuron 6 1 0.00000000 1 0.00000000 0.00000000 0.00000000 0.00000000
Neuron 7 1 0.00000000 1 0.00000000 0.00000000 0.00000000 0.00000000
Neuron 8 1 0.00000000 1 0.00000000 0.00000000 0.00000000 0.00000000
Neuron 9 2 0.00000000 1 0.00000000 0.00000000 0.00000000 0.00000000
Neuron 10 4 1.00000000 0 1.00000000 0.00000000 0.00000000 0.00000000
Neuron 11 4 1.00000000 0 1.00000000 0.00000000 0.00000000 0.00000000
Neuron 12 4 1.00000000 0 1.00000000 0.00000000 0.00000000 0.00000000
Neuron 13 4 1.00000000 0 1.00000000 0.00000000 0.00000000 0.00000000
Neuron 14 4 1.00000000 0 1.00000000 0.00000000 0.00000000 0.00000000
Neuron 15 4 1.00000000 0 1.00000000 0.00000000 0.00000000 0.00000000
Neuron 16 4 1.00000000 0 1.00000000 0.00000000 0.00000000 0.00000000
Neuron 18 3 0.50000000 1 1.00000000 0.00000000 0.00000000 0.00000000
Neuron 23 3 0.50000000 1 1.00000000 0.00000000 0.00000000 0.00000000
Neuron 27 3 0.50000000 1 1.00000000 0.00000000 0.00000000 0.00000000
Neuron 28 3 0.50000000 1 1.00000000 0.00000000 0.00000000 0.00000000
Neuron 37 3 0.50000000 1 1.00000000 0.00000000 0.00000000 0.00000000
Neuron 38 3 0.50000000 1 1.00000000 0.00000000 0.00000000 0.00000000
Neuron 40 3 0.50000000 1 1.00000000 0.00000000 0.00000000 0.00000000
Neuron 41 3 0.50000000 1 1.00000000 0.00000000 0.00000000 0.00000000
Neuron 43 3 0.50000000 1 1.00000000 0.00000000 0.00000000 0.00000000
Neuron 44 3 0.50000000 1 1.00000000 0.00000000 0.00000000 0.00000000
Neuron 54 3 0.50000000 1 1.00000000 0.00000000 0.00000000 0.00000000
Neuron 55 3 0.50000000 1 1.00000000 0.00000000 0.00000000 0.00000000
Neuron 57 3 0.50000000 1 1.00000000 0.00000000 0.00000000 0.00000000
Neuron 60 3 0.50000000 1 1.00000000 0.00000000 0.00000000 0.00000000
Neuron 66 3 0.50000000 1 1.00000000 0.00000000 0.00000000 0.00000000
Neuron 78 3 0.50000000 1 1.00000000 0.00000000 0.00000000 0.00000000
Neuron 80 3 0.75000000 1 1.00000000 0.00000000 0.00000000 0.00000000
Neuron 99 3 0.75000000 1 1.00000000 0.00000000 0.00000000 0.00000000
Neuron 106 3 0.75000000 1 1.00000000 0.00000000 0.00000000 0.00000000
Neuron 107 3 0.25000000 1 1.00000000 0.00000000 0.00000000 0.00000000
Neuron 109 3 0.75000000 1 1.00000000 0.00000000 0.00000000 0.00000000
Neuron 114 3 0.75000000 1 1.00000000 0.00000000 0.00000000 0.00000000
Neuron 118 3 0.75000000 1 1.00000000 0.00000000 0.00000000 0.00000000
Neuron 147 3 0.62500000 1 1.00000000 0.00000000 0.00000000 0.00000000
Neuron 165 3 0.25000000 1 1.00000000 0.00000000 0.00000000 0.00000000
Neuron 176 3 0.75000000 1 1.00000000 0.00000000 0.00000000 0.00000000
Neuron 192 3 0.37500000 1 1.00000000 0.00000000 0.00000000 0.00000000
Neuron 221 3 0.25000000 1 1.00000000 0.00000000 0.00000000 0.00000000
Neuron 229 3 0.25000000 1 1.00000000 0.00000000 0.00000000 0.00000000
Neuron 258 3 0.62500000 1 1.00000000 0.00000000 0.00000000 0.00000000
Neuron 272 3 0.75000000 1 1.00000000 0.00000000 0.00000000 0.00000000
Neuron 290 3 0.12500000 1 1.00000000 0.00000000 0.00000000 0.00000000
Neuron 313 3 0.87500000 1 1.00000000 0.00000000 0.00000000 0.00000000
Neuron 318 3 0.56250000 1 1.00000000 0.00000000 0.00000000 0.00000000
Neuron 334 3 0.62500000 1 1.00000000 0.00000000 0.00000000 0.00000000
Neuron 359 3 0.87500000 1 1.00000000 0.00000000 0.00000000 0.00000000
Neuron 366 3 0.25000000 1 1.00000000 0.00000000 0.00000000 0.00000000
Neuron 439 3 0.37500000 1 1.00000000 0.00000000 0.00000000 0.00000000
Neuron 440 3 0.62500000 1 1.00000000 0.00000000 0.00000000 0.00000000
Neuron 449 3 0.62500000 1 1.00000000 0.00000000 0.00000000 0.00000000
Neuron 481 3 0.87500000 1 1.00000000 0.00000000 0.00000000 0.00000000
Neuron 485 3 0.12500000 1 1.00000000 0.00000000 0.00000000 0.00000000
Neuron 508 3 0.31250000 1 1.00000000 0.00000000 0.00000000 0.00000000
Neuron 515 3 0.50000000 1 1.00000000 0.00000000 0.00000000 0.00000000
Neuron 552 3 0.68750000 1 1.00000000 0.00000000 0.00000000 0.00000000
Neuron 573 3 0.81250000 1 1.00000000 0.00000000 0.00000000 0.00000000
Neuron 585 3 0.50000000 1 1.00000000 0.00000000 0.00000000 0.00000000
Link 1 10 1 0 3.58564919
Link 2 10 2 0 -5.02526594
Link 3 10 3 0 0.79012333
Link 4 10 4 0 -0.45411412
Link 5 10 5 0 5.28704020
Link 7 10 7 0 -3.78558198
Link 8 10 8 0 -0.77381614
Link 9 10 9 0 0.94572768
Link 1 11 10 0 1.60631943
Link 2 11 11 0 -2.68617313
Link 3 11 12 0 2.91926972
Link 4 11 13 0 -1.25145947
Link 9 11 18 0 1.30239197
Link 1 12 19 0 2.15786502
Link 2 12 20 0 -0.94422519
Link 4 12 22 0 -0.93242622
Link 5 12 23 0 -3.18988715
Link 6 12 24 0 2.21105614
Link 7 12 25 0 -4.85897896
Link 9 12 27 0 -2.51053995
Link 1 13 28 0 1.83720974
Link 4 13 31 0 0.00885497
Link 6 13 33 0 1.18981323
Link 8 13 35 0 4.49160830
Link 9 13 36 0 0.13934547
Link 1 14 37 0 0.35655055
Link 2 14 38 0 1.24391203
Link 3 14 39 0 0.23898848
Link 4 14 40 0 0.41512758
Link 5 14 41 0 1.69011339
Link 6 14 42 0 0.59725718
Link 7 14 43 0 0.14661489
Link 9 14 45 0 0.04373425
Link 3 15 48 0 0.34979321
Link 4 15 49 0 -1.04997937
Link 6 15 51 0 3.10232485
Link 7 15 52 0 -0.32859725
Link 9 15 54 0 -0.04283172
Link 1 16 55 0 -1.47252984
Link 3 16 57 0 -2.10213869
Link 4 16 58 0 -0.19592015
Link 6 16 60 0 1.56239339
Link 7 16 61 0 -3.28689232
Link 9 16 63 0 3.02059127
Link 23 15 84 0 -0.41493174
Link 5 28 98 0 1.65508243
Link 28 16 99 0 -0.03456929
Link 8 37 125 0 -0.16468143
Link 37 16 126 0 -0.74108476
Link 1 38 129 0 1.19374319
Link 7 40 137 0 -0.87475005
Link 40 13 138 0 1.17332347
Link 2 41 140 0 -1.94070532
Link 41 13 141 0 0.67736250
Link 8 43 146 0 -0.07270570
Link 43 11 147 0 -1.41331982
Link 8 44 149 0 0.95725249
Link 5 54 188 0 -2.03399275
Link 54 11 189 0 0.33579884
Link 6 55 192 0 -2.29754287
Link 3 18 207 0 0.94718414
Link 5 57 212 0 -1.28990731
Link 5 60 222 0 -1.28405958
Link 60 15 223 0 -0.45678612
Link 3 66 250 0 -2.49563092
Link 8 78 320 0 -0.64237175
Link 80 16 327 0 -2.06008204
Link 11 27 393 1 0.66608192
Link 18 99 505 0 -3.87177808
Link 2 107 564 0 2.07459958
Link 107 18 565 0 -0.62019367
Link 109 10 573 0 0.55603721
Link 16 27 634 1 2.21999730
Link 44 118 648 0 0.97752137
Link 118 14 649 0 -2.33908492
Link 13 13 724 1 1.34161390
Link 27 147 895 0 -0.27405210
Link 147 80 896 0 -0.63085533
Link 27 99 987 0 1.44164982
Link 78 176 1075 0 2.32138282
Link 176 12 1076 0 0.67034253
Link 165 192 1206 0 0.80542311
Link 192 27 1207 0 -0.43844061
Link 2 221 1360 0 2.59793048
Link 221 66 1361 0 -2.99495562
Link 229 23 1416 0 -2.61422487
Link 114 114 1531 1 -1.83425759
Link 258 109 1600 0 -2.97002776
Link 13 272 1686 1 -1.40652095
Link 272 55 1687 1 0.55477137
Link 3 290 1834 0 -1.78357296
Link 290 165 1835 0 -0.50190747
Link 55 106 1920 0 -0.22992470
Link 106 313 1991 0 -3.25236171
Link 313 13 1992 0 1.33324096
Link 55 318 2042 0 1.28072069
Link 318 258 2043 0 -2.18037053
Link 38 334 2133 0 1.27592963
Link 334 114 2134 0 0.53767057
Link 359 15 2327 0 1.92162292
Link 66 16 2350 0 -0.73325756
Link 1 366 2367 0 2.90719068
Link 366 18 2368 0 0.00229638
Link 114 78 2665 1 1.87577085
Link 439 55 2896 0 0.18869895
Link 80 440 2898 1 0.26895528
Link 440 57 2899 1 0.11803910
Link 272 272 2964 1 -1.58394471
Link 57 449 2966 0 0.90065059
Link 449 106 2967 0 -1.79202888
Link 114 481 3216 0 1.82337808
Link 481 15 3217 0 0.88337201
Link 8 485 3252 0 1.30607858
Link 485 229 3253 0 -3.81861932
Link 107 508 3413 0 -2.11068449
Link 508 439 3414 0 1.75322387
Link 6 54 3421 0 -3.14004136
Link 515 55 3477 0 -1.70130309
Link 165 10 3554 0 -2.84057355
Link 16 80 3659 1 -0.44432608
Link 23 10 3703 0 3.13782674
Link 43 552 3806 0 0.39130710
Link 552 359 3807 0 -0.29279928
Link 11 290 3867 1 -1.77639117
Link 5 318 3930 0 -1.95113871
Link 99 573 3970 0 1.56178987
Link 573 359 3971 0 -0.60575615
Link 107 515 3989 0 -1.96769893
Link 27 585 4100 0 0.64342815
Link 585 515 4101 0 -1.52331673
Link 221 54 4383 0 -2.70061359
Link 439 109 4788 0 -1.03385363
Link 99 147 4840 1 -4.41046723
Link 165 15 5069 0 -0.21381615
Link 221 37 5201 0 -1.57982433
Link 552 38 5217 1 0.21436587
Link 165 14 5243 0 -0.20805093
Link 439 37 5520 0 2.87654438
Link 366 366 5729 1 -1.83534522
Link 107 54 5807 0 -0.46536729
Link 440 481 5974 0 -3.44841970
Link 107 313 6027 0 -1.99292125
Link 43 60 6105 0 0.34828491
Link 57 258 6122 0 -2.03265848
GenomeEnd

