GenomeStart 17905
Neuron 1 1 0.00000000 1 0.00000000 0.00000000 0.00000000 0.00000000
Neuron 2 1 0.00000000 1 0.00000000 0.00000000 0.00000000 0.00000000
Neuron 3 1 0.00000000 1 0.00000000 0.00000000 0.00000000 0.00000000
Neuron 4 1 0.00000000 1 0.00000000 0.00000000 0.00000000 0.00000000
Neuron 5 1 0.00000000 1 0.00000000 0.00000000 0.00000000 0.00000000
Neuron 6 1 0.00000000 1 0.00000000 0.00000000 0.00000000 0.00000000
Neuron 7 1 0.00000000 1 0.00000000 0.00000000 0.00000000 0.00000000
Neuron 8 1 0.00000000 1 0.00000000 0.00000000 0.00000000 0.00000000
Neuron 9 2 0.00000000 1 0.00000000 0.00000000 0.00000000 0.00000000
Neuron 10 4 1.00000000 0 1.00000000 0.00000000 0.00000000 0.00000000
Neuron 11 4 1.00000000 0 1.00000000 0.00000000 0.00000000 0.00000000
Neuron 12 4 1.00000000 0 1.00000000 0.00000000 0.00000000 0.00000000
Neuron 13 4 1.00000000 0 1.00000000 0.00000000 0.00000000 0.00000000
Neuron 14 4 1.00000000 0 1.00000000 0.00000000 0.00000000 0.00000000
Neuron 15 4 1.00000000 0 1.00000000 0.00000000 0.00000000 0.00000000
Neuron 16 4 1.00000000 0 1.00000000 0.00000000 0.00000000 0.00000000
Neuron 18 3 0.50000000 1 1.00000000 0.00000000 0.00000000 0.00000000
Neuron 21 3 0.50000000 1 1.00000000 0.00000000 0.00000000 0.00000000
Neuron 23 3 0.50000000 1 1.00000000 0.00000000 0.00000000 0.00000000
Neuron 27 3 0.50000000 1 1.00000000 0.00000000 0.00000000 0.00000000
Neuron 30 3 0.50000000 1 1.00000000 0.00000000 0.00000000 0.00000000
Neuron 32 3 0.50000000 1 1.00000000 0.00000000 0.00000000 0.00000000
Neuron 37 3 0.50000000 1 1.00000000 0.00000000 0.00000000 0.00000000
Neuron 38 3 0.50000000 1 1.00000000 0.00000000 0.00000000 0.00000000
Neuron 42 3 0.50000000 1 1.00000000 0.00000000 0.00000000 0.00000000
Neuron 47 3 0.50000000 1 1.00000000 0.00000000 0.00000000 0.00000000
Neuron 49 3 0.50000000 1 1.00000000 0.00000000 0.00000000 0.00000000
Neuron 50 3 0.50000000 1 1.00000000 0.00000000 0.00000000 0.00000000
Neuron 51 3 0.50000000 1 1.00000000 0.00000000 0.00000000 0.00000000
Neuron 59 3 0.50000000 1 1.00000000 0.00000000 0.00000000 0.00000000
Neuron 63 3 0.50000000 1 1.00000000 0.00000000 0.00000000 0.00000000
Neuron 85 3 0.50000000 1 1.00000000 0.00000000 0.00000000 0.00000000
Neuron 177 3 0.75000000 1 1.00000000 0.00000000 0.00000000 0.00000000
Neuron 197 3 0.75000000 1 1.00000000 0.00000000 0.00000000 0.00000000
Neuron 235 3 0.25000000 1 1.00000000 0.00000000 0.00000000 0.00000000
Neuron 273 3 0.75000000 1 1.00000000 0.00000000 0.00000000 0.00000000
Neuron 319 3 0.25000000 1 1.00000000 0.00000000 0.00000000 0.00000000
Link 2 10 2 0 2.20551891
Link 4 10 4 0 -2.41662301
Link 6 10 6 0 1.40344168
Link 7 10 7 0 -1.12866097
Link 8 10 8 0 -1.94609327
Link 9 10 9 0 -1.07913432
Link 1 11 10 0 -4.43090414
Link 2 11 11 0 1.78374156
Link 3 11 12 0 -0.48407086
Link 5 11 14 0 2.26662207
Link 6 11 15 0 -2.50711868
Link 7 11 16 0 -2.66683924
Link 8 11 17 0 2.26620080
Link 9 11 18 0 -0.34264059
Link 2 12 20 0 2.11898508
Link 4 12 22 0 3.22182473
Link 5 12 23 0 0.54960825
Link 6 12 24 0 0.40517856
Link 7 12 25 0 3.62415188
Link 8 12 26 0 2.37722350
Link 9 12 27 0 1.64612298
Link 1 13 28 0 -2.61012581
Link 2 13 29 0 0.70858322
Link 3 13 30 0 -1.91488285
Link 4 13 31 0 -2.05131082
Link 5 13 32 0 -1.04174574
Link 6 13 33 0 -2.25791927
Link 7 13 34 0 -1.55976395
Link 8 13 35 0 -2.03872858
Link 9 13 36 0 -0.55014168
Link 1 14 37 0 -0.61755068
Link 3 14 39 0 -3.11626995
Link 4 14 40 0 -0.60446850
Link 5 14 41 0 2.24593474
Link 7 14 43 0 -1.27827886
Link 8 14 44 0 -0.75843119
Link 9 14 45 0 0.07860363
Link 3 15 48 0 -1.25075196
Link 4 15 49 0 -5.35736972
Link 5 15 50 0 -0.56848431
Link 9 15 54 0 -1.74215574
Link 1 16 55 0 2.59846251
Link 3 16 57 0 -2.15816684
Link 4 16 58 0 0.38841580
Link 5 16 59 0 1.59855190
Link 6 16 60 0 1.08848291
Link 7 16 61 0 -0.14012779
Link 9 16 63 0 0.12660363
Link 2 18 68 0 0.61287568
Link 18 15 69 0 -2.58468220
Link 3 21 77 0 1.84114220
Link 21 10 78 0 1.00682763
Link 8 23 83 0 -0.69490246
Link 2 27 95 0 1.40327665
Link 27 16 96 0 -1.12907000
Link 6 30 104 0 1.43768847
Link 30 15 105 0 -2.34758538
Link 5 32 110 0 2.75137713
Link 32 10 111 0 2.69576621
Link 8 37 125 0 -1.15841767
Link 37 16 126 0 1.48249811
Link 38 15 130 0 -2.13786668
Link 42 12 144 0 -0.52815761
Link 4 47 162 0 -0.91511145
Link 47 11 163 0 1.33226253
Link 2 49 169 0 0.37950494
Link 1 50 172 0 1.41206204
Link 50 10 173 0 -0.74808785
Link 7 51 175 0 3.25980108
Link 51 15 176 0 -1.61786408
Link 6 59 219 0 -0.50232478
Link 59 14 220 0 2.25310485
Link 12 18 227 1 1.06545404
Link 3 63 236 0 -0.33684735
Link 63 12 237 0 -1.96497513
Link 12 12 274 1 -1.26417707
Link 2 85 382 0 2.21389886
Link 85 14 383 0 1.48318912
Link 7 18 444 0 -0.84610808
Link 50 50 954 1 1.66456079
Link 49 177 1082 0 0.26593987
Link 177 12 1083 0 -0.85103062
Link 23 197 1225 0 1.79228085
Link 197 15 1226 0 -1.43080980
Link 37 49 1371 0 1.13770238
Link 6 235 1452 0 1.59817720
Link 235 18 1453 0 4.14520950
Link 8 50 1592 0 -0.68285820
Link 42 37 1594 0 0.80146962
Link 51 38 1637 0 -0.82362367
Link 10 197 1664 1 2.24880859
Link 15 273 1708 1 4.32913439
Link 273 42 1709 1 0.84284065
Link 10 235 1723 1 1.79603942
Link 18 85 1941 0 -0.63705844
Link 1 319 2049 0 1.00000000
Link 319 38 2050 0 0.68379302
Link 8 197 2167 0 0.24324262
Link 10 51 2183 1 -5.31277100
Link 30 23 2220 0 1.88340557
Link 1 235 2305 0 1.39205510
Link 38 38 2416 1 -0.76049585
Link 42 16 2561 0 1.32975713
GenomeEnd

