GenomeStart 105534
Neuron 1 1 0.00000000 1 0.00000000 0.00000000 0.00000000 0.00000000
Neuron 2 1 0.00000000 1 0.00000000 0.00000000 0.00000000 0.00000000
Neuron 3 1 0.00000000 1 0.00000000 0.00000000 0.00000000 0.00000000
Neuron 4 1 0.00000000 1 0.00000000 0.00000000 0.00000000 0.00000000
Neuron 5 1 0.00000000 1 0.00000000 0.00000000 0.00000000 0.00000000
Neuron 6 1 0.00000000 1 0.00000000 0.00000000 0.00000000 0.00000000
Neuron 7 1 0.00000000 1 0.00000000 0.00000000 0.00000000 0.00000000
Neuron 8 1 0.00000000 1 0.00000000 0.00000000 0.00000000 0.00000000
Neuron 9 2 0.00000000 1 0.00000000 0.00000000 0.00000000 0.00000000
Neuron 10 4 1.00000000 0 1.00000000 0.00000000 0.00000000 0.00000000
Neuron 11 4 1.00000000 0 1.00000000 0.00000000 0.00000000 0.00000000
Neuron 12 4 1.00000000 0 1.00000000 0.00000000 0.00000000 0.00000000
Neuron 13 4 1.00000000 0 1.00000000 0.00000000 0.00000000 0.00000000
Neuron 14 4 1.00000000 0 1.00000000 0.00000000 0.00000000 0.00000000
Neuron 15 4 1.00000000 0 1.00000000 0.00000000 0.00000000 0.00000000
Neuron 16 4 1.00000000 0 1.00000000 0.00000000 0.00000000 0.00000000
Neuron 18 3 0.50000000 1 1.00000000 0.00000000 0.00000000 0.00000000
Neuron 19 3 0.50000000 1 1.00000000 0.00000000 0.00000000 0.00000000
Neuron 20 3 0.50000000 1 1.00000000 0.00000000 0.00000000 0.00000000
Neuron 21 3 0.50000000 1 1.00000000 0.00000000 0.00000000 0.00000000
Neuron 22 3 0.50000000 1 1.00000000 0.00000000 0.00000000 0.00000000
Neuron 23 3 0.50000000 1 1.00000000 0.00000000 0.00000000 0.00000000
Neuron 24 3 0.50000000 1 1.00000000 0.00000000 0.00000000 0.00000000
Neuron 25 3 0.50000000 1 1.00000000 0.00000000 0.00000000 0.00000000
Neuron 26 3 0.50000000 1 1.00000000 0.00000000 0.00000000 0.00000000
Neuron 27 3 0.50000000 1 1.00000000 0.00000000 0.00000000 0.00000000
Neuron 28 3 0.50000000 1 1.00000000 0.00000000 0.00000000 0.00000000
Neuron 30 3 0.50000000 1 1.00000000 0.00000000 0.00000000 0.00000000
Neuron 32 3 0.50000000 1 1.00000000 0.00000000 0.00000000 0.00000000
Neuron 33 3 0.50000000 1 1.00000000 0.00000000 0.00000000 0.00000000
Neuron 34 3 0.50000000 1 1.00000000 0.00000000 0.00000000 0.00000000
Neuron 37 3 0.50000000 1 1.00000000 0.00000000 0.00000000 0.00000000
Neuron 38 3 0.50000000 1 1.00000000 0.00000000 0.00000000 0.00000000
Neuron 39 3 0.50000000 1 1.00000000 0.00000000 0.00000000 0.00000000
Neuron 40 3 0.50000000 1 1.00000000 0.00000000 0.00000000 0.00000000
Neuron 41 3 0.50000000 1 1.00000000 0.00000000 0.00000000 0.00000000
Neuron 42 3 0.50000000 1 1.00000000 0.00000000 0.00000000 0.00000000
Neuron 43 3 0.50000000 1 1.00000000 0.00000000 0.00000000 0.00000000
Neuron 44 3 0.50000000 1 1.00000000 0.00000000 0.00000000 0.00000000
Neuron 45 3 0.50000000 1 1.00000000 0.00000000 0.00000000 0.00000000
Neuron 46 3 0.75000000 1 1.00000000 0.00000000 0.00000000 0.00000000
Neuron 47 3 0.50000000 1 1.00000000 0.00000000 0.00000000 0.00000000
Neuron 49 3 0.50000000 1 1.00000000 0.00000000 0.00000000 0.00000000
Neuron 50 3 0.50000000 1 1.00000000 0.00000000 0.00000000 0.00000000
Neuron 51 3 0.50000000 1 1.00000000 0.00000000 0.00000000 0.00000000
Neuron 52 3 0.50000000 1 1.00000000 0.00000000 0.00000000 0.00000000
Neuron 53 3 0.50000000 1 1.00000000 0.00000000 0.00000000 0.00000000
Neuron 54 3 0.50000000 1 1.00000000 0.00000000 0.00000000 0.00000000
Neuron 55 3 0.50000000 1 1.00000000 0.00000000 0.00000000 0.00000000
Neuron 56 3 0.50000000 1 1.00000000 0.00000000 0.00000000 0.00000000
Neuron 57 3 0.50000000 1 1.00000000 0.00000000 0.00000000 0.00000000
Neuron 59 3 0.50000000 1 1.00000000 0.00000000 0.00000000 0.00000000
Neuron 60 3 0.50000000 1 1.00000000 0.00000000 0.00000000 0.00000000
Neuron 61 3 0.50000000 1 1.00000000 0.00000000 0.00000000 0.00000000
Neuron 62 3 0.75000000 1 1.00000000 0.00000000 0.00000000 0.00000000
Neuron 63 3 0.50000000 1 1.00000000 0.00000000 0.00000000 0.00000000
Neuron 65 3 0.50000000 1 1.00000000 0.00000000 0.00000000 0.00000000
Neuron 66 3 0.50000000 1 1.00000000 0.00000000 0.00000000 0.00000000
Neuron 70 3 0.75000000 1 1.00000000 0.00000000 0.00000000 0.00000000
Neuron 72 3 0.50000000 1 1.00000000 0.00000000 0.00000000 0.00000000
Neuron 73 3 0.50000000 1 1.00000000 0.00000000 0.00000000 0.00000000
Neuron 74 3 0.50000000 1 1.00000000 0.00000000 0.00000000 0.00000000
Neuron 76 3 0.25000000 1 1.00000000 0.00000000 0.00000000 0.00000000
Neuron 78 3 0.50000000 1 1.00000000 0.00000000 0.00000000 0.00000000
Neuron 80 3 0.75000000 1 1.00000000 0.00000000 0.00000000 0.00000000
Neuron 81 3 0.50000000 1 1.00000000 0.00000000 0.00000000 0.00000000
Neuron 82 3 0.50000000 1 1.00000000 0.00000000 0.00000000 0.00000000
Neuron 83 3 0.50000000 1 1.00000000 0.00000000 0.00000000 0.00000000
Neuron 84 3 0.50000000 1 1.00000000 0.00000000 0.00000000 0.00000000
Neuron 85 3 0.50000000 1 1.00000000 0.00000000 0.00000000 0.00000000
Neuron 88 3 0.25000000 1 1.00000000 0.00000000 0.00000000 0.00000000
Neuron 96 3 0.75000000 1 1.00000000 0.00000000 0.00000000 0.00000000
Neuron 97 3 0.75000000 1 1.00000000 0.00000000 0.00000000 0.00000000
Neuron 99 3 0.75000000 1 1.00000000 0.00000000 0.00000000 0.00000000
Neuron 101 3 0.62500000 1 1.00000000 0.00000000 0.00000000 0.00000000
Neuron 102 3 0.75000000 1 1.00000000 0.00000000 0.00000000 0.00000000
Neuron 106 3 0.75000000 1 1.00000000 0.00000000 0.00000000 0.00000000
Neuron 107 3 0.25000000 1 1.00000000 0.00000000 0.00000000 0.00000000
Neuron 109 3 0.75000000 1 1.00000000 0.00000000 0.00000000 0.00000000
Neuron 110 3 0.75000000 1 1.00000000 0.00000000 0.00000000 0.00000000
Neuron 114 3 0.75000000 1 1.00000000 0.00000000 0.00000000 0.00000000
Neuron 116 3 0.25000000 1 1.00000000 0.00000000 0.00000000 0.00000000
Neuron 118 3 0.75000000 1 1.00000000 0.00000000 0.00000000 0.00000000
Neuron 127 3 0.25000000 1 1.00000000 0.00000000 0.00000000 0.00000000
Neuron 129 3 0.75000000 1 1.00000000 0.00000000 0.00000000 0.00000000
Neuron 132 3 0.50000000 1 1.00000000 0.00000000 0.00000000 0.00000000
Neuron 139 3 0.25000000 1 1.00000000 0.00000000 0.00000000 0.00000000
Neuron 141 3 0.25000000 1 1.00000000 0.00000000 0.00000000 0.00000000
Neuron 146 3 0.75000000 1 1.00000000 0.00000000 0.00000000 0.00000000
Neuron 147 3 0.62500000 1 1.00000000 0.00000000 0.00000000 0.00000000
Neuron 149 3 0.12500000 1 1.00000000 0.00000000 0.00000000 0.00000000
Neuron 159 3 0.87500000 1 1.00000000 0.00000000 0.00000000 0.00000000
Neuron 160 3 0.75000000 1 1.00000000 0.00000000 0.00000000 0.00000000
Neuron 165 3 0.25000000 1 1.00000000 0.00000000 0.00000000 0.00000000
Neuron 169 3 0.25000000 1 1.00000000 0.00000000 0.00000000 0.00000000
Neuron 170 3 0.25000000 1 1.00000000 0.00000000 0.00000000 0.00000000
Neuron 171 3 0.75000000 1 1.00000000 0.00000000 0.00000000 0.00000000
Neuron 176 3 0.75000000 1 1.00000000 0.00000000 0.00000000 0.00000000
Neuron 177 3 0.75000000 1 1.00000000 0.00000000 0.00000000 0.00000000
Neuron 181 3 0.25000000 1 1.00000000 0.00000000 0.00000000 0.00000000
Neuron 186 3 0.75000000 1 1.00000000 0.00000000 0.00000000 0.00000000
Neuron 190 3 0.75000000 1 1.00000000 0.00000000 0.00000000 0.00000000
Neuron 192 3 0.37500000 1 1.00000000 0.00000000 0.00000000 0.00000000
Neuron 197 3 0.75000000 1 1.00000000 0.00000000 0.00000000 0.00000000
Neuron 206 3 0.75000000 1 1.00000000 0.00000000 0.00000000 0.00000000
Neuron 207 3 0.25000000 1 1.00000000 0.00000000 0.00000000 0.00000000
Neuron 208 3 0.75000000 1 1.00000000 0.00000000 0.00000000 0.00000000
Neuron 212 3 0.50000000 1 1.00000000 0.00000000 0.00000000 0.00000000
Neuron 221 3 0.25000000 1 1.00000000 0.00000000 0.00000000 0.00000000
Neuron 225 3 0.25000000 1 1.00000000 0.00000000 0.00000000 0.00000000
Neuron 229 3 0.25000000 1 1.00000000 0.00000000 0.00000000 0.00000000
Neuron 235 3 0.25000000 1 1.00000000 0.00000000 0.00000000 0.00000000
Neuron 236 3 0.75000000 1 1.00000000 0.00000000 0.00000000 0.00000000
Neuron 238 3 0.50000000 1 1.00000000 0.00000000 0.00000000 0.00000000
Neuron 241 3 0.37500000 1 1.00000000 0.00000000 0.00000000 0.00000000
Neuron 244 3 0.25000000 1 1.00000000 0.00000000 0.00000000 0.00000000
Neuron 254 3 0.62500000 1 1.00000000 0.00000000 0.00000000 0.00000000
Neuron 255 3 0.87500000 1 1.00000000 0.00000000 0.00000000 0.00000000
Neuron 256 3 0.50000000 1 1.00000000 0.00000000 0.00000000 0.00000000
Neuron 258 3 0.62500000 1 1.00000000 0.00000000 0.00000000 0.00000000
Neuron 267 3 0.25000000 1 1.00000000 0.00000000 0.00000000 0.00000000
Neuron 272 3 0.75000000 1 1.00000000 0.00000000 0.00000000 0.00000000
Neuron 273 3 0.75000000 1 1.00000000 0.00000000 0.00000000 0.00000000
Neuron 274 3 0.75000000 1 1.00000000 0.00000000 0.00000000 0.00000000
Neuron 286 3 0.75000000 1 1.00000000 0.00000000 0.00000000 0.00000000
Neuron 289 3 0.25000000 1 1.00000000 0.00000000 0.00000000 0.00000000
Neuron 290 3 0.12500000 1 1.00000000 0.00000000 0.00000000 0.00000000
Neuron 292 3 0.25000000 1 1.00000000 0.00000000 0.00000000 0.00000000
Neuron 294 3 0.75000000 1 1.00000000 0.00000000 0.00000000 0.00000000
Neuron 303 3 0.37500000 1 1.00000000 0.00000000 0.00000000 0.00000000
Neuron 311 3 0.75000000 1 1.00000000 0.00000000 0.00000000 0.00000000
Neuron 313 3 0.87500000 1 1.00000000 0.00000000 0.00000000 0.00000000
Neuron 318 3 0.56250000 1 1.00000000 0.00000000 0.00000000 0.00000000
Neuron 319 3 0.25000000 1 1.00000000 0.00000000 0.00000000 0.00000000
Neuron 330 3 0.25000000 1 1.00000000 0.00000000 0.00000000 0.00000000
Neuron 334 3 0.62500000 1 1.00000000 0.00000000 0.00000000 0.00000000
Neuron 336 3 0.62500000 1 1.00000000 0.00000000 0.00000000 0.00000000
Neuron 343 3 0.25000000 1 1.00000000 0.00000000 0.00000000 0.00000000
Neuron 357 3 0.87500000 1 1.00000000 0.00000000 0.00000000 0.00000000
Neuron 359 3 0.87500000 1 1.00000000 0.00000000 0.00000000 0.00000000
Neuron 363 3 0.75000000 1 1.00000000 0.00000000 0.00000000 0.00000000
Neuron 366 3 0.25000000 1 1.00000000 0.00000000 0.00000000 0.00000000
Neuron 380 3 0.50000000 1 1.00000000 0.00000000 0.00000000 0.00000000
Neuron 383 3 0.62500000 1 1.00000000 0.00000000 0.00000000 0.00000000
Neuron 384 3 0.62500000 1 1.00000000 0.00000000 0.00000000 0.00000000
Neuron 385 3 0.37500000 1 1.00000000 0.00000000 0.00000000 0.00000000
Neuron 390 3 0.87500000 1 1.00000000 0.00000000 0.00000000 0.00000000
Neuron 391 3 0.31250000 1 1.00000000 0.00000000 0.00000000 0.00000000
Neuron 392 3 0.75000000 1 1.00000000 0.00000000 0.00000000 0.00000000
Neuron 395 3 0.56250000 1 1.00000000 0.00000000 0.00000000 0.00000000
Neuron 400 3 0.87500000 1 1.00000000 0.00000000 0.00000000 0.00000000
Neuron 408 3 0.75000000 1 1.00000000 0.00000000 0.00000000 0.00000000
Neuron 425 3 0.25000000 1 1.00000000 0.00000000 0.00000000 0.00000000
Neuron 432 3 0.50000000 1 1.00000000 0.00000000 0.00000000 0.00000000
Neuron 433 3 0.75000000 1 1.00000000 0.00000000 0.00000000 0.00000000
Neuron 435 3 0.25000000 1 1.00000000 0.00000000 0.00000000 0.00000000
Neuron 439 3 0.37500000 1 1.00000000 0.00000000 0.00000000 0.00000000
Neuron 440 3 0.62500000 1 1.00000000 0.00000000 0.00000000 0.00000000
Neuron 444 3 0.25000000 1 1.00000000 0.00000000 0.00000000 0.00000000
Neuron 445 3 0.75000000 1 1.00000000 0.00000000 0.00000000 0.00000000
Neuron 447 3 0.87500000 1 1.00000000 0.00000000 0.00000000 0.00000000
Neuron 449 3 0.62500000 1 1.00000000 0.00000000 0.00000000 0.00000000
Neuron 455 3 0.62500000 1 1.00000000 0.00000000 0.00000000 0.00000000
Neuron 469 3 0.37500000 1 1.00000000 0.00000000 0.00000000 0.00000000
Neuron 471 3 0.50000000 1 1.00000000 0.00000000 0.00000000 0.00000000
Neuron 472 3 0.25000000 1 1.00000000 0.00000000 0.00000000 0.00000000
Neuron 473 3 0.50000000 1 1.00000000 0.00000000 0.00000000 0.00000000
Neuron 475 3 0.50000000 1 1.00000000 0.00000000 0.00000000 0.00000000
Neuron 479 3 0.59375000 1 1.00000000 0.00000000 0.00000000 0.00000000
Neuron 480 3 0.50000000 1 1.00000000 0.00000000 0.00000000 0.00000000
Neuron 481 3 0.87500000 1 1.00000000 0.00000000 0.00000000 0.00000000
Neuron 482 3 0.62500000 1 1.00000000 0.00000000 0.00000000 0.00000000
Neuron 485 3 0.12500000 1 1.00000000 0.00000000 0.00000000 0.00000000
Neuron 492 3 0.50000000 1 1.00000000 0.00000000 0.00000000 0.00000000
Neuron 499 3 0.87500000 1 1.00000000 0.00000000 0.00000000 0.00000000
Neuron 504 3 0.87500000 1 1.00000000 0.00000000 0.00000000 0.00000000
Neuron 508 3 0.31250000 1 1.00000000 0.00000000 0.00000000 0.00000000
Neuron 509 3 0.62500000 1 1.00000000 0.00000000 0.00000000 0.00000000
Neuron 514 3 0.56250000 1 1.00000000 0.00000000 0.00000000 0.00000000
Neuron 515 3 0.50000000 1 1.00000000 0.00000000 0.00000000 0.00000000
Neuron 519 3 0.12500000 1 1.00000000 0.00000000 0.00000000 0.00000000
Neuron 520 3 1.00000000 1 1.00000000 0.00000000 0.00000000 0.00000000
Neuron 522 3 0.53125000 1 1.00000000 0.00000000 0.00000000 0.00000000
Neuron 525 3 0.93750000 1 1.00000000 0.00000000 0.00000000 0.00000000
Neuron 526 3 0.81250000 1 1.00000000 0.00000000 0.00000000 0.00000000
Neuron 535 3 0.75000000 1 1.00000000 0.00000000 0.00000000 0.00000000
Neuron 541 3 0.87500000 1 1.00000000 0.00000000 0.00000000 0.00000000
Neuron 546 3 0.50000000 1 1.00000000 0.00000000 0.00000000 0.00000000
Neuron 548 3 0.75000000 1 1.00000000 0.00000000 0.00000000 0.00000000
Neuron 549 3 0.75000000 1 1.00000000 0.00000000 0.00000000 0.00000000
Neuron 552 3 0.68750000 1 1.00000000 0.00000000 0.00000000 0.00000000
Neuron 563 3 0.50000000 1 1.00000000 0.00000000 0.00000000 0.00000000
Neuron 567 3 0.50000000 1 1.00000000 0.00000000 0.00000000 0.00000000
Neuron 569 3 0.50000000 1 1.00000000 0.00000000 0.00000000 0.00000000
Neuron 573 3 0.81250000 1 1.00000000 0.00000000 0.00000000 0.00000000
Neuron 575 3 0.50000000 1 1.00000000 0.00000000 0.00000000 0.00000000
Neuron 582 3 0.18750000 1 1.00000000 0.00000000 0.00000000 0.00000000
Neuron 583 3 0.62500000 1 1.00000000 0.00000000 0.00000000 0.00000000
Neuron 585 3 0.50000000 1 1.00000000 0.00000000 0.00000000 0.00000000
Neuron 586 3 0.87500000 1 1.00000000 0.00000000 0.00000000 0.00000000
Neuron 587 3 0.50000000 1 1.00000000 0.00000000 0.00000000 0.00000000
Neuron 591 3 0.56250000 1 1.00000000 0.00000000 0.00000000 0.00000000
Neuron 593 3 0.37500000 1 1.00000000 0.00000000 0.00000000 0.00000000
Neuron 596 3 0.50000000 1 1.00000000 0.00000000 0.00000000 0.00000000
Neuron 604 3 0.37500000 1 1.00000000 0.00000000 0.00000000 0.00000000
Neuron 605 3 0.87500000 1 1.00000000 0.00000000 0.00000000 0.00000000
Neuron 606 3 0.75000000 1 1.00000000 0.00000000 0.00000000 0.00000000
Neuron 608 3 0.25000000 1 1.00000000 0.00000000 0.00000000 0.00000000
Neuron 610 3 0.87500000 1 1.00000000 0.00000000 0.00000000 0.00000000
Neuron 612 3 0.93750000 1 1.00000000 0.00000000 0.00000000 0.00000000
Neuron 614 3 0.50000000 1 1.00000000 0.00000000 0.00000000 0.00000000
Neuron 622 3 0.96875000 1 1.00000000 0.00000000 0.00000000 0.00000000
Neuron 628 3 0.28125000 1 1.00000000 0.00000000 0.00000000 0.00000000
Neuron 629 3 0.68750000 1 1.00000000 0.00000000 0.00000000 0.00000000
Neuron 631 3 0.37500000 1 1.00000000 0.00000000 0.00000000 0.00000000
Neuron 636 3 0.62500000 1 1.00000000 0.00000000 0.00000000 0.00000000
Neuron 638 3 0.81250000 1 1.00000000 0.00000000 0.00000000 0.00000000
Neuron 642 3 0.75000000 1 1.00000000 0.00000000 0.00000000 0.00000000
Neuron 652 3 0.93750000 1 1.00000000 0.00000000 0.00000000 0.00000000
Neuron 661 3 0.50000000 1 1.00000000 0.00000000 0.00000000 0.00000000
Neuron 669 3 0.37500000 1 1.00000000 0.00000000 0.00000000 0.00000000
Neuron 675 3 0.06250000 1 1.00000000 0.00000000 0.00000000 0.00000000
Neuron 678 3 0.31250000 1 1.00000000 0.00000000 0.00000000 0.00000000
Neuron 684 3 0.50000000 1 1.00000000 0.00000000 0.00000000 0.00000000
Neuron 686 3 0.12500000 1 1.00000000 0.00000000 0.00000000 0.00000000
Neuron 698 3 0.75000000 1 1.00000000 0.00000000 0.00000000 0.00000000
Neuron 709 3 0.75000000 1 1.00000000 0.00000000 0.00000000 0.00000000
Neuron 715 3 0.59375000 1 1.00000000 0.00000000 0.00000000 0.00000000
Neuron 723 3 0.37500000 1 1.00000000 0.00000000 0.00000000 0.00000000
Neuron 725 3 0.87500000 1 1.00000000 0.00000000 0.00000000 0.00000000
Neuron 729 3 0.43750000 1 1.00000000 0.00000000 0.00000000 0.00000000
Neuron 733 3 0.37500000 1 1.00000000 0.00000000 0.00000000 0.00000000
Neuron 756 3 0.65625000 1 1.00000000 0.00000000 0.00000000 0.00000000
Neuron 763 3 0.56250000 1 1.00000000 0.00000000 0.00000000 0.00000000
Neuron 770 3 0.75000000 1 1.00000000 0.00000000 0.00000000 0.00000000
Neuron 776 3 0.65625000 1 1.00000000 0.00000000 0.00000000 0.00000000
Neuron 787 3 0.12500000 1 1.00000000 0.00000000 0.00000000 0.00000000
Neuron 789 3 0.84375000 1 1.00000000 0.00000000 0.00000000 0.00000000
Neuron 790 3 0.25000000 1 1.00000000 0.00000000 0.00000000 0.00000000
Neuron 791 3 0.75000000 1 1.00000000 0.00000000 0.00000000 0.00000000
Neuron 795 3 0.75000000 1 1.00000000 0.00000000 0.00000000 0.00000000
Neuron 796 3 0.62500000 1 1.00000000 0.00000000 0.00000000 0.00000000
Neuron 799 3 0.37500000 1 1.00000000 0.00000000 0.00000000 0.00000000
Neuron 800 3 0.50000000 1 1.00000000 0.00000000 0.00000000 0.00000000
Neuron 811 3 0.43750000 1 1.00000000 0.00000000 0.00000000 0.00000000
Neuron 812 3 0.50000000 1 1.00000000 0.00000000 0.00000000 0.00000000
Neuron 813 3 0.43750000 1 1.00000000 0.00000000 0.00000000 0.00000000
Neuron 815 3 0.50000000 1 1.00000000 0.00000000 0.00000000 0.00000000
Neuron 820 3 0.37500000 1 1.00000000 0.00000000 0.00000000 0.00000000
Neuron 832 3 0.78125000 1 1.00000000 0.00000000 0.00000000 0.00000000
Neuron 844 3 0.50000000 1 1.00000000 0.00000000 0.00000000 0.00000000
Neuron 845 3 0.50000000 1 1.00000000 0.00000000 0.00000000 0.00000000
Neuron 847 3 0.62500000 1 1.00000000 0.00000000 0.00000000 0.00000000
Neuron 848 3 0.78125000 1 1.00000000 0.00000000 0.00000000 0.00000000
Neuron 854 3 0.54687500 1 1.00000000 0.00000000 0.00000000 0.00000000
Neuron 860 3 0.93750000 1 1.00000000 0.00000000 0.00000000 0.00000000
Neuron 872 3 0.50000000 1 1.00000000 0.00000000 0.00000000 0.00000000
Neuron 881 3 0.50000000 1 1.00000000 0.00000000 0.00000000 0.00000000
Neuron 882 3 0.37500000 1 1.00000000 0.00000000 0.00000000 0.00000000
Neuron 883 3 0.87500000 1 1.00000000 0.00000000 0.00000000 0.00000000
Neuron 884 3 0.56250000 1 1.00000000 0.00000000 0.00000000 0.00000000
Neuron 892 3 0.75000000 1 1.00000000 0.00000000 0.00000000 0.00000000
Neuron 901 3 0.90625000 1 1.00000000 0.00000000 0.00000000 0.00000000
Neuron 903 3 0.50000000 1 1.00000000 0.00000000 0.00000000 0.00000000
Neuron 905 3 0.25000000 1 1.00000000 0.00000000 0.00000000 0.00000000
Neuron 912 3 0.56250000 1 1.00000000 0.00000000 0.00000000 0.00000000
Neuron 915 3 0.12500000 1 1.00000000 0.00000000 0.00000000 0.00000000
Neuron 918 3 1.00000000 1 1.00000000 0.00000000 0.00000000 0.00000000
Neuron 920 3 0.62500000 1 1.00000000 0.00000000 0.00000000 0.00000000
Neuron 923 3 0.56250000 1 1.00000000 0.00000000 0.00000000 0.00000000
Neuron 942 3 0.75000000 1 1.00000000 0.00000000 0.00000000 0.00000000
Neuron 947 3 0.40625000 1 1.00000000 0.00000000 0.00000000 0.00000000
Neuron 949 3 0.75000000 1 1.00000000 0.00000000 0.00000000 0.00000000
Neuron 971 3 0.50000000 1 1.00000000 0.00000000 0.00000000 0.00000000
Neuron 982 3 0.75000000 1 1.00000000 0.00000000 0.00000000 0.00000000
Neuron 993 3 0.81250000 1 1.00000000 0.00000000 0.00000000 0.00000000
Neuron 998 3 1.00000000 1 1.00000000 0.00000000 0.00000000 0.00000000
Neuron 1003 3 0.93750000 1 1.00000000 0.00000000 0.00000000 0.00000000
Neuron 1008 3 0.62500000 1 1.00000000 0.00000000 0.00000000 0.00000000
Neuron 1010 3 0.43750000 1 1.00000000 0.00000000 0.00000000 0.00000000
Neuron 1020 3 0.18750000 1 1.00000000 0.00000000 0.00000000 0.00000000
Neuron 1024 3 0.82812500 1 1.00000000 0.00000000 0.00000000 0.00000000
Neuron 1045 3 0.56250000 1 1.00000000 0.00000000 0.00000000 0.00000000
Neuron 1054 3 0.90625000 1 1.00000000 0.00000000 0.00000000 0.00000000
Neuron 1058 3 0.18750000 1 1.00000000 0.00000000 0.00000000 0.00000000
Neuron 1062 3 0.76562500 1 1.00000000 0.00000000 0.00000000 0.00000000
Neuron 1065 3 0.09375000 1 1.00000000 0.00000000 0.00000000 0.00000000
Neuron 1081 3 0.78125000 1 1.00000000 0.00000000 0.00000000 0.00000000
Neuron 1082 3 0.31250000 1 1.00000000 0.00000000 0.00000000 0.00000000
Neuron 1090 3 0.78125000 1 1.00000000 0.00000000 0.00000000 0.00000000
Neuron 1094 3 0.62500000 1 1.00000000 0.00000000 0.00000000 0.00000000
Neuron 1096 3 0.62500000 1 1.00000000 0.00000000 0.00000000 0.00000000
Neuron 1098 3 0.68750000 1 1.00000000 0.00000000 0.00000000 0.00000000
Neuron 1102 3 0.25000000 1 1.00000000 0.00000000 0.00000000 0.00000000
Neuron 1106 3 0.96875000 1 1.00000000 0.00000000 0.00000000 0.00000000
Neuron 1113 3 0.79687500 1 1.00000000 0.00000000 0.00000000 0.00000000
Neuron 1117 3 0.53125000 1 1.00000000 0.00000000 0.00000000 0.00000000
Neuron 1119 3 0.87500000 1 1.00000000 0.00000000 0.00000000 0.00000000
Neuron 1131 3 0.43750000 1 1.00000000 0.00000000 0.00000000 0.00000000
Neuron 1135 3 0.68750000 1 1.00000000 0.00000000 0.00000000 0.00000000
Neuron 1161 3 0.62500000 1 1.00000000 0.00000000 0.00000000 0.00000000
Neuron 1184 3 0.31250000 1 1.00000000 0.00000000 0.00000000 0.00000000
Neuron 1188 3 0.25000000 1 1.00000000 0.00000000 0.00000000 0.00000000
Neuron 1196 3 0.56250000 1 1.00000000 0.00000000 0.00000000 0.00000000
Neuron 1199 3 0.25000000 1 1.00000000 0.00000000 0.00000000 0.00000000
Neuron 1201 3 0.43750000 1 1.00000000 0.00000000 0.00000000 0.00000000
Neuron 1202 3 0.31250000 1 1.00000000 0.00000000 0.00000000 0.00000000
Neuron 1203 3 0.76562500 1 1.00000000 0.00000000 0.00000000 0.00000000
Neuron 1208 3 0.56250000 1 1.00000000 0.00000000 0.00000000 0.00000000
Neuron 1236 3 0.12500000 1 1.00000000 0.00000000 0.00000000 0.00000000
Neuron 1267 3 0.81250000 1 1.00000000 0.00000000 0.00000000 0.00000000
Neuron 1280 3 0.56250000 1 1.00000000 0.00000000 0.00000000 0.00000000
Neuron 1292 3 0.62500000 1 1.00000000 0.00000000 0.00000000 0.00000000
Neuron 1308 3 0.62500000 1 1.00000000 0.00000000 0.00000000 0.00000000
Neuron 1309 3 0.50000000 1 1.00000000 0.00000000 0.00000000 0.00000000
Neuron 1315 3 0.95312500 1 1.00000000 0.00000000 0.00000000 0.00000000
Neuron 1322 3 0.37500000 1 1.00000000 0.00000000 0.00000000 0.00000000
Neuron 1338 3 0.56250000 1 1.00000000 0.00000000 0.00000000 0.00000000
Neuron 1343 3 0.37500000 1 1.00000000 0.00000000 0.00000000 0.00000000
Neuron 1346 3 0.50000000 1 1.00000000 0.00000000 0.00000000 0.00000000
Neuron 1347 3 0.70312500 1 1.00000000 0.00000000 0.00000000 0.00000000
Neuron 1384 3 0.25000000 1 1.00000000 0.00000000 0.00000000 0.00000000
Neuron 1408 3 0.75000000 1 1.00000000 0.00000000 0.00000000 0.00000000
Neuron 1423 3 0.75000000 1 1.00000000 0.00000000 0.00000000 0.00000000
Neuron 1424 3 0.37500000 1 1.00000000 0.00000000 0.00000000 0.00000000
Neuron 1443 3 0.90625000 1 1.00000000 0.00000000 0.00000000 0.00000000
Neuron 1466 3 0.12500000 1 1.00000000 0.00000000 0.00000000 0.00000000
Neuron 1537 3 0.59375000 1 1.00000000 0.00000000 0.00000000 0.00000000
Neuron 1539 3 0.25000000 1 1.00000000 0.00000000 0.00000000 0.00000000
Neuron 1544 3 0.50000000 1 1.00000000 0.00000000 0.00000000 0.00000000
Neuron 1626 3 0.12500000 1 1.00000000 0.00000000 0.00000000 0.00000000
Neuron 1667 3 0.50000000 1 1.00000000 0.00000000 0.00000000 0.00000000
Neuron 1686 3 0.78125000 1 1.00000000 0.00000000 0.00000000 0.00000000
Neuron 1688 3 0.59375000 1 1.00000000 0.00000000 0.00000000 0.00000000
Neuron 1695 3 0.25000000 1 1.00000000 0.00000000 0.00000000 0.00000000
Neuron 1696 3 0.50000000 1 1.00000000 0.00000000 0.00000000 0.00000000
Neuron 1717 3 0.59375000 1 1.00000000 0.00000000 0.00000000 0.00000000
Neuron 1766 3 0.37500000 1 1.00000000 0.00000000 0.00000000 0.00000000
Neuron 1816 3 0.68750000 1 1.00000000 0.00000000 0.00000000 0.00000000
Neuron 1819 3 0.57812500 1 1.00000000 0.00000000 0.00000000 0.00000000
Neuron 1822 3 0.65625000 1 1.00000000 0.00000000 0.00000000 0.00000000
Neuron 1856 3 0.84375000 1 1.00000000 0.00000000 0.00000000 0.00000000
Neuron 1925 3 0.96875000 1 1.00000000 0.00000000 0.00000000 0.00000000
Neuron 1938 3 0.50000000 1 1.00000000 0.00000000 0.00000000 0.00000000
Neuron 2007 3 0.57812500 1 1.00000000 0.00000000 0.00000000 0.00000000
Link 1 10 1 0 0.40683868
Link 2 10 2 0 0.54801917
Link 3 10 3 0 -1.31485668
Link 4 10 4 0 -0.04864090
Link 5 10 5 0 1.68330655
Link 6 10 6 0 0.53850054
Link 7 10 7 0 2.77971310
Link 8 10 8 0 0.83703106
Link 9 10 9 0 2.43982615
Link 1 11 10 0 -2.55201127
Link 2 11 11 0 0.67714002
Link 3 11 12 0 -3.33058089
Link 4 11 13 0 2.03665251
Link 7 11 16 0 1.42640243
Link 8 11 17 0 -1.16125803
Link 9 11 18 0 -3.00716582
Link 1 12 19 0 -2.45242356
Link 2 12 20 0 -3.61446188
Link 3 12 21 0 0.41856984
Link 4 12 22 0 -4.48120955
Link 5 12 23 0 -2.41589806
Link 6 12 24 0 -1.69955758
Link 7 12 25 0 0.22710821
Link 8 12 26 0 -1.86736716
Link 9 12 27 0 1.96919411
Link 1 13 28 0 -5.46805572
Link 2 13 29 0 2.68447930
Link 3 13 30 0 -0.59709786
Link 4 13 31 0 1.01682444
Link 5 13 32 0 2.27705215
Link 6 13 33 0 2.79851944
Link 7 13 34 0 -0.93700801
Link 8 13 35 0 3.38137874
Link 9 13 36 0 0.55981612
Link 1 14 37 0 0.66387891
Link 2 14 38 0 0.80949051
Link 3 14 39 0 1.06646696
Link 4 14 40 0 -3.56701063
Link 6 14 42 0 1.91790801
Link 7 14 43 0 0.34513197
Link 8 14 44 0 -1.37484915
Link 9 14 45 0 2.67528738
Link 3 15 48 0 -5.08361815
Link 4 15 49 0 1.07690112
Link 5 15 50 0 0.70683630
Link 6 15 51 0 1.45187288
Link 7 15 52 0 4.28286880
Link 8 15 53 0 -2.98601724
Link 9 15 54 0 2.23123793
Link 1 16 55 0 1.65643753
Link 3 16 57 0 3.30074969
Link 4 16 58 0 -1.65610284
Link 6 16 60 0 0.94168171
Link 7 16 61 0 -1.07544731
Link 9 16 63 0 0.30380097
Link 18 15 69 0 2.67113154
Link 6 19 71 0 0.87720091
Link 19 11 72 0 0.98008435
Link 4 20 74 0 -0.13398957
Link 20 10 75 0 4.23177245
Link 6 22 80 0 -1.65123019
Link 22 16 81 0 0.24751471
Link 8 23 83 0 -0.85967755
Link 23 15 84 0 0.21608539
Link 6 24 86 0 1.44944678
Link 24 13 87 0 -1.44571100
Link 25 15 90 0 0.99910716
Link 5 26 92 0 0.61707598
Link 26 14 93 0 -4.18243114
Link 2 27 95 0 4.20231309
Link 27 16 96 0 1.38607953
Link 28 16 99 0 0.41060877
Link 6 30 104 0 0.96907230
Link 30 15 105 0 0.44739521
Link 5 32 110 0 1.75139076
Link 32 10 111 0 2.16671389
Link 33 12 114 0 -2.20768149
Link 4 34 116 0 1.04298724
Link 34 15 117 0 -3.35080991
Link 8 37 125 0 -3.58480025
Link 37 16 126 0 -2.02483610
Link 1 38 129 0 -0.22484581
Link 7 39 134 0 1.84183668
Link 39 16 135 0 -3.33756612
Link 7 40 137 0 2.75840571
Link 40 13 138 0 -3.48432085
Link 2 41 140 0 0.94580579
Link 41 13 141 0 4.25775012
Link 42 12 144 0 -0.13299041
Link 8 43 146 0 -1.05484702
Link 43 11 147 0 0.13326281
Link 8 44 149 0 1.77265440
Link 3 45 153 0 -0.78253801
Link 45 11 154 0 0.01245683
Link 37 46 157 0 0.70404318
Link 46 16 158 0 2.05241934
Link 4 47 162 0 0.62165638
Link 47 11 163 0 -1.03097035
Link 2 49 169 0 1.11910969
Link 1 50 172 0 3.91396435
Link 50 10 173 0 -0.06917761
Link 51 15 176 0 -1.96061366
Link 4 53 182 0 -3.01333653
Link 53 12 183 0 -0.68242203
Link 5 54 188 0 -0.41995377
Link 54 11 189 0 1.13056692
Link 6 55 192 0 2.49114268
Link 55 10 193 0 2.42112902
Link 11 11 198 1 1.97704833
Link 56 14 204 0 -0.30359184
Link 5 18 206 0 -2.28113961
Link 3 18 207 0 -1.23856785
Link 5 57 212 0 -1.20217467
Link 6 59 219 0 -2.40741116
Link 5 60 222 0 0.05038201
Link 60 15 223 0 -2.71398809
Link 7 61 225 0 1.78850226
Link 61 10 226 0 -3.05361181
Link 12 18 227 1 -1.07799985
Link 62 14 233 0 -3.71803582
Link 3 63 236 0 -1.97910711
Link 63 12 237 0 -2.39647472
Link 3 66 250 0 -1.45335694
Link 66 13 251 0 0.53450500
Link 33 70 269 0 -1.70977628
Link 70 12 270 0 -0.24201486
Link 12 12 274 1 2.27364657
Link 5 73 285 0 0.74354806
Link 73 12 286 0 1.19245954
Link 43 13 289 0 0.43788521
Link 43 33 292 0 0.30934866
Link 4 74 295 0 -1.76926797
Link 74 16 296 0 1.12109751
Link 15 27 299 1 -1.69323563
Link 16 16 308 1 -0.87737178
Link 5 76 313 0 -1.95669167
Link 76 32 314 0 -2.82853997
Link 8 78 320 0 2.03566601
Link 78 12 321 0 -0.41836164
Link 27 80 326 0 2.89089799
Link 9 52 333 0 -0.48168860
Link 14 44 343 1 1.72524273
Link 4 81 346 0 1.52684394
Link 6 82 349 0 -0.50816915
Link 82 12 350 0 -1.13058502
Link 4 37 354 0 -2.60966076
Link 3 83 362 0 -3.76258413
Link 83 14 363 0 0.09081070
Link 2 84 369 0 0.86293345
Link 84 10 370 0 -0.11075483
Link 2 52 380 0 -4.30731509
Link 2 85 382 0 -1.43352177
Link 85 14 383 0 0.79159225
Link 11 27 393 1 1.11330028
Link 8 88 402 0 2.77354090
Link 66 27 418 0 2.51719047
Link 1 18 428 0 -1.40206622
Link 13 37 432 1 -1.10270994
Link 7 18 444 0 2.15580073
Link 4 39 454 0 -1.45678901
Link 32 96 475 0 -1.90827200
Link 96 10 476 0 -1.82257253
Link 66 97 497 0 -1.01794518
Link 97 13 498 0 2.99607643
Link 18 99 505 0 1.32194688
Link 99 15 506 0 1.17547446
Link 32 101 518 0 -0.78157162
Link 101 62 519 0 1.96232484
Link 81 102 524 0 2.34325271
Link 102 14 525 0 -1.51228422
Link 2 66 529 0 -0.06178636
Link 16 72 536 1 -2.20870831
Link 57 106 559 0 2.04445100
Link 106 13 560 0 2.01232697
Link 2 107 564 0 -1.44393514
Link 107 18 565 0 2.75917607
Link 109 10 573 0 -0.09302315
Link 72 12 574 0 0.22109460
Link 54 110 577 0 -0.78657257
Link 110 11 578 0 0.15485481
Link 60 55 597 0 1.06243235
Link 38 114 618 0 -1.54487672
Link 114 15 619 0 1.91052506
Link 1 116 627 0 1.37430516
Link 116 72 628 0 -0.65971980
Link 16 27 634 1 -0.59307329
Link 44 118 648 0 -2.69650519
Link 118 14 649 0 0.38738025
Link 16 52 675 1 0.87581528
Link 9 66 707 0 2.08077937
Link 4 127 721 0 -4.91816527
Link 127 47 722 0 2.76456219
Link 13 13 724 1 -2.03049924
Link 15 129 735 1 -0.12501574
Link 129 27 736 1 -0.56059723
Link 8 132 774 0 4.85879138
Link 11 32 785 1 -0.40967216
Link 2 139 829 0 2.05571765
Link 139 49 830 0 -1.42634564
Link 3 141 852 0 2.39132996
Link 141 25 853 0 1.81449897
Link 27 10 886 0 -1.96246076
Link 52 146 892 0 0.88611842
Link 146 13 893 0 1.49048982
Link 27 147 895 0 0.17548341
Link 147 80 896 0 -3.26135257
Link 2 149 909 0 3.07326636
Link 149 107 910 0 -4.05686196
Link 62 159 977 0 2.98294482
Link 159 14 978 0 0.31422155
Link 47 160 983 0 1.21326450
Link 160 11 984 0 -0.18370655
Link 27 72 985 0 -1.32793619
Link 27 99 987 0 -0.52569443
Link 3 165 1014 0 -0.60400352
Link 165 27 1015 0 -1.32919293
Link 3 169 1038 0 4.04435044
Link 169 65 1039 0 -2.24744834
Link 7 170 1041 0 -1.75361586
Link 170 56 1042 0 -0.22781377
Link 43 171 1044 0 -1.31812581
Link 171 11 1045 0 -0.39978548
Link 54 32 1069 0 -1.10725670
Link 78 176 1075 0 2.44319140
Link 176 12 1076 0 2.68374076
Link 177 12 1083 0 -0.22697861
Link 5 181 1120 0 -1.11402347
Link 181 60 1121 0 0.81548031
Link 16 43 1131 1 3.09657386
Link 26 186 1159 0 -3.50694714
Link 186 14 1160 0 -1.37056729
Link 6 60 1181 0 -0.40950577
Link 28 190 1186 0 -0.78264791
Link 165 192 1206 0 3.05509777
Link 192 27 1207 0 1.52412439
Link 23 197 1225 0 1.42991007
Link 197 15 1226 0 2.39825483
Link 74 206 1292 0 -1.51662268
Link 206 16 1293 0 -1.99074567
Link 7 207 1295 0 1.01878864
Link 207 51 1296 0 2.12672318
Link 12 208 1298 1 -0.75255952
Link 208 18 1299 1 -0.36658213
Link 8 212 1313 0 1.02315955
Link 212 14 1314 0 -1.29189538
Link 2 221 1360 0 0.45182673
Link 221 66 1361 0 0.07100866
Link 37 49 1371 0 -2.03961517
Link 16 88 1375 1 -2.02118107
Link 3 225 1384 0 0.31607029
Link 225 63 1385 0 0.13716883
Link 8 229 1415 0 0.04707754
Link 229 23 1416 0 -0.75938353
Link 6 235 1452 0 -1.82723164
Link 235 18 1453 0 0.85362744
Link 63 236 1461 0 -0.14726492
Link 236 12 1462 0 1.47854625
Link 3 238 1475 0 -0.21613698
Link 238 16 1476 0 0.34658417
Link 107 241 1492 0 2.21896946
Link 5 244 1506 0 -2.38456244
Link 244 28 1507 0 3.32961109
Link 116 116 1510 1 4.32986276
Link 254 236 1574 0 -0.25612440
Link 80 255 1576 0 -2.64150815
Link 255 16 1577 0 2.03820060
Link 39 51 1578 0 4.75267930
Link 27 256 1583 0 2.26788491
Link 256 72 1584 0 -0.27601344
Link 8 50 1592 0 2.01336076
Link 42 37 1594 0 1.37839132
Link 258 109 1600 0 -0.17006233
Link 51 38 1637 0 1.59036243
Link 3 267 1649 0 -2.89708485
Link 267 66 1650 0 1.26047827
Link 7 54 1653 0 0.96371635
Link 10 197 1664 1 -0.88275621
Link 60 65 1689 0 2.14185318
Link 15 273 1708 1 1.08906748
Link 83 274 1715 0 1.12098118
Link 274 14 1716 0 3.97521987
Link 10 235 1723 1 -2.08196565
Link 85 22 1755 0 -0.83413913
Link 54 43 1776 0 0.10940142
Link 88 16 1796 0 1.13949123
Link 27 286 1804 0 3.96605772
Link 286 14 1805 0 0.39784042
Link 5 84 1806 0 -0.29847963
Link 289 60 1824 0 2.23714955
Link 3 290 1834 0 4.11966997
Link 290 165 1835 0 -0.46652555
Link 3 292 1847 0 1.53202972
Link 292 18 1848 0 0.91379412
Link 65 294 1867 0 -0.92813955
Link 294 16 1868 0 2.99636715
Link 60 62 1869 0 2.66487147
Link 55 106 1920 0 2.94792765
Link 88 303 1932 0 0.31523611
Link 303 43 1933 0 2.85547068
Link 311 14 1986 0 -0.62255168
Link 106 313 1991 0 1.44933882
Link 313 13 1992 0 0.72005982
Link 26 23 2006 0 3.66764591
Link 55 318 2042 0 0.20153620
Link 318 258 2043 0 -1.45695424
Link 1 319 2049 0 -2.72085096
Link 319 38 2050 0 2.09051194
Link 3 330 2117 0 1.75294066
Link 38 334 2133 0 -0.64455149
Link 334 114 2134 0 -0.92582355
Link 49 336 2150 0 0.95364646
Link 336 177 2151 0 -2.02722496
Link 8 197 2167 0 -3.65506846
Link 10 51 2183 1 1.04334209
Link 72 52 2192 0 -0.40033195
Link 66 10 2206 0 1.19516846
Link 343 78 2210 0 -1.02517205
Link 30 23 2220 0 0.70652599
Link 27 55 2253 0 -0.44366034
Link 15 60 2281 1 -3.77877386
Link 15 357 2303 1 1.98439179
Link 357 273 2304 1 0.46856580
Link 1 235 2305 0 1.87724170
Link 99 359 2326 0 0.15360631
Link 359 15 2327 0 2.51727279
Link 45 363 2348 0 -0.10737340
Link 363 11 2349 0 0.68910777
Link 66 16 2350 0 -3.30753170
Link 1 366 2367 0 -3.54263895
Link 366 18 2368 0 0.12870800
Link 235 197 2382 0 0.60670867
Link 72 27 2401 0 -0.78667586
Link 11 23 2450 1 -0.85315620
Link 18 380 2475 0 1.18195419
Link 380 85 2476 0 -0.28144023
Link 55 383 2491 0 1.09834338
Link 383 106 2492 0 0.43227829
Link 146 384 2495 1 2.34725567
Link 384 65 2496 1 -3.22744069
Link 8 385 2503 0 -3.08227821
Link 80 57 2553 1 1.53268615
Link 13 390 2555 1 0.97964181
Link 390 272 2556 1 2.54400030
Link 88 391 2565 0 0.36065213
Link 391 303 2566 0 -0.79706117
Link 16 392 2569 1 0.58928820
Link 392 60 2570 1 -2.69621806
Link 384 395 2599 1 0.76101499
Link 395 65 2600 1 0.44946057
Link 10 400 2628 1 0.83985954
Link 400 197 2629 1 2.08643193
Link 114 78 2665 1 0.20891052
Link 21 408 2676 0 -3.03339808
Link 408 10 2677 0 -2.67414022
Link 14 238 2739 1 -0.05069681
Link 4 425 2783 0 0.57047441
Link 432 16 2854 0 -0.88788896
Link 23 433 2857 0 -2.41072714
Link 433 15 2858 0 0.28129949
Link 26 26 2866 1 -0.26525581
Link 7 435 2874 0 -1.67881443
Link 435 27 2875 0 4.60840824
Link 2 33 2879 0 -3.83305347
Link 439 55 2896 0 -2.55373217
Link 80 440 2898 1 -1.17995009
Link 363 18 2903 1 0.26746397
Link 23 32 2917 0 -3.39033687
Link 4 444 2927 0 -0.46451722
Link 444 37 2928 0 -1.70223843
Link 114 445 2930 1 1.37232177
Link 445 114 2931 1 0.13597459
Link 447 13 2944 0 -0.55523006
Link 272 272 2964 1 1.76379244
Link 57 449 2966 0 -1.77279041
Link 449 106 2967 0 -1.32489605
Link 27 177 3001 0 2.42716749
Link 272 455 3032 1 2.30885768
Link 229 469 3139 0 -2.00536654
Link 23 471 3147 0 -1.12057284
Link 471 32 3148 0 -0.24136326
Link 6 472 3150 0 -1.97340601
Link 472 432 3151 0 0.53871613
Link 6 170 3155 0 3.42553246
Link 54 473 3162 0 0.08348003
Link 473 66 3163 0 -0.78520137
Link 45 475 3172 0 1.09069432
Link 475 51 3173 0 0.17174278
Link 318 479 3194 0 -0.44222948
Link 479 258 3195 0 2.97400728
Link 2 480 3198 0 1.59220106
Link 480 14 3199 0 -0.99584338
Link 114 481 3216 0 -3.48716365
Link 481 15 3217 0 -0.72163242
Link 51 26 3219 0 1.96437567
Link 482 311 3227 0 0.01530261
Link 8 485 3252 0 -0.37622193
Link 485 229 3253 0 -0.32090237
Link 8 492 3295 0 0.68847220
Link 492 11 3296 0 1.92186866
Link 311 499 3341 0 -3.06431808
Link 499 14 3342 0 0.00963972
Link 190 504 3373 0 -0.00541022
Link 504 16 3374 0 -2.54177798
Link 107 508 3413 0 0.88492480
Link 508 439 3414 0 -1.90892228
Link 27 509 3417 0 0.21194117
Link 509 177 3418 0 -0.62971034
Link 6 54 3421 0 -1.12191215
Link 85 267 3432 1 3.07642320
Link 72 514 3469 0 0.94640075
Link 514 482 3470 0 -0.02407829
Link 515 55 3477 0 -0.49098359
Link 6 106 3478 0 -0.93660998
Link 52 30 3499 0 0.49456325
Link 78 44 3503 0 -3.04470748
Link 3 519 3509 0 1.91806544
Link 519 267 3510 0 -0.17383058
Link 13 520 3512 1 -0.17189154
Link 520 13 3513 1 -2.08676702
Link 55 522 3551 0 -3.30204210
Link 522 318 3552 0 -0.42412348
Link 165 10 3554 0 1.14533149
Link 526 504 3596 0 -2.32192158
Link 99 114 3611 0 -1.40906880
Link 432 42 3613 0 4.19007035
Link 54 55 3621 0 -0.68897789
Link 16 80 3659 1 -1.24200283
Link 535 15 3677 0 -2.34280574
Link 23 10 3703 0 1.13481938
Link 197 541 3711 0 0.60646673
Link 541 15 3712 0 1.33147783
Link 38 30 3746 0 0.34461683
Link 6 546 3755 0 -0.33981553
Link 546 14 3756 0 1.72838380
Link 66 548 3781 0 0.51178982
Link 548 16 3782 0 -0.28415476
Link 23 549 3791 0 -0.50810768
Link 549 13 3792 0 -4.48811675
Link 5 80 3794 0 0.64824222
Link 552 359 3807 0 0.93964979
Link 45 22 3809 0 -0.55315887
Link 49 74 3817 0 0.08182173
Link 114 38 3819 1 4.30670676
Link 18 52 3836 0 3.89096888
Link 515 563 3865 0 -0.86054906
Link 563 55 3866 0 -0.57344080
Link 176 176 3896 1 -2.12350802
Link 480 480 3921 1 1.87487565
Link 567 15 3927 0 -0.90690023
Link 5 318 3930 0 0.44537463
Link 3 569 3947 0 -1.40992583
Link 569 10 3948 0 0.50227330
Link 267 26 3959 0 -2.33049215
Link 99 573 3970 0 -1.05321444
Link 573 359 3971 0 0.10918490
Link 107 515 3989 0 -1.14725321
Link 5 575 4000 0 1.67410023
Link 575 11 4001 0 1.97872970
Link 12 57 4009 1 3.30160991
Link 26 42 4025 0 1.34683541
Link 165 114 4055 0 -0.46240376
Link 485 582 4060 0 -3.66346722
Link 582 229 4061 0 -3.20393578
Link 37 59 4074 0 -0.99730587
Link 165 380 4095 0 -2.23608584
Link 53 380 4098 0 -1.20949358
Link 27 585 4100 0 0.42726152
Link 585 515 4101 0 -1.06348825
Link 72 44 4104 0 2.62450507
Link 586 12 4111 0 -1.99874466
Link 475 475 4113 1 2.49756144
Link 27 587 4115 0 -0.14475197
Link 587 66 4116 0 0.98909073
Link 255 255 4126 1 3.61218583
Link 34 81 4139 0 0.57711837
Link 11 591 4141 1 1.27744118
Link 591 290 4142 1 3.81103748
Link 311 439 4158 1 1.70856044
Link 472 593 4165 0 2.37232954
Link 3 596 4177 0 1.74242109
Link 596 13 4178 0 -1.33331043
Link 38 80 4213 0 1.30833363
Link 6 604 4244 0 1.66226845
Link 604 106 4245 0 -2.22187697
Link 5 62 4253 0 1.54786997
Link 549 605 4268 0 1.77962162
Link 605 13 4269 0 -1.42951738
Link 43 45 4273 0 3.80915372
Link 176 606 4287 1 0.91040154
Link 606 176 4288 1 0.83424637
Link 54 45 4302 0 -0.00381085
Link 8 608 4335 0 3.17883080
Link 608 23 4336 0 4.00229701
Link 10 139 4358 1 -3.84340651
Link 176 610 4371 0 0.34792758
Link 221 54 4383 0 -1.26207215
Link 610 612 4389 0 0.44640160
Link 612 12 4390 0 0.23162692
Link 165 28 4392 0 -3.30221914
Link 18 614 4405 0 0.81489082
Link 614 27 4406 0 -3.77530860
Link 2 318 4445 0 2.18392323
Link 380 492 4459 0 -0.71723493
Link 54 384 4462 0 0.95863385
Link 525 622 4471 0 -1.13182783
Link 622 15 4472 0 -0.94435031
Link 27 229 4477 1 -3.95472808
Link 5 628 4540 0 2.14525950
Link 628 318 4541 0 1.84332068
Link 258 176 4551 0 -1.47516840
Link 55 629 4553 0 1.87406362
Link 629 586 4554 0 2.68283476
Link 5 631 4560 0 -0.89780556
Link 273 636 4592 1 0.63227418
Link 636 42 4593 1 -1.29765785
Link 106 638 4603 0 0.88407412
Link 638 313 4604 0 1.58323179
Link 642 10 4630 0 -2.42449154
Link 53 27 4643 0 2.01230408
Link 8 549 4696 0 -1.91258807
Link 492 33 4703 0 3.02312314
Link 26 229 4705 1 3.76210936
Link 313 652 4716 0 2.76889575
Link 652 13 4717 0 -1.48154427
Link 85 34 4724 0 1.01011895
Link 13 359 4746 1 -0.72715676
Link 439 109 4788 0 -0.77829025
Link 4 661 4791 0 -0.92675467
Link 661 16 4792 0 1.73430560
Link 78 273 4803 0 -0.32832081
Link 99 147 4840 1 -3.69588471
Link 165 669 4857 0 0.39049846
Link 669 28 4858 0 -0.50841337
Link 8 675 4903 0 -3.71310469
Link 675 485 4904 0 -2.95412712
Link 52 176 4914 0 -1.46752749
Link 107 678 4942 0 -1.41600903
Link 678 241 4943 0 0.19748534
Link 5 684 4972 0 -0.12804468
Link 684 16 4973 0 0.46707299
Link 8 686 4979 0 -2.39323417
Link 686 343 4980 0 0.67592301
Link 698 15 5135 0 -1.07101711
Link 24 66 5197 0 -2.64845512
Link 221 37 5201 0 -3.32790041
Link 165 492 5211 0 0.37436461
Link 552 38 5217 1 -0.29969936
Link 7 549 5219 0 1.26122433
Link 99 709 5225 0 1.30249814
Link 709 114 5226 0 -1.09731857
Link 165 14 5243 0 6.20204731
Link 289 289 5244 1 -0.71595832
Link 43 715 5259 0 2.13778198
Link 715 552 5260 0 0.21882054
Link 267 170 5267 0 -2.00947279
Link 343 723 5321 0 1.37570134
Link 723 78 5322 0 2.16300441
Link 16 725 5347 1 -1.15863504
Link 725 114 5348 1 3.08890122
Link 53 43 5352 0 1.36059177
Link 241 729 5394 0 -1.74502569
Link 729 18 5395 0 1.06619870
Link 473 42 5403 0 3.20585018
Link 244 733 5443 0 -0.85210602
Link 733 28 5444 0 3.27865430
Link 221 43 5471 0 -0.25236747
Link 59 472 5475 1 0.62736505
Link 78 24 5497 0 -0.05702056
Link 439 37 5520 0 0.45210125
Link 482 73 5543 1 -1.64403207
Link 49 563 5593 0 0.14235070
Link 177 177 5631 1 -1.07686351
Link 508 756 5637 0 -2.69096810
Link 756 13 5638 0 3.41430524
Link 763 254 5671 0 -1.88340839
Link 60 359 5678 0 0.42103552
Link 30 522 5707 0 -0.50677756
Link 366 366 5729 1 -1.84337271
Link 114 770 5732 0 0.58522179
Link 56 37 5735 0 -2.37071846
Link 318 776 5771 0 2.34552661
Link 776 272 5772 0 -3.06736580
Link 107 54 5807 0 2.03432190
Link 515 515 5841 1 1.51915201
Link 169 102 5850 0 -0.31777378
Link 23 482 5859 0 -2.15285752
Link 5 787 5888 0 0.61607624
Link 787 181 5889 0 -1.33605658
Link 789 359 5905 0 1.55312647
Link 5 790 5907 0 1.11120347
Link 790 78 5908 0 -3.34682419
Link 38 34 5910 0 0.83178578
Link 770 791 5919 0 -0.41693999
Link 791 549 5920 0 -1.77794243
Link 177 272 5944 0 -1.79160754
Link 78 795 5971 0 -1.80436915
Link 795 12 5972 0 0.66748576
Link 440 481 5974 0 -0.66422576
Link 165 796 5977 0 1.37467640
Link 796 14 5978 0 0.87974098
Link 28 236 5982 0 1.00302856
Link 83 97 5989 0 -3.78531952
Link 330 799 5995 0 -1.17871369
Link 475 800 5998 1 -1.48260119
Link 800 475 5999 1 -0.20006924
Link 6 573 6014 0 1.23505225
Link 107 313 6027 0 1.85062629
Link 114 16 6035 0 2.41622662
Link 192 811 6074 0 -0.20897961
Link 811 27 6075 0 -2.30884777
Link 23 812 6082 0 0.00097969
Link 812 57 6083 0 -1.90020168
Link 81 22 6086 0 -0.32354914
Link 165 41 6091 0 -1.22002118
Link 43 60 6105 0 0.97766507
Link 593 813 6113 0 -1.49679397
Link 813 432 6114 0 -3.27939826
Link 57 258 6122 0 4.21629933
Link 475 815 6129 0 0.01099421
Link 820 54 6176 0 0.68259392
Link 439 18 6224 0 3.21210988
Link 832 526 6265 0 -0.25108811
Link 40 18 6285 0 0.86756000
Link 38 844 6356 0 0.35876206
Link 844 32 6357 0 -2.58637312
Link 24 845 6359 0 -0.98684878
Link 845 66 6360 0 3.74342687
Link 165 847 6367 0 -0.91961531
Link 73 482 6377 0 0.97417168
Link 848 573 6384 0 -1.67828278
Link 313 525 6409 0 1.26411514
Link 522 854 6427 0 0.16924874
Link 854 318 6428 0 2.24444843
Link 255 860 6460 0 0.77340369
Link 860 10 6461 0 0.74290587
Link 334 132 6506 1 -1.37447346
Link 165 872 6556 0 -1.11985513
Link 872 114 6557 0 1.78582698
Link 844 43 6622 0 -0.36341901
Link 27 881 6643 0 -1.05921613
Link 881 585 6644 0 -0.99303869
Link 882 229 6651 1 2.19167988
Link 99 883 6654 0 0.97784621
Link 883 11 6655 0 0.12721473
Link 27 884 6661 0 -2.08080526
Link 884 147 6662 0 -0.63079928
Link 5 515 6670 0 -0.53182053
Link 604 573 6677 0 2.46356601
Link 432 84 6722 0 -1.99532617
Link 49 892 6743 0 -1.15882361
Link 892 12 6744 0 1.65044901
Link 546 313 6773 0 2.60787996
Link 475 190 6788 0 -2.69018180
Link 28 28 6791 1 -1.94718698
Link 359 901 6803 0 1.56188368
Link 901 525 6804 0 1.81952822
Link 290 290 6809 1 -0.41567832
Link 2 292 6814 0 0.75422646
Link 492 903 6820 1 -1.67297078
Link 241 109 6830 0 -0.76952844
Link 290 44 6853 0 -0.01109207
Link 366 905 6855 1 4.98498149
Link 905 366 6856 1 1.74244711
Link 23 176 6870 0 1.31018828
Link 770 525 6882 0 -1.68363950
Link 385 912 6920 0 0.75809640
Link 912 197 6921 0 -2.03039342
Link 313 522 6922 1 3.62654380
Link 84 520 6939 0 -0.70297481
Link 6 915 6949 0 0.66227680
Link 915 289 6950 0 -2.67196711
Link 13 638 6953 1 -0.24553604
Link 13 918 6972 1 -2.42516957
Link 918 13 6973 1 5.13385171
Link 34 920 6996 0 -2.28819861
Link 920 535 6997 0 1.55843339
Link 631 923 7013 0 1.00000000
Link 923 80 7014 0 -1.80117498
Link 569 45 7043 0 -1.40298437
Link 6 552 7045 0 0.11998257
Link 181 88 7070 0 1.45300863
Link 63 515 7125 0 1.16582438
Link 60 942 7159 0 1.44142455
Link 942 11 7160 0 -0.14602883
Link 6 947 7199 0 1.90141954
Link 947 573 7200 0 -1.17735463
Link 132 949 7215 0 1.07648523
Link 949 16 7216 0 -3.20005498
Link 469 11 7323 0 1.33381451
Link 229 366 7392 0 -1.41052860
Link 38 971 7400 0 -0.78459432
Link 971 844 7401 0 -2.16938664
Link 221 334 7415 0 -1.81139421
Link 4 290 7435 0 -2.07213229
Link 492 177 7479 0 1.30627240
Link 44 573 7519 0 0.16278029
Link 76 272 7535 0 0.22246373
Link 982 770 7544 0 0.33425868
Link 508 638 7560 0 -0.39596879
Link 177 96 7592 0 0.00986898
Link 847 993 7631 0 1.12608349
Link 993 15 7632 0 -1.09116230
Link 13 998 7670 1 2.17188377
Link 998 13 7671 1 -0.46292661
Link 499 1003 7694 0 -2.26046764
Link 1003 14 7695 0 -0.00538909
Link 129 1008 7718 1 -1.21493119
Link 1008 27 7719 1 1.43110093
Link 5 847 7733 0 -3.15840607
Link 27 1010 7747 1 1.14281418
Link 1010 882 7748 1 1.38181365
Link 107 229 7818 0 1.95965944
Link 1020 439 7831 0 4.04086708
Link 5 439 7835 0 -1.11665337
Link 573 1024 7858 0 1.04982436
Link 1024 789 7859 0 -2.69749781
Link 22 97 7871 0 -2.38475909
Link 1045 55 8019 1 -2.62108998
Link 147 229 8032 1 -1.56577636
Link 192 481 8039 0 -3.16863280
Link 440 106 8047 0 -0.00222379
Link 343 24 8079 0 -0.36685896
Link 1054 638 8112 1 -1.03152575
Link 54 40 8129 0 -2.55477718
Link 686 1058 8131 0 1.02902740
Link 1058 343 8132 0 0.75015825
Link 366 114 8162 0 -0.45362970
Link 99 1062 8164 0 1.01079895
Link 1062 848 8165 0 0.85294241
Link 2 1065 8178 0 2.02412507
Link 1065 1020 8179 0 3.21020014
Link 50 82 8196 0 -1.78611355
Link 290 848 8226 0 -2.40108043
Link 27 313 8266 0 -0.12060182
Link 74 552 8275 0 -4.68907831
Link 33 176 8332 0 1.41650793
Link 698 236 8379 0 -0.75086853
Link 106 1081 8396 0 -1.31820119
Link 1081 638 8397 0 -0.79900789
Link 3 469 8404 0 0.92016741
Link 165 1082 8408 0 -1.95831303
Link 1082 669 8409 0 1.47184727
Link 39 181 8430 1 -2.67196384
Link 99 1090 8464 0 0.38077794
Link 1090 573 8465 0 -0.80469870
Link 18 255 8514 0 -3.41995058
Link 38 1094 8526 0 0.66779610
Link 1094 698 8527 0 -1.42146495
Link 272 1096 8542 1 1.40699288
Link 1096 55 8543 1 0.49374991
Link 114 1098 8551 1 1.66808416
Link 1098 583 8552 1 -2.78912932
Link 5 1102 8588 0 -2.35152848
Link 1102 28 8589 0 0.44721146
Link 612 1106 8637 0 0.74669536
Link 1106 12 8638 0 -1.71842399
Link 593 18 8672 0 1.07156855
Link 440 1024 8703 0 -3.65554488
Link 114 267 8730 1 1.66925307
Link 479 359 8738 0 -1.87237361
Link 1081 1113 8774 0 1.99493092
Link 1113 638 8775 0 1.42359600
Link 63 1117 8823 0 1.00000000
Link 1117 763 8824 0 -1.32223180
Link 80 1119 8835 0 1.13474403
Link 1119 16 8836 0 2.10623071
Link 146 21 8848 1 2.08393560
Link 799 1131 8922 0 3.93760015
Link 1131 45 8923 0 -0.56363357
Link 440 1135 8961 0 -0.72042629
Link 1135 106 8962 0 -1.10047309
Link 24 610 9027 0 2.30431132
Link 882 882 9114 1 0.41486979
Link 39 763 9119 0 -2.87286590
Link 256 57 9135 0 0.40662149
Link 23 1161 9166 0 -2.98331810
Link 1161 642 9167 0 2.93635376
Link 88 1184 9358 0 -1.69357267
Link 1184 303 9359 0 0.58403073
Link 8 1188 9379 0 -0.13159866
Link 1188 85 9380 0 -1.01477843
Link 508 1196 9433 0 -1.54039538
Link 1196 638 9434 0 1.13565172
Link 74 147 9443 0 -0.72983254
Link 4 1199 9456 0 -0.20691440
Link 469 1201 9479 0 3.38805678
Link 1201 23 9480 0 0.24727059
Link 107 1202 9498 0 0.97059164
Link 1202 820 9499 0 -1.63206194
Link 190 1203 9517 0 -1.09854069
Link 1203 832 9518 0 -0.14837276
Link 499 499 9547 1 -0.15605990
Link 583 1208 9564 1 2.26580655
Link 1208 78 9565 1 -0.77334410
Link 905 832 9698 0 -0.39835607
Link 8 1236 9818 0 3.51821176
Link 1236 343 9819 0 -0.02253880
Link 23 80 9858 0 2.82676404
Link 343 169 9905 0 -0.24095028
Link 628 45 10050 0 -4.07431100
Link 70 1267 10071 0 0.51983098
Link 1267 586 10072 0 1.65245454
Link 384 1280 10161 1 -3.42676120
Link 1280 65 10162 1 -1.72172850
Link 186 1292 10257 1 -1.42086437
Link 1292 480 10258 1 0.43708757
Link 22 1308 10384 0 -2.70217785
Link 1308 97 10385 0 -0.34430520
Link 7 1309 10390 0 -0.21060129
Link 1309 15 10391 0 -1.15938904
Link 139 1010 10419 0 -3.69014077
Link 13 1315 10455 1 2.07064941
Link 1315 1054 10456 1 3.29881776
Link 548 1024 10475 0 0.28959565
Link 652 485 10502 1 -4.86240665
Link 181 1322 10532 0 -3.05716856
Link 1322 20 10533 0 -4.12044771
Link 582 485 10539 1 -1.65493729
Link 334 1338 10658 1 -2.08124066
Link 1338 132 10659 1 1.83913295
Link 425 1343 10708 0 5.42500601
Link 1343 23 10709 0 1.47000334
Link 118 66 10721 1 -1.41223835
Link 903 1346 10770 1 0.64775340
Link 1346 492 10771 1 -0.37471771
Link 313 1347 10773 1 -4.54986559
Link 1347 522 10774 1 0.38196691
Link 197 186 10835 0 -2.31115268
Link 289 165 10972 0 -1.49927634
Link 186 286 11039 0 -0.19264931
Link 6 1384 11059 0 2.19437430
Link 1384 60 11060 0 1.99009989
Link 132 499 11105 0 0.69309496
Link 181 56 11180 0 -0.32856930
Link 628 51 11239 0 3.19674630
Link 118 1408 11270 0 0.64686144
Link 1408 272 11271 0 5.15698884
Link 114 1423 11388 0 -2.24546614
Link 1423 982 11389 0 -0.00007991
Link 1199 1424 11392 0 -0.32214117
Link 1424 23 11393 0 0.14591193
Link 13 1443 11516 1 0.34035587
Link 1443 638 11517 1 -0.38344776
Link 139 661 11582 0 1.65434534
Link 147 526 11692 0 -2.72886600
Link 8 1466 11776 0 -1.91067798
Link 1466 1188 11777 0 1.78752704
Link 596 22 11796 0 -3.05299312
Link 548 267 12157 1 0.56883691
Link 475 132 12203 0 -1.92152282
Link 319 23 12329 0 -2.62971739
Link 132 504 12430 0 -1.03209188
Link 715 1537 12465 1 1.71804290
Link 1537 715 12466 1 -0.04550586
Link 1188 1539 12473 1 3.41145211
Link 1539 1188 12474 1 2.46446185
Link 686 1090 12516 0 1.35759218
Link 473 1544 12536 1 -0.68932824
Link 1544 473 12537 1 -0.78098873
Link 74 903 12645 0 -0.76431900
Link 101 272 12663 0 -0.74925300
Link 433 903 12685 1 -0.53748016
Link 290 160 12754 0 0.88799080
Link 723 81 12771 0 -1.79168728
Link 582 439 12818 0 0.64707602
Link 116 99 12825 0 -1.59797544
Link 1280 97 12870 0 -0.01314122
Link 686 1292 13233 0 0.51072105
Link 604 447 13346 0 -1.58664339
Link 8 1626 13384 0 0.35431901
Link 1626 343 13385 0 2.91539145
Link 18 197 13717 0 -0.45774629
Link 45 236 13773 0 0.20852387
Link 661 1667 13784 0 0.41943797
Link 1667 25 13785 0 -2.22514959
Link 139 139 13818 1 1.87851627
Link 38 292 13853 1 -0.01161111
Link 480 52 13978 0 -0.39980810
Link 573 1686 13982 1 1.21326292
Link 1686 294 13983 1 -0.54606567
Link 1024 1082 14003 1 -4.31284965
Link 1201 1688 14022 0 1.26324871
Link 1688 146 14023 0 -2.52352985
Link 1539 756 14076 0 1.59952541
Link 6 1695 14099 0 -4.38728048
Link 343 1696 14118 0 1.95189377
Link 1696 770 14119 0 -0.18142801
Link 274 236 14204 0 1.14882380
Link 455 1717 14319 1 1.20556773
Link 72 587 14321 0 2.08524171
Link 106 28 14612 1 -0.48396671
Link 318 638 14744 0 0.64838885
Link 756 110 14821 0 2.00658928
Link 1695 1766 14859 0 0.62265352
Link 1766 567 14860 0 2.88255506
Link 311 357 15186 0 0.20957728
Link 147 1816 15432 0 0.58961722
Link 1816 190 15433 0 1.65833468
Link 127 1819 15441 0 -0.07916769
Link 1819 1443 15442 0 0.59952556
Link 1161 1443 15453 0 -0.64792080
Link 508 1822 15474 0 2.33508921
Link 1822 13 15475 0 -0.96610564
Link 3 1315 15625 0 1.06745536
Link 1201 583 15779 0 -1.95665706
Link 638 1856 15836 0 0.67466717
Link 1856 159 15837 0 1.07634700
Link 127 1539 16005 0 -1.88389736
Link 44 171 16078 0 0.27026896
Link 901 686 16203 1 -0.20024283
Link 408 318 16361 1 0.96173933
Link 1236 41 16578 0 -0.08769548
Link 525 1925 16628 0 1.04231085
Link 1925 15 16629 0 -1.90416637
Link 882 733 16667 0 -0.53886538
Link 815 1938 16752 0 2.00721480
Link 1938 47 16753 0 -1.15245358
Link 425 1090 16821 0 0.59322829
Link 1347 258 16864 1 -1.65934420
Link 197 892 16904 0 2.33919111
Link 139 80 16938 0 -0.24944920
Link 756 236 16980 0 -1.24458638
Link 475 1081 17003 0 1.29349422
Link 1347 110 17047 0 0.62873839
Link 947 790 17058 1 1.48403044
Link 1717 2007 17500 1 0.84709405
Link 2007 1045 17501 1 1.54595230
Link 73 334 17558 0 2.74563479
Link 1065 45 17717 0 -1.92507788
Link 319 73 17840 0 -0.91500811
GenomeEnd

