GenomeStart 55599
Neuron 1 1 0.00000000 1 0.00000000 0.00000000 0.00000000 0.00000000
Neuron 2 1 0.00000000 1 0.00000000 0.00000000 0.00000000 0.00000000
Neuron 3 1 0.00000000 1 0.00000000 0.00000000 0.00000000 0.00000000
Neuron 4 1 0.00000000 1 0.00000000 0.00000000 0.00000000 0.00000000
Neuron 5 1 0.00000000 1 0.00000000 0.00000000 0.00000000 0.00000000
Neuron 6 1 0.00000000 1 0.00000000 0.00000000 0.00000000 0.00000000
Neuron 7 1 0.00000000 1 0.00000000 0.00000000 0.00000000 0.00000000
Neuron 8 1 0.00000000 1 0.00000000 0.00000000 0.00000000 0.00000000
Neuron 9 2 0.00000000 1 0.00000000 0.00000000 0.00000000 0.00000000
Neuron 10 4 1.00000000 0 1.00000000 0.00000000 0.00000000 0.00000000
Neuron 11 4 1.00000000 0 1.00000000 0.00000000 0.00000000 0.00000000
Neuron 12 4 1.00000000 0 1.00000000 0.00000000 0.00000000 0.00000000
Neuron 13 4 1.00000000 0 1.00000000 0.00000000 0.00000000 0.00000000
Neuron 14 4 1.00000000 0 1.00000000 0.00000000 0.00000000 0.00000000
Neuron 15 4 1.00000000 0 1.00000000 0.00000000 0.00000000 0.00000000
Neuron 16 4 1.00000000 0 1.00000000 0.00000000 0.00000000 0.00000000
Neuron 18 3 0.50000000 1 1.00000000 0.00000000 0.00000000 0.00000000
Neuron 23 3 0.50000000 1 1.00000000 0.00000000 0.00000000 0.00000000
Neuron 24 3 0.50000000 1 1.00000000 0.00000000 0.00000000 0.00000000
Neuron 25 3 0.50000000 1 1.00000000 0.00000000 0.00000000 0.00000000
Neuron 27 3 0.50000000 1 1.00000000 0.00000000 0.00000000 0.00000000
Neuron 28 3 0.50000000 1 1.00000000 0.00000000 0.00000000 0.00000000
Neuron 31 3 0.50000000 1 1.00000000 0.00000000 0.00000000 0.00000000
Neuron 32 3 0.50000000 1 1.00000000 0.00000000 0.00000000 0.00000000
Neuron 37 3 0.50000000 1 1.00000000 0.00000000 0.00000000 0.00000000
Neuron 38 3 0.50000000 1 1.00000000 0.00000000 0.00000000 0.00000000
Neuron 40 3 0.50000000 1 1.00000000 0.00000000 0.00000000 0.00000000
Neuron 41 3 0.50000000 1 1.00000000 0.00000000 0.00000000 0.00000000
Neuron 43 3 0.50000000 1 1.00000000 0.00000000 0.00000000 0.00000000
Neuron 44 3 0.50000000 1 1.00000000 0.00000000 0.00000000 0.00000000
Neuron 45 3 0.50000000 1 1.00000000 0.00000000 0.00000000 0.00000000
Neuron 50 3 0.50000000 1 1.00000000 0.00000000 0.00000000 0.00000000
Neuron 54 3 0.50000000 1 1.00000000 0.00000000 0.00000000 0.00000000
Neuron 55 3 0.50000000 1 1.00000000 0.00000000 0.00000000 0.00000000
Neuron 57 3 0.50000000 1 1.00000000 0.00000000 0.00000000 0.00000000
Neuron 60 3 0.50000000 1 1.00000000 0.00000000 0.00000000 0.00000000
Neuron 63 3 0.50000000 1 1.00000000 0.00000000 0.00000000 0.00000000
Neuron 66 3 0.50000000 1 1.00000000 0.00000000 0.00000000 0.00000000
Neuron 74 3 0.50000000 1 1.00000000 0.00000000 0.00000000 0.00000000
Neuron 78 3 0.50000000 1 1.00000000 0.00000000 0.00000000 0.00000000
Neuron 80 3 0.75000000 1 1.00000000 0.00000000 0.00000000 0.00000000
Neuron 99 3 0.75000000 1 1.00000000 0.00000000 0.00000000 0.00000000
Neuron 106 3 0.75000000 1 1.00000000 0.00000000 0.00000000 0.00000000
Neuron 107 3 0.25000000 1 1.00000000 0.00000000 0.00000000 0.00000000
Neuron 109 3 0.75000000 1 1.00000000 0.00000000 0.00000000 0.00000000
Neuron 114 3 0.75000000 1 1.00000000 0.00000000 0.00000000 0.00000000
Neuron 118 3 0.75000000 1 1.00000000 0.00000000 0.00000000 0.00000000
Neuron 147 3 0.62500000 1 1.00000000 0.00000000 0.00000000 0.00000000
Neuron 149 3 0.12500000 1 1.00000000 0.00000000 0.00000000 0.00000000
Neuron 165 3 0.25000000 1 1.00000000 0.00000000 0.00000000 0.00000000
Neuron 176 3 0.75000000 1 1.00000000 0.00000000 0.00000000 0.00000000
Neuron 181 3 0.25000000 1 1.00000000 0.00000000 0.00000000 0.00000000
Neuron 192 3 0.37500000 1 1.00000000 0.00000000 0.00000000 0.00000000
Neuron 221 3 0.25000000 1 1.00000000 0.00000000 0.00000000 0.00000000
Neuron 229 3 0.25000000 1 1.00000000 0.00000000 0.00000000 0.00000000
Neuron 241 3 0.37500000 1 1.00000000 0.00000000 0.00000000 0.00000000
Neuron 244 3 0.25000000 1 1.00000000 0.00000000 0.00000000 0.00000000
Neuron 255 3 0.87500000 1 1.00000000 0.00000000 0.00000000 0.00000000
Neuron 258 3 0.62500000 1 1.00000000 0.00000000 0.00000000 0.00000000
Neuron 267 3 0.25000000 1 1.00000000 0.00000000 0.00000000 0.00000000
Neuron 272 3 0.75000000 1 1.00000000 0.00000000 0.00000000 0.00000000
Neuron 290 3 0.12500000 1 1.00000000 0.00000000 0.00000000 0.00000000
Neuron 292 3 0.25000000 1 1.00000000 0.00000000 0.00000000 0.00000000
Neuron 313 3 0.87500000 1 1.00000000 0.00000000 0.00000000 0.00000000
Neuron 318 3 0.56250000 1 1.00000000 0.00000000 0.00000000 0.00000000
Neuron 334 3 0.62500000 1 1.00000000 0.00000000 0.00000000 0.00000000
Neuron 343 3 0.25000000 1 1.00000000 0.00000000 0.00000000 0.00000000
Neuron 359 3 0.87500000 1 1.00000000 0.00000000 0.00000000 0.00000000
Neuron 366 3 0.25000000 1 1.00000000 0.00000000 0.00000000 0.00000000
Neuron 383 3 0.62500000 1 1.00000000 0.00000000 0.00000000 0.00000000
Neuron 390 3 0.87500000 1 1.00000000 0.00000000 0.00000000 0.00000000
Neuron 439 3 0.37500000 1 1.00000000 0.00000000 0.00000000 0.00000000
Neuron 440 3 0.62500000 1 1.00000000 0.00000000 0.00000000 0.00000000
Neuron 449 3 0.62500000 1 1.00000000 0.00000000 0.00000000 0.00000000
Neuron 455 3 0.62500000 1 1.00000000 0.00000000 0.00000000 0.00000000
Neuron 469 3 0.37500000 1 1.00000000 0.00000000 0.00000000 0.00000000
Neuron 479 3 0.59375000 1 1.00000000 0.00000000 0.00000000 0.00000000
Neuron 481 3 0.87500000 1 1.00000000 0.00000000 0.00000000 0.00000000
Neuron 485 3 0.12500000 1 1.00000000 0.00000000 0.00000000 0.00000000
Neuron 508 3 0.31250000 1 1.00000000 0.00000000 0.00000000 0.00000000
Neuron 515 3 0.50000000 1 1.00000000 0.00000000 0.00000000 0.00000000
Neuron 522 3 0.53125000 1 1.00000000 0.00000000 0.00000000 0.00000000
Neuron 525 3 0.93750000 1 1.00000000 0.00000000 0.00000000 0.00000000
Neuron 549 3 0.75000000 1 1.00000000 0.00000000 0.00000000 0.00000000
Neuron 552 3 0.68750000 1 1.00000000 0.00000000 0.00000000 0.00000000
Neuron 563 3 0.50000000 1 1.00000000 0.00000000 0.00000000 0.00000000
Neuron 573 3 0.81250000 1 1.00000000 0.00000000 0.00000000 0.00000000
Neuron 582 3 0.18750000 1 1.00000000 0.00000000 0.00000000 0.00000000
Neuron 585 3 0.50000000 1 1.00000000 0.00000000 0.00000000 0.00000000
Neuron 606 3 0.75000000 1 1.00000000 0.00000000 0.00000000 0.00000000
Neuron 610 3 0.87500000 1 1.00000000 0.00000000 0.00000000 0.00000000
Neuron 612 3 0.93750000 1 1.00000000 0.00000000 0.00000000 0.00000000
Neuron 638 3 0.81250000 1 1.00000000 0.00000000 0.00000000 0.00000000
Neuron 709 3 0.75000000 1 1.00000000 0.00000000 0.00000000 0.00000000
Neuron 715 3 0.59375000 1 1.00000000 0.00000000 0.00000000 0.00000000
Neuron 770 3 0.75000000 1 1.00000000 0.00000000 0.00000000 0.00000000
Neuron 776 3 0.65625000 1 1.00000000 0.00000000 0.00000000 0.00000000
Neuron 791 3 0.75000000 1 1.00000000 0.00000000 0.00000000 0.00000000
Neuron 812 3 0.50000000 1 1.00000000 0.00000000 0.00000000 0.00000000
Neuron 844 3 0.50000000 1 1.00000000 0.00000000 0.00000000 0.00000000
Neuron 847 3 0.62500000 1 1.00000000 0.00000000 0.00000000 0.00000000
Neuron 848 3 0.78125000 1 1.00000000 0.00000000 0.00000000 0.00000000
Neuron 882 3 0.37500000 1 1.00000000 0.00000000 0.00000000 0.00000000
Neuron 1010 3 0.43750000 1 1.00000000 0.00000000 0.00000000 0.00000000
Neuron 1020 3 0.18750000 1 1.00000000 0.00000000 0.00000000 0.00000000
Neuron 1065 3 0.09375000 1 1.00000000 0.00000000 0.00000000 0.00000000
Neuron 1107 3 0.14062500 1 1.00000000 0.00000000 0.00000000 0.00000000
Link 1 10 1 0 -1.30557569
Link 2 10 2 0 -1.06635293
Link 3 10 3 0 0.78989379
Link 4 10 4 0 -0.56267662
Link 5 10 5 0 -0.46091581
Link 7 10 7 0 0.72452779
Link 8 10 8 0 1.30646964
Link 9 10 9 0 0.03895356
Link 2 11 11 0 -0.89989343
Link 3 11 12 0 -2.10066446
Link 4 11 13 0 -0.32092040
Link 9 11 18 0 2.58154145
Link 1 12 19 0 -2.19703818
Link 2 12 20 0 -0.93946058
Link 3 12 21 0 -0.92251571
Link 4 12 22 0 -2.74679726
Link 5 12 23 0 0.55907512
Link 6 12 24 0 -1.86433068
Link 7 12 25 0 0.26104956
Link 9 12 27 0 0.70204952
Link 1 13 28 0 -2.07365867
Link 4 13 31 0 -0.13326531
Link 6 13 33 0 -0.70288877
Link 8 13 35 0 -4.33043057
Link 9 13 36 0 0.30943868
Link 1 14 37 0 -1.69535416
Link 2 14 38 0 0.46626891
Link 3 14 39 0 -0.37249618
Link 4 14 40 0 2.12816966
Link 5 14 41 0 -0.73148872
Link 6 14 42 0 -0.16645963
Link 7 14 43 0 2.72189242
Link 9 14 45 0 2.23548292
Link 3 15 48 0 -1.48819691
Link 4 15 49 0 2.31679452
Link 6 15 51 0 2.77771941
Link 7 15 52 0 0.47853842
Link 9 15 54 0 -1.49712843
Link 1 16 55 0 2.79823572
Link 3 16 57 0 -0.53319118
Link 4 16 58 0 1.02901001
Link 6 16 60 0 0.02156117
Link 7 16 61 0 0.97753917
Link 9 16 63 0 2.13987162
Link 23 15 84 0 0.82126648
Link 6 24 86 0 -4.43694555
Link 24 13 87 0 1.21364705
Link 3 25 89 0 -0.93525087
Link 25 15 90 0 1.10329116
Link 5 28 98 0 0.13700678
Link 28 16 99 0 -1.55706468
Link 1 31 107 0 0.84926744
Link 31 11 108 0 -2.10068717
Link 5 32 110 0 -0.80177958
Link 32 10 111 0 -1.61612447
Link 8 37 125 0 3.64540550
Link 37 16 126 0 3.99189156
Link 1 38 129 0 -2.07914785
Link 7 40 137 0 1.11257529
Link 40 13 138 0 -0.49704082
Link 2 41 140 0 -2.50358184
Link 41 13 141 0 -2.49523348
Link 8 43 146 0 -2.08108654
Link 43 11 147 0 0.56429993
Link 8 44 149 0 -0.23080808
Link 44 14 150 0 -0.00850698
Link 3 45 153 0 3.49910008
Link 45 11 154 0 -4.23830847
Link 1 50 172 0 -0.45326778
Link 50 10 173 0 -0.17119702
Link 5 54 188 0 -0.59362798
Link 54 11 189 0 1.76047036
Link 6 55 192 0 -1.71809637
Link 5 18 206 0 0.72569428
Link 5 57 212 0 -0.19151627
Link 5 60 222 0 -0.69442100
Link 60 15 223 0 -0.23899822
Link 3 63 236 0 1.77472040
Link 63 12 237 0 -1.62216903
Link 66 13 251 0 -2.52996415
Link 4 74 295 0 2.87045529
Link 74 16 296 0 -1.01973447
Link 8 78 320 0 -2.10541558
Link 27 80 326 0 3.49020103
Link 80 16 327 0 -0.50234293
Link 11 27 393 1 -0.51645752
Link 1 18 428 0 -4.11534849
Link 18 99 505 0 0.95317874
Link 2 66 529 0 2.46435048
Link 57 106 559 0 2.21660098
Link 2 107 564 0 1.83950149
Link 107 18 565 0 0.86366786
Link 109 10 573 0 1.05312463
Link 38 114 618 0 -0.29477004
Link 114 15 619 0 0.65358612
Link 16 27 634 1 -1.05386362
Link 44 118 648 0 0.25156726
Link 118 14 649 0 -0.15370587
Link 13 13 724 1 -3.76837138
Link 27 147 895 0 3.25676641
Link 147 80 896 0 -0.02863849
Link 2 149 909 0 -0.12965666
Link 149 107 910 0 -3.18292129
Link 27 99 987 0 -2.12045295
Link 3 165 1014 0 -1.53563478
Link 165 27 1015 0 1.40869263
Link 78 176 1075 0 0.37290467
Link 176 12 1076 0 -1.39497632
Link 5 181 1120 0 2.44606437
Link 181 60 1121 0 2.72678450
Link 165 192 1206 0 -1.21979340
Link 192 27 1207 0 4.53823334
Link 2 221 1360 0 -3.69449474
Link 221 66 1361 0 -0.13582721
Link 8 229 1415 0 -2.14476656
Link 229 23 1416 0 2.38062848
Link 107 241 1492 0 -0.41490949
Link 241 18 1493 0 -2.01868347
Link 5 244 1506 0 0.76557669
Link 244 28 1507 0 0.57546007
Link 114 114 1531 1 1.12028148
Link 80 255 1576 0 -0.01210397
Link 255 16 1577 0 -0.86586503
Link 258 109 1600 0 -0.91600385
Link 3 267 1649 0 1.16934462
Link 267 66 1650 0 1.14721330
Link 7 54 1653 0 -1.15789324
Link 13 272 1686 1 -1.05256172
Link 272 55 1687 1 -2.30927083
Link 3 290 1834 0 -0.87220874
Link 290 165 1835 0 -0.27816136
Link 3 292 1847 0 1.42738359
Link 292 18 1848 0 0.26972302
Link 55 106 1920 0 -0.61152685
Link 313 13 1992 0 -1.04045541
Link 55 318 2042 0 2.28962452
Link 318 258 2043 0 -0.98354839
Link 38 334 2133 0 2.20771899
Link 334 114 2134 0 0.40538740
Link 8 343 2209 0 1.34764457
Link 343 78 2210 0 -2.44442640
Link 57 14 2287 0 0.13549174
Link 359 15 2327 0 1.74625837
Link 66 16 2350 0 -0.85970132
Link 1 366 2367 0 -1.70189716
Link 366 18 2368 0 0.83190388
Link 55 383 2491 0 -0.03147236
Link 383 106 2492 0 -0.15064864
Link 80 57 2553 1 1.42867981
Link 13 390 2555 1 2.12302452
Link 390 272 2556 1 2.45480135
Link 60 11 2615 0 1.98582477
Link 114 78 2665 1 -0.15055954
Link 439 55 2896 0 -1.52538173
Link 80 440 2898 1 -2.86231099
Link 272 272 2964 1 0.86495055
Link 57 449 2966 0 0.40175490
Link 449 106 2967 0 1.40733908
Link 272 455 3032 1 -2.78474941
Link 455 55 3033 1 -2.96566163
Link 229 469 3139 0 2.15742132
Link 469 23 3140 0 -3.20139589
Link 318 479 3194 0 0.97828060
Link 479 258 3195 0 3.22199423
Link 114 481 3216 0 -1.48502195
Link 481 15 3217 0 -1.53089756
Link 8 485 3252 0 1.76964351
Link 107 508 3413 0 -1.72733401
Link 508 439 3414 0 -1.89069299
Link 6 54 3421 0 0.02616150
Link 27 515 3476 0 0.63894679
Link 515 55 3477 0 -1.03006436
Link 6 106 3478 0 2.69661425
Link 78 44 3503 0 0.10784994
Link 55 522 3551 0 1.42375222
Link 522 318 3552 0 2.30694946
Link 165 10 3554 0 0.09065949
Link 359 525 3572 0 -1.47996288
Link 525 15 3573 0 0.82705181
Link 23 10 3703 0 -0.92417967
Link 23 549 3791 0 1.71155428
Link 549 13 3792 0 0.77774144
Link 5 80 3794 0 -1.34688338
Link 552 359 3807 0 0.02100917
Link 114 38 3819 1 -1.14196713
Link 515 563 3865 0 1.11165674
Link 563 55 3866 0 -0.10896375
Link 11 290 3867 1 -1.42018744
Link 5 318 3930 0 -1.70317006
Link 99 573 3970 0 -0.30553492
Link 573 359 3971 0 -0.97039677
Link 107 515 3989 0 3.40895614
Link 165 114 4055 0 1.04712407
Link 485 582 4060 0 -1.23815045
Link 582 229 4061 0 -0.57104627
Link 27 585 4100 0 -1.21917263
Link 585 515 4101 0 -1.39828904
Link 255 255 4126 1 2.41128000
Link 16 114 4223 1 1.89766009
Link 43 45 4273 0 -3.36141421
Link 176 606 4287 1 1.67024348
Link 606 176 4288 1 0.10678354
Link 54 45 4302 0 2.12591466
Link 176 610 4371 0 0.77420783
Link 221 54 4383 0 -2.04925551
Link 610 612 4389 0 2.32407431
Link 612 12 4390 0 1.69601351
Link 165 28 4392 0 4.09393159
Link 258 176 4551 0 0.12958753
Link 106 638 4603 0 2.20138317
Link 638 313 4604 0 0.92275378
Link 8 549 4696 0 -1.57109655
Link 439 109 4788 0 0.63751436
Link 99 147 4840 1 -1.35904400
Link 508 13 4870 0 -1.80326195
Link 525 525 4988 1 -2.92204993
Link 24 66 5197 0 0.01504534
Link 552 38 5217 1 0.53586420
Link 7 549 5219 0 -0.86302811
Link 99 709 5225 0 -3.32492962
Link 709 114 5226 0 -0.72807366
Link 165 14 5243 0 -0.04816885
Link 43 715 5259 0 -2.87049711
Link 715 552 5260 0 1.82528262
Link 78 24 5497 0 -0.04229396
Link 439 37 5520 0 -0.40644468
Link 366 366 5729 1 1.79280638
Link 114 770 5732 0 2.45714511
Link 318 776 5771 0 0.65517392
Link 776 272 5772 0 -2.59844642
Link 107 54 5807 0 -0.37818958
Link 255 10 5821 0 1.39872284
Link 515 515 5841 1 -1.25686591
Link 770 791 5919 0 1.32351645
Link 791 549 5920 0 2.07117875
Link 440 481 5974 0 0.19782853
Link 6 573 6014 0 1.19011409
Link 107 313 6027 0 0.40784444
Link 114 16 6035 0 0.21050805
Link 23 812 6082 0 -0.36278811
Link 812 57 6083 0 -0.74188505
Link 43 60 6105 0 -3.17191281
Link 57 258 6122 0 0.11811447
Link 99 11 6148 0 1.55145364
Link 439 18 6224 0 0.59763456
Link 40 18 6285 0 1.07868067
Link 38 844 6356 0 -2.62939971
Link 844 32 6357 0 1.33957784
Link 165 847 6367 0 -1.20809121
Link 847 15 6368 0 -1.50013151
Link 99 848 6383 0 0.88926532
Link 848 573 6384 0 -1.11279460
Link 313 525 6409 0 -2.14366618
Link 844 43 6622 0 0.63860226
Link 882 229 6651 1 -1.39767507
Link 5 515 6670 0 1.31330499
Link 290 290 6809 1 -0.37638483
Link 2 292 6814 0 0.98226829
Link 241 109 6830 0 -0.72388640
Link 290 44 6853 0 -0.14071446
Link 23 176 6870 0 -1.52250508
Link 770 525 6882 0 -0.39835399
Link 13 638 6953 1 1.37010474
Link 359 14 6983 0 -1.29238959
Link 6 552 7045 0 2.13879145
Link 63 515 7125 0 -2.92225116
Link 343 770 7279 0 -0.21918830
Link 469 11 7323 0 -3.82211650
Link 229 366 7392 0 -4.03758144
Link 54 80 7461 0 2.22195409
Link 508 638 7560 0 2.35339210
Link 552 258 7742 1 1.43072224
Link 27 1010 7747 1 0.59786848
Link 1010 882 7748 1 -1.06462289
Link 1020 439 7831 0 0.62200389
Link 440 106 8047 0 -1.37406117
Link 343 24 8079 0 -0.95035852
Link 54 40 8129 0 -2.83251501
Link 2 1065 8178 0 0.81111469
Link 74 552 8275 0 0.98089298
Link 3 469 8404 0 -2.73031950
Link 292 40 8454 0 1.02066845
Link 9 50 8500 0 -1.76534888
Link 1065 1107 8656 0 0.99528457
Link 1107 1020 8657 0 0.95864361
Link 267 563 8707 0 -3.30828123
Link 192 255 8752 0 -0.62228329
Link 32 109 8786 0 -2.77106493
Link 80 28 8931 1 1.98275663
GenomeEnd

