GenomeStart 36497
Neuron 1 1 0.00000000 1 0.00000000 0.00000000 0.00000000 0.00000000
Neuron 2 1 0.00000000 1 0.00000000 0.00000000 0.00000000 0.00000000
Neuron 3 1 0.00000000 1 0.00000000 0.00000000 0.00000000 0.00000000
Neuron 4 1 0.00000000 1 0.00000000 0.00000000 0.00000000 0.00000000
Neuron 5 1 0.00000000 1 0.00000000 0.00000000 0.00000000 0.00000000
Neuron 6 1 0.00000000 1 0.00000000 0.00000000 0.00000000 0.00000000
Neuron 7 1 0.00000000 1 0.00000000 0.00000000 0.00000000 0.00000000
Neuron 8 1 0.00000000 1 0.00000000 0.00000000 0.00000000 0.00000000
Neuron 9 2 0.00000000 1 0.00000000 0.00000000 0.00000000 0.00000000
Neuron 10 4 1.00000000 0 1.00000000 0.00000000 0.00000000 0.00000000
Neuron 11 4 1.00000000 0 1.00000000 0.00000000 0.00000000 0.00000000
Neuron 12 4 1.00000000 0 1.00000000 0.00000000 0.00000000 0.00000000
Neuron 13 4 1.00000000 0 1.00000000 0.00000000 0.00000000 0.00000000
Neuron 14 4 1.00000000 0 1.00000000 0.00000000 0.00000000 0.00000000
Neuron 15 4 1.00000000 0 1.00000000 0.00000000 0.00000000 0.00000000
Neuron 16 4 1.00000000 0 1.00000000 0.00000000 0.00000000 0.00000000
Neuron 18 3 0.50000000 1 1.00000000 0.00000000 0.00000000 0.00000000
Neuron 23 3 0.50000000 1 1.00000000 0.00000000 0.00000000 0.00000000
Neuron 27 3 0.50000000 1 1.00000000 0.00000000 0.00000000 0.00000000
Neuron 28 3 0.50000000 1 1.00000000 0.00000000 0.00000000 0.00000000
Neuron 37 3 0.50000000 1 1.00000000 0.00000000 0.00000000 0.00000000
Neuron 38 3 0.50000000 1 1.00000000 0.00000000 0.00000000 0.00000000
Neuron 40 3 0.50000000 1 1.00000000 0.00000000 0.00000000 0.00000000
Neuron 41 3 0.50000000 1 1.00000000 0.00000000 0.00000000 0.00000000
Neuron 43 3 0.50000000 1 1.00000000 0.00000000 0.00000000 0.00000000
Neuron 44 3 0.50000000 1 1.00000000 0.00000000 0.00000000 0.00000000
Neuron 54 3 0.50000000 1 1.00000000 0.00000000 0.00000000 0.00000000
Neuron 55 3 0.50000000 1 1.00000000 0.00000000 0.00000000 0.00000000
Neuron 57 3 0.50000000 1 1.00000000 0.00000000 0.00000000 0.00000000
Neuron 60 3 0.50000000 1 1.00000000 0.00000000 0.00000000 0.00000000
Neuron 66 3 0.50000000 1 1.00000000 0.00000000 0.00000000 0.00000000
Neuron 78 3 0.50000000 1 1.00000000 0.00000000 0.00000000 0.00000000
Neuron 80 3 0.75000000 1 1.00000000 0.00000000 0.00000000 0.00000000
Neuron 99 3 0.75000000 1 1.00000000 0.00000000 0.00000000 0.00000000
Neuron 106 3 0.75000000 1 1.00000000 0.00000000 0.00000000 0.00000000
Neuron 107 3 0.25000000 1 1.00000000 0.00000000 0.00000000 0.00000000
Neuron 109 3 0.75000000 1 1.00000000 0.00000000 0.00000000 0.00000000
Neuron 114 3 0.75000000 1 1.00000000 0.00000000 0.00000000 0.00000000
Neuron 118 3 0.75000000 1 1.00000000 0.00000000 0.00000000 0.00000000
Neuron 147 3 0.62500000 1 1.00000000 0.00000000 0.00000000 0.00000000
Neuron 165 3 0.25000000 1 1.00000000 0.00000000 0.00000000 0.00000000
Neuron 176 3 0.75000000 1 1.00000000 0.00000000 0.00000000 0.00000000
Neuron 192 3 0.37500000 1 1.00000000 0.00000000 0.00000000 0.00000000
Neuron 221 3 0.25000000 1 1.00000000 0.00000000 0.00000000 0.00000000
Neuron 229 3 0.25000000 1 1.00000000 0.00000000 0.00000000 0.00000000
Neuron 258 3 0.62500000 1 1.00000000 0.00000000 0.00000000 0.00000000
Neuron 272 3 0.75000000 1 1.00000000 0.00000000 0.00000000 0.00000000
Neuron 290 3 0.12500000 1 1.00000000 0.00000000 0.00000000 0.00000000
Neuron 313 3 0.87500000 1 1.00000000 0.00000000 0.00000000 0.00000000
Neuron 318 3 0.56250000 1 1.00000000 0.00000000 0.00000000 0.00000000
Neuron 359 3 0.87500000 1 1.00000000 0.00000000 0.00000000 0.00000000
Neuron 366 3 0.25000000 1 1.00000000 0.00000000 0.00000000 0.00000000
Neuron 439 3 0.37500000 1 1.00000000 0.00000000 0.00000000 0.00000000
Neuron 449 3 0.62500000 1 1.00000000 0.00000000 0.00000000 0.00000000
Neuron 481 3 0.87500000 1 1.00000000 0.00000000 0.00000000 0.00000000
Neuron 485 3 0.12500000 1 1.00000000 0.00000000 0.00000000 0.00000000
Neuron 508 3 0.31250000 1 1.00000000 0.00000000 0.00000000 0.00000000
Neuron 515 3 0.50000000 1 1.00000000 0.00000000 0.00000000 0.00000000
Neuron 552 3 0.68750000 1 1.00000000 0.00000000 0.00000000 0.00000000
Neuron 573 3 0.81250000 1 1.00000000 0.00000000 0.00000000 0.00000000
Neuron 583 3 0.62500000 1 1.00000000 0.00000000 0.00000000 0.00000000
Neuron 585 3 0.50000000 1 1.00000000 0.00000000 0.00000000 0.00000000
Link 1 10 1 0 3.56843418
Link 2 10 2 0 -4.94131390
Link 3 10 3 0 0.47578964
Link 4 10 4 0 -0.15454378
Link 5 10 5 0 5.47354276
Link 7 10 7 0 -3.02044082
Link 8 10 8 0 -0.47128234
Link 9 10 9 0 -0.01098885
Link 1 11 10 0 1.99744676
Link 2 11 11 0 -3.26493974
Link 3 11 12 0 2.73733450
Link 4 11 13 0 -0.46100564
Link 9 11 18 0 1.66282982
Link 1 12 19 0 2.51838459
Link 2 12 20 0 0.29609834
Link 4 12 22 0 -1.45894219
Link 5 12 23 0 -2.83360439
Link 6 12 24 0 1.37732440
Link 7 12 25 0 -4.16327438
Link 9 12 27 0 -1.97882254
Link 1 13 28 0 2.14115131
Link 4 13 31 0 -0.72312738
Link 6 13 33 0 1.47133454
Link 8 13 35 0 2.81322808
Link 9 13 36 0 0.07291081
Link 1 14 37 0 -0.20420487
Link 2 14 38 0 1.63357724
Link 3 14 39 0 0.10453970
Link 4 14 40 0 0.20415539
Link 5 14 41 0 1.46188711
Link 6 14 42 0 0.56215608
Link 7 14 43 0 0.49468630
Link 9 14 45 0 -0.76960450
Link 3 15 48 0 0.63983823
Link 4 15 49 0 -0.61466377
Link 6 15 51 0 2.46592681
Link 7 15 52 0 0.44490898
Link 9 15 54 0 -1.16044306
Link 1 16 55 0 -1.39026756
Link 3 16 57 0 -1.76223343
Link 4 16 58 0 -1.37156133
Link 6 16 60 0 0.64403181
Link 7 16 61 0 -3.43920166
Link 9 16 63 0 3.44975200
Link 23 15 84 0 -0.34882767
Link 5 28 98 0 1.42641567
Link 28 16 99 0 0.46792241
Link 8 37 125 0 0.14744002
Link 37 16 126 0 -0.73544476
Link 1 38 129 0 1.42272955
Link 7 40 137 0 -1.14259953
Link 40 13 138 0 0.34580407
Link 2 41 140 0 -0.99913633
Link 41 13 141 0 1.18670931
Link 8 43 146 0 -1.43700335
Link 43 11 147 0 -1.60156117
Link 8 44 149 0 0.46170191
Link 5 54 188 0 -3.00681396
Link 54 11 189 0 0.34867430
Link 6 55 192 0 -2.74780550
Link 3 18 207 0 1.17892913
Link 5 57 212 0 -0.34028532
Link 5 60 222 0 0.07464058
Link 60 15 223 0 -0.45953485
Link 3 66 250 0 -2.56245122
Link 8 78 320 0 -0.89744223
Link 80 16 327 0 -1.98539536
Link 11 27 393 1 -0.64043693
Link 18 99 505 0 -2.71096960
Link 2 107 564 0 1.64653667
Link 107 18 565 0 -0.51043789
Link 109 10 573 0 0.49376609
Link 38 114 618 0 0.90392789
Link 16 27 634 1 2.34004080
Link 44 118 648 0 0.72790253
Link 118 14 649 0 -1.37383683
Link 13 13 724 1 0.89120427
Link 27 147 895 0 -0.11714395
Link 147 80 896 0 -1.09826181
Link 27 99 987 0 -0.15437490
Link 78 176 1075 0 1.98962684
Link 176 12 1076 0 0.37870251
Link 165 192 1206 0 -0.19869737
Link 192 27 1207 0 0.90673608
Link 2 221 1360 0 2.35500853
Link 221 66 1361 0 -1.43662314
Link 229 23 1416 0 -2.80007202
Link 114 114 1531 1 -1.57802691
Link 258 109 1600 0 -3.10856491
Link 13 272 1686 1 -1.68914760
Link 272 55 1687 1 0.50545956
Link 3 290 1834 0 -1.06058689
Link 290 165 1835 0 -0.44307797
Link 55 106 1920 0 0.37012981
Link 106 313 1991 0 -3.57300816
Link 313 13 1992 0 1.63105108
Link 55 318 2042 0 -0.04488455
Link 318 258 2043 0 -2.27674677
Link 359 15 2327 0 1.40240002
Link 66 16 2350 0 -0.51925201
Link 1 366 2367 0 2.71686299
Link 366 18 2368 0 -0.82533181
Link 80 57 2553 1 -0.65424372
Link 439 55 2896 0 0.04083199
Link 57 449 2966 0 0.78823863
Link 449 106 2967 0 -1.81300706
Link 114 481 3216 0 3.06917184
Link 481 15 3217 0 0.38753599
Link 8 485 3252 0 1.00000000
Link 485 229 3253 0 -3.94578806
Link 107 508 3413 0 -2.15150424
Link 508 439 3414 0 1.58578997
Link 6 54 3421 0 -3.56328698
Link 515 55 3477 0 -1.03129544
Link 165 10 3554 0 -2.74657732
Link 16 80 3659 1 -0.71178711
Link 23 10 3703 0 2.57638270
Link 43 552 3806 0 0.11037731
Link 552 359 3807 0 0.87999130
Link 11 290 3867 1 -2.42832130
Link 5 318 3930 0 -2.14432441
Link 99 573 3970 0 1.42621875
Link 573 359 3971 0 -0.30406271
Link 107 515 3989 0 -1.95776024
Link 114 583 4064 1 1.00000000
Link 583 78 4065 1 1.80250050
Link 27 585 4100 0 0.79581364
Link 585 515 4101 0 -0.75072107
Link 221 54 4383 0 -2.89599503
Link 439 109 4788 0 -0.91567021
Link 99 147 4840 1 -4.24849124
Link 165 15 5069 0 -0.35912844
Link 221 37 5201 0 -1.76022089
Link 552 38 5217 1 0.50120423
Link 439 37 5520 0 3.49372403
GenomeEnd

