GenomeStart 40677
Neuron 1 1 0.00000000 1 0.00000000 0.00000000 0.00000000 0.00000000
Neuron 2 1 0.00000000 1 0.00000000 0.00000000 0.00000000 0.00000000
Neuron 3 1 0.00000000 1 0.00000000 0.00000000 0.00000000 0.00000000
Neuron 4 1 0.00000000 1 0.00000000 0.00000000 0.00000000 0.00000000
Neuron 5 1 0.00000000 1 0.00000000 0.00000000 0.00000000 0.00000000
Neuron 6 1 0.00000000 1 0.00000000 0.00000000 0.00000000 0.00000000
Neuron 7 1 0.00000000 1 0.00000000 0.00000000 0.00000000 0.00000000
Neuron 8 1 0.00000000 1 0.00000000 0.00000000 0.00000000 0.00000000
Neuron 9 2 0.00000000 1 0.00000000 0.00000000 0.00000000 0.00000000
Neuron 10 4 1.00000000 0 1.00000000 0.00000000 0.00000000 0.00000000
Neuron 11 4 1.00000000 0 1.00000000 0.00000000 0.00000000 0.00000000
Neuron 12 4 1.00000000 0 1.00000000 0.00000000 0.00000000 0.00000000
Neuron 13 4 1.00000000 0 1.00000000 0.00000000 0.00000000 0.00000000
Neuron 14 4 1.00000000 0 1.00000000 0.00000000 0.00000000 0.00000000
Neuron 15 4 1.00000000 0 1.00000000 0.00000000 0.00000000 0.00000000
Neuron 16 4 1.00000000 0 1.00000000 0.00000000 0.00000000 0.00000000
Neuron 18 3 0.50000000 1 1.00000000 0.00000000 0.00000000 0.00000000
Neuron 23 3 0.50000000 1 1.00000000 0.00000000 0.00000000 0.00000000
Neuron 27 3 0.50000000 1 1.00000000 0.00000000 0.00000000 0.00000000
Neuron 28 3 0.50000000 1 1.00000000 0.00000000 0.00000000 0.00000000
Neuron 37 3 0.50000000 1 1.00000000 0.00000000 0.00000000 0.00000000
Neuron 38 3 0.50000000 1 1.00000000 0.00000000 0.00000000 0.00000000
Neuron 40 3 0.50000000 1 1.00000000 0.00000000 0.00000000 0.00000000
Neuron 41 3 0.50000000 1 1.00000000 0.00000000 0.00000000 0.00000000
Neuron 43 3 0.50000000 1 1.00000000 0.00000000 0.00000000 0.00000000
Neuron 44 3 0.50000000 1 1.00000000 0.00000000 0.00000000 0.00000000
Neuron 54 3 0.50000000 1 1.00000000 0.00000000 0.00000000 0.00000000
Neuron 55 3 0.50000000 1 1.00000000 0.00000000 0.00000000 0.00000000
Neuron 57 3 0.50000000 1 1.00000000 0.00000000 0.00000000 0.00000000
Neuron 60 3 0.50000000 1 1.00000000 0.00000000 0.00000000 0.00000000
Neuron 66 3 0.50000000 1 1.00000000 0.00000000 0.00000000 0.00000000
Neuron 78 3 0.50000000 1 1.00000000 0.00000000 0.00000000 0.00000000
Neuron 80 3 0.75000000 1 1.00000000 0.00000000 0.00000000 0.00000000
Neuron 99 3 0.75000000 1 1.00000000 0.00000000 0.00000000 0.00000000
Neuron 106 3 0.75000000 1 1.00000000 0.00000000 0.00000000 0.00000000
Neuron 107 3 0.25000000 1 1.00000000 0.00000000 0.00000000 0.00000000
Neuron 109 3 0.75000000 1 1.00000000 0.00000000 0.00000000 0.00000000
Neuron 114 3 0.75000000 1 1.00000000 0.00000000 0.00000000 0.00000000
Neuron 118 3 0.75000000 1 1.00000000 0.00000000 0.00000000 0.00000000
Neuron 147 3 0.62500000 1 1.00000000 0.00000000 0.00000000 0.00000000
Neuron 165 3 0.25000000 1 1.00000000 0.00000000 0.00000000 0.00000000
Neuron 176 3 0.75000000 1 1.00000000 0.00000000 0.00000000 0.00000000
Neuron 192 3 0.37500000 1 1.00000000 0.00000000 0.00000000 0.00000000
Neuron 221 3 0.25000000 1 1.00000000 0.00000000 0.00000000 0.00000000
Neuron 229 3 0.25000000 1 1.00000000 0.00000000 0.00000000 0.00000000
Neuron 258 3 0.62500000 1 1.00000000 0.00000000 0.00000000 0.00000000
Neuron 272 3 0.75000000 1 1.00000000 0.00000000 0.00000000 0.00000000
Neuron 290 3 0.12500000 1 1.00000000 0.00000000 0.00000000 0.00000000
Neuron 313 3 0.87500000 1 1.00000000 0.00000000 0.00000000 0.00000000
Neuron 318 3 0.56250000 1 1.00000000 0.00000000 0.00000000 0.00000000
Neuron 334 3 0.62500000 1 1.00000000 0.00000000 0.00000000 0.00000000
Neuron 359 3 0.87500000 1 1.00000000 0.00000000 0.00000000 0.00000000
Neuron 366 3 0.25000000 1 1.00000000 0.00000000 0.00000000 0.00000000
Neuron 439 3 0.37500000 1 1.00000000 0.00000000 0.00000000 0.00000000
Neuron 440 3 0.62500000 1 1.00000000 0.00000000 0.00000000 0.00000000
Neuron 449 3 0.62500000 1 1.00000000 0.00000000 0.00000000 0.00000000
Neuron 481 3 0.87500000 1 1.00000000 0.00000000 0.00000000 0.00000000
Neuron 485 3 0.12500000 1 1.00000000 0.00000000 0.00000000 0.00000000
Neuron 508 3 0.31250000 1 1.00000000 0.00000000 0.00000000 0.00000000
Neuron 515 3 0.50000000 1 1.00000000 0.00000000 0.00000000 0.00000000
Neuron 552 3 0.68750000 1 1.00000000 0.00000000 0.00000000 0.00000000
Neuron 573 3 0.81250000 1 1.00000000 0.00000000 0.00000000 0.00000000
Neuron 585 3 0.50000000 1 1.00000000 0.00000000 0.00000000 0.00000000
Link 1 10 1 0 3.48794273
Link 2 10 2 0 -5.09994331
Link 3 10 3 0 0.76450507
Link 4 10 4 0 -0.60823526
Link 5 10 5 0 5.87327798
Link 7 10 7 0 -3.67818739
Link 8 10 8 0 -0.70064184
Link 9 10 9 0 0.71500261
Link 1 11 10 0 1.02776779
Link 2 11 11 0 -3.11361623
Link 3 11 12 0 2.42948161
Link 4 11 13 0 -1.21337569
Link 9 11 18 0 1.25062415
Link 1 12 19 0 1.99216574
Link 2 12 20 0 -0.63511444
Link 4 12 22 0 -0.99623905
Link 5 12 23 0 -3.79742067
Link 6 12 24 0 1.53514485
Link 7 12 25 0 -4.90287978
Link 9 12 27 0 -2.05677455
Link 1 13 28 0 1.82819631
Link 4 13 31 0 -0.29225651
Link 6 13 33 0 2.39164366
Link 8 13 35 0 4.58984563
Link 9 13 36 0 -0.00548656
Link 1 14 37 0 0.38120479
Link 2 14 38 0 1.17784038
Link 3 14 39 0 -0.16499275
Link 4 14 40 0 -0.10891545
Link 5 14 41 0 1.10010469
Link 6 14 42 0 0.60446082
Link 7 14 43 0 -0.55802110
Link 9 14 45 0 0.02556381
Link 3 15 48 0 -0.31277403
Link 4 15 49 0 -0.51679589
Link 6 15 51 0 3.55250806
Link 7 15 52 0 -0.07152260
Link 9 15 54 0 0.26616873
Link 1 16 55 0 -1.66777904
Link 3 16 57 0 -2.82150362
Link 4 16 58 0 0.06565616
Link 6 16 60 0 1.82589869
Link 7 16 61 0 -3.32746023
Link 9 16 63 0 2.91721020
Link 23 15 84 0 -0.39088350
Link 5 28 98 0 1.95313614
Link 28 16 99 0 -0.15876312
Link 8 37 125 0 -0.35089188
Link 37 16 126 0 -1.18179141
Link 1 38 129 0 1.05208365
Link 7 40 137 0 -0.66377962
Link 40 13 138 0 1.41810195
Link 2 41 140 0 -2.30358651
Link 41 13 141 0 1.08090312
Link 8 43 146 0 -0.69277855
Link 43 11 147 0 -1.66608297
Link 8 44 149 0 0.60242671
Link 5 54 188 0 -1.93139930
Link 54 11 189 0 0.35306236
Link 6 55 192 0 -1.88755483
Link 5 57 212 0 -1.19046639
Link 5 60 222 0 -0.89211788
Link 60 15 223 0 -0.80661688
Link 3 66 250 0 -2.87289985
Link 8 78 320 0 -0.81565496
Link 80 16 327 0 -1.61344843
Link 11 27 393 1 0.60209156
Link 18 99 505 0 -3.48538436
Link 2 107 564 0 2.21079107
Link 107 18 565 0 -0.63759806
Link 109 10 573 0 0.45324892
Link 16 27 634 1 2.31196523
Link 44 118 648 0 1.18844833
Link 118 14 649 0 -2.31094561
Link 13 13 724 1 1.25093174
Link 27 147 895 0 -0.38966922
Link 147 80 896 0 -1.23969846
Link 27 99 987 0 1.15360422
Link 78 176 1075 0 2.37831827
Link 176 12 1076 0 0.83548730
Link 165 192 1206 0 0.45698993
Link 192 27 1207 0 -0.27440231
Link 2 221 1360 0 3.55067558
Link 221 66 1361 0 -3.07008226
Link 229 23 1416 0 -2.04771174
Link 114 114 1531 1 -2.32595041
Link 258 109 1600 0 -2.72881362
Link 13 272 1686 1 -1.51772920
Link 272 55 1687 1 -0.11620488
Link 3 290 1834 0 -1.76507250
Link 290 165 1835 0 -0.47723845
Link 55 106 1920 0 -0.44388899
Link 106 313 1991 0 -3.45901100
Link 313 13 1992 0 1.63925460
Link 55 318 2042 0 1.30285697
Link 318 258 2043 0 -2.34637747
Link 38 334 2133 0 1.76913765
Link 334 114 2134 0 0.59555958
Link 359 15 2327 0 1.57541833
Link 66 16 2350 0 -0.92370291
Link 1 366 2367 0 2.80429383
Link 366 18 2368 0 0.00565891
Link 114 78 2665 1 2.06795585
Link 439 55 2896 0 -0.11322158
Link 80 440 2898 1 0.05580511
Link 440 57 2899 1 -0.31765920
Link 272 272 2964 1 -1.67723655
Link 57 449 2966 0 1.12899764
Link 449 106 2967 0 -1.50858965
Link 114 481 3216 0 2.32815148
Link 481 15 3217 0 0.13859522
Link 8 485 3252 0 1.73832163
Link 485 229 3253 0 -3.18000750
Link 107 508 3413 0 -2.00650509
Link 508 439 3414 0 1.64304054
Link 6 54 3421 0 -3.49685989
Link 515 55 3477 0 -1.83210141
Link 165 10 3554 0 -3.34748007
Link 16 80 3659 1 -0.67604534
Link 23 10 3703 0 3.56061402
Link 43 552 3806 0 0.36721239
Link 552 359 3807 0 0.44898791
Link 11 290 3867 1 -1.85117514
Link 5 318 3930 0 -1.79148839
Link 99 573 3970 0 1.76076601
Link 573 359 3971 0 -1.46583465
Link 107 515 3989 0 -2.21020231
Link 165 114 4055 0 -1.39894784
Link 27 585 4100 0 0.65222945
Link 585 515 4101 0 -2.23624659
Link 221 54 4383 0 -2.24370500
Link 439 109 4788 0 -1.60504207
Link 99 147 4840 1 -4.39028489
Link 165 15 5069 0 0.10844324
Link 221 37 5201 0 -1.91406202
Link 552 38 5217 1 -0.42558511
Link 165 14 5243 0 -0.10050803
Link 439 37 5520 0 3.51771452
Link 366 366 5729 1 -1.41213489
Link 107 54 5807 0 -0.10421471
Link 440 481 5974 0 -3.91650844
Link 107 313 6027 0 -1.49118413
Link 43 60 6105 0 0.08132712
Link 57 258 6122 0 -2.07726372
Link 439 18 6224 0 3.60307829
GenomeEnd

