GenomeStart 48380
Neuron 1 1 0.00000000 1 0.00000000 0.00000000 0.00000000 0.00000000
Neuron 2 1 0.00000000 1 0.00000000 0.00000000 0.00000000 0.00000000
Neuron 3 1 0.00000000 1 0.00000000 0.00000000 0.00000000 0.00000000
Neuron 4 1 0.00000000 1 0.00000000 0.00000000 0.00000000 0.00000000
Neuron 5 1 0.00000000 1 0.00000000 0.00000000 0.00000000 0.00000000
Neuron 6 1 0.00000000 1 0.00000000 0.00000000 0.00000000 0.00000000
Neuron 7 1 0.00000000 1 0.00000000 0.00000000 0.00000000 0.00000000
Neuron 8 1 0.00000000 1 0.00000000 0.00000000 0.00000000 0.00000000
Neuron 9 2 0.00000000 1 0.00000000 0.00000000 0.00000000 0.00000000
Neuron 10 4 1.00000000 0 1.00000000 0.00000000 0.00000000 0.00000000
Neuron 11 4 1.00000000 0 1.00000000 0.00000000 0.00000000 0.00000000
Neuron 12 4 1.00000000 0 1.00000000 0.00000000 0.00000000 0.00000000
Neuron 13 4 1.00000000 0 1.00000000 0.00000000 0.00000000 0.00000000
Neuron 14 4 1.00000000 0 1.00000000 0.00000000 0.00000000 0.00000000
Neuron 15 4 1.00000000 0 1.00000000 0.00000000 0.00000000 0.00000000
Neuron 16 4 1.00000000 0 1.00000000 0.00000000 0.00000000 0.00000000
Neuron 17 3 0.50000000 1 1.00000000 0.00000000 0.00000000 0.00000000
Neuron 19 3 0.50000000 1 1.00000000 0.00000000 0.00000000 0.00000000
Neuron 22 3 0.50000000 1 1.00000000 0.00000000 0.00000000 0.00000000
Neuron 23 3 0.50000000 1 1.00000000 0.00000000 0.00000000 0.00000000
Neuron 25 3 0.50000000 1 1.00000000 0.00000000 0.00000000 0.00000000
Neuron 28 3 0.50000000 1 1.00000000 0.00000000 0.00000000 0.00000000
Neuron 30 3 0.50000000 1 1.00000000 0.00000000 0.00000000 0.00000000
Neuron 32 3 0.50000000 1 1.00000000 0.00000000 0.00000000 0.00000000
Neuron 35 3 0.50000000 1 1.00000000 0.00000000 0.00000000 0.00000000
Neuron 38 3 0.50000000 1 1.00000000 0.00000000 0.00000000 0.00000000
Neuron 39 3 0.50000000 1 1.00000000 0.00000000 0.00000000 0.00000000
Neuron 43 3 0.50000000 1 1.00000000 0.00000000 0.00000000 0.00000000
Neuron 47 3 0.50000000 1 1.00000000 0.00000000 0.00000000 0.00000000
Neuron 49 3 0.50000000 1 1.00000000 0.00000000 0.00000000 0.00000000
Neuron 52 3 0.50000000 1 1.00000000 0.00000000 0.00000000 0.00000000
Neuron 53 3 0.50000000 1 1.00000000 0.00000000 0.00000000 0.00000000
Neuron 54 3 0.50000000 1 1.00000000 0.00000000 0.00000000 0.00000000
Neuron 56 3 0.50000000 1 1.00000000 0.00000000 0.00000000 0.00000000
Neuron 63 3 0.50000000 1 1.00000000 0.00000000 0.00000000 0.00000000
Neuron 64 3 0.25000000 1 1.00000000 0.00000000 0.00000000 0.00000000
Neuron 72 3 0.50000000 1 1.00000000 0.00000000 0.00000000 0.00000000
Neuron 73 3 0.50000000 1 1.00000000 0.00000000 0.00000000 0.00000000
Neuron 74 3 0.50000000 1 1.00000000 0.00000000 0.00000000 0.00000000
Neuron 76 3 0.25000000 1 1.00000000 0.00000000 0.00000000 0.00000000
Neuron 81 3 0.50000000 1 1.00000000 0.00000000 0.00000000 0.00000000
Neuron 82 3 0.50000000 1 1.00000000 0.00000000 0.00000000 0.00000000
Neuron 83 3 0.50000000 1 1.00000000 0.00000000 0.00000000 0.00000000
Neuron 85 3 0.50000000 1 1.00000000 0.00000000 0.00000000 0.00000000
Neuron 117 3 0.25000000 1 1.00000000 0.00000000 0.00000000 0.00000000
Neuron 127 3 0.25000000 1 1.00000000 0.00000000 0.00000000 0.00000000
Neuron 139 3 0.25000000 1 1.00000000 0.00000000 0.00000000 0.00000000
Neuron 156 3 0.75000000 1 1.00000000 0.00000000 0.00000000 0.00000000
Neuron 158 3 0.75000000 1 1.00000000 0.00000000 0.00000000 0.00000000
Neuron 170 3 0.25000000 1 1.00000000 0.00000000 0.00000000 0.00000000
Neuron 171 3 0.75000000 1 1.00000000 0.00000000 0.00000000 0.00000000
Neuron 197 3 0.75000000 1 1.00000000 0.00000000 0.00000000 0.00000000
Neuron 198 3 0.75000000 1 1.00000000 0.00000000 0.00000000 0.00000000
Neuron 200 3 0.37500000 1 1.00000000 0.00000000 0.00000000 0.00000000
Neuron 225 3 0.25000000 1 1.00000000 0.00000000 0.00000000 0.00000000
Neuron 244 3 0.25000000 1 1.00000000 0.00000000 0.00000000 0.00000000
Neuron 281 3 0.12500000 1 1.00000000 0.00000000 0.00000000 0.00000000
Neuron 299 3 0.37500000 1 1.00000000 0.00000000 0.00000000 0.00000000
Neuron 351 3 0.25000000 1 1.00000000 0.00000000 0.00000000 0.00000000
Neuron 368 3 0.12500000 1 1.00000000 0.00000000 0.00000000 0.00000000
Neuron 379 3 1.00000000 1 1.00000000 0.00000000 0.00000000 0.00000000
Neuron 405 3 0.12500000 1 1.00000000 0.00000000 0.00000000 0.00000000
Neuron 430 3 0.18750000 1 1.00000000 0.00000000 0.00000000 0.00000000
Neuron 434 3 0.75000000 1 1.00000000 0.00000000 0.00000000 0.00000000
Neuron 437 3 0.75000000 1 1.00000000 0.00000000 0.00000000 0.00000000
Neuron 456 3 0.50000000 1 1.00000000 0.00000000 0.00000000 0.00000000
Neuron 493 3 0.25000000 1 1.00000000 0.00000000 0.00000000 0.00000000
Neuron 545 3 0.37500000 1 1.00000000 0.00000000 0.00000000 0.00000000
Neuron 632 3 0.50000000 1 1.00000000 0.00000000 0.00000000 0.00000000
Neuron 645 3 0.37500000 1 1.00000000 0.00000000 0.00000000 0.00000000
Neuron 697 3 0.62500000 1 1.00000000 0.00000000 0.00000000 0.00000000
Neuron 730 3 0.18750000 1 1.00000000 0.00000000 0.00000000 0.00000000
Neuron 733 3 0.37500000 1 1.00000000 0.00000000 0.00000000 0.00000000
Neuron 759 3 0.15625000 1 1.00000000 0.00000000 0.00000000 0.00000000
Neuron 794 3 0.87500000 1 1.00000000 0.00000000 0.00000000 0.00000000
Neuron 807 3 0.37500000 1 1.00000000 0.00000000 0.00000000 0.00000000
Neuron 919 3 0.14062500 1 1.00000000 0.00000000 0.00000000 0.00000000
Link 1 10 1 0 -1.90556115
Link 2 10 2 0 -0.23894626
Link 3 10 3 0 1.64002462
Link 4 10 4 0 -1.23813532
Link 6 10 6 0 -0.82050935
Link 8 10 8 0 2.18911216
Link 9 10 9 0 -0.74841351
Link 1 11 10 0 -4.94998787
Link 2 11 11 0 0.16079427
Link 3 11 12 0 -0.35649616
Link 7 11 16 0 0.85357732
Link 9 11 18 0 0.47552377
Link 1 12 19 0 0.15291464
Link 7 12 25 0 0.32578077
Link 8 12 26 0 -1.25001572
Link 9 12 27 0 2.13537614
Link 2 13 29 0 -0.15084016
Link 3 13 30 0 -0.39155100
Link 5 13 32 0 -0.65508410
Link 6 13 33 0 0.38179363
Link 7 13 34 0 2.90550071
Link 9 13 36 0 0.05958896
Link 5 14 41 0 -1.42062362
Link 6 14 42 0 2.01599037
Link 8 14 44 0 -1.90635917
Link 9 14 45 0 -3.18069624
Link 4 15 49 0 0.46098548
Link 5 15 50 0 -2.31498266
Link 7 15 52 0 -0.25060084
Link 9 15 54 0 0.68811700
Link 1 16 55 0 -2.20154313
Link 2 16 56 0 -0.42088959
Link 3 16 57 0 -1.15772635
Link 8 16 62 0 0.44866684
Link 9 16 63 0 2.65061351
Link 1 17 65 0 2.17087268
Link 19 11 72 0 1.15690594
Link 6 22 80 0 -0.96584618
Link 22 16 81 0 1.00963039
Link 8 23 83 0 -0.18199252
Link 3 25 89 0 1.26599178
Link 28 16 99 0 0.55541237
Link 30 15 105 0 -1.16442804
Link 32 10 111 0 -0.83097564
Link 35 13 120 0 1.21371534
Link 15 15 127 1 -0.28688304
Link 1 38 129 0 1.88879137
Link 38 15 130 0 -1.26837536
Link 7 39 134 0 1.69996372
Link 39 16 135 0 0.78892586
Link 8 43 146 0 -0.62923277
Link 47 11 163 0 1.48751444
Link 49 12 170 0 -0.22151641
Link 8 52 178 0 1.50223412
Link 52 13 179 0 1.53110058
Link 53 12 183 0 -2.15497979
Link 5 54 188 0 -1.80233933
Link 54 11 189 0 0.49792787
Link 43 16 197 0 -1.15195468
Link 11 11 198 1 1.45111953
Link 56 14 204 0 -0.35956754
Link 63 12 237 0 -1.11050120
Link 64 35 241 0 0.69529565
Link 1 72 281 0 -0.67800243
Link 72 14 282 0 1.08615182
Link 43 14 283 0 -0.30746505
Link 5 73 285 0 0.79626749
Link 73 12 286 0 -0.73522977
Link 4 74 295 0 0.08130645
Link 74 16 296 0 -1.50864621
Link 5 76 313 0 -0.52234540
Link 9 43 336 0 0.87055577
Link 4 81 346 0 0.44049610
Link 81 14 347 0 -1.49008402
Link 6 82 349 0 0.00859713
Link 82 12 350 0 0.59777834
Link 3 83 362 0 1.09134379
Link 83 14 363 0 0.48784387
Link 2 85 382 0 0.02142112
Link 3 43 386 0 0.94809601
Link 6 117 644 0 -0.05147550
Link 117 30 645 0 -1.12566692
Link 7 35 687 0 0.34146864
Link 9 81 811 0 2.34483012
Link 2 139 829 0 1.39234309
Link 85 156 964 0 0.92978279
Link 156 14 965 0 -3.10900176
Link 30 158 974 0 1.00000000
Link 158 15 975 0 2.67182001
Link 7 170 1041 0 0.33127040
Link 170 56 1042 0 -0.54827646
Link 43 171 1044 0 0.28339881
Link 171 11 1045 0 1.00216295
Link 4 38 1086 0 -0.34604120
Link 54 13 1114 0 1.76147917
Link 23 197 1225 0 1.44637009
Link 197 15 1226 0 0.69256876
Link 25 198 1231 0 -0.19274404
Link 198 15 1232 0 2.08040382
Link 127 200 1245 0 1.97270066
Link 200 47 1246 0 -1.83210948
Link 7 22 1248 0 -0.52230578
Link 127 127 1270 1 -3.13120019
Link 3 225 1384 0 -0.37747470
Link 35 12 1387 0 -1.70320405
Link 5 244 1506 0 -0.82014114
Link 4 281 1752 0 0.40235509
Link 281 127 1753 0 -0.17896643
Link 127 39 1767 0 -0.15042559
Link 38 14 1893 0 -1.56664868
Link 76 299 1904 0 0.98398047
Link 299 32 1905 0 3.93389848
Link 53 63 2181 0 -2.75341394
Link 351 53 2259 0 -0.11601671
Link 52 52 2351 1 -1.63049506
Link 4 368 2380 0 1.74289562
Link 14 379 2463 1 1.45514375
Link 379 14 2464 1 -1.83615551
Link 12 38 2574 1 -0.53753079
Link 4 405 2652 0 0.35496450
Link 368 430 2816 0 0.93164575
Link 430 351 2817 0 0.24163796
Link 43 434 2862 0 -0.09269129
Link 437 13 2882 0 0.44038391
Link 43 456 3037 1 0.68657226
Link 456 43 3038 1 1.68933499
Link 32 23 3093 0 -0.70094452
Link 6 493 3307 0 0.40546550
Link 493 19 3308 0 -1.68637807
Link 456 82 3466 0 1.05396027
Link 139 545 3741 0 1.00000000
Link 545 49 3742 0 -0.28046050
Link 5 64 4081 0 -2.34902116
Link 1 430 4263 0 1.05501515
Link 437 49 4309 1 -0.07398634
Link 170 437 4402 0 1.22103283
Link 82 32 4543 0 -2.06555342
Link 85 632 4565 0 1.29715507
Link 632 30 4566 0 -1.75415086
Link 225 645 4649 0 -0.70932181
Link 645 63 4650 0 -1.46501154
Link 17 697 5123 0 1.74864298
Link 697 437 5124 0 1.87365140
Link 730 64 5412 0 -1.08292383
Link 244 733 5443 0 1.00000000
Link 733 28 5444 0 -0.52337822
Link 351 16 5501 0 -0.67163336
Link 405 83 5621 0 -1.53787763
Link 759 730 5651 0 -0.81201094
Link 434 794 5938 0 1.00000000
Link 794 10 5939 0 1.58323242
Link 139 807 6051 0 1.06309090
Link 807 81 6052 0 -1.16072860
Link 19 19 6259 1 0.18688214
Link 63 85 6629 0 2.24336758
Link 430 85 6738 0 0.55340271
Link 56 244 6796 1 -1.40638878
Link 405 919 6988 0 0.62252307
Link 919 759 6989 0 0.31371360
Link 434 14 7018 0 1.96097068
Link 759 759 7505 1 -1.49548809
GenomeEnd

