GenomeStart 27239
Neuron 1 1 0.00000000 1 0.00000000 0.00000000 0.00000000 0.00000000
Neuron 2 1 0.00000000 1 0.00000000 0.00000000 0.00000000 0.00000000
Neuron 3 1 0.00000000 1 0.00000000 0.00000000 0.00000000 0.00000000
Neuron 4 1 0.00000000 1 0.00000000 0.00000000 0.00000000 0.00000000
Neuron 5 1 0.00000000 1 0.00000000 0.00000000 0.00000000 0.00000000
Neuron 6 1 0.00000000 1 0.00000000 0.00000000 0.00000000 0.00000000
Neuron 7 1 0.00000000 1 0.00000000 0.00000000 0.00000000 0.00000000
Neuron 8 1 0.00000000 1 0.00000000 0.00000000 0.00000000 0.00000000
Neuron 9 2 0.00000000 1 0.00000000 0.00000000 0.00000000 0.00000000
Neuron 10 4 1.00000000 0 1.00000000 0.00000000 0.00000000 0.00000000
Neuron 11 4 1.00000000 0 1.00000000 0.00000000 0.00000000 0.00000000
Neuron 12 4 1.00000000 0 1.00000000 0.00000000 0.00000000 0.00000000
Neuron 13 4 1.00000000 0 1.00000000 0.00000000 0.00000000 0.00000000
Neuron 14 4 1.00000000 0 1.00000000 0.00000000 0.00000000 0.00000000
Neuron 15 4 1.00000000 0 1.00000000 0.00000000 0.00000000 0.00000000
Neuron 16 4 1.00000000 0 1.00000000 0.00000000 0.00000000 0.00000000
Neuron 18 3 0.50000000 1 1.00000000 0.00000000 0.00000000 0.00000000
Neuron 20 3 0.50000000 1 1.00000000 0.00000000 0.00000000 0.00000000
Neuron 21 3 0.50000000 1 1.00000000 0.00000000 0.00000000 0.00000000
Neuron 22 3 0.50000000 1 1.00000000 0.00000000 0.00000000 0.00000000
Neuron 23 3 0.50000000 1 1.00000000 0.00000000 0.00000000 0.00000000
Neuron 26 3 0.50000000 1 1.00000000 0.00000000 0.00000000 0.00000000
Neuron 27 3 0.50000000 1 1.00000000 0.00000000 0.00000000 0.00000000
Neuron 30 3 0.50000000 1 1.00000000 0.00000000 0.00000000 0.00000000
Neuron 32 3 0.50000000 1 1.00000000 0.00000000 0.00000000 0.00000000
Neuron 33 3 0.50000000 1 1.00000000 0.00000000 0.00000000 0.00000000
Neuron 34 3 0.50000000 1 1.00000000 0.00000000 0.00000000 0.00000000
Neuron 37 3 0.50000000 1 1.00000000 0.00000000 0.00000000 0.00000000
Neuron 38 3 0.50000000 1 1.00000000 0.00000000 0.00000000 0.00000000
Neuron 39 3 0.50000000 1 1.00000000 0.00000000 0.00000000 0.00000000
Neuron 41 3 0.50000000 1 1.00000000 0.00000000 0.00000000 0.00000000
Neuron 42 3 0.50000000 1 1.00000000 0.00000000 0.00000000 0.00000000
Neuron 43 3 0.50000000 1 1.00000000 0.00000000 0.00000000 0.00000000
Neuron 45 3 0.50000000 1 1.00000000 0.00000000 0.00000000 0.00000000
Neuron 47 3 0.50000000 1 1.00000000 0.00000000 0.00000000 0.00000000
Neuron 49 3 0.50000000 1 1.00000000 0.00000000 0.00000000 0.00000000
Neuron 50 3 0.50000000 1 1.00000000 0.00000000 0.00000000 0.00000000
Neuron 51 3 0.50000000 1 1.00000000 0.00000000 0.00000000 0.00000000
Neuron 54 3 0.50000000 1 1.00000000 0.00000000 0.00000000 0.00000000
Neuron 59 3 0.50000000 1 1.00000000 0.00000000 0.00000000 0.00000000
Neuron 63 3 0.50000000 1 1.00000000 0.00000000 0.00000000 0.00000000
Neuron 66 3 0.50000000 1 1.00000000 0.00000000 0.00000000 0.00000000
Neuron 84 3 0.50000000 1 1.00000000 0.00000000 0.00000000 0.00000000
Neuron 85 3 0.50000000 1 1.00000000 0.00000000 0.00000000 0.00000000
Neuron 88 3 0.25000000 1 1.00000000 0.00000000 0.00000000 0.00000000
Neuron 127 3 0.25000000 1 1.00000000 0.00000000 0.00000000 0.00000000
Neuron 177 3 0.75000000 1 1.00000000 0.00000000 0.00000000 0.00000000
Neuron 197 3 0.75000000 1 1.00000000 0.00000000 0.00000000 0.00000000
Neuron 211 3 0.25000000 1 1.00000000 0.00000000 0.00000000 0.00000000
Neuron 235 3 0.25000000 1 1.00000000 0.00000000 0.00000000 0.00000000
Neuron 273 3 0.75000000 1 1.00000000 0.00000000 0.00000000 0.00000000
Neuron 303 3 0.37500000 1 1.00000000 0.00000000 0.00000000 0.00000000
Neuron 363 3 0.75000000 1 1.00000000 0.00000000 0.00000000 0.00000000
Neuron 380 3 0.50000000 1 1.00000000 0.00000000 0.00000000 0.00000000
Neuron 432 3 0.50000000 1 1.00000000 0.00000000 0.00000000 0.00000000
Neuron 472 3 0.25000000 1 1.00000000 0.00000000 0.00000000 0.00000000
Neuron 475 3 0.50000000 1 1.00000000 0.00000000 0.00000000 0.00000000
Neuron 480 3 0.50000000 1 1.00000000 0.00000000 0.00000000 0.00000000
Neuron 487 3 0.25000000 1 1.00000000 0.00000000 0.00000000 0.00000000
Neuron 492 3 0.50000000 1 1.00000000 0.00000000 0.00000000 0.00000000
Link 1 10 1 0 1.46642277
Link 2 10 2 0 -2.12744834
Link 3 10 3 0 -1.62440314
Link 4 10 4 0 0.69014988
Link 5 10 5 0 -0.26153470
Link 6 10 6 0 2.05942108
Link 7 10 7 0 -0.01088980
Link 8 10 8 0 0.75415180
Link 9 10 9 0 -0.19458046
Link 1 11 10 0 0.56757877
Link 2 11 11 0 0.16121410
Link 3 11 12 0 -0.20153168
Link 5 11 14 0 -0.67451973
Link 6 11 15 0 -2.75856982
Link 7 11 16 0 0.89320708
Link 9 11 18 0 1.95743137
Link 1 12 19 0 3.53946498
Link 2 12 20 0 0.80034952
Link 3 12 21 0 1.35067233
Link 4 12 22 0 1.71901661
Link 5 12 23 0 2.00347113
Link 6 12 24 0 1.83844798
Link 7 12 25 0 -0.30606788
Link 8 12 26 0 -0.06223163
Link 9 12 27 0 -1.28179730
Link 1 13 28 0 -2.10724877
Link 3 13 30 0 0.65085812
Link 4 13 31 0 -3.57098749
Link 5 13 32 0 -2.08355010
Link 6 13 33 0 -0.11411048
Link 7 13 34 0 0.32813715
Link 8 13 35 0 -1.35766895
Link 9 13 36 0 1.79904862
Link 1 14 37 0 3.16516591
Link 3 14 39 0 2.17164182
Link 4 14 40 0 0.19555935
Link 5 14 41 0 -1.49799171
Link 6 14 42 0 0.25285546
Link 7 14 43 0 2.68229778
Link 8 14 44 0 2.06120625
Link 9 14 45 0 -0.42922226
Link 3 15 48 0 -0.68264828
Link 5 15 50 0 -2.75934014
Link 9 15 54 0 0.57966370
Link 1 16 55 0 1.85884911
Link 3 16 57 0 0.86885810
Link 4 16 58 0 0.01967993
Link 5 16 59 0 0.02968838
Link 8 16 62 0 2.36103483
Link 9 16 63 0 1.90716925
Link 2 18 68 0 0.31729503
Link 18 15 69 0 -0.34075741
Link 4 20 74 0 1.07691449
Link 20 10 75 0 0.04297123
Link 3 21 77 0 -2.70338525
Link 21 10 78 0 1.29089906
Link 6 22 80 0 -1.95270571
Link 22 16 81 0 -1.43044837
Link 8 23 83 0 0.64602285
Link 23 15 84 0 1.76419136
Link 26 14 93 0 2.08141227
Link 2 27 95 0 0.07962919
Link 27 16 96 0 -2.30914383
Link 6 30 104 0 -0.00981210
Link 30 15 105 0 -2.92800933
Link 5 32 110 0 0.85081386
Link 32 10 111 0 0.65363972
Link 7 33 113 0 2.55428501
Link 33 12 114 0 0.98321701
Link 4 34 116 0 1.64959108
Link 34 15 117 0 2.59959770
Link 8 37 125 0 -0.77598976
Link 37 16 126 0 -2.22854718
Link 1 38 129 0 -3.96175196
Link 38 15 130 0 -2.38046968
Link 7 39 134 0 -0.73427581
Link 39 16 135 0 2.59382712
Link 2 41 140 0 1.00000000
Link 41 13 141 0 -0.61255706
Link 42 12 144 0 -1.77583220
Link 43 11 147 0 3.07036880
Link 3 45 153 0 1.40023890
Link 4 47 162 0 -0.53825129
Link 47 11 163 0 1.32295432
Link 2 49 169 0 -3.24979768
Link 1 50 172 0 0.54762937
Link 50 10 173 0 -2.05004743
Link 7 51 175 0 1.62681262
Link 51 15 176 0 1.17392805
Link 5 54 188 0 -1.25874728
Link 54 11 189 0 -0.08174393
Link 11 11 198 1 -0.21594760
Link 6 59 219 0 -0.06808986
Link 59 14 220 0 -1.30655770
Link 12 18 227 1 -0.43127170
Link 3 63 236 0 -0.30447241
Link 63 12 237 0 -2.12031214
Link 3 66 250 0 0.57095228
Link 66 13 251 0 0.08962986
Link 13 59 273 1 2.02412418
Link 12 12 274 1 0.32074089
Link 15 27 299 1 1.78511046
Link 4 37 354 0 0.39765194
Link 6 50 357 0 -2.19308276
Link 2 84 369 0 -3.61950387
Link 84 10 370 0 -0.35426925
Link 2 85 382 0 0.27330674
Link 85 14 383 0 1.48858563
Link 8 88 402 0 -1.61386265
Link 13 37 432 1 1.20388164
Link 7 18 444 0 -1.84108860
Link 4 127 721 0 -0.76464069
Link 127 47 722 0 1.75706735
Link 18 27 742 0 -2.05762682
Link 7 27 798 0 4.12244929
Link 49 177 1082 0 1.47665221
Link 177 12 1083 0 -2.05325318
Link 16 43 1131 1 -0.18466265
Link 4 23 1132 0 -2.07722427
Link 23 197 1225 0 -2.61302068
Link 197 15 1226 0 -0.80087265
Link 5 211 1309 0 1.00000000
Link 211 26 1310 0 -0.63004841
Link 37 49 1371 0 -0.35539484
Link 16 88 1375 1 0.89223043
Link 235 18 1453 0 -2.10848684
Link 39 51 1578 0 -2.39469082
Link 8 50 1592 0 1.19776873
Link 42 37 1594 0 0.83119411
Link 51 38 1637 0 0.98993130
Link 10 197 1664 1 0.26325279
Link 15 273 1708 1 1.55095990
Link 273 42 1709 1 -1.43874840
Link 10 235 1723 1 -2.37846132
Link 54 43 1776 0 -2.24107595
Link 88 16 1796 0 -0.96224148
Link 88 303 1932 0 2.28674598
Link 303 43 1933 0 2.62521732
Link 18 85 1941 0 0.52994849
Link 8 197 2167 0 0.45579321
Link 10 51 2183 1 0.11659056
Link 30 23 2220 0 3.50118265
Link 10 43 2238 1 -1.48769235
Link 1 235 2305 0 0.21312552
Link 45 363 2348 0 1.61314045
Link 363 11 2349 0 -0.99290268
Link 235 197 2382 0 1.45988171
Link 18 380 2475 0 -0.79431938
Link 380 85 2476 0 0.54970460
Link 432 16 2854 0 0.36681221
Link 2 33 2879 0 -0.03264467
Link 363 18 2903 1 5.12422839
Link 23 32 2917 0 -0.98001447
Link 30 21 2933 0 -0.39752656
Link 27 177 3001 0 -0.43176437
Link 6 472 3150 0 1.30992171
Link 472 432 3151 0 -1.75102634
Link 45 475 3172 0 -0.34483576
Link 475 51 3173 0 -2.28546316
Link 480 14 3199 0 -0.29715294
Link 51 26 3219 0 1.79955446
Link 2 487 3258 0 1.00000000
Link 487 480 3259 0 -0.66990548
Link 8 492 3295 0 1.42096202
Link 492 11 3296 0 -0.33171465
Link 85 84 3339 0 1.47285096
Link 10 45 3482 1 -1.25637030
Link 63 88 3887 1 1.37978260
Link 480 59 3923 0 0.90538930
Link 54 492 4002 0 -3.15487683
GenomeEnd

