GenomeStart 47778
Neuron 1 1 0.00000000 1 0.00000000 0.00000000 0.00000000 0.00000000
Neuron 2 1 0.00000000 1 0.00000000 0.00000000 0.00000000 0.00000000
Neuron 3 1 0.00000000 1 0.00000000 0.00000000 0.00000000 0.00000000
Neuron 4 1 0.00000000 1 0.00000000 0.00000000 0.00000000 0.00000000
Neuron 5 1 0.00000000 1 0.00000000 0.00000000 0.00000000 0.00000000
Neuron 6 1 0.00000000 1 0.00000000 0.00000000 0.00000000 0.00000000
Neuron 7 1 0.00000000 1 0.00000000 0.00000000 0.00000000 0.00000000
Neuron 8 1 0.00000000 1 0.00000000 0.00000000 0.00000000 0.00000000
Neuron 9 2 0.00000000 1 0.00000000 0.00000000 0.00000000 0.00000000
Neuron 10 4 1.00000000 0 1.00000000 0.00000000 0.00000000 0.00000000
Neuron 11 4 1.00000000 0 1.00000000 0.00000000 0.00000000 0.00000000
Neuron 12 4 1.00000000 0 1.00000000 0.00000000 0.00000000 0.00000000
Neuron 13 4 1.00000000 0 1.00000000 0.00000000 0.00000000 0.00000000
Neuron 14 4 1.00000000 0 1.00000000 0.00000000 0.00000000 0.00000000
Neuron 15 4 1.00000000 0 1.00000000 0.00000000 0.00000000 0.00000000
Neuron 16 4 1.00000000 0 1.00000000 0.00000000 0.00000000 0.00000000
Neuron 17 3 0.50000000 1 1.00000000 0.00000000 0.00000000 0.00000000
Neuron 19 3 0.50000000 1 1.00000000 0.00000000 0.00000000 0.00000000
Neuron 22 3 0.50000000 1 1.00000000 0.00000000 0.00000000 0.00000000
Neuron 23 3 0.50000000 1 1.00000000 0.00000000 0.00000000 0.00000000
Neuron 25 3 0.50000000 1 1.00000000 0.00000000 0.00000000 0.00000000
Neuron 28 3 0.50000000 1 1.00000000 0.00000000 0.00000000 0.00000000
Neuron 30 3 0.50000000 1 1.00000000 0.00000000 0.00000000 0.00000000
Neuron 32 3 0.50000000 1 1.00000000 0.00000000 0.00000000 0.00000000
Neuron 35 3 0.50000000 1 1.00000000 0.00000000 0.00000000 0.00000000
Neuron 38 3 0.50000000 1 1.00000000 0.00000000 0.00000000 0.00000000
Neuron 39 3 0.50000000 1 1.00000000 0.00000000 0.00000000 0.00000000
Neuron 43 3 0.50000000 1 1.00000000 0.00000000 0.00000000 0.00000000
Neuron 47 3 0.50000000 1 1.00000000 0.00000000 0.00000000 0.00000000
Neuron 49 3 0.50000000 1 1.00000000 0.00000000 0.00000000 0.00000000
Neuron 52 3 0.50000000 1 1.00000000 0.00000000 0.00000000 0.00000000
Neuron 53 3 0.50000000 1 1.00000000 0.00000000 0.00000000 0.00000000
Neuron 54 3 0.50000000 1 1.00000000 0.00000000 0.00000000 0.00000000
Neuron 56 3 0.50000000 1 1.00000000 0.00000000 0.00000000 0.00000000
Neuron 63 3 0.50000000 1 1.00000000 0.00000000 0.00000000 0.00000000
Neuron 64 3 0.25000000 1 1.00000000 0.00000000 0.00000000 0.00000000
Neuron 72 3 0.50000000 1 1.00000000 0.00000000 0.00000000 0.00000000
Neuron 73 3 0.50000000 1 1.00000000 0.00000000 0.00000000 0.00000000
Neuron 74 3 0.50000000 1 1.00000000 0.00000000 0.00000000 0.00000000
Neuron 76 3 0.25000000 1 1.00000000 0.00000000 0.00000000 0.00000000
Neuron 81 3 0.50000000 1 1.00000000 0.00000000 0.00000000 0.00000000
Neuron 82 3 0.50000000 1 1.00000000 0.00000000 0.00000000 0.00000000
Neuron 83 3 0.50000000 1 1.00000000 0.00000000 0.00000000 0.00000000
Neuron 85 3 0.50000000 1 1.00000000 0.00000000 0.00000000 0.00000000
Neuron 117 3 0.25000000 1 1.00000000 0.00000000 0.00000000 0.00000000
Neuron 127 3 0.25000000 1 1.00000000 0.00000000 0.00000000 0.00000000
Neuron 139 3 0.25000000 1 1.00000000 0.00000000 0.00000000 0.00000000
Neuron 156 3 0.75000000 1 1.00000000 0.00000000 0.00000000 0.00000000
Neuron 158 3 0.75000000 1 1.00000000 0.00000000 0.00000000 0.00000000
Neuron 170 3 0.25000000 1 1.00000000 0.00000000 0.00000000 0.00000000
Neuron 171 3 0.75000000 1 1.00000000 0.00000000 0.00000000 0.00000000
Neuron 197 3 0.75000000 1 1.00000000 0.00000000 0.00000000 0.00000000
Neuron 198 3 0.75000000 1 1.00000000 0.00000000 0.00000000 0.00000000
Neuron 200 3 0.37500000 1 1.00000000 0.00000000 0.00000000 0.00000000
Neuron 225 3 0.25000000 1 1.00000000 0.00000000 0.00000000 0.00000000
Neuron 244 3 0.25000000 1 1.00000000 0.00000000 0.00000000 0.00000000
Neuron 281 3 0.12500000 1 1.00000000 0.00000000 0.00000000 0.00000000
Neuron 299 3 0.37500000 1 1.00000000 0.00000000 0.00000000 0.00000000
Neuron 351 3 0.25000000 1 1.00000000 0.00000000 0.00000000 0.00000000
Neuron 368 3 0.12500000 1 1.00000000 0.00000000 0.00000000 0.00000000
Neuron 379 3 1.00000000 1 1.00000000 0.00000000 0.00000000 0.00000000
Neuron 405 3 0.12500000 1 1.00000000 0.00000000 0.00000000 0.00000000
Neuron 430 3 0.18750000 1 1.00000000 0.00000000 0.00000000 0.00000000
Neuron 434 3 0.75000000 1 1.00000000 0.00000000 0.00000000 0.00000000
Neuron 437 3 0.75000000 1 1.00000000 0.00000000 0.00000000 0.00000000
Neuron 456 3 0.50000000 1 1.00000000 0.00000000 0.00000000 0.00000000
Neuron 493 3 0.25000000 1 1.00000000 0.00000000 0.00000000 0.00000000
Neuron 545 3 0.37500000 1 1.00000000 0.00000000 0.00000000 0.00000000
Neuron 632 3 0.50000000 1 1.00000000 0.00000000 0.00000000 0.00000000
Neuron 645 3 0.37500000 1 1.00000000 0.00000000 0.00000000 0.00000000
Neuron 697 3 0.62500000 1 1.00000000 0.00000000 0.00000000 0.00000000
Neuron 730 3 0.18750000 1 1.00000000 0.00000000 0.00000000 0.00000000
Neuron 759 3 0.15625000 1 1.00000000 0.00000000 0.00000000 0.00000000
Neuron 807 3 0.37500000 1 1.00000000 0.00000000 0.00000000 0.00000000
Neuron 919 3 0.14062500 1 1.00000000 0.00000000 0.00000000 0.00000000
Link 1 10 1 0 -1.90556115
Link 2 10 2 0 -0.23894626
Link 3 10 3 0 1.48410578
Link 4 10 4 0 -1.23813532
Link 6 10 6 0 -0.82050935
Link 8 10 8 0 2.18911216
Link 9 10 9 0 -0.74841351
Link 1 11 10 0 -4.94998787
Link 2 11 11 0 0.16079427
Link 3 11 12 0 -0.35821180
Link 7 11 16 0 0.85357732
Link 9 11 18 0 0.71793733
Link 1 12 19 0 0.15291464
Link 7 12 25 0 0.32578077
Link 8 12 26 0 -1.12227805
Link 9 12 27 0 2.27506095
Link 2 13 29 0 -0.08972237
Link 3 13 30 0 -0.39517207
Link 5 13 32 0 -0.61338698
Link 6 13 33 0 0.39025446
Link 7 13 34 0 3.00259225
Link 9 13 36 0 -0.27898675
Link 5 14 41 0 -1.42062362
Link 6 14 42 0 2.01599037
Link 8 14 44 0 -1.90635917
Link 9 14 45 0 -3.15054984
Link 4 15 49 0 0.90638662
Link 5 15 50 0 -2.31498266
Link 7 15 52 0 -0.35540109
Link 9 15 54 0 0.96270291
Link 1 16 55 0 -2.06683893
Link 2 16 56 0 -0.28064479
Link 3 16 57 0 -1.15772635
Link 8 16 62 0 0.44866684
Link 9 16 63 0 2.48820393
Link 1 17 65 0 2.11199478
Link 19 11 72 0 1.15690594
Link 6 22 80 0 -1.11043630
Link 22 16 81 0 1.00963039
Link 8 23 83 0 -0.11957504
Link 3 25 89 0 1.34671375
Link 28 16 99 0 0.95216455
Link 30 15 105 0 -1.01124787
Link 32 10 111 0 -0.83097564
Link 35 13 120 0 1.21371534
Link 15 15 127 1 -0.06287590
Link 1 38 129 0 1.86867577
Link 38 15 130 0 -1.26837536
Link 7 39 134 0 1.69996372
Link 39 16 135 0 0.65084669
Link 8 43 146 0 -1.00614394
Link 47 11 163 0 1.60339354
Link 49 12 170 0 -0.22151641
Link 8 52 178 0 1.55434043
Link 52 13 179 0 1.36180707
Link 53 12 183 0 -2.15497979
Link 5 54 188 0 -1.88712944
Link 54 11 189 0 0.49792787
Link 43 16 197 0 -1.15195468
Link 11 11 198 1 1.35560884
Link 56 14 204 0 -0.35318245
Link 63 12 237 0 -1.02136994
Link 64 35 241 0 0.64591983
Link 1 72 281 0 -0.76632236
Link 72 14 282 0 1.08615182
Link 43 14 283 0 -0.30746505
Link 5 73 285 0 0.84002997
Link 73 12 286 0 -0.73522977
Link 4 74 295 0 0.07932058
Link 74 16 296 0 -1.04848540
Link 5 76 313 0 -0.77787993
Link 9 43 336 0 0.62855924
Link 4 81 346 0 0.29252266
Link 81 14 347 0 -1.44418603
Link 6 82 349 0 0.20288632
Link 82 12 350 0 0.42878473
Link 3 83 362 0 1.02266723
Link 83 14 363 0 0.50282894
Link 2 85 382 0 -0.04115495
Link 3 43 386 0 1.13022712
Link 6 117 644 0 -0.05147550
Link 117 30 645 0 -1.13827192
Link 7 35 687 0 0.34146864
Link 9 81 811 0 2.34483012
Link 2 139 829 0 0.91322757
Link 85 156 964 0 0.76532650
Link 156 14 965 0 -2.99708044
Link 30 158 974 0 1.00000000
Link 158 15 975 0 2.67182001
Link 7 170 1041 0 0.46964665
Link 170 56 1042 0 -0.18043664
Link 43 171 1044 0 0.28401964
Link 171 11 1045 0 0.86065699
Link 4 38 1086 0 -0.34604120
Link 54 13 1114 0 1.77501078
Link 23 197 1225 0 1.22268029
Link 197 15 1226 0 0.69256876
Link 25 198 1231 0 -0.22489485
Link 198 15 1232 0 2.08040382
Link 127 200 1245 0 1.97270066
Link 200 47 1246 0 -2.25725481
Link 7 22 1248 0 -0.37223493
Link 3 225 1384 0 -0.52695179
Link 35 12 1387 0 -1.73585797
Link 5 244 1506 0 -1.06313653
Link 244 28 1507 0 -0.55190207
Link 4 281 1752 0 0.40235509
Link 281 127 1753 0 -0.22636008
Link 38 14 1893 0 -1.56664868
Link 76 299 1904 0 0.91345804
Link 299 32 1905 0 3.34451834
Link 53 63 2181 0 -2.75341394
Link 351 53 2259 0 -0.59340396
Link 52 52 2351 1 -1.59547317
Link 4 368 2380 0 1.48431309
Link 14 379 2463 1 1.66359910
Link 379 14 2464 1 -1.74772803
Link 12 38 2574 1 -0.63526163
Link 4 405 2652 0 0.13673740
Link 368 430 2816 0 0.48003420
Link 430 351 2817 0 0.24163796
Link 43 434 2862 0 -0.14070792
Link 434 10 2863 0 1.60438390
Link 437 13 2882 0 0.44038391
Link 43 456 3037 1 0.68657226
Link 456 43 3038 1 1.87066175
Link 32 23 3093 0 -0.34624711
Link 6 493 3307 0 0.37387700
Link 493 19 3308 0 -1.82735751
Link 456 82 3466 0 1.55058406
Link 139 545 3741 0 1.00000000
Link 545 49 3742 0 -0.28046050
Link 5 64 4081 0 -2.32424054
Link 1 430 4263 0 0.97595210
Link 437 49 4309 1 -0.03624661
Link 170 437 4402 0 1.46120045
Link 82 32 4543 0 -2.17849646
Link 85 632 4565 0 1.29715507
Link 632 30 4566 0 -1.59053005
Link 225 645 4649 0 -0.67589411
Link 645 63 4650 0 -1.46501154
Link 17 697 5123 0 1.84314098
Link 697 437 5124 0 1.87365140
Link 730 64 5412 0 -0.99588800
Link 351 16 5501 0 -0.67163336
Link 405 83 5621 0 -1.25157399
Link 759 730 5651 0 -0.64473068
Link 139 807 6051 0 1.14858469
Link 807 81 6052 0 -1.08099160
Link 19 19 6259 1 0.18688214
Link 63 85 6629 0 2.36444287
Link 430 85 6738 0 0.55932027
Link 56 244 6796 1 -1.74115997
Link 405 919 6988 0 0.69923888
Link 919 759 6989 0 0.49646872
Link 434 14 7018 0 1.98478739
Link 759 759 7505 1 -1.49548809
GenomeEnd

