GenomeStart 72766
Neuron 1 1 0.00000000 1 0.00000000 0.00000000 0.00000000 0.00000000
Neuron 2 1 0.00000000 1 0.00000000 0.00000000 0.00000000 0.00000000
Neuron 3 1 0.00000000 1 0.00000000 0.00000000 0.00000000 0.00000000
Neuron 4 1 0.00000000 1 0.00000000 0.00000000 0.00000000 0.00000000
Neuron 5 1 0.00000000 1 0.00000000 0.00000000 0.00000000 0.00000000
Neuron 6 1 0.00000000 1 0.00000000 0.00000000 0.00000000 0.00000000
Neuron 7 1 0.00000000 1 0.00000000 0.00000000 0.00000000 0.00000000
Neuron 8 1 0.00000000 1 0.00000000 0.00000000 0.00000000 0.00000000
Neuron 9 2 0.00000000 1 0.00000000 0.00000000 0.00000000 0.00000000
Neuron 10 4 1.00000000 0 1.00000000 0.00000000 0.00000000 0.00000000
Neuron 11 4 1.00000000 0 1.00000000 0.00000000 0.00000000 0.00000000
Neuron 12 4 1.00000000 0 1.00000000 0.00000000 0.00000000 0.00000000
Neuron 13 4 1.00000000 0 1.00000000 0.00000000 0.00000000 0.00000000
Neuron 14 4 1.00000000 0 1.00000000 0.00000000 0.00000000 0.00000000
Neuron 15 4 1.00000000 0 1.00000000 0.00000000 0.00000000 0.00000000
Neuron 16 4 1.00000000 0 1.00000000 0.00000000 0.00000000 0.00000000
Neuron 18 3 0.50000000 1 1.00000000 0.00000000 0.00000000 0.00000000
Neuron 19 3 0.50000000 1 1.00000000 0.00000000 0.00000000 0.00000000
Neuron 20 3 0.50000000 1 1.00000000 0.00000000 0.00000000 0.00000000
Neuron 21 3 0.50000000 1 1.00000000 0.00000000 0.00000000 0.00000000
Neuron 22 3 0.50000000 1 1.00000000 0.00000000 0.00000000 0.00000000
Neuron 23 3 0.50000000 1 1.00000000 0.00000000 0.00000000 0.00000000
Neuron 24 3 0.50000000 1 1.00000000 0.00000000 0.00000000 0.00000000
Neuron 25 3 0.50000000 1 1.00000000 0.00000000 0.00000000 0.00000000
Neuron 26 3 0.50000000 1 1.00000000 0.00000000 0.00000000 0.00000000
Neuron 27 3 0.50000000 1 1.00000000 0.00000000 0.00000000 0.00000000
Neuron 28 3 0.50000000 1 1.00000000 0.00000000 0.00000000 0.00000000
Neuron 30 3 0.50000000 1 1.00000000 0.00000000 0.00000000 0.00000000
Neuron 32 3 0.50000000 1 1.00000000 0.00000000 0.00000000 0.00000000
Neuron 33 3 0.50000000 1 1.00000000 0.00000000 0.00000000 0.00000000
Neuron 34 3 0.50000000 1 1.00000000 0.00000000 0.00000000 0.00000000
Neuron 37 3 0.50000000 1 1.00000000 0.00000000 0.00000000 0.00000000
Neuron 38 3 0.50000000 1 1.00000000 0.00000000 0.00000000 0.00000000
Neuron 39 3 0.50000000 1 1.00000000 0.00000000 0.00000000 0.00000000
Neuron 40 3 0.50000000 1 1.00000000 0.00000000 0.00000000 0.00000000
Neuron 41 3 0.50000000 1 1.00000000 0.00000000 0.00000000 0.00000000
Neuron 42 3 0.50000000 1 1.00000000 0.00000000 0.00000000 0.00000000
Neuron 43 3 0.50000000 1 1.00000000 0.00000000 0.00000000 0.00000000
Neuron 44 3 0.50000000 1 1.00000000 0.00000000 0.00000000 0.00000000
Neuron 45 3 0.50000000 1 1.00000000 0.00000000 0.00000000 0.00000000
Neuron 46 3 0.75000000 1 1.00000000 0.00000000 0.00000000 0.00000000
Neuron 47 3 0.50000000 1 1.00000000 0.00000000 0.00000000 0.00000000
Neuron 49 3 0.50000000 1 1.00000000 0.00000000 0.00000000 0.00000000
Neuron 50 3 0.50000000 1 1.00000000 0.00000000 0.00000000 0.00000000
Neuron 51 3 0.50000000 1 1.00000000 0.00000000 0.00000000 0.00000000
Neuron 52 3 0.50000000 1 1.00000000 0.00000000 0.00000000 0.00000000
Neuron 53 3 0.50000000 1 1.00000000 0.00000000 0.00000000 0.00000000
Neuron 54 3 0.50000000 1 1.00000000 0.00000000 0.00000000 0.00000000
Neuron 55 3 0.50000000 1 1.00000000 0.00000000 0.00000000 0.00000000
Neuron 56 3 0.50000000 1 1.00000000 0.00000000 0.00000000 0.00000000
Neuron 57 3 0.50000000 1 1.00000000 0.00000000 0.00000000 0.00000000
Neuron 59 3 0.50000000 1 1.00000000 0.00000000 0.00000000 0.00000000
Neuron 60 3 0.50000000 1 1.00000000 0.00000000 0.00000000 0.00000000
Neuron 61 3 0.50000000 1 1.00000000 0.00000000 0.00000000 0.00000000
Neuron 62 3 0.75000000 1 1.00000000 0.00000000 0.00000000 0.00000000
Neuron 63 3 0.50000000 1 1.00000000 0.00000000 0.00000000 0.00000000
Neuron 65 3 0.50000000 1 1.00000000 0.00000000 0.00000000 0.00000000
Neuron 66 3 0.50000000 1 1.00000000 0.00000000 0.00000000 0.00000000
Neuron 70 3 0.75000000 1 1.00000000 0.00000000 0.00000000 0.00000000
Neuron 72 3 0.50000000 1 1.00000000 0.00000000 0.00000000 0.00000000
Neuron 73 3 0.50000000 1 1.00000000 0.00000000 0.00000000 0.00000000
Neuron 74 3 0.50000000 1 1.00000000 0.00000000 0.00000000 0.00000000
Neuron 76 3 0.25000000 1 1.00000000 0.00000000 0.00000000 0.00000000
Neuron 78 3 0.50000000 1 1.00000000 0.00000000 0.00000000 0.00000000
Neuron 80 3 0.75000000 1 1.00000000 0.00000000 0.00000000 0.00000000
Neuron 81 3 0.50000000 1 1.00000000 0.00000000 0.00000000 0.00000000
Neuron 82 3 0.50000000 1 1.00000000 0.00000000 0.00000000 0.00000000
Neuron 83 3 0.50000000 1 1.00000000 0.00000000 0.00000000 0.00000000
Neuron 84 3 0.50000000 1 1.00000000 0.00000000 0.00000000 0.00000000
Neuron 85 3 0.50000000 1 1.00000000 0.00000000 0.00000000 0.00000000
Neuron 88 3 0.25000000 1 1.00000000 0.00000000 0.00000000 0.00000000
Neuron 96 3 0.75000000 1 1.00000000 0.00000000 0.00000000 0.00000000
Neuron 97 3 0.75000000 1 1.00000000 0.00000000 0.00000000 0.00000000
Neuron 99 3 0.75000000 1 1.00000000 0.00000000 0.00000000 0.00000000
Neuron 101 3 0.62500000 1 1.00000000 0.00000000 0.00000000 0.00000000
Neuron 102 3 0.75000000 1 1.00000000 0.00000000 0.00000000 0.00000000
Neuron 106 3 0.75000000 1 1.00000000 0.00000000 0.00000000 0.00000000
Neuron 107 3 0.25000000 1 1.00000000 0.00000000 0.00000000 0.00000000
Neuron 109 3 0.75000000 1 1.00000000 0.00000000 0.00000000 0.00000000
Neuron 114 3 0.75000000 1 1.00000000 0.00000000 0.00000000 0.00000000
Neuron 116 3 0.25000000 1 1.00000000 0.00000000 0.00000000 0.00000000
Neuron 118 3 0.75000000 1 1.00000000 0.00000000 0.00000000 0.00000000
Neuron 127 3 0.25000000 1 1.00000000 0.00000000 0.00000000 0.00000000
Neuron 129 3 0.75000000 1 1.00000000 0.00000000 0.00000000 0.00000000
Neuron 132 3 0.50000000 1 1.00000000 0.00000000 0.00000000 0.00000000
Neuron 139 3 0.25000000 1 1.00000000 0.00000000 0.00000000 0.00000000
Neuron 141 3 0.25000000 1 1.00000000 0.00000000 0.00000000 0.00000000
Neuron 146 3 0.75000000 1 1.00000000 0.00000000 0.00000000 0.00000000
Neuron 147 3 0.62500000 1 1.00000000 0.00000000 0.00000000 0.00000000
Neuron 149 3 0.12500000 1 1.00000000 0.00000000 0.00000000 0.00000000
Neuron 159 3 0.87500000 1 1.00000000 0.00000000 0.00000000 0.00000000
Neuron 160 3 0.75000000 1 1.00000000 0.00000000 0.00000000 0.00000000
Neuron 165 3 0.25000000 1 1.00000000 0.00000000 0.00000000 0.00000000
Neuron 169 3 0.25000000 1 1.00000000 0.00000000 0.00000000 0.00000000
Neuron 170 3 0.25000000 1 1.00000000 0.00000000 0.00000000 0.00000000
Neuron 171 3 0.75000000 1 1.00000000 0.00000000 0.00000000 0.00000000
Neuron 176 3 0.75000000 1 1.00000000 0.00000000 0.00000000 0.00000000
Neuron 177 3 0.75000000 1 1.00000000 0.00000000 0.00000000 0.00000000
Neuron 181 3 0.25000000 1 1.00000000 0.00000000 0.00000000 0.00000000
Neuron 186 3 0.75000000 1 1.00000000 0.00000000 0.00000000 0.00000000
Neuron 190 3 0.75000000 1 1.00000000 0.00000000 0.00000000 0.00000000
Neuron 192 3 0.37500000 1 1.00000000 0.00000000 0.00000000 0.00000000
Neuron 197 3 0.75000000 1 1.00000000 0.00000000 0.00000000 0.00000000
Neuron 206 3 0.75000000 1 1.00000000 0.00000000 0.00000000 0.00000000
Neuron 208 3 0.75000000 1 1.00000000 0.00000000 0.00000000 0.00000000
Neuron 221 3 0.25000000 1 1.00000000 0.00000000 0.00000000 0.00000000
Neuron 225 3 0.25000000 1 1.00000000 0.00000000 0.00000000 0.00000000
Neuron 229 3 0.25000000 1 1.00000000 0.00000000 0.00000000 0.00000000
Neuron 235 3 0.25000000 1 1.00000000 0.00000000 0.00000000 0.00000000
Neuron 236 3 0.75000000 1 1.00000000 0.00000000 0.00000000 0.00000000
Neuron 238 3 0.50000000 1 1.00000000 0.00000000 0.00000000 0.00000000
Neuron 241 3 0.37500000 1 1.00000000 0.00000000 0.00000000 0.00000000
Neuron 244 3 0.25000000 1 1.00000000 0.00000000 0.00000000 0.00000000
Neuron 254 3 0.62500000 1 1.00000000 0.00000000 0.00000000 0.00000000
Neuron 255 3 0.87500000 1 1.00000000 0.00000000 0.00000000 0.00000000
Neuron 256 3 0.50000000 1 1.00000000 0.00000000 0.00000000 0.00000000
Neuron 258 3 0.62500000 1 1.00000000 0.00000000 0.00000000 0.00000000
Neuron 267 3 0.25000000 1 1.00000000 0.00000000 0.00000000 0.00000000
Neuron 272 3 0.75000000 1 1.00000000 0.00000000 0.00000000 0.00000000
Neuron 273 3 0.75000000 1 1.00000000 0.00000000 0.00000000 0.00000000
Neuron 274 3 0.75000000 1 1.00000000 0.00000000 0.00000000 0.00000000
Neuron 286 3 0.75000000 1 1.00000000 0.00000000 0.00000000 0.00000000
Neuron 289 3 0.25000000 1 1.00000000 0.00000000 0.00000000 0.00000000
Neuron 290 3 0.12500000 1 1.00000000 0.00000000 0.00000000 0.00000000
Neuron 292 3 0.25000000 1 1.00000000 0.00000000 0.00000000 0.00000000
Neuron 294 3 0.75000000 1 1.00000000 0.00000000 0.00000000 0.00000000
Neuron 303 3 0.37500000 1 1.00000000 0.00000000 0.00000000 0.00000000
Neuron 311 3 0.75000000 1 1.00000000 0.00000000 0.00000000 0.00000000
Neuron 313 3 0.87500000 1 1.00000000 0.00000000 0.00000000 0.00000000
Neuron 318 3 0.56250000 1 1.00000000 0.00000000 0.00000000 0.00000000
Neuron 319 3 0.25000000 1 1.00000000 0.00000000 0.00000000 0.00000000
Neuron 330 3 0.25000000 1 1.00000000 0.00000000 0.00000000 0.00000000
Neuron 334 3 0.62500000 1 1.00000000 0.00000000 0.00000000 0.00000000
Neuron 343 3 0.25000000 1 1.00000000 0.00000000 0.00000000 0.00000000
Neuron 357 3 0.87500000 1 1.00000000 0.00000000 0.00000000 0.00000000
Neuron 359 3 0.87500000 1 1.00000000 0.00000000 0.00000000 0.00000000
Neuron 363 3 0.75000000 1 1.00000000 0.00000000 0.00000000 0.00000000
Neuron 366 3 0.25000000 1 1.00000000 0.00000000 0.00000000 0.00000000
Neuron 380 3 0.50000000 1 1.00000000 0.00000000 0.00000000 0.00000000
Neuron 383 3 0.62500000 1 1.00000000 0.00000000 0.00000000 0.00000000
Neuron 384 3 0.62500000 1 1.00000000 0.00000000 0.00000000 0.00000000
Neuron 385 3 0.37500000 1 1.00000000 0.00000000 0.00000000 0.00000000
Neuron 390 3 0.87500000 1 1.00000000 0.00000000 0.00000000 0.00000000
Neuron 391 3 0.31250000 1 1.00000000 0.00000000 0.00000000 0.00000000
Neuron 395 3 0.56250000 1 1.00000000 0.00000000 0.00000000 0.00000000
Neuron 408 3 0.75000000 1 1.00000000 0.00000000 0.00000000 0.00000000
Neuron 425 3 0.25000000 1 1.00000000 0.00000000 0.00000000 0.00000000
Neuron 432 3 0.50000000 1 1.00000000 0.00000000 0.00000000 0.00000000
Neuron 435 3 0.25000000 1 1.00000000 0.00000000 0.00000000 0.00000000
Neuron 439 3 0.37500000 1 1.00000000 0.00000000 0.00000000 0.00000000
Neuron 440 3 0.62500000 1 1.00000000 0.00000000 0.00000000 0.00000000
Neuron 447 3 0.87500000 1 1.00000000 0.00000000 0.00000000 0.00000000
Neuron 449 3 0.62500000 1 1.00000000 0.00000000 0.00000000 0.00000000
Neuron 455 3 0.62500000 1 1.00000000 0.00000000 0.00000000 0.00000000
Neuron 469 3 0.37500000 1 1.00000000 0.00000000 0.00000000 0.00000000
Neuron 471 3 0.50000000 1 1.00000000 0.00000000 0.00000000 0.00000000
Neuron 472 3 0.25000000 1 1.00000000 0.00000000 0.00000000 0.00000000
Neuron 473 3 0.50000000 1 1.00000000 0.00000000 0.00000000 0.00000000
Neuron 475 3 0.50000000 1 1.00000000 0.00000000 0.00000000 0.00000000
Neuron 479 3 0.59375000 1 1.00000000 0.00000000 0.00000000 0.00000000
Neuron 480 3 0.50000000 1 1.00000000 0.00000000 0.00000000 0.00000000
Neuron 481 3 0.87500000 1 1.00000000 0.00000000 0.00000000 0.00000000
Neuron 482 3 0.62500000 1 1.00000000 0.00000000 0.00000000 0.00000000
Neuron 485 3 0.12500000 1 1.00000000 0.00000000 0.00000000 0.00000000
Neuron 492 3 0.50000000 1 1.00000000 0.00000000 0.00000000 0.00000000
Neuron 499 3 0.87500000 1 1.00000000 0.00000000 0.00000000 0.00000000
Neuron 504 3 0.87500000 1 1.00000000 0.00000000 0.00000000 0.00000000
Neuron 508 3 0.31250000 1 1.00000000 0.00000000 0.00000000 0.00000000
Neuron 515 3 0.50000000 1 1.00000000 0.00000000 0.00000000 0.00000000
Neuron 519 3 0.12500000 1 1.00000000 0.00000000 0.00000000 0.00000000
Neuron 520 3 1.00000000 1 1.00000000 0.00000000 0.00000000 0.00000000
Neuron 522 3 0.53125000 1 1.00000000 0.00000000 0.00000000 0.00000000
Neuron 525 3 0.93750000 1 1.00000000 0.00000000 0.00000000 0.00000000
Neuron 526 3 0.81250000 1 1.00000000 0.00000000 0.00000000 0.00000000
Neuron 535 3 0.75000000 1 1.00000000 0.00000000 0.00000000 0.00000000
Neuron 546 3 0.50000000 1 1.00000000 0.00000000 0.00000000 0.00000000
Neuron 548 3 0.75000000 1 1.00000000 0.00000000 0.00000000 0.00000000
Neuron 549 3 0.75000000 1 1.00000000 0.00000000 0.00000000 0.00000000
Neuron 552 3 0.68750000 1 1.00000000 0.00000000 0.00000000 0.00000000
Neuron 563 3 0.50000000 1 1.00000000 0.00000000 0.00000000 0.00000000
Neuron 567 3 0.50000000 1 1.00000000 0.00000000 0.00000000 0.00000000
Neuron 569 3 0.50000000 1 1.00000000 0.00000000 0.00000000 0.00000000
Neuron 573 3 0.81250000 1 1.00000000 0.00000000 0.00000000 0.00000000
Neuron 582 3 0.18750000 1 1.00000000 0.00000000 0.00000000 0.00000000
Neuron 583 3 0.62500000 1 1.00000000 0.00000000 0.00000000 0.00000000
Neuron 585 3 0.50000000 1 1.00000000 0.00000000 0.00000000 0.00000000
Neuron 586 3 0.87500000 1 1.00000000 0.00000000 0.00000000 0.00000000
Neuron 587 3 0.50000000 1 1.00000000 0.00000000 0.00000000 0.00000000
Neuron 591 3 0.56250000 1 1.00000000 0.00000000 0.00000000 0.00000000
Neuron 593 3 0.37500000 1 1.00000000 0.00000000 0.00000000 0.00000000
Neuron 596 3 0.50000000 1 1.00000000 0.00000000 0.00000000 0.00000000
Neuron 604 3 0.37500000 1 1.00000000 0.00000000 0.00000000 0.00000000
Neuron 606 3 0.75000000 1 1.00000000 0.00000000 0.00000000 0.00000000
Neuron 610 3 0.87500000 1 1.00000000 0.00000000 0.00000000 0.00000000
Neuron 612 3 0.93750000 1 1.00000000 0.00000000 0.00000000 0.00000000
Neuron 628 3 0.28125000 1 1.00000000 0.00000000 0.00000000 0.00000000
Neuron 629 3 0.68750000 1 1.00000000 0.00000000 0.00000000 0.00000000
Neuron 631 3 0.37500000 1 1.00000000 0.00000000 0.00000000 0.00000000
Neuron 638 3 0.81250000 1 1.00000000 0.00000000 0.00000000 0.00000000
Neuron 642 3 0.75000000 1 1.00000000 0.00000000 0.00000000 0.00000000
Neuron 652 3 0.93750000 1 1.00000000 0.00000000 0.00000000 0.00000000
Neuron 661 3 0.50000000 1 1.00000000 0.00000000 0.00000000 0.00000000
Neuron 669 3 0.37500000 1 1.00000000 0.00000000 0.00000000 0.00000000
Neuron 678 3 0.31250000 1 1.00000000 0.00000000 0.00000000 0.00000000
Neuron 684 3 0.50000000 1 1.00000000 0.00000000 0.00000000 0.00000000
Neuron 686 3 0.12500000 1 1.00000000 0.00000000 0.00000000 0.00000000
Neuron 698 3 0.75000000 1 1.00000000 0.00000000 0.00000000 0.00000000
Neuron 709 3 0.75000000 1 1.00000000 0.00000000 0.00000000 0.00000000
Neuron 715 3 0.59375000 1 1.00000000 0.00000000 0.00000000 0.00000000
Neuron 723 3 0.37500000 1 1.00000000 0.00000000 0.00000000 0.00000000
Neuron 725 3 0.87500000 1 1.00000000 0.00000000 0.00000000 0.00000000
Neuron 733 3 0.37500000 1 1.00000000 0.00000000 0.00000000 0.00000000
Neuron 763 3 0.56250000 1 1.00000000 0.00000000 0.00000000 0.00000000
Neuron 770 3 0.75000000 1 1.00000000 0.00000000 0.00000000 0.00000000
Neuron 776 3 0.65625000 1 1.00000000 0.00000000 0.00000000 0.00000000
Neuron 787 3 0.12500000 1 1.00000000 0.00000000 0.00000000 0.00000000
Neuron 789 3 0.84375000 1 1.00000000 0.00000000 0.00000000 0.00000000
Neuron 791 3 0.75000000 1 1.00000000 0.00000000 0.00000000 0.00000000
Neuron 795 3 0.75000000 1 1.00000000 0.00000000 0.00000000 0.00000000
Neuron 796 3 0.62500000 1 1.00000000 0.00000000 0.00000000 0.00000000
Neuron 799 3 0.37500000 1 1.00000000 0.00000000 0.00000000 0.00000000
Neuron 800 3 0.50000000 1 1.00000000 0.00000000 0.00000000 0.00000000
Neuron 811 3 0.43750000 1 1.00000000 0.00000000 0.00000000 0.00000000
Neuron 812 3 0.50000000 1 1.00000000 0.00000000 0.00000000 0.00000000
Neuron 813 3 0.43750000 1 1.00000000 0.00000000 0.00000000 0.00000000
Neuron 820 3 0.37500000 1 1.00000000 0.00000000 0.00000000 0.00000000
Neuron 832 3 0.78125000 1 1.00000000 0.00000000 0.00000000 0.00000000
Neuron 844 3 0.50000000 1 1.00000000 0.00000000 0.00000000 0.00000000
Neuron 847 3 0.62500000 1 1.00000000 0.00000000 0.00000000 0.00000000
Neuron 848 3 0.78125000 1 1.00000000 0.00000000 0.00000000 0.00000000
Neuron 872 3 0.50000000 1 1.00000000 0.00000000 0.00000000 0.00000000
Neuron 881 3 0.50000000 1 1.00000000 0.00000000 0.00000000 0.00000000
Neuron 882 3 0.37500000 1 1.00000000 0.00000000 0.00000000 0.00000000
Neuron 884 3 0.56250000 1 1.00000000 0.00000000 0.00000000 0.00000000
Neuron 892 3 0.75000000 1 1.00000000 0.00000000 0.00000000 0.00000000
Neuron 903 3 0.50000000 1 1.00000000 0.00000000 0.00000000 0.00000000
Neuron 905 3 0.25000000 1 1.00000000 0.00000000 0.00000000 0.00000000
Neuron 912 3 0.56250000 1 1.00000000 0.00000000 0.00000000 0.00000000
Neuron 918 3 1.00000000 1 1.00000000 0.00000000 0.00000000 0.00000000
Neuron 920 3 0.62500000 1 1.00000000 0.00000000 0.00000000 0.00000000
Neuron 947 3 0.40625000 1 1.00000000 0.00000000 0.00000000 0.00000000
Neuron 949 3 0.75000000 1 1.00000000 0.00000000 0.00000000 0.00000000
Neuron 971 3 0.50000000 1 1.00000000 0.00000000 0.00000000 0.00000000
Neuron 982 3 0.75000000 1 1.00000000 0.00000000 0.00000000 0.00000000
Neuron 1010 3 0.43750000 1 1.00000000 0.00000000 0.00000000 0.00000000
Neuron 1020 3 0.18750000 1 1.00000000 0.00000000 0.00000000 0.00000000
Neuron 1024 3 0.82812500 1 1.00000000 0.00000000 0.00000000 0.00000000
Neuron 1054 3 0.90625000 1 1.00000000 0.00000000 0.00000000 0.00000000
Neuron 1065 3 0.09375000 1 1.00000000 0.00000000 0.00000000 0.00000000
Neuron 1081 3 0.78125000 1 1.00000000 0.00000000 0.00000000 0.00000000
Neuron 1082 3 0.31250000 1 1.00000000 0.00000000 0.00000000 0.00000000
Neuron 1090 3 0.78125000 1 1.00000000 0.00000000 0.00000000 0.00000000
Neuron 1094 3 0.62500000 1 1.00000000 0.00000000 0.00000000 0.00000000
Neuron 1102 3 0.25000000 1 1.00000000 0.00000000 0.00000000 0.00000000
Neuron 1135 3 0.68750000 1 1.00000000 0.00000000 0.00000000 0.00000000
Neuron 1161 3 0.62500000 1 1.00000000 0.00000000 0.00000000 0.00000000
Neuron 1188 3 0.25000000 1 1.00000000 0.00000000 0.00000000 0.00000000
Neuron 1199 3 0.25000000 1 1.00000000 0.00000000 0.00000000 0.00000000
Neuron 1201 3 0.43750000 1 1.00000000 0.00000000 0.00000000 0.00000000
Neuron 1203 3 0.76562500 1 1.00000000 0.00000000 0.00000000 0.00000000
Neuron 1280 3 0.56250000 1 1.00000000 0.00000000 0.00000000 0.00000000
Neuron 1315 3 0.95312500 1 1.00000000 0.00000000 0.00000000 0.00000000
Neuron 1347 3 0.70312500 1 1.00000000 0.00000000 0.00000000 0.00000000
Neuron 1384 3 0.25000000 1 1.00000000 0.00000000 0.00000000 0.00000000
Neuron 1423 3 0.75000000 1 1.00000000 0.00000000 0.00000000 0.00000000
Link 1 10 1 0 -1.64734423
Link 2 10 2 0 -3.96621249
Link 3 10 3 0 3.95820908
Link 4 10 4 0 4.52652410
Link 5 10 5 0 -0.51860483
Link 6 10 6 0 1.94254997
Link 7 10 7 0 0.53340812
Link 8 10 8 0 -0.01736391
Link 9 10 9 0 1.69611469
Link 1 11 10 0 -3.28051473
Link 2 11 11 0 2.19135573
Link 3 11 12 0 -0.02489178
Link 4 11 13 0 3.19320171
Link 5 11 14 0 2.89379781
Link 7 11 16 0 -1.24197079
Link 8 11 17 0 -0.68074146
Link 9 11 18 0 0.06018703
Link 1 12 19 0 -4.07278426
Link 2 12 20 0 -1.02387758
Link 3 12 21 0 1.69941615
Link 4 12 22 0 -0.75097852
Link 5 12 23 0 -0.29194173
Link 6 12 24 0 -1.31220070
Link 7 12 25 0 -0.16970498
Link 8 12 26 0 -0.07155032
Link 9 12 27 0 -1.17239224
Link 1 13 28 0 -0.39153336
Link 2 13 29 0 0.44512827
Link 3 13 30 0 -2.31088332
Link 4 13 31 0 -0.87730400
Link 5 13 32 0 2.44156737
Link 6 13 33 0 0.27104739
Link 7 13 34 0 -1.24312623
Link 8 13 35 0 -1.65879964
Link 9 13 36 0 1.36040615
Link 1 14 37 0 -2.65064319
Link 2 14 38 0 -1.31563159
Link 3 14 39 0 0.25071065
Link 4 14 40 0 -0.65466079
Link 6 14 42 0 0.71553621
Link 7 14 43 0 1.23119124
Link 8 14 44 0 3.29204755
Link 9 14 45 0 -1.75636630
Link 3 15 48 0 -0.08017434
Link 4 15 49 0 -0.54519493
Link 5 15 50 0 0.92431411
Link 7 15 52 0 0.91354644
Link 8 15 53 0 4.93607558
Link 9 15 54 0 -1.04576217
Link 1 16 55 0 -1.96980358
Link 3 16 57 0 -0.34722417
Link 4 16 58 0 0.22187874
Link 6 16 60 0 2.11317480
Link 7 16 61 0 0.89682952
Link 8 16 62 0 0.26560578
Link 9 16 63 0 -0.62110101
Link 18 15 69 0 -1.24607526
Link 6 19 71 0 1.09595812
Link 19 11 72 0 3.27369584
Link 4 20 74 0 -1.55978673
Link 20 10 75 0 -2.73890914
Link 6 22 80 0 -1.12491463
Link 22 16 81 0 -3.78406679
Link 8 23 83 0 0.84501247
Link 23 15 84 0 1.38022830
Link 6 24 86 0 0.99239796
Link 24 13 87 0 -0.85801766
Link 25 15 90 0 -0.45508883
Link 5 26 92 0 1.51626238
Link 26 14 93 0 1.85529412
Link 2 27 95 0 1.63096536
Link 27 16 96 0 0.43938628
Link 28 16 99 0 -0.82528514
Link 6 30 104 0 2.23945939
Link 30 15 105 0 1.74839430
Link 5 32 110 0 -0.93948782
Link 32 10 111 0 -0.07202141
Link 7 33 113 0 -2.65095355
Link 33 12 114 0 -1.63372349
Link 4 34 116 0 -1.77818714
Link 34 15 117 0 0.28456317
Link 8 37 125 0 -4.62619635
Link 37 16 126 0 -0.08505808
Link 1 38 129 0 0.13146227
Link 7 39 134 0 -0.21199245
Link 39 16 135 0 -1.13016924
Link 7 40 137 0 -0.72470489
Link 40 13 138 0 -0.27116644
Link 2 41 140 0 0.73938157
Link 41 13 141 0 0.09766157
Link 42 12 144 0 1.78542063
Link 8 43 146 0 -1.71131713
Link 43 11 147 0 1.06994297
Link 8 44 149 0 -0.07415013
Link 44 14 150 0 -0.37192995
Link 3 45 153 0 1.42329316
Link 45 11 154 0 -0.63678378
Link 37 46 157 0 1.04945744
Link 46 16 158 0 -1.46782455
Link 4 47 162 0 -4.43086572
Link 47 11 163 0 2.78776419
Link 2 49 169 0 0.53309879
Link 1 50 172 0 -0.73822263
Link 50 10 173 0 -1.23921823
Link 7 51 175 0 -2.05972905
Link 51 15 176 0 -0.62163350
Link 4 53 182 0 1.56435509
Link 53 12 183 0 -0.14915024
Link 5 54 188 0 0.69555957
Link 54 11 189 0 -1.96198216
Link 6 55 192 0 2.46781324
Link 55 10 193 0 -4.01807114
Link 11 11 198 1 0.75342294
Link 56 14 204 0 -1.89087754
Link 5 18 206 0 -2.66298951
Link 3 18 207 0 2.49831601
Link 5 57 212 0 -1.84026523
Link 6 59 219 0 -0.00976475
Link 59 14 220 0 -4.50483368
Link 5 60 222 0 0.51104048
Link 7 61 225 0 0.20606031
Link 61 10 226 0 -1.60923294
Link 12 18 227 1 -1.60940175
Link 62 14 233 0 1.47396592
Link 3 63 236 0 0.51670625
Link 63 12 237 0 -1.75308454
Link 3 66 250 0 -0.38265823
Link 66 13 251 0 0.58658113
Link 33 70 269 0 1.89612921
Link 70 12 270 0 2.94658627
Link 12 12 274 1 2.98321452
Link 5 73 285 0 0.25305597
Link 73 12 286 0 -2.44268580
Link 43 13 289 0 2.03881082
Link 43 33 292 0 -1.85354686
Link 4 74 295 0 2.17952681
Link 74 16 296 0 -0.10342678
Link 15 27 299 1 0.00370272
Link 5 76 313 0 -2.35930523
Link 76 32 314 0 0.61484045
Link 8 78 320 0 1.73096535
Link 78 12 321 0 -0.49757578
Link 27 80 326 0 3.51684725
Link 80 16 327 0 -0.97867034
Link 9 52 333 0 -0.30124220
Link 14 44 343 1 -0.70571422
Link 4 81 346 0 2.64563465
Link 6 82 349 0 1.88381130
Link 82 12 350 0 1.39307349
Link 16 60 353 1 -4.19342727
Link 4 37 354 0 -2.26989701
Link 3 83 362 0 1.16883951
Link 83 14 363 0 -3.55298134
Link 2 84 369 0 2.63272247
Link 84 10 370 0 1.64929799
Link 2 52 380 0 -1.87753462
Link 2 85 382 0 2.47581640
Link 85 14 383 0 1.54850709
Link 11 27 393 1 -0.73442593
Link 8 88 402 0 -0.02043900
Link 66 27 418 0 2.54615968
Link 1 18 428 0 -0.93507982
Link 13 37 432 1 -1.75820934
Link 7 18 444 0 0.62687439
Link 4 39 454 0 -0.68390657
Link 32 96 475 0 -2.50251459
Link 96 10 476 0 -1.66258106
Link 66 97 497 0 1.86895264
Link 97 13 498 0 -1.02546898
Link 18 99 505 0 -1.14242176
Link 99 15 506 0 0.16273938
Link 32 101 518 0 3.17523439
Link 101 62 519 0 2.93901244
Link 81 102 524 0 0.30144306
Link 102 14 525 0 -0.15629299
Link 2 66 529 0 2.98988003
Link 16 72 536 1 1.60445441
Link 57 106 559 0 -1.08372897
Link 106 13 560 0 -0.23335594
Link 2 107 564 0 1.16388909
Link 107 18 565 0 0.71174133
Link 109 10 573 0 -0.34553995
Link 72 12 574 0 -0.67835425
Link 38 114 618 0 -0.92438018
Link 114 15 619 0 4.85667638
Link 1 116 627 0 -2.38568943
Link 116 72 628 0 -3.23786935
Link 16 27 634 1 0.46561150
Link 44 118 648 0 2.14447607
Link 118 14 649 0 -1.33331497
Link 16 52 675 1 -0.47049333
Link 9 66 707 0 -1.91018711
Link 4 127 721 0 -2.09709197
Link 127 47 722 0 1.10131973
Link 13 13 724 1 -0.52234516
Link 15 129 735 1 -0.45252456
Link 129 27 736 1 -0.75855186
Link 18 27 742 0 1.12929521
Link 8 132 774 0 0.66284894
Link 11 32 785 1 -1.93447084
Link 2 139 829 0 -0.88134024
Link 139 49 830 0 -1.99000340
Link 3 141 852 0 -3.75716627
Link 141 25 853 0 -2.97665730
Link 27 10 886 0 -0.99570903
Link 52 146 892 0 2.31180213
Link 27 147 895 0 0.05426374
Link 147 80 896 0 0.61614230
Link 2 149 909 0 1.01763763
Link 149 107 910 0 0.30319263
Link 62 159 977 0 0.85261066
Link 159 14 978 0 -1.01042542
Link 47 160 983 0 -1.55369469
Link 160 11 984 0 -0.28066881
Link 27 72 985 0 0.50254588
Link 27 99 987 0 4.77405443
Link 3 165 1014 0 0.18857235
Link 165 27 1015 0 0.69622212
Link 3 169 1038 0 -1.59638828
Link 169 65 1039 0 -1.03271478
Link 7 170 1041 0 1.29413479
Link 170 56 1042 0 0.19688388
Link 43 171 1044 0 0.02322283
Link 171 11 1045 0 -2.83336959
Link 54 32 1069 0 0.48671275
Link 78 176 1075 0 1.82168151
Link 176 12 1076 0 0.99800622
Link 49 177 1082 0 1.68013709
Link 177 12 1083 0 0.74488833
Link 5 181 1120 0 -0.46833912
Link 181 60 1121 0 1.35803211
Link 16 43 1131 1 0.47516946
Link 26 186 1159 0 1.85146026
Link 186 14 1160 0 0.26055349
Link 28 190 1186 0 -1.55090672
Link 165 192 1206 0 2.48352111
Link 192 27 1207 0 -0.44405429
Link 23 197 1225 0 1.90707374
Link 197 15 1226 0 2.04526242
Link 74 206 1292 0 -1.04045105
Link 206 16 1293 0 1.12628570
Link 12 208 1298 1 1.80399026
Link 208 18 1299 1 2.85068495
Link 2 221 1360 0 -0.99138050
Link 221 66 1361 0 0.29916151
Link 37 49 1371 0 -0.53159648
Link 16 88 1375 1 1.02371510
Link 3 225 1384 0 0.39445171
Link 225 63 1385 0 2.54641506
Link 8 229 1415 0 1.93693625
Link 229 23 1416 0 0.42097539
Link 5 78 1436 0 1.00550940
Link 6 235 1452 0 1.68103076
Link 235 18 1453 0 0.75544802
Link 63 236 1461 0 0.04881376
Link 236 12 1462 0 -1.02792627
Link 3 238 1475 0 1.53780147
Link 238 16 1476 0 0.11168721
Link 107 241 1492 0 -0.61369185
Link 241 18 1493 0 0.05754808
Link 5 244 1506 0 1.50221190
Link 244 28 1507 0 0.70500204
Link 114 114 1531 1 0.93799671
Link 254 236 1574 0 -1.20650768
Link 80 255 1576 0 -0.36965940
Link 255 16 1577 0 2.15854702
Link 39 51 1578 0 0.04804891
Link 27 256 1583 0 -0.36968715
Link 256 72 1584 0 -1.74575986
Link 8 50 1592 0 -3.33281365
Link 42 37 1594 0 -1.55037299
Link 258 109 1600 0 0.86124462
Link 51 38 1637 0 -0.73650825
Link 3 267 1649 0 -4.72291315
Link 267 66 1650 0 1.75679858
Link 7 54 1653 0 -0.48699840
Link 10 197 1664 1 2.76934779
Link 13 272 1686 1 -0.54999871
Link 272 55 1687 1 0.87164393
Link 60 65 1689 0 -1.79921269
Link 15 273 1708 1 0.66785450
Link 273 42 1709 1 1.31803244
Link 83 274 1715 0 -0.17491494
Link 274 14 1716 0 -1.01821981
Link 10 235 1723 1 -0.91063644
Link 85 22 1755 0 -1.40393976
Link 37 27 1768 0 1.07135003
Link 54 43 1776 0 -1.41964007
Link 88 16 1796 0 -0.61317327
Link 27 286 1804 0 -0.14702584
Link 286 14 1805 0 1.38480191
Link 5 84 1806 0 0.30559477
Link 6 289 1823 0 1.02740023
Link 289 60 1824 0 -0.95230600
Link 3 290 1834 0 0.46338456
Link 290 165 1835 0 2.84302213
Link 3 292 1847 0 0.53675938
Link 292 18 1848 0 -1.05240169
Link 65 294 1867 0 0.74116244
Link 294 16 1868 0 -2.10729293
Link 60 62 1869 0 -1.59298043
Link 55 106 1920 0 -0.95723079
Link 88 303 1932 0 0.38664981
Link 303 43 1933 0 -2.39420059
Link 311 14 1986 0 -2.07282396
Link 106 313 1991 0 -0.27413802
Link 313 13 1992 0 0.60737666
Link 26 23 2006 0 0.56429938
Link 55 318 2042 0 0.68582047
Link 318 258 2043 0 -0.10387111
Link 1 319 2049 0 0.06392672
Link 319 38 2050 0 0.98356528
Link 3 330 2117 0 -1.88385608
Link 38 334 2133 0 -0.30066214
Link 334 114 2134 0 3.94216007
Link 8 197 2167 0 1.14278652
Link 10 51 2183 1 -1.10864282
Link 72 52 2192 0 -0.89957432
Link 66 10 2206 0 3.42322313
Link 8 343 2209 0 -3.59416707
Link 343 78 2210 0 0.74420840
Link 30 23 2220 0 0.72197053
Link 27 55 2253 0 -2.99286436
Link 15 60 2281 1 -1.84607775
Link 15 357 2303 1 -1.93450695
Link 357 273 2304 1 4.93803401
Link 1 235 2305 0 -3.12040728
Link 99 359 2326 0 -1.73149183
Link 359 15 2327 0 3.99323068
Link 45 363 2348 0 -0.48855652
Link 363 11 2349 0 -0.09878011
Link 66 16 2350 0 -0.71904558
Link 1 366 2367 0 1.73881887
Link 366 18 2368 0 -2.17578757
Link 235 197 2382 0 -1.78259102
Link 72 27 2401 0 1.60034180
Link 11 23 2450 1 -0.62006190
Link 18 380 2475 0 0.59233690
Link 380 85 2476 0 -0.61699405
Link 55 383 2491 0 -3.32779757
Link 383 106 2492 0 -3.00858069
Link 146 384 2495 1 -0.74147625
Link 8 385 2503 0 -1.72099842
Link 80 57 2553 1 -2.08953302
Link 13 390 2555 1 0.40175189
Link 390 272 2556 1 -1.60629169
Link 88 391 2565 0 -0.27389256
Link 391 303 2566 0 0.38004048
Link 384 395 2599 1 -0.84852179
Link 395 65 2600 1 0.75263042
Link 60 11 2615 0 -0.29822456
Link 114 78 2665 1 -3.47995624
Link 21 408 2676 0 -0.72240190
Link 408 10 2677 0 0.47509659
Link 14 238 2739 1 1.82764953
Link 4 425 2783 0 0.46457868
Link 425 23 2784 0 -1.17446259
Link 432 16 2854 0 -1.35189155
Link 26 26 2866 1 -2.49302303
Link 7 435 2874 0 -1.20155123
Link 435 27 2875 0 2.39154263
Link 2 33 2879 0 0.45451579
Link 439 55 2896 0 0.58363137
Link 80 440 2898 1 -1.17976632
Link 363 18 2903 1 0.08750587
Link 23 32 2917 0 -2.56615540
Link 146 447 2943 0 1.32970021
Link 447 13 2944 0 2.27460813
Link 272 272 2964 1 -1.18734590
Link 57 449 2966 0 -0.92717683
Link 449 106 2967 0 1.60600180
Link 27 177 3001 0 -1.80835039
Link 272 455 3032 1 0.63125618
Link 455 55 3033 1 -0.00402410
Link 229 469 3139 0 -0.89152921
Link 23 471 3147 0 -0.57902304
Link 471 32 3148 0 0.30691315
Link 6 472 3150 0 0.17257091
Link 472 432 3151 0 0.25729874
Link 6 170 3155 0 0.78523667
Link 54 473 3162 0 0.37128578
Link 473 66 3163 0 0.60047140
Link 45 475 3172 0 2.79836328
Link 475 51 3173 0 -0.37635361
Link 318 479 3194 0 3.54592873
Link 479 258 3195 0 -1.49865232
Link 2 480 3198 0 1.38033056
Link 480 14 3199 0 0.92088252
Link 114 481 3216 0 -0.88657258
Link 481 15 3217 0 0.75141674
Link 51 26 3219 0 0.87571749
Link 72 482 3226 0 -0.14767521
Link 482 311 3227 0 -0.18374663
Link 8 485 3252 0 -0.35811222
Link 485 229 3253 0 0.37192707
Link 8 492 3295 0 1.58085802
Link 492 11 3296 0 0.55394975
Link 311 499 3341 0 -1.02916324
Link 499 14 3342 0 -4.72077853
Link 190 504 3373 0 -1.23717106
Link 504 16 3374 0 -2.24356735
Link 7 83 3404 0 0.86982988
Link 107 508 3413 0 -2.00866505
Link 508 439 3414 0 1.60224867
Link 6 54 3421 0 0.08748478
Link 85 267 3432 1 0.13572399
Link 27 515 3476 0 -0.65365961
Link 515 55 3477 0 -1.93616437
Link 6 106 3478 0 4.49408242
Link 52 30 3499 0 1.82064150
Link 78 44 3503 0 0.39045401
Link 3 519 3509 0 1.01752182
Link 519 267 3510 0 -2.06233592
Link 13 520 3512 1 0.84297749
Link 520 13 3513 1 -4.36463575
Link 55 522 3551 0 -0.92280947
Link 522 318 3552 0 2.27777879
Link 165 10 3554 0 1.46803402
Link 359 525 3572 0 -0.84629750
Link 525 15 3573 0 1.99740766
Link 526 504 3596 0 1.14259168
Link 99 114 3611 0 1.39488299
Link 432 42 3613 0 0.32116952
Link 54 55 3621 0 -3.94082813
Link 16 80 3659 1 2.50380525
Link 535 15 3677 0 -2.48459220
Link 23 10 3703 0 0.63782660
Link 38 30 3746 0 0.26796776
Link 6 546 3755 0 -0.31668936
Link 546 14 3756 0 2.29588213
Link 66 548 3781 0 -1.04812283
Link 548 16 3782 0 4.81408110
Link 23 549 3791 0 -0.62867868
Link 549 13 3792 0 1.47739886
Link 5 80 3794 0 1.40402551
Link 552 359 3807 0 0.87776486
Link 45 22 3809 0 -1.67440117
Link 49 74 3817 0 -1.48856855
Link 114 38 3819 1 0.27075867
Link 18 52 3836 0 -2.21220263
Link 515 563 3865 0 2.55730150
Link 563 55 3866 0 0.69240397
Link 176 176 3896 1 -0.63833281
Link 480 480 3921 1 -0.79678360
Link 6 567 3926 0 1.05652745
Link 567 15 3927 0 0.63612191
Link 5 318 3930 0 -2.71407314
Link 3 569 3947 0 -0.55599589
Link 569 10 3948 0 -0.80584939
Link 267 26 3959 0 0.91846324
Link 99 573 3970 0 -2.00305404
Link 573 359 3971 0 -1.25273826
Link 107 515 3989 0 0.34041318
Link 12 57 4009 1 -1.79019813
Link 26 42 4025 0 -0.26912411
Link 165 114 4055 0 1.29187600
Link 485 582 4060 0 -0.93320202
Link 582 229 4061 0 -1.38415402
Link 114 583 4064 1 -0.05359598
Link 583 78 4065 1 -1.45344269
Link 37 59 4074 0 1.03800992
Link 165 380 4095 0 3.03817476
Link 53 380 4098 0 -2.28588277
Link 585 515 4101 0 3.12104464
Link 72 44 4104 0 -1.56428271
Link 70 586 4110 0 0.08005329
Link 586 12 4111 0 -2.36550871
Link 27 587 4115 0 -2.10565255
Link 587 66 4116 0 -0.65379867
Link 255 255 4126 1 0.33523580
Link 34 81 4139 0 -2.17385220
Link 11 591 4141 1 0.48116147
Link 591 290 4142 1 -0.28150934
Link 311 439 4158 1 0.68200461
Link 472 593 4165 0 -1.16843041
Link 3 596 4177 0 0.96096073
Link 596 13 4178 0 1.56804863
Link 38 80 4213 0 0.25645758
Link 6 604 4244 0 2.95025321
Link 604 106 4245 0 -0.20934831
Link 5 62 4253 0 -0.52151858
Link 43 45 4273 0 2.11174702
Link 176 606 4287 1 -1.60835151
Link 606 176 4288 1 1.92323457
Link 54 45 4302 0 0.43138531
Link 10 139 4358 1 2.18800679
Link 176 610 4371 0 0.44463506
Link 221 54 4383 0 0.61254656
Link 610 612 4389 0 -0.96302552
Link 612 12 4390 0 2.04816288
Link 165 28 4392 0 -0.17688316
Link 2 318 4445 0 0.23083075
Link 380 492 4459 0 0.91138801
Link 54 384 4462 0 -2.24346513
Link 27 229 4477 1 0.58462757
Link 5 628 4540 0 1.95390256
Link 628 318 4541 0 0.87097220
Link 258 176 4551 0 -2.12148302
Link 55 629 4553 0 -0.43084879
Link 629 586 4554 0 -0.29425941
Link 5 631 4560 0 1.07390319
Link 631 80 4561 0 -0.15750873
Link 106 638 4603 0 -0.18308611
Link 638 313 4604 0 -0.86123389
Link 642 10 4630 0 1.70398586
Link 53 27 4643 0 0.57340430
Link 8 549 4696 0 0.17446307
Link 492 33 4703 0 -0.78006230
Link 26 229 4705 1 2.63626885
Link 313 652 4716 0 0.69790460
Link 652 13 4717 0 -1.49144402
Link 85 34 4724 0 1.65161384
Link 13 359 4746 1 1.63493563
Link 439 109 4788 0 0.55404266
Link 4 661 4791 0 -1.31291266
Link 661 16 4792 0 -1.71195575
Link 78 273 4803 0 -0.36283274
Link 99 147 4840 1 1.78717115
Link 669 28 4858 0 -1.36960950
Link 508 13 4870 0 -1.37127771
Link 52 176 4914 0 0.33331232
Link 107 678 4942 0 2.06677133
Link 678 241 4943 0 0.37621909
Link 5 684 4972 0 1.79399083
Link 684 16 4973 0 1.38045310
Link 8 686 4979 0 -0.69933660
Link 686 343 4980 0 2.12153534
Link 186 480 5066 1 -0.16409766
Link 698 15 5135 0 1.47201794
Link 24 66 5197 0 -0.80506659
Link 221 37 5201 0 -0.09972077
Link 165 492 5211 0 -1.22689714
Link 552 38 5217 1 0.63569094
Link 7 549 5219 0 -0.18080957
Link 99 709 5225 0 -0.49677516
Link 709 114 5226 0 0.85639111
Link 165 14 5243 0 1.02670146
Link 289 289 5244 1 0.61989440
Link 43 715 5259 0 -3.30988356
Link 715 552 5260 0 0.51572335
Link 267 170 5267 0 1.48874872
Link 343 723 5321 0 1.97339771
Link 723 78 5322 0 -1.79075480
Link 16 725 5347 1 0.52270468
Link 725 114 5348 1 1.75280631
Link 53 43 5352 0 1.24893298
Link 473 42 5403 0 0.19395656
Link 244 733 5443 0 2.36496118
Link 733 28 5444 0 -1.50197737
Link 221 43 5471 0 1.29700488
Link 59 472 5475 1 1.39605696
Link 78 24 5497 0 -0.12384869
Link 439 37 5520 0 -0.24930012
Link 473 473 5522 1 2.85882949
Link 482 73 5543 1 3.01989443
Link 49 563 5593 0 -0.23601889
Link 177 177 5631 1 -0.19926929
Link 63 763 5670 0 -1.56748836
Link 763 254 5671 0 0.56444416
Link 60 359 5678 0 2.84875815
Link 475 47 5690 0 2.23280439
Link 30 522 5707 0 -1.33264195
Link 366 366 5729 1 -0.67229873
Link 56 37 5735 0 0.68047389
Link 318 776 5771 0 -0.65783541
Link 776 272 5772 0 -0.81431519
Link 107 54 5807 0 1.65123103
Link 255 10 5821 0 1.60721838
Link 515 515 5841 1 -3.36208215
Link 169 102 5850 0 -2.45200560
Link 23 482 5859 0 0.88736566
Link 5 787 5888 0 3.19918036
Link 787 181 5889 0 -1.50416882
Link 789 359 5905 0 -0.50809563
Link 38 34 5910 0 4.15625654
Link 770 791 5919 0 2.26979962
Link 791 549 5920 0 0.02218323
Link 177 272 5944 0 2.73093136
Link 78 795 5971 0 -0.63920270
Link 795 12 5972 0 1.94533718
Link 440 481 5974 0 4.24148049
Link 165 796 5977 0 2.04298380
Link 796 14 5978 0 -1.77268810
Link 28 236 5982 0 0.58388496
Link 83 97 5989 0 0.82927086
Link 330 799 5995 0 1.38944150
Link 799 45 5996 0 0.55490687
Link 475 800 5998 1 0.73242001
Link 800 475 5999 1 -0.09274630
Link 107 313 6027 0 3.29741654
Link 114 16 6035 0 0.07205190
Link 192 811 6074 0 -2.36186934
Link 811 27 6075 0 2.10756106
Link 23 812 6082 0 -3.68653773
Link 812 57 6083 0 0.70590150
Link 81 22 6086 0 -1.76891691
Link 165 41 6091 0 -2.12045931
Link 43 60 6105 0 0.22288386
Link 593 813 6113 0 1.33172307
Link 813 432 6114 0 3.09263124
Link 57 258 6122 0 0.71321086
Link 99 11 6148 0 -1.46434505
Link 107 820 6175 0 1.80565186
Link 820 54 6176 0 1.77801102
Link 439 18 6224 0 0.33304715
Link 832 526 6265 0 -2.74830980
Link 40 18 6285 0 -1.38794681
Link 844 32 6357 0 -0.76954426
Link 165 847 6367 0 -0.80098832
Link 847 15 6368 0 -1.51080682
Link 73 482 6377 0 0.82144917
Link 99 848 6383 0 -1.13628645
Link 848 573 6384 0 1.26262517
Link 313 525 6409 0 -1.57112054
Link 334 132 6506 1 -1.35039895
Link 165 872 6556 0 2.39894849
Link 872 114 6557 0 -0.09176085
Link 844 43 6622 0 0.97400804
Link 27 881 6643 0 1.05391701
Link 881 585 6644 0 0.50295277
Link 882 229 6651 1 -0.74191507
Link 27 884 6661 0 2.29048646
Link 884 147 6662 0 1.26747599
Link 5 515 6670 0 -1.71314847
Link 604 573 6677 0 -0.17011150
Link 432 84 6722 0 -1.73874359
Link 49 892 6743 0 2.56820191
Link 892 12 6744 0 -1.98738461
Link 546 313 6773 0 -2.09314013
Link 475 190 6788 0 0.80974455
Link 28 28 6791 1 1.22087523
Link 290 290 6809 1 0.59843770
Link 2 292 6814 0 -1.81668522
Link 492 903 6820 1 0.09815308
Link 903 492 6821 1 -2.37367606
Link 241 109 6830 0 0.21119285
Link 290 44 6853 0 -3.43141804
Link 366 905 6855 1 1.11897329
Link 905 366 6856 1 2.51296217
Link 23 176 6870 0 -0.91380804
Link 770 525 6882 0 1.07614519
Link 385 912 6920 0 -1.76189051
Link 912 197 6921 0 1.08836912
Link 84 520 6939 0 0.82881509
Link 13 638 6953 1 -0.13681504
Link 13 918 6972 1 -0.11809914
Link 918 13 6973 1 1.50196644
Link 34 920 6996 0 3.38704030
Link 920 535 6997 0 0.90001983
Link 569 45 7043 0 -1.60621174
Link 6 552 7045 0 0.71860920
Link 181 20 7051 0 2.29513414
Link 181 88 7070 0 0.80523884
Link 63 515 7125 0 0.72073871
Link 6 947 7199 0 0.63304253
Link 947 573 7200 0 -0.85106998
Link 132 949 7215 0 -0.23265006
Link 949 16 7216 0 -0.22036292
Link 343 770 7279 0 2.87119409
Link 469 11 7323 0 2.62597422
Link 229 366 7392 0 0.01038868
Link 38 971 7400 0 1.15137289
Link 971 844 7401 0 3.25319664
Link 221 334 7415 0 1.53515539
Link 4 290 7435 0 2.56064988
Link 492 177 7479 0 0.79085594
Link 44 573 7519 0 0.99132159
Link 76 272 7535 0 -0.40811680
Link 982 770 7544 0 -2.87721572
Link 508 638 7560 0 -1.14020952
Link 177 96 7592 0 0.88859346
Link 5 847 7733 0 -0.61734082
Link 27 1010 7747 1 4.49480745
Link 1010 882 7748 1 -0.05743831
Link 107 229 7818 0 0.75842539
Link 1020 439 7831 0 -1.93789016
Link 5 439 7835 0 2.80726272
Link 573 1024 7858 0 -0.09735441
Link 1024 789 7859 0 -0.76213710
Link 22 97 7871 0 1.40450890
Link 147 229 8032 1 0.32543686
Link 192 481 8039 0 3.14238328
Link 343 24 8079 0 2.15859458
Link 1054 638 8112 1 -0.59149891
Link 54 40 8129 0 -0.85081912
Link 439 33 8143 0 -2.08393991
Link 366 114 8162 0 1.88363025
Link 2 1065 8178 0 -1.17595275
Link 1065 1020 8179 0 0.61949412
Link 50 82 8196 0 -1.41451375
Link 290 848 8226 0 2.57581728
Link 27 313 8266 0 1.31869954
Link 74 552 8275 0 1.05269496
Link 33 176 8332 0 1.60384806
Link 698 236 8379 0 -2.72246713
Link 106 1081 8396 0 -1.58856958
Link 1081 638 8397 0 1.07360717
Link 3 469 8404 0 0.23034942
Link 165 1082 8408 0 1.00000000
Link 1082 669 8409 0 -0.53584815
Link 39 181 8430 1 -1.24581935
Link 715 715 8445 1 -2.84247658
Link 99 1090 8464 0 0.95966890
Link 1090 573 8465 0 3.59183153
Link 18 255 8514 0 -1.66868991
Link 38 1094 8526 0 -0.73918897
Link 1094 698 8527 0 4.76230001
Link 5 1102 8588 0 -1.59406153
Link 1102 28 8589 0 -1.48208580
Link 593 18 8672 0 -0.51784722
Link 440 1024 8703 0 -1.49751990
Link 114 267 8730 1 -3.13047675
Link 479 359 8738 0 -1.71821202
Link 118 272 8798 0 -2.11292919
Link 146 21 8848 1 1.00641690
Link 440 1135 8961 0 1.01739007
Link 1135 106 8962 0 2.46659800
Link 24 610 9027 0 0.05709708
Link 39 763 9119 0 0.38970541
Link 256 57 9135 0 4.40966512
Link 23 1161 9166 0 0.63992470
Link 1161 642 9167 0 0.24859640
Link 8 1188 9379 0 0.81756175
Link 1188 85 9380 0 1.76953248
Link 74 147 9443 0 -1.86893101
Link 4 1199 9456 0 0.70990543
Link 1199 23 9457 0 1.10384543
Link 469 1201 9479 0 0.53753914
Link 1201 23 9480 0 -1.08569872
Link 190 1203 9517 0 0.80803938
Link 1203 832 9518 0 3.01449427
Link 905 832 9698 0 -0.15056203
Link 343 169 9905 0 0.05900310
Link 628 45 10050 0 0.42640012
Link 384 1280 10161 1 1.69700310
Link 1280 65 10162 1 -0.32013076
Link 139 1010 10419 0 -0.68523888
Link 13 1315 10455 1 1.06841879
Link 1315 1054 10456 1 -2.75279304
Link 548 1024 10475 0 0.82362689
Link 652 485 10502 1 1.52003104
Link 582 485 10539 1 -0.60245785
Link 118 66 10721 1 -0.04247270
Link 313 1347 10773 1 0.93745562
Link 1347 522 10774 1 -1.29742983
Link 289 165 10972 0 -1.62550566
Link 186 286 11039 0 3.83369763
Link 6 1384 11059 0 0.75492299
Link 1384 60 11060 0 1.37381875
Link 132 499 11105 0 -2.74784842
Link 661 25 11132 0 3.56116686
Link 181 56 11180 0 1.09960757
Link 1188 1188 11206 1 0.03216555
Link 628 51 11239 0 4.01576431
Link 114 1423 11388 0 1.11647507
Link 1423 982 11389 0 0.74457760
Link 139 661 11582 0 1.59089845
Link 147 526 11692 0 -2.62785041
Link 83 390 11722 0 -1.51417734
Link 596 22 11796 0 -0.37034844
Link 573 294 11964 1 3.09606318
Link 141 435 12018 0 -4.03558339
GenomeEnd

