GenomeStart 114178
Neuron 1 1 0.00000000 1 0.00000000 0.00000000 0.00000000 0.00000000
Neuron 2 1 0.00000000 1 0.00000000 0.00000000 0.00000000 0.00000000
Neuron 3 1 0.00000000 1 0.00000000 0.00000000 0.00000000 0.00000000
Neuron 4 1 0.00000000 1 0.00000000 0.00000000 0.00000000 0.00000000
Neuron 5 1 0.00000000 1 0.00000000 0.00000000 0.00000000 0.00000000
Neuron 6 1 0.00000000 1 0.00000000 0.00000000 0.00000000 0.00000000
Neuron 7 1 0.00000000 1 0.00000000 0.00000000 0.00000000 0.00000000
Neuron 8 1 0.00000000 1 0.00000000 0.00000000 0.00000000 0.00000000
Neuron 9 2 0.00000000 1 0.00000000 0.00000000 0.00000000 0.00000000
Neuron 10 4 1.00000000 0 1.00000000 0.00000000 0.00000000 0.00000000
Neuron 11 4 1.00000000 0 1.00000000 0.00000000 0.00000000 0.00000000
Neuron 12 4 1.00000000 0 1.00000000 0.00000000 0.00000000 0.00000000
Neuron 13 4 1.00000000 0 1.00000000 0.00000000 0.00000000 0.00000000
Neuron 14 4 1.00000000 0 1.00000000 0.00000000 0.00000000 0.00000000
Neuron 15 4 1.00000000 0 1.00000000 0.00000000 0.00000000 0.00000000
Neuron 16 4 1.00000000 0 1.00000000 0.00000000 0.00000000 0.00000000
Neuron 18 3 0.50000000 1 1.00000000 0.00000000 0.00000000 0.00000000
Neuron 23 3 0.50000000 1 1.00000000 0.00000000 0.00000000 0.00000000
Neuron 27 3 0.50000000 1 1.00000000 0.00000000 0.00000000 0.00000000
Neuron 28 3 0.50000000 1 1.00000000 0.00000000 0.00000000 0.00000000
Neuron 29 3 0.50000000 1 1.00000000 0.00000000 0.00000000 0.00000000
Neuron 32 3 0.50000000 1 1.00000000 0.00000000 0.00000000 0.00000000
Neuron 33 3 0.50000000 1 1.00000000 0.00000000 0.00000000 0.00000000
Neuron 37 3 0.50000000 1 1.00000000 0.00000000 0.00000000 0.00000000
Neuron 38 3 0.50000000 1 1.00000000 0.00000000 0.00000000 0.00000000
Neuron 40 3 0.50000000 1 1.00000000 0.00000000 0.00000000 0.00000000
Neuron 41 3 0.50000000 1 1.00000000 0.00000000 0.00000000 0.00000000
Neuron 43 3 0.50000000 1 1.00000000 0.00000000 0.00000000 0.00000000
Neuron 44 3 0.50000000 1 1.00000000 0.00000000 0.00000000 0.00000000
Neuron 47 3 0.50000000 1 1.00000000 0.00000000 0.00000000 0.00000000
Neuron 51 3 0.50000000 1 1.00000000 0.00000000 0.00000000 0.00000000
Neuron 54 3 0.50000000 1 1.00000000 0.00000000 0.00000000 0.00000000
Neuron 55 3 0.50000000 1 1.00000000 0.00000000 0.00000000 0.00000000
Neuron 57 3 0.50000000 1 1.00000000 0.00000000 0.00000000 0.00000000
Neuron 59 3 0.50000000 1 1.00000000 0.00000000 0.00000000 0.00000000
Neuron 60 3 0.50000000 1 1.00000000 0.00000000 0.00000000 0.00000000
Neuron 66 3 0.50000000 1 1.00000000 0.00000000 0.00000000 0.00000000
Neuron 70 3 0.75000000 1 1.00000000 0.00000000 0.00000000 0.00000000
Neuron 72 3 0.50000000 1 1.00000000 0.00000000 0.00000000 0.00000000
Neuron 78 3 0.50000000 1 1.00000000 0.00000000 0.00000000 0.00000000
Neuron 80 3 0.75000000 1 1.00000000 0.00000000 0.00000000 0.00000000
Neuron 84 3 0.50000000 1 1.00000000 0.00000000 0.00000000 0.00000000
Neuron 85 3 0.50000000 1 1.00000000 0.00000000 0.00000000 0.00000000
Neuron 88 3 0.25000000 1 1.00000000 0.00000000 0.00000000 0.00000000
Neuron 99 3 0.75000000 1 1.00000000 0.00000000 0.00000000 0.00000000
Neuron 106 3 0.75000000 1 1.00000000 0.00000000 0.00000000 0.00000000
Neuron 107 3 0.25000000 1 1.00000000 0.00000000 0.00000000 0.00000000
Neuron 109 3 0.75000000 1 1.00000000 0.00000000 0.00000000 0.00000000
Neuron 114 3 0.75000000 1 1.00000000 0.00000000 0.00000000 0.00000000
Neuron 116 3 0.25000000 1 1.00000000 0.00000000 0.00000000 0.00000000
Neuron 118 3 0.75000000 1 1.00000000 0.00000000 0.00000000 0.00000000
Neuron 124 3 0.75000000 1 1.00000000 0.00000000 0.00000000 0.00000000
Neuron 147 3 0.62500000 1 1.00000000 0.00000000 0.00000000 0.00000000
Neuron 163 3 0.75000000 1 1.00000000 0.00000000 0.00000000 0.00000000
Neuron 165 3 0.25000000 1 1.00000000 0.00000000 0.00000000 0.00000000
Neuron 174 3 0.62500000 1 1.00000000 0.00000000 0.00000000 0.00000000
Neuron 176 3 0.75000000 1 1.00000000 0.00000000 0.00000000 0.00000000
Neuron 192 3 0.37500000 1 1.00000000 0.00000000 0.00000000 0.00000000
Neuron 202 3 0.25000000 1 1.00000000 0.00000000 0.00000000 0.00000000
Neuron 221 3 0.25000000 1 1.00000000 0.00000000 0.00000000 0.00000000
Neuron 224 3 0.12500000 1 1.00000000 0.00000000 0.00000000 0.00000000
Neuron 229 3 0.25000000 1 1.00000000 0.00000000 0.00000000 0.00000000
Neuron 244 3 0.25000000 1 1.00000000 0.00000000 0.00000000 0.00000000
Neuron 255 3 0.87500000 1 1.00000000 0.00000000 0.00000000 0.00000000
Neuron 258 3 0.62500000 1 1.00000000 0.00000000 0.00000000 0.00000000
Neuron 267 3 0.25000000 1 1.00000000 0.00000000 0.00000000 0.00000000
Neuron 272 3 0.75000000 1 1.00000000 0.00000000 0.00000000 0.00000000
Neuron 290 3 0.12500000 1 1.00000000 0.00000000 0.00000000 0.00000000
Neuron 295 3 0.25000000 1 1.00000000 0.00000000 0.00000000 0.00000000
Neuron 313 3 0.87500000 1 1.00000000 0.00000000 0.00000000 0.00000000
Neuron 318 3 0.56250000 1 1.00000000 0.00000000 0.00000000 0.00000000
Neuron 334 3 0.62500000 1 1.00000000 0.00000000 0.00000000 0.00000000
Neuron 343 3 0.25000000 1 1.00000000 0.00000000 0.00000000 0.00000000
Neuron 359 3 0.87500000 1 1.00000000 0.00000000 0.00000000 0.00000000
Neuron 366 3 0.25000000 1 1.00000000 0.00000000 0.00000000 0.00000000
Neuron 419 3 0.62500000 1 1.00000000 0.00000000 0.00000000 0.00000000
Neuron 439 3 0.37500000 1 1.00000000 0.00000000 0.00000000 0.00000000
Neuron 440 3 0.62500000 1 1.00000000 0.00000000 0.00000000 0.00000000
Neuron 445 3 0.75000000 1 1.00000000 0.00000000 0.00000000 0.00000000
Neuron 449 3 0.62500000 1 1.00000000 0.00000000 0.00000000 0.00000000
Neuron 455 3 0.62500000 1 1.00000000 0.00000000 0.00000000 0.00000000
Neuron 481 3 0.87500000 1 1.00000000 0.00000000 0.00000000 0.00000000
Neuron 485 3 0.12500000 1 1.00000000 0.00000000 0.00000000 0.00000000
Neuron 488 3 0.75000000 1 1.00000000 0.00000000 0.00000000 0.00000000
Neuron 508 3 0.31250000 1 1.00000000 0.00000000 0.00000000 0.00000000
Neuron 515 3 0.50000000 1 1.00000000 0.00000000 0.00000000 0.00000000
Neuron 520 3 1.00000000 1 1.00000000 0.00000000 0.00000000 0.00000000
Neuron 522 3 0.53125000 1 1.00000000 0.00000000 0.00000000 0.00000000
Neuron 525 3 0.93750000 1 1.00000000 0.00000000 0.00000000 0.00000000
Neuron 543 3 0.28125000 1 1.00000000 0.00000000 0.00000000 0.00000000
Neuron 544 3 0.87500000 1 1.00000000 0.00000000 0.00000000 0.00000000
Neuron 552 3 0.68750000 1 1.00000000 0.00000000 0.00000000 0.00000000
Neuron 563 3 0.50000000 1 1.00000000 0.00000000 0.00000000 0.00000000
Neuron 573 3 0.81250000 1 1.00000000 0.00000000 0.00000000 0.00000000
Neuron 576 3 0.87500000 1 1.00000000 0.00000000 0.00000000 0.00000000
Neuron 582 3 0.18750000 1 1.00000000 0.00000000 0.00000000 0.00000000
Neuron 583 3 0.62500000 1 1.00000000 0.00000000 0.00000000 0.00000000
Neuron 584 3 0.37500000 1 1.00000000 0.00000000 0.00000000 0.00000000
Neuron 585 3 0.50000000 1 1.00000000 0.00000000 0.00000000 0.00000000
Neuron 591 3 0.56250000 1 1.00000000 0.00000000 0.00000000 0.00000000
Neuron 628 3 0.28125000 1 1.00000000 0.00000000 0.00000000 0.00000000
Neuron 637 3 0.43750000 1 1.00000000 0.00000000 0.00000000 0.00000000
Neuron 638 3 0.81250000 1 1.00000000 0.00000000 0.00000000 0.00000000
Neuron 657 3 0.12500000 1 1.00000000 0.00000000 0.00000000 0.00000000
Neuron 667 3 0.37500000 1 1.00000000 0.00000000 0.00000000 0.00000000
Neuron 715 3 0.59375000 1 1.00000000 0.00000000 0.00000000 0.00000000
Neuron 732 3 0.12500000 1 1.00000000 0.00000000 0.00000000 0.00000000
Neuron 733 3 0.37500000 1 1.00000000 0.00000000 0.00000000 0.00000000
Neuron 742 3 0.68750000 1 1.00000000 0.00000000 0.00000000 0.00000000
Neuron 749 3 0.56250000 1 1.00000000 0.00000000 0.00000000 0.00000000
Neuron 751 3 0.25000000 1 1.00000000 0.00000000 0.00000000 0.00000000
Neuron 761 3 0.37500000 1 1.00000000 0.00000000 0.00000000 0.00000000
Neuron 762 3 0.62500000 1 1.00000000 0.00000000 0.00000000 0.00000000
Neuron 789 3 0.84375000 1 1.00000000 0.00000000 0.00000000 0.00000000
Neuron 796 3 0.62500000 1 1.00000000 0.00000000 0.00000000 0.00000000
Neuron 798 3 0.78125000 1 1.00000000 0.00000000 0.00000000 0.00000000
Neuron 820 3 0.37500000 1 1.00000000 0.00000000 0.00000000 0.00000000
Neuron 837 3 0.68750000 1 1.00000000 0.00000000 0.00000000 0.00000000
Neuron 847 3 0.62500000 1 1.00000000 0.00000000 0.00000000 0.00000000
Neuron 848 3 0.78125000 1 1.00000000 0.00000000 0.00000000 0.00000000
Neuron 855 3 0.43750000 1 1.00000000 0.00000000 0.00000000 0.00000000
Neuron 872 3 0.50000000 1 1.00000000 0.00000000 0.00000000 0.00000000
Neuron 887 3 0.62500000 1 1.00000000 0.00000000 0.00000000 0.00000000
Neuron 908 3 0.56250000 1 1.00000000 0.00000000 0.00000000 0.00000000
Neuron 916 3 0.81250000 1 1.00000000 0.00000000 0.00000000 0.00000000
Neuron 986 3 0.34375000 1 1.00000000 0.00000000 0.00000000 0.00000000
Neuron 1014 3 0.68750000 1 1.00000000 0.00000000 0.00000000 0.00000000
Neuron 1024 3 0.82812500 1 1.00000000 0.00000000 0.00000000 0.00000000
Neuron 1034 3 0.50000000 1 1.00000000 0.00000000 0.00000000 0.00000000
Neuron 1050 3 0.62500000 1 1.00000000 0.00000000 0.00000000 0.00000000
Neuron 1051 3 0.43750000 1 1.00000000 0.00000000 0.00000000 0.00000000
Neuron 1054 3 0.90625000 1 1.00000000 0.00000000 0.00000000 0.00000000
Neuron 1081 3 0.78125000 1 1.00000000 0.00000000 0.00000000 0.00000000
Neuron 1099 3 0.37500000 1 1.00000000 0.00000000 0.00000000 0.00000000
Neuron 1142 3 0.43750000 1 1.00000000 0.00000000 0.00000000 0.00000000
Neuron 1150 3 0.68750000 1 1.00000000 0.00000000 0.00000000 0.00000000
Neuron 1151 3 0.75000000 1 1.00000000 0.00000000 0.00000000 0.00000000
Neuron 1208 3 0.56250000 1 1.00000000 0.00000000 0.00000000 0.00000000
Neuron 1248 3 0.53125000 1 1.00000000 0.00000000 0.00000000 0.00000000
Neuron 1300 3 0.50000000 1 1.00000000 0.00000000 0.00000000 0.00000000
Neuron 1332 3 0.06250000 1 1.00000000 0.00000000 0.00000000 0.00000000
Neuron 1376 3 0.43750000 1 1.00000000 0.00000000 0.00000000 0.00000000
Neuron 1386 3 0.60937500 1 1.00000000 0.00000000 0.00000000 0.00000000
Neuron 1426 3 0.75000000 1 1.00000000 0.00000000 0.00000000 0.00000000
Neuron 1434 3 0.59375000 1 1.00000000 0.00000000 0.00000000 0.00000000
Neuron 1472 3 0.51562500 1 1.00000000 0.00000000 0.00000000 0.00000000
Neuron 1498 3 0.68750000 1 1.00000000 0.00000000 0.00000000 0.00000000
Neuron 1602 3 0.71875000 1 1.00000000 0.00000000 0.00000000 0.00000000
Neuron 1612 3 0.53125000 1 1.00000000 0.00000000 0.00000000 0.00000000
Neuron 1642 3 0.53125000 1 1.00000000 0.00000000 0.00000000 0.00000000
Neuron 1652 3 0.71875000 1 1.00000000 0.00000000 0.00000000 0.00000000
Neuron 1730 3 0.72656250 1 1.00000000 0.00000000 0.00000000 0.00000000
Neuron 1754 3 0.81250000 1 1.00000000 0.00000000 0.00000000 0.00000000
Neuron 1792 3 0.84375000 1 1.00000000 0.00000000 0.00000000 0.00000000
Neuron 1873 3 0.93750000 1 1.00000000 0.00000000 0.00000000 0.00000000
Neuron 1921 3 0.51562500 1 1.00000000 0.00000000 0.00000000 0.00000000
Neuron 1929 3 0.31250000 1 1.00000000 0.00000000 0.00000000 0.00000000
Neuron 1958 3 0.78515625 1 1.00000000 0.00000000 0.00000000 0.00000000
Neuron 1993 3 0.43750000 1 1.00000000 0.00000000 0.00000000 0.00000000
Neuron 2006 3 0.09375000 1 1.00000000 0.00000000 0.00000000 0.00000000
Neuron 2039 3 0.79687500 1 1.00000000 0.00000000 0.00000000 0.00000000
Neuron 2067 3 0.34375000 1 1.00000000 0.00000000 0.00000000 0.00000000
Neuron 2098 3 0.39062500 1 1.00000000 0.00000000 0.00000000 0.00000000
Neuron 2109 3 0.43750000 1 1.00000000 0.00000000 0.00000000 0.00000000
Neuron 2134 3 0.78125000 1 1.00000000 0.00000000 0.00000000 0.00000000
Link 1 10 1 0 -2.16842185
Link 4 10 4 0 -0.34261314
Link 7 10 7 0 -1.09285440
Link 9 10 9 0 -1.98950079
Link 1 11 10 0 -1.64849259
Link 2 11 11 0 1.47735657
Link 3 11 12 0 -0.30781726
Link 9 11 18 0 -0.73166890
Link 1 12 19 0 -1.79218861
Link 2 12 20 0 1.09734680
Link 4 12 22 0 -0.40414077
Link 5 12 23 0 -1.32261932
Link 6 12 24 0 -1.01411591
Link 9 12 27 0 -0.94012347
Link 1 13 28 0 -0.86615000
Link 4 13 31 0 -1.04131854
Link 6 13 33 0 1.86235703
Link 8 13 35 0 -2.28074823
Link 9 13 36 0 -1.22769075
Link 4 14 40 0 -2.60685337
Link 5 14 41 0 -0.88707679
Link 7 14 43 0 -0.46572449
Link 9 14 45 0 -0.74272141
Link 6 15 51 0 -2.38289214
Link 9 15 54 0 0.72814752
Link 1 16 55 0 0.90733397
Link 3 16 57 0 -0.22026763
Link 4 16 58 0 0.95622530
Link 6 16 60 0 -1.51765423
Link 7 16 61 0 2.96323684
Link 23 15 84 0 0.48194831
Link 28 16 99 0 -1.80119453
Link 8 29 101 0 0.01128972
Link 29 10 102 0 -0.00783925
Link 5 32 110 0 1.00000000
Link 32 10 111 0 -1.13230594
Link 7 33 113 0 0.19474644
Link 8 37 125 0 0.65940464
Link 37 16 126 0 -0.98991335
Link 1 38 129 0 -1.30855669
Link 7 40 137 0 0.40220855
Link 40 13 138 0 0.95315810
Link 2 41 140 0 1.33250628
Link 43 11 147 0 1.14862762
Link 47 11 163 0 1.55413994
Link 7 51 175 0 1.07675386
Link 54 11 189 0 -0.54374739
Link 6 55 192 0 -1.64455115
Link 5 57 212 0 0.64202767
Link 59 14 220 0 -2.42569133
Link 5 60 222 0 0.80699610
Link 60 15 223 0 0.85815162
Link 70 12 270 0 0.13364408
Link 72 14 282 0 -0.64043928
Link 43 13 289 0 -1.43359239
Link 2 84 369 0 1.75939653
Link 2 85 382 0 0.16365005
Link 85 14 383 0 0.22070225
Link 11 27 393 1 1.40993368
Link 88 43 403 0 0.36328075
Link 2 107 564 0 -1.12680787
Link 107 18 565 0 0.54952068
Link 109 10 573 0 0.34084442
Link 1 116 627 0 -0.62066318
Link 116 72 628 0 0.38661742
Link 16 27 634 1 1.63694563
Link 44 118 648 0 0.86986716
Link 51 124 702 0 2.04549399
Link 124 15 703 0 0.44623133
Link 147 80 896 0 1.13036033
Link 84 163 1008 0 0.88926966
Link 163 10 1009 0 0.65268574
Link 27 174 1061 0 -1.80978353
Link 78 176 1075 0 -0.00170778
Link 176 12 1076 0 -0.53190025
Link 165 192 1206 0 -0.14024257
Link 192 27 1207 0 0.01038281
Link 5 202 1264 0 -2.94375668
Link 202 54 1265 0 -1.33287269
Link 2 221 1360 0 -0.35002990
Link 8 224 1377 0 0.33513636
Link 224 88 1378 0 -2.05727105
Link 229 23 1416 0 1.48785544
Link 80 255 1576 0 0.84298085
Link 255 16 1577 0 0.52626647
Link 258 109 1600 0 -1.42544482
Link 3 54 1612 0 0.25125300
Link 3 267 1649 0 0.31872511
Link 267 66 1650 0 -0.55467813
Link 13 272 1686 1 -0.48194111
Link 3 290 1834 0 1.45710890
Link 290 165 1835 0 1.13956476
Link 6 295 1874 0 -0.70716433
Link 295 59 1875 0 0.13970474
Link 55 106 1920 0 0.78921533
Link 313 13 1992 0 0.17208666
Link 318 258 2043 0 1.04170984
Link 47 23 2081 0 0.56331414
Link 8 343 2209 0 -0.49090171
Link 343 78 2210 0 -0.41021322
Link 66 16 2350 0 -0.25778156
Link 18 419 2745 0 1.05419397
Link 419 99 2746 0 -1.77642935
Link 44 106 2850 0 -0.75172747
Link 80 440 2898 1 -0.53574996
Link 114 445 2930 1 1.00000000
Link 445 114 2931 1 0.71151081
Link 272 272 2964 1 1.22238830
Link 1 41 2975 0 0.55057388
Link 455 55 3033 1 -2.31551237
Link 481 15 3217 0 -0.33654122
Link 8 485 3252 0 -1.05049675
Link 41 488 3272 0 2.08181461
Link 488 13 3273 0 2.21880004
Link 508 439 3414 0 -0.85377004
Link 13 520 3512 1 0.25329548
Link 520 13 3513 1 2.44819346
Link 55 522 3551 0 -1.99578926
Link 522 318 3552 0 0.11183222
Link 359 525 3572 0 0.15281436
Link 525 15 3573 0 1.41618652
Link 23 10 3703 0 2.54098188
Link 107 543 3731 0 -0.24861107
Link 543 508 3732 0 0.98427500
Link 16 544 3736 1 -1.36955207
Link 544 80 3737 1 1.26121302
Link 515 563 3865 0 0.44151835
Link 563 55 3866 0 0.01438976
Link 107 515 3989 0 -0.27222733
Link 118 576 4012 0 1.79567353
Link 485 582 4060 0 -1.17233108
Link 582 229 4061 0 0.83489903
Link 114 583 4064 1 0.11998292
Link 366 584 4078 0 0.29466579
Link 27 585 4100 0 1.08016583
Link 585 515 4101 0 -0.06126275
Link 11 591 4141 1 -1.83443524
Link 591 290 4142 1 0.61579762
Link 23 51 4512 0 0.65231494
Link 359 78 4531 1 0.13501453
Link 5 628 4540 0 0.40790011
Link 628 318 4541 0 -2.35386279
Link 439 637 4595 0 0.16059692
Link 637 55 4596 0 -0.56796161
Link 638 313 4604 0 1.40350177
Link 657 366 4756 0 -0.04236197
Link 99 147 4840 1 0.46556993
Link 221 667 4842 0 -1.04396653
Link 667 66 4843 0 0.13581626
Link 221 37 5201 0 0.13949174
Link 552 38 5217 1 1.87371211
Link 43 715 5259 0 -0.08432710
Link 715 552 5260 0 0.55032877
Link 13 192 5279 1 0.36816037
Link 5 732 5425 0 -0.21984326
Link 732 244 5426 0 -0.77059078
Link 244 733 5443 0 -0.84617482
Link 733 28 5444 0 -1.67885617
Link 229 165 5518 0 -0.17049999
Link 439 37 5520 0 0.00938169
Link 449 742 5539 0 2.16246885
Link 742 106 5540 0 -0.94617010
Link 38 749 5587 0 0.26566653
Link 749 334 5588 0 -1.47598117
Link 6 751 5606 0 -2.12653300
Link 751 54 5607 0 0.42029849
Link 33 762 5663 0 -0.03849515
Link 762 70 5664 0 -0.82088138
Link 366 366 5729 1 0.18787379
Link 481 481 5738 1 -0.40326948
Link 789 359 5905 0 -0.32341628
Link 440 481 5974 0 1.87024286
Link 796 14 5978 0 1.32320582
Link 552 798 5991 0 -1.03777342
Link 798 359 5992 0 1.84586865
Link 107 313 6027 0 -1.46822347
Link 114 16 6035 0 -1.65062967
Link 60 515 6040 0 1.74849130
Link 43 60 6105 0 -0.50949195
Link 107 820 6175 0 -0.72551383
Link 820 54 6176 0 -1.40553607
Link 334 837 6293 0 1.90507841
Link 837 114 6294 0 1.39251063
Link 847 15 6368 0 -1.84077646
Link 99 848 6383 0 0.81064339
Link 848 573 6384 0 -1.77215938
Link 439 855 6434 0 -1.26386588
Link 855 18 6435 0 1.84066605
Link 165 872 6556 0 1.98258933
Link 165 449 6663 0 0.43613245
Link 165 887 6685 0 1.03000154
Link 887 10 6686 0 0.00725723
Link 4 106 6692 0 1.06909358
Link 290 290 6809 1 0.39372408
Link 290 44 6853 0 0.16956405
Link 57 908 6892 0 -0.05908496
Link 114 916 6955 0 -1.13451662
Link 916 481 6956 0 0.48674757
Link 221 334 7415 0 -0.04319820
Link 4 290 7435 0 -1.09183955
Link 44 573 7519 0 -0.84930199
Link 6 986 7570 0 0.78481111
Link 986 552 7571 0 -0.11176580
Link 1014 455 7783 1 0.33682680
Link 107 229 7818 0 0.38571818
Link 573 1024 7858 0 -1.00636875
Link 1024 789 7859 0 1.69450862
Link 37 1034 7954 0 -2.33100505
Link 1034 27 7955 0 -0.28088761
Link 147 229 8032 1 -4.40179821
Link 872 1050 8082 0 0.64564841
Link 165 1051 8086 0 -0.07636366
Link 1051 847 8087 0 0.88506483
Link 13 1054 8111 1 0.06265878
Link 1054 638 8112 1 -1.87211931
Link 439 33 8143 0 -0.05243018
Link 366 114 8162 0 -1.06164000
Link 27 313 8266 0 -0.11791050
Link 33 176 8332 0 2.23256791
Link 47 847 8383 0 1.29418167
Link 106 1081 8396 0 -1.24599150
Link 1081 638 8397 0 -1.50619935
Link 221 1099 8559 0 0.19188221
Link 1099 43 8560 0 -0.69185903
Link 318 552 8579 0 -1.10648465
Link 440 1024 8703 0 0.90296983
Link 343 54 8956 0 1.86124859
Link 165 1142 8991 0 0.10428755
Link 174 1150 9057 0 0.64062436
Link 1150 99 9058 0 0.03766675
Link 55 1151 9063 0 2.76931048
Link 1151 10 9064 0 -0.74321882
Link 796 798 9437 0 0.40871087
Link 12 455 9461 1 -0.86897437
Link 733 66 9475 0 -0.40858885
Link 583 1208 9564 1 1.56178628
Link 109 37 9664 1 -2.31915043
Link 628 106 9717 0 -0.61563740
Link 366 66 9773 0 2.21116036
Link 1142 1248 9889 0 1.33330296
Link 1248 796 9890 0 -1.36738132
Link 23 1300 10304 0 -0.94349766
Link 1300 47 10305 0 1.35143774
Link 57 583 10472 0 -2.86964536
Link 1 1332 10628 0 0.68821281
Link 1332 657 10629 0 2.79387194
Link 1376 221 10994 1 -0.96018879
Link 118 481 10996 0 -0.40358993
Link 439 1386 11073 0 0.00426365
Link 657 733 11305 0 1.48527524
Link 10 1426 11404 1 -2.25973774
Link 1426 37 11405 1 0.01158966
Link 908 1434 11458 0 3.13589344
Link 1434 258 11459 0 -0.63208986
Link 798 1472 11827 1 -0.25612333
Link 1472 751 11828 1 0.51320187
Link 440 16 11877 0 0.41612830
Link 1050 1498 12089 0 2.58780943
Link 57 47 12943 0 0.10390201
Link 742 563 13028 1 -0.73343398
Link 1498 1602 13161 0 1.34100435
Link 1602 114 13162 0 -0.95449125
Link 455 1612 13287 1 0.58721986
Link 1612 1376 13288 1 -1.36729148
Link 1024 1024 13516 1 -0.51808090
Link 1642 908 13582 0 -1.21306397
Link 272 1652 13655 1 0.99555723
Link 1652 1014 13656 1 1.03224315
Link 38 552 13706 0 -0.44410400
Link 27 481 13985 0 0.56314100
Link 272 70 14171 0 0.48858320
Link 1386 798 14209 0 0.94134891
Link 70 15 14349 0 -1.36223436
Link 1386 1730 14450 0 0.63776578
Link 455 488 14603 0 1.57492914
Link 1386 359 14693 0 -0.02543086
Link 174 1754 14696 0 1.96194702
Link 1754 16 14697 0 1.18627038
Link 1014 798 14717 0 -0.65350518
Link 1142 742 14781 0 -1.65460412
Link 667 715 14840 0 1.13988074
Link 18 290 15147 1 -1.20607638
Link 15 1792 15151 1 1.68763595
Link 1792 742 15152 1 1.35511502
Link 582 449 15375 0 -2.26441584
Link 1014 742 15430 0 -1.58873732
Link 1054 192 15452 1 0.38574998
Link 47 147 15478 0 -1.81563875
Link 192 749 15844 0 3.32492034
Link 15 192 15869 1 -0.07876161
Link 576 1873 16015 0 -0.75762267
Link 1873 14 16016 0 1.11298667
Link 1248 440 16420 0 -0.26400569
Link 43 1921 16565 0 0.93123658
Link 1921 1642 16566 0 -2.52756576
Link 221 1929 16657 0 -0.03709405
Link 4 229 16699 0 2.33997323
Link 488 563 16859 1 0.01613644
Link 1730 1958 16969 0 1.01595259
Link 1958 789 16970 0 1.80999915
Link 1208 591 16991 0 0.39135405
Link 84 70 17150 0 -1.42171892
Link 761 1993 17325 0 1.33946400
Link 1993 54 17326 0 2.15496417
Link 7 2006 17496 0 -0.25230799
Link 2006 582 17497 0 0.53015518
Link 1792 544 17508 0 -0.07346924
Link 51 440 17532 0 0.05106572
Link 887 124 17612 0 -0.00372756
Link 715 2039 17809 0 1.03016724
Link 2039 13 17810 0 0.55526115
Link 2039 2039 18048 1 2.23057446
Link 1929 2067 18071 0 3.43202983
Link 2067 761 18072 0 -1.67812003
Link 1151 522 18111 1 0.37524477
Link 4 1386 18210 0 -1.89714814
Link 4 2098 18375 0 0.48351704
Link 2098 798 18376 0 1.39000378
Link 733 78 18437 0 -1.43887437
Link 584 2109 18511 0 -0.52363331
Link 2109 18 18512 0 0.39790186
Link 1208 749 18611 0 0.47790547
Link 2067 1142 18720 0 0.73185873
Link 313 2134 18792 1 -1.12989945
Link 2134 1150 18793 1 -0.16214453
Link 508 1730 19109 0 -0.31559497
Link 657 40 19286 0 1.43135112
GenomeEnd

