GenomeStart 11771
Neuron 1 1 0.00000000 1 0.00000000 0.00000000 0.00000000 0.00000000
Neuron 2 1 0.00000000 1 0.00000000 0.00000000 0.00000000 0.00000000
Neuron 3 1 0.00000000 1 0.00000000 0.00000000 0.00000000 0.00000000
Neuron 4 1 0.00000000 1 0.00000000 0.00000000 0.00000000 0.00000000
Neuron 5 1 0.00000000 1 0.00000000 0.00000000 0.00000000 0.00000000
Neuron 6 1 0.00000000 1 0.00000000 0.00000000 0.00000000 0.00000000
Neuron 7 1 0.00000000 1 0.00000000 0.00000000 0.00000000 0.00000000
Neuron 8 1 0.00000000 1 0.00000000 0.00000000 0.00000000 0.00000000
Neuron 9 2 0.00000000 1 0.00000000 0.00000000 0.00000000 0.00000000
Neuron 10 4 1.00000000 0 1.00000000 0.00000000 0.00000000 0.00000000
Neuron 11 4 1.00000000 0 1.00000000 0.00000000 0.00000000 0.00000000
Neuron 12 4 1.00000000 0 1.00000000 0.00000000 0.00000000 0.00000000
Neuron 13 4 1.00000000 0 1.00000000 0.00000000 0.00000000 0.00000000
Neuron 14 4 1.00000000 0 1.00000000 0.00000000 0.00000000 0.00000000
Neuron 15 4 1.00000000 0 1.00000000 0.00000000 0.00000000 0.00000000
Neuron 16 4 1.00000000 0 1.00000000 0.00000000 0.00000000 0.00000000
Neuron 68 3 0.50000000 1 1.00000000 0.00000000 0.00000000 0.00000000
Neuron 112 3 0.25000000 1 1.00000000 0.00000000 0.00000000 0.00000000
Link 1 10 1 0 -2.00275533
Link 2 10 2 0 -1.56223301
Link 3 10 3 0 3.03030825
Link 4 10 4 0 0.11948408
Link 5 10 5 0 1.90049166
Link 6 10 6 0 0.64666091
Link 7 10 7 0 3.91932870
Link 9 10 9 0 -1.03071641
Link 1 11 10 0 -2.05266534
Link 2 11 11 0 -0.64918736
Link 3 11 12 0 -2.83153077
Link 4 11 13 0 1.59985496
Link 5 11 14 0 3.17983297
Link 6 11 15 0 1.62395420
Link 7 11 16 0 -1.82770278
Link 8 11 17 0 -0.59333716
Link 9 11 18 0 -4.45416420
Link 1 12 19 0 1.99928845
Link 2 12 20 0 -3.92621901
Link 3 12 21 0 3.93101888
Link 4 12 22 0 0.30714225
Link 5 12 23 0 1.50641055
Link 6 12 24 0 -4.09380286
Link 7 12 25 0 0.54420736
Link 8 12 26 0 -1.24616747
Link 9 12 27 0 1.00019317
Link 1 13 28 0 1.89328586
Link 2 13 29 0 -3.51057971
Link 3 13 30 0 -1.46643387
Link 4 13 31 0 0.61680270
Link 5 13 32 0 1.96109648
Link 6 13 33 0 -1.91579440
Link 7 13 34 0 0.74204698
Link 8 13 35 0 -0.26406879
Link 9 13 36 0 1.23243823
Link 1 14 37 0 -4.27421946
Link 2 14 38 0 -1.79243359
Link 3 14 39 0 -2.18690088
Link 4 14 40 0 -0.72716724
Link 5 14 41 0 4.04512329
Link 6 14 42 0 -2.04211923
Link 7 14 43 0 -1.88932972
Link 8 14 44 0 -3.18298947
Link 9 14 45 0 -2.03849982
Link 1 15 46 0 -3.13744402
Link 2 15 47 0 -1.97012526
Link 3 15 48 0 1.66037566
Link 4 15 49 0 -0.62737506
Link 5 15 50 0 2.27634186
Link 6 15 51 0 3.65032431
Link 7 15 52 0 -0.32569792
Link 8 15 53 0 -1.72737977
Link 9 15 54 0 -1.89245500
Link 1 16 55 0 0.82109209
Link 2 16 56 0 1.64817279
Link 3 16 57 0 -0.25925615
Link 4 16 58 0 0.37451014
Link 6 16 60 0 -1.75414993
Link 7 16 61 0 -1.80666947
Link 8 16 62 0 -2.47463314
Link 9 16 63 0 -0.37351153
Link 11 11 206 1 -4.52495356
Link 68 16 269 0 -0.90816033
Link 9 68 313 0 -2.50564833
Link 8 68 445 0 -1.38743008
Link 2 68 547 0 2.12394675
Link 5 112 623 0 0.84813318
Link 112 68 624 0 1.45400467
Link 1 68 670 0 -0.92061582
Link 14 112 1123 1 0.53879658
Link 4 112 1426 0 -0.65123177
GenomeEnd

