GenomeStart 7433
Neuron 1 1 0.00000000 1 0.00000000 0.00000000 0.00000000 0.00000000
Neuron 2 1 0.00000000 1 0.00000000 0.00000000 0.00000000 0.00000000
Neuron 3 1 0.00000000 1 0.00000000 0.00000000 0.00000000 0.00000000
Neuron 4 1 0.00000000 1 0.00000000 0.00000000 0.00000000 0.00000000
Neuron 5 1 0.00000000 1 0.00000000 0.00000000 0.00000000 0.00000000
Neuron 6 1 0.00000000 1 0.00000000 0.00000000 0.00000000 0.00000000
Neuron 7 1 0.00000000 1 0.00000000 0.00000000 0.00000000 0.00000000
Neuron 8 1 0.00000000 1 0.00000000 0.00000000 0.00000000 0.00000000
Neuron 9 2 0.00000000 1 0.00000000 0.00000000 0.00000000 0.00000000
Neuron 10 4 1.00000000 0 1.00000000 0.00000000 0.00000000 0.00000000
Neuron 11 4 1.00000000 0 1.00000000 0.00000000 0.00000000 0.00000000
Neuron 12 4 1.00000000 0 1.00000000 0.00000000 0.00000000 0.00000000
Neuron 13 4 1.00000000 0 1.00000000 0.00000000 0.00000000 0.00000000
Neuron 14 4 1.00000000 0 1.00000000 0.00000000 0.00000000 0.00000000
Neuron 15 4 1.00000000 0 1.00000000 0.00000000 0.00000000 0.00000000
Neuron 16 4 1.00000000 0 1.00000000 0.00000000 0.00000000 0.00000000
Neuron 68 3 0.50000000 1 1.00000000 0.00000000 0.00000000 0.00000000
Neuron 112 3 0.25000000 1 1.00000000 0.00000000 0.00000000 0.00000000
Link 1 10 1 0 -1.72487726
Link 2 10 2 0 -1.42268952
Link 3 10 3 0 2.12228622
Link 4 10 4 0 -0.72881708
Link 5 10 5 0 2.01257531
Link 6 10 6 0 0.76331351
Link 7 10 7 0 3.84774142
Link 8 10 8 0 -0.81960739
Link 9 10 9 0 -0.90911917
Link 1 11 10 0 -1.87175366
Link 2 11 11 0 -1.32824844
Link 3 11 12 0 -2.69074288
Link 4 11 13 0 1.31483672
Link 5 11 14 0 3.28411019
Link 6 11 15 0 1.76936258
Link 7 11 16 0 -1.38562147
Link 8 11 17 0 -0.01202749
Link 9 11 18 0 -4.26337638
Link 1 12 19 0 2.49483553
Link 2 12 20 0 -2.76827008
Link 3 12 21 0 3.29513135
Link 4 12 22 0 0.15283398
Link 5 12 23 0 1.49713909
Link 6 12 24 0 -3.84524911
Link 7 12 25 0 0.47701484
Link 8 12 26 0 -0.90985630
Link 9 12 27 0 1.70392158
Link 1 13 28 0 1.90136217
Link 2 13 29 0 -2.53070874
Link 3 13 30 0 -1.48513686
Link 4 13 31 0 0.97116887
Link 5 13 32 0 1.78523873
Link 6 13 33 0 -1.46563816
Link 7 13 34 0 0.32104194
Link 8 13 35 0 -0.14685471
Link 9 13 36 0 1.49768344
Link 1 14 37 0 -3.92114935
Link 2 14 38 0 -1.50245544
Link 3 14 39 0 -2.08589680
Link 4 14 40 0 0.34353966
Link 5 14 41 0 3.77364882
Link 6 14 42 0 -1.72962701
Link 7 14 43 0 -2.47348380
Link 8 14 44 0 -3.18298947
Link 9 14 45 0 -1.14751001
Link 1 15 46 0 -2.63679595
Link 2 15 47 0 -1.72978182
Link 3 15 48 0 1.24065631
Link 4 15 49 0 -1.17334195
Link 5 15 50 0 1.58935383
Link 6 15 51 0 3.66469191
Link 7 15 52 0 0.26708800
Link 8 15 53 0 -2.06878691
Link 9 15 54 0 -1.99495019
Link 1 16 55 0 0.86554397
Link 2 16 56 0 1.92702688
Link 3 16 57 0 -0.24213515
Link 4 16 58 0 0.43261802
Link 6 16 60 0 -1.54112677
Link 7 16 61 0 -2.77891587
Link 8 16 62 0 -2.95770837
Link 9 16 63 0 -0.57621504
Link 11 11 206 1 -4.50701855
Link 68 16 269 0 -0.96724754
Link 9 68 313 0 -2.28989121
Link 2 68 547 0 2.33788458
Link 5 112 623 0 1.38545782
Link 112 68 624 0 1.60750014
GenomeEnd

