GenomeStart 36922
Neuron 1 1 0.00000000 1 0.00000000 0.00000000 0.00000000 0.00000000
Neuron 2 1 0.00000000 1 0.00000000 0.00000000 0.00000000 0.00000000
Neuron 3 1 0.00000000 1 0.00000000 0.00000000 0.00000000 0.00000000
Neuron 4 1 0.00000000 1 0.00000000 0.00000000 0.00000000 0.00000000
Neuron 5 1 0.00000000 1 0.00000000 0.00000000 0.00000000 0.00000000
Neuron 6 1 0.00000000 1 0.00000000 0.00000000 0.00000000 0.00000000
Neuron 7 1 0.00000000 1 0.00000000 0.00000000 0.00000000 0.00000000
Neuron 8 1 0.00000000 1 0.00000000 0.00000000 0.00000000 0.00000000
Neuron 9 2 0.00000000 1 0.00000000 0.00000000 0.00000000 0.00000000
Neuron 10 4 1.00000000 0 1.00000000 0.00000000 0.00000000 0.00000000
Neuron 11 4 1.00000000 0 1.00000000 0.00000000 0.00000000 0.00000000
Neuron 12 4 1.00000000 0 1.00000000 0.00000000 0.00000000 0.00000000
Neuron 13 4 1.00000000 0 1.00000000 0.00000000 0.00000000 0.00000000
Neuron 14 4 1.00000000 0 1.00000000 0.00000000 0.00000000 0.00000000
Neuron 15 4 1.00000000 0 1.00000000 0.00000000 0.00000000 0.00000000
Neuron 16 4 1.00000000 0 1.00000000 0.00000000 0.00000000 0.00000000
Neuron 17 3 0.50000000 1 1.00000000 0.00000000 0.00000000 0.00000000
Neuron 31 3 0.50000000 1 1.00000000 0.00000000 0.00000000 0.00000000
Neuron 34 3 0.50000000 1 1.00000000 0.00000000 0.00000000 0.00000000
Neuron 36 3 0.50000000 1 1.00000000 0.00000000 0.00000000 0.00000000
Neuron 40 3 0.50000000 1 1.00000000 0.00000000 0.00000000 0.00000000
Neuron 41 3 0.50000000 1 1.00000000 0.00000000 0.00000000 0.00000000
Neuron 44 3 0.50000000 1 1.00000000 0.00000000 0.00000000 0.00000000
Neuron 45 3 0.50000000 1 1.00000000 0.00000000 0.00000000 0.00000000
Neuron 48 3 0.50000000 1 1.00000000 0.00000000 0.00000000 0.00000000
Neuron 49 3 0.50000000 1 1.00000000 0.00000000 0.00000000 0.00000000
Neuron 51 3 0.50000000 1 1.00000000 0.00000000 0.00000000 0.00000000
Neuron 54 3 0.50000000 1 1.00000000 0.00000000 0.00000000 0.00000000
Neuron 56 3 0.50000000 1 1.00000000 0.00000000 0.00000000 0.00000000
Neuron 63 3 0.50000000 1 1.00000000 0.00000000 0.00000000 0.00000000
Neuron 69 3 0.50000000 1 1.00000000 0.00000000 0.00000000 0.00000000
Neuron 70 3 0.50000000 1 1.00000000 0.00000000 0.00000000 0.00000000
Neuron 118 3 0.25000000 1 1.00000000 0.00000000 0.00000000 0.00000000
Neuron 120 3 0.75000000 1 1.00000000 0.00000000 0.00000000 0.00000000
Neuron 147 3 0.50000000 1 1.00000000 0.00000000 0.00000000 0.00000000
Neuron 228 3 0.25000000 1 1.00000000 0.00000000 0.00000000 0.00000000
Neuron 404 3 0.75000000 1 1.00000000 0.00000000 0.00000000 0.00000000
Neuron 440 3 0.25000000 1 1.00000000 0.00000000 0.00000000 0.00000000
Link 1 10 1 0 0.80254103
Link 2 10 2 0 1.04362002
Link 3 10 3 0 2.64749782
Link 4 10 4 0 1.33395344
Link 5 10 5 0 0.40720763
Link 6 10 6 0 -0.44161776
Link 7 10 7 0 -1.08728982
Link 8 10 8 0 2.35712004
Link 9 10 9 0 -0.69109846
Link 1 11 10 0 3.23392233
Link 2 11 11 0 -0.35918391
Link 3 11 12 0 -1.60350753
Link 4 11 13 0 1.01136684
Link 5 11 14 0 -0.89974840
Link 6 11 15 0 -0.72033473
Link 7 11 16 0 -0.65358655
Link 8 11 17 0 4.62406208
Link 9 11 18 0 -0.00659957
Link 1 12 19 0 1.53793982
Link 3 12 21 0 1.51523595
Link 4 12 22 0 -0.23706573
Link 5 12 23 0 -1.13721712
Link 6 12 24 0 0.89962066
Link 7 12 25 0 -3.81835189
Link 9 12 27 0 -1.85393004
Link 1 13 28 0 0.35610553
Link 2 13 29 0 0.86901730
Link 3 13 30 0 -0.07288175
Link 6 13 33 0 -0.99273727
Link 7 13 34 0 2.02405707
Link 8 13 35 0 2.82392586
Link 9 13 36 0 -1.29663423
Link 1 14 37 0 0.71458545
Link 3 14 39 0 0.58271716
Link 4 14 40 0 0.11378866
Link 5 14 41 0 -0.36873350
Link 6 14 42 0 2.81149372
Link 7 14 43 0 2.25210549
Link 8 14 44 0 -1.09266377
Link 9 14 45 0 -0.98465119
Link 1 15 46 0 2.95340061
Link 2 15 47 0 1.20940094
Link 3 15 48 0 -0.16344737
Link 4 15 49 0 -1.85185981
Link 5 15 50 0 -0.72465263
Link 6 15 51 0 0.16255627
Link 7 15 52 0 4.17248200
Link 8 15 53 0 -3.22741150
Link 9 15 54 0 -1.77872616
Link 1 16 55 0 1.33660359
Link 2 16 56 0 -2.11902450
Link 3 16 57 0 -2.16236060
Link 4 16 58 0 -1.73853689
Link 7 16 61 0 -1.44451708
Link 8 16 62 0 -1.83043526
Link 9 16 63 0 2.34427368
Link 17 15 66 0 0.64993402
Link 3 31 107 0 -0.63094172
Link 8 34 116 0 3.22373463
Link 34 11 117 0 -0.45323545
Link 2 36 122 0 -3.70782360
Link 36 16 123 0 -3.34249796
Link 7 40 139 0 1.56440401
Link 40 15 140 0 1.45971932
Link 41 14 143 0 0.46170360
Link 11 11 147 1 1.13979132
Link 6 44 153 0 -0.72345079
Link 44 16 154 0 -0.98726787
Link 8 45 156 0 3.70690221
Link 45 14 157 0 0.77526442
Link 8 48 175 0 1.44328436
Link 48 10 176 0 0.58637633
Link 2 49 179 0 2.63079933
Link 49 12 180 0 0.77477739
Link 5 51 189 0 -0.31341107
Link 51 10 190 0 -1.95762900
Link 54 13 201 0 -0.60532683
Link 6 56 209 0 -2.39825368
Link 56 14 210 0 -3.15287805
Link 7 63 239 0 1.24580340
Link 63 12 240 0 -1.02223653
Link 9 17 270 0 1.06342355
Link 3 69 285 0 0.65752758
Link 69 10 286 0 -1.23695853
Link 2 70 290 0 -4.45415158
Link 70 10 291 0 4.30866676
Link 9 44 345 0 -1.61604335
Link 2 17 388 0 -0.28206134
Link 1 56 426 0 0.37166541
Link 45 16 448 0 -3.73333774
Link 70 13 463 0 -3.26349966
Link 15 17 561 1 1.37656505
Link 13 17 586 1 -0.75540534
Link 2 44 591 0 2.01692390
Link 3 118 692 0 1.06463864
Link 118 41 693 0 -1.01901738
Link 31 120 704 0 1.43887345
Link 120 15 705 0 0.38759160
Link 51 147 957 0 0.89737247
Link 147 45 958 0 -1.02795454
Link 36 15 1096 0 0.01990556
Link 51 63 1097 0 0.13214375
Link 6 48 1136 0 1.14849129
Link 12 17 1186 1 2.64676497
Link 2 48 1475 0 1.74868372
Link 16 44 1498 1 1.81358397
Link 2 228 1528 0 1.25851862
Link 228 49 1529 0 1.24354119
Link 40 147 1884 0 -2.62725709
Link 70 44 1893 0 -1.36960412
Link 69 34 1989 0 -0.02338119
Link 147 16 2253 0 4.07719348
Link 45 404 2972 0 1.00000000
Link 404 10 2973 0 -0.12388884
Link 10 49 3222 1 1.95424662
Link 49 41 3235 0 -0.02435450
Link 4 440 3258 0 1.00000000
Link 440 54 3259 0 1.46436354
GenomeEnd

