GenomeStart 76646
Neuron 1 1 0.00000000 1 0.00000000 0.00000000 0.00000000 0.00000000
Neuron 2 1 0.00000000 1 0.00000000 0.00000000 0.00000000 0.00000000
Neuron 3 1 0.00000000 1 0.00000000 0.00000000 0.00000000 0.00000000
Neuron 4 1 0.00000000 1 0.00000000 0.00000000 0.00000000 0.00000000
Neuron 5 1 0.00000000 1 0.00000000 0.00000000 0.00000000 0.00000000
Neuron 6 1 0.00000000 1 0.00000000 0.00000000 0.00000000 0.00000000
Neuron 7 1 0.00000000 1 0.00000000 0.00000000 0.00000000 0.00000000
Neuron 8 1 0.00000000 1 0.00000000 0.00000000 0.00000000 0.00000000
Neuron 9 2 0.00000000 1 0.00000000 0.00000000 0.00000000 0.00000000
Neuron 10 4 1.00000000 0 1.00000000 0.00000000 0.00000000 0.00000000
Neuron 11 4 1.00000000 0 1.00000000 0.00000000 0.00000000 0.00000000
Neuron 12 4 1.00000000 0 1.00000000 0.00000000 0.00000000 0.00000000
Neuron 13 4 1.00000000 0 1.00000000 0.00000000 0.00000000 0.00000000
Neuron 14 4 1.00000000 0 1.00000000 0.00000000 0.00000000 0.00000000
Neuron 15 4 1.00000000 0 1.00000000 0.00000000 0.00000000 0.00000000
Neuron 16 4 1.00000000 0 1.00000000 0.00000000 0.00000000 0.00000000
Neuron 17 3 0.50000000 1 1.00000000 0.00000000 0.00000000 0.00000000
Neuron 27 3 0.50000000 1 1.00000000 0.00000000 0.00000000 0.00000000
Neuron 36 3 0.50000000 1 1.00000000 0.00000000 0.00000000 0.00000000
Neuron 40 3 0.50000000 1 1.00000000 0.00000000 0.00000000 0.00000000
Neuron 41 3 0.50000000 1 1.00000000 0.00000000 0.00000000 0.00000000
Neuron 42 3 0.50000000 1 1.00000000 0.00000000 0.00000000 0.00000000
Neuron 43 3 0.50000000 1 1.00000000 0.00000000 0.00000000 0.00000000
Neuron 63 3 0.50000000 1 1.00000000 0.00000000 0.00000000 0.00000000
Neuron 68 3 0.50000000 1 1.00000000 0.00000000 0.00000000 0.00000000
Neuron 73 3 0.50000000 1 1.00000000 0.00000000 0.00000000 0.00000000
Neuron 77 3 0.50000000 1 1.00000000 0.00000000 0.00000000 0.00000000
Neuron 90 3 0.75000000 1 1.00000000 0.00000000 0.00000000 0.00000000
Neuron 100 3 0.25000000 1 1.00000000 0.00000000 0.00000000 0.00000000
Neuron 103 3 0.25000000 1 1.00000000 0.00000000 0.00000000 0.00000000
Neuron 114 3 0.25000000 1 1.00000000 0.00000000 0.00000000 0.00000000
Neuron 126 3 0.75000000 1 1.00000000 0.00000000 0.00000000 0.00000000
Neuron 158 3 0.75000000 1 1.00000000 0.00000000 0.00000000 0.00000000
Neuron 166 3 0.75000000 1 1.00000000 0.00000000 0.00000000 0.00000000
Neuron 170 3 0.37500000 1 1.00000000 0.00000000 0.00000000 0.00000000
Neuron 176 3 0.62500000 1 1.00000000 0.00000000 0.00000000 0.00000000
Neuron 182 3 0.81250000 1 1.00000000 0.00000000 0.00000000 0.00000000
Neuron 192 3 0.12500000 1 1.00000000 0.00000000 0.00000000 0.00000000
Neuron 212 3 0.37500000 1 1.00000000 0.00000000 0.00000000 0.00000000
Neuron 222 3 0.25000000 1 1.00000000 0.00000000 0.00000000 0.00000000
Neuron 234 3 0.87500000 1 1.00000000 0.00000000 0.00000000 0.00000000
Neuron 245 3 0.25000000 1 1.00000000 0.00000000 0.00000000 0.00000000
Neuron 359 3 0.37500000 1 1.00000000 0.00000000 0.00000000 0.00000000
Neuron 381 3 0.43750000 1 1.00000000 0.00000000 0.00000000 0.00000000
Neuron 390 3 0.25000000 1 1.00000000 0.00000000 0.00000000 0.00000000
Neuron 393 3 0.75000000 1 1.00000000 0.00000000 0.00000000 0.00000000
Neuron 405 3 0.31250000 1 1.00000000 0.00000000 0.00000000 0.00000000
Neuron 420 3 0.31250000 1 1.00000000 0.00000000 0.00000000 0.00000000
Neuron 449 3 0.62500000 1 1.00000000 0.00000000 0.00000000 0.00000000
Neuron 451 3 0.62500000 1 1.00000000 0.00000000 0.00000000 0.00000000
Neuron 468 3 0.90625000 1 1.00000000 0.00000000 0.00000000 0.00000000
Neuron 470 3 0.62500000 1 1.00000000 0.00000000 0.00000000 0.00000000
Neuron 476 3 0.06250000 1 1.00000000 0.00000000 0.00000000 0.00000000
Neuron 479 3 0.12500000 1 1.00000000 0.00000000 0.00000000 0.00000000
Neuron 488 3 0.87500000 1 1.00000000 0.00000000 0.00000000 0.00000000
Neuron 504 3 0.06250000 1 1.00000000 0.00000000 0.00000000 0.00000000
Neuron 517 3 0.18750000 1 1.00000000 0.00000000 0.00000000 0.00000000
Neuron 536 3 0.03125000 1 1.00000000 0.00000000 0.00000000 0.00000000
Neuron 555 3 0.31250000 1 1.00000000 0.00000000 0.00000000 0.00000000
Neuron 571 3 0.06250000 1 1.00000000 0.00000000 0.00000000 0.00000000
Neuron 577 3 0.34375000 1 1.00000000 0.00000000 0.00000000 0.00000000
Neuron 599 3 0.28125000 1 1.00000000 0.00000000 0.00000000 0.00000000
Neuron 604 3 0.62500000 1 1.00000000 0.00000000 0.00000000 0.00000000
Neuron 656 3 0.26562500 1 1.00000000 0.00000000 0.00000000 0.00000000
Neuron 679 3 0.03125000 1 1.00000000 0.00000000 0.00000000 0.00000000
Neuron 695 3 0.31250000 1 1.00000000 0.00000000 0.00000000 0.00000000
Neuron 767 3 0.25781250 1 1.00000000 0.00000000 0.00000000 0.00000000
Neuron 830 3 0.25390625 1 1.00000000 0.00000000 0.00000000 0.00000000
Neuron 896 3 0.25585938 1 1.00000000 0.00000000 0.00000000 0.00000000
Neuron 925 3 0.68750000 1 1.00000000 0.00000000 0.00000000 0.00000000
Neuron 978 3 0.12500000 1 1.00000000 0.00000000 0.00000000 0.00000000
Neuron 1011 3 0.16015625 1 1.00000000 0.00000000 0.00000000 0.00000000
Neuron 1017 3 0.25000000 1 1.00000000 0.00000000 0.00000000 0.00000000
Neuron 1040 3 0.50000000 1 1.00000000 0.00000000 0.00000000 0.00000000
Link 1 10 1 0 -1.16416249
Link 3 10 3 0 -0.56422873
Link 4 10 4 0 0.51495733
Link 5 10 5 0 -0.41826706
Link 6 10 6 0 -0.48882867
Link 9 10 9 0 -0.14769898
Link 1 11 10 0 -2.15601331
Link 2 11 11 0 0.06988122
Link 4 11 13 0 -1.47284410
Link 5 11 14 0 -0.50598889
Link 7 11 16 0 0.50447475
Link 8 11 17 0 -0.17555265
Link 9 11 18 0 -0.07671189
Link 1 12 19 0 -3.67565912
Link 5 12 23 0 -0.85731582
Link 6 12 24 0 0.64724010
Link 7 12 25 0 -0.58074704
Link 8 12 26 0 1.28498330
Link 9 12 27 0 1.15117354
Link 1 13 28 0 -1.06755330
Link 4 13 31 0 1.58122819
Link 5 13 32 0 -0.27183312
Link 6 13 33 0 -1.54202914
Link 9 13 36 0 1.47453507
Link 1 14 37 0 -2.44342296
Link 6 14 42 0 -1.57311515
Link 9 14 45 0 -2.16320547
Link 1 15 46 0 -0.14568467
Link 4 15 49 0 -1.16511341
Link 5 15 50 0 -2.35753842
Link 6 15 51 0 1.47183233
Link 9 15 54 0 2.09521959
Link 1 16 55 0 0.28069176
Link 3 16 57 0 0.76667810
Link 4 16 58 0 3.90473373
Link 7 16 61 0 1.76038945
Link 9 16 63 0 -1.23235628
Link 8 17 65 0 1.00000000
Link 17 15 66 0 -0.00082729
Link 36 16 123 0 2.33440609
Link 7 40 139 0 0.87316128
Link 3 41 142 0 -1.73577060
Link 41 14 143 0 0.25612728
Link 42 14 146 0 -4.74743613
Link 5 43 150 0 1.22938388
Link 43 14 151 0 1.66162440
Link 15 15 242 1 -2.61826191
Link 5 68 280 0 0.25218031
Link 73 12 320 0 0.19376086
Link 7 77 349 0 1.00000000
Link 77 13 350 0 0.17746018
Link 4 42 358 0 -1.27068139
Link 9 36 389 0 2.23996168
Link 9 63 398 0 0.91375197
Link 63 90 466 0 1.31731949
Link 90 12 467 0 -0.95358755
Link 63 13 477 0 -0.43289590
Link 7 114 666 0 1.23758791
Link 114 42 667 0 0.84525315
Link 36 126 765 0 0.99375290
Link 11 36 827 1 -0.64747947
Link 40 158 1022 0 1.26131879
Link 158 15 1023 0 -0.23946845
Link 166 16 1067 0 -0.21322924
Link 103 170 1100 0 -3.56062694
Link 176 103 1148 1 -1.06775091
Link 182 176 1197 1 1.04447899
Link 100 212 1409 0 0.80032345
Link 212 36 1410 0 0.51961754
Link 1 90 1425 0 -0.47637227
Link 1 40 1450 0 0.43002792
Link 222 63 1478 0 2.23289727
Link 126 41 1558 1 -3.29798193
Link 126 234 1587 0 0.73649390
Link 234 14 1588 0 -0.68584966
Link 3 245 1700 0 1.13111004
Link 245 27 1701 0 0.51882696
Link 9 126 1703 0 -0.56786767
Link 7 176 1753 0 -0.60837402
Link 73 100 2397 1 0.23301887
Link 41 359 2605 1 0.91158755
Link 170 381 2804 0 0.77751658
Link 381 63 2805 0 1.20556738
Link 41 43 2843 0 -2.29679421
Link 4 390 2873 0 0.96507229
Link 390 73 2874 0 0.64499797
Link 103 405 2978 0 0.94908995
Link 405 170 2979 0 0.53744079
Link 3 126 2980 0 2.45923735
Link 4 170 3024 0 1.30628550
Link 9 393 3231 0 -3.39196321
Link 27 449 3311 0 1.00000000
Link 449 393 3312 0 0.78138605
Link 68 451 3330 0 0.95625335
Link 12 468 3435 1 1.15101425
Link 468 182 3436 1 1.17012056
Link 63 470 3458 0 0.92951111
Link 470 126 3459 0 1.30325476
Link 476 192 3498 0 1.97398456
Link 1 479 3520 0 0.82204429
Link 479 103 3521 0 1.64534238
Link 393 488 3584 0 1.00000000
Link 488 12 3585 0 0.31252786
Link 6 504 3764 0 1.02859510
Link 504 192 3765 0 -3.17688165
Link 8 192 3788 0 -1.46724158
Link 192 517 3884 0 0.93844768
Link 517 100 3885 0 1.07776906
Link 2 536 4019 0 0.83591946
Link 536 476 4020 0 0.68343124
Link 114 114 4022 1 -0.39302484
Link 166 393 4074 0 -0.93866214
Link 1 555 4141 0 1.00000000
Link 555 176 4142 0 3.04232510
Link 2 90 4236 0 -0.51606519
Link 5 212 4243 0 3.68112619
Link 571 479 4311 0 -4.02807128
Link 359 577 4368 1 0.96070939
Link 577 420 4369 1 0.50530179
Link 2 166 4376 0 2.79581904
Link 359 14 4482 0 1.95389205
Link 420 599 4595 1 1.06533320
Link 9 166 4654 0 0.01542717
Link 27 604 4656 0 1.03077341
Link 604 166 4657 0 0.44741394
Link 599 656 5112 1 1.08381802
Link 212 42 5254 0 -1.04218877
Link 2 679 5407 0 1.09646013
Link 679 571 5408 0 1.01236304
Link 2 695 5566 0 0.83025334
Link 695 176 5567 0 -4.07308779
Link 656 420 5676 0 1.80825439
Link 42 476 5863 1 0.36114840
Link 536 126 6115 0 -0.64822250
Link 8 114 6117 0 2.09535650
Link 656 767 6437 1 1.15467835
Link 767 100 6438 1 0.18735525
Link 15 767 6648 1 -1.38931583
Link 9 451 6946 0 -2.76061537
Link 41 604 6963 0 -0.09772307
Link 100 830 6984 0 0.65667307
Link 212 571 7042 1 -1.07371374
Link 7 468 7203 0 -2.97582967
Link 68 381 7276 1 -0.28890534
Link 830 896 7610 0 1.00000000
Link 896 767 7611 0 -2.57472197
Link 451 925 7834 0 1.00000000
Link 925 166 7835 0 1.55181358
Link 536 222 8189 0 0.89870569
Link 5 978 8262 0 1.00000000
Link 978 222 8263 0 1.00000000
Link 9 390 8307 0 0.09935428
Link 476 695 8513 0 2.12568788
Link 767 1011 8589 1 1.00000000
Link 1011 504 8590 1 -2.13168384
Link 7 1017 8659 0 1.00000000
Link 1017 68 8660 0 0.30195117
Link 158 504 8707 1 2.59723054
Link 245 1040 8858 0 1.00000000
Link 1040 126 8859 0 0.39712683
Link 679 451 8935 0 0.30833848
Link 393 192 9319 1 0.09431008
Link 577 381 9351 0 1.07305194
GenomeEnd

