GenomeStart 89691
Neuron 1 1 0.00000000 1 0.00000000 0.00000000 0.00000000 0.00000000
Neuron 2 1 0.00000000 1 0.00000000 0.00000000 0.00000000 0.00000000
Neuron 3 1 0.00000000 1 0.00000000 0.00000000 0.00000000 0.00000000
Neuron 4 1 0.00000000 1 0.00000000 0.00000000 0.00000000 0.00000000
Neuron 5 1 0.00000000 1 0.00000000 0.00000000 0.00000000 0.00000000
Neuron 6 1 0.00000000 1 0.00000000 0.00000000 0.00000000 0.00000000
Neuron 7 1 0.00000000 1 0.00000000 0.00000000 0.00000000 0.00000000
Neuron 8 1 0.00000000 1 0.00000000 0.00000000 0.00000000 0.00000000
Neuron 9 2 0.00000000 1 0.00000000 0.00000000 0.00000000 0.00000000
Neuron 10 4 1.00000000 0 1.00000000 0.00000000 0.00000000 0.00000000
Neuron 11 4 1.00000000 0 1.00000000 0.00000000 0.00000000 0.00000000
Neuron 12 4 1.00000000 0 1.00000000 0.00000000 0.00000000 0.00000000
Neuron 13 4 1.00000000 0 1.00000000 0.00000000 0.00000000 0.00000000
Neuron 14 4 1.00000000 0 1.00000000 0.00000000 0.00000000 0.00000000
Neuron 15 4 1.00000000 0 1.00000000 0.00000000 0.00000000 0.00000000
Neuron 16 4 1.00000000 0 1.00000000 0.00000000 0.00000000 0.00000000
Neuron 17 3 0.50000000 1 1.00000000 0.00000000 0.00000000 0.00000000
Neuron 18 3 0.50000000 1 1.00000000 0.00000000 0.00000000 0.00000000
Neuron 20 3 0.50000000 1 1.00000000 0.00000000 0.00000000 0.00000000
Neuron 21 3 0.50000000 1 1.00000000 0.00000000 0.00000000 0.00000000
Neuron 22 3 0.50000000 1 1.00000000 0.00000000 0.00000000 0.00000000
Neuron 23 3 0.50000000 1 1.00000000 0.00000000 0.00000000 0.00000000
Neuron 24 3 0.50000000 1 1.00000000 0.00000000 0.00000000 0.00000000
Neuron 26 3 0.50000000 1 1.00000000 0.00000000 0.00000000 0.00000000
Neuron 27 3 0.50000000 1 1.00000000 0.00000000 0.00000000 0.00000000
Neuron 28 3 0.50000000 1 1.00000000 0.00000000 0.00000000 0.00000000
Neuron 29 3 0.50000000 1 1.00000000 0.00000000 0.00000000 0.00000000
Neuron 30 3 0.50000000 1 1.00000000 0.00000000 0.00000000 0.00000000
Neuron 32 3 0.50000000 1 1.00000000 0.00000000 0.00000000 0.00000000
Neuron 34 3 0.50000000 1 1.00000000 0.00000000 0.00000000 0.00000000
Neuron 38 3 0.50000000 1 1.00000000 0.00000000 0.00000000 0.00000000
Neuron 41 3 0.50000000 1 1.00000000 0.00000000 0.00000000 0.00000000
Neuron 42 3 0.50000000 1 1.00000000 0.00000000 0.00000000 0.00000000
Neuron 45 3 0.50000000 1 1.00000000 0.00000000 0.00000000 0.00000000
Neuron 49 3 0.50000000 1 1.00000000 0.00000000 0.00000000 0.00000000
Neuron 50 3 0.50000000 1 1.00000000 0.00000000 0.00000000 0.00000000
Neuron 51 3 0.50000000 1 1.00000000 0.00000000 0.00000000 0.00000000
Neuron 52 3 0.50000000 1 1.00000000 0.00000000 0.00000000 0.00000000
Neuron 57 3 0.50000000 1 1.00000000 0.00000000 0.00000000 0.00000000
Neuron 58 3 0.50000000 1 1.00000000 0.00000000 0.00000000 0.00000000
Neuron 60 3 0.50000000 1 1.00000000 0.00000000 0.00000000 0.00000000
Neuron 62 3 0.50000000 1 1.00000000 0.00000000 0.00000000 0.00000000
Neuron 65 3 0.50000000 1 1.00000000 0.00000000 0.00000000 0.00000000
Neuron 69 3 0.50000000 1 1.00000000 0.00000000 0.00000000 0.00000000
Neuron 71 3 0.50000000 1 1.00000000 0.00000000 0.00000000 0.00000000
Neuron 72 3 0.75000000 1 1.00000000 0.00000000 0.00000000 0.00000000
Neuron 74 3 0.50000000 1 1.00000000 0.00000000 0.00000000 0.00000000
Neuron 75 3 0.50000000 1 1.00000000 0.00000000 0.00000000 0.00000000
Neuron 79 3 0.75000000 1 1.00000000 0.00000000 0.00000000 0.00000000
Neuron 80 3 0.25000000 1 1.00000000 0.00000000 0.00000000 0.00000000
Neuron 83 3 0.25000000 1 1.00000000 0.00000000 0.00000000 0.00000000
Neuron 92 3 0.25000000 1 1.00000000 0.00000000 0.00000000 0.00000000
Neuron 97 3 0.25000000 1 1.00000000 0.00000000 0.00000000 0.00000000
Neuron 100 3 0.25000000 1 1.00000000 0.00000000 0.00000000 0.00000000
Neuron 104 3 0.25000000 1 1.00000000 0.00000000 0.00000000 0.00000000
Neuron 111 3 0.75000000 1 1.00000000 0.00000000 0.00000000 0.00000000
Neuron 123 3 0.37500000 1 1.00000000 0.00000000 0.00000000 0.00000000
Neuron 138 3 0.75000000 1 1.00000000 0.00000000 0.00000000 0.00000000
Neuron 144 3 0.25000000 1 1.00000000 0.00000000 0.00000000 0.00000000
Neuron 155 3 0.25000000 1 1.00000000 0.00000000 0.00000000 0.00000000
Neuron 167 3 0.75000000 1 1.00000000 0.00000000 0.00000000 0.00000000
Neuron 170 3 0.25000000 1 1.00000000 0.00000000 0.00000000 0.00000000
Neuron 181 3 0.75000000 1 1.00000000 0.00000000 0.00000000 0.00000000
Neuron 193 3 0.50000000 1 1.00000000 0.00000000 0.00000000 0.00000000
Neuron 194 3 0.31250000 1 1.00000000 0.00000000 0.00000000 0.00000000
Neuron 197 3 0.75000000 1 1.00000000 0.00000000 0.00000000 0.00000000
Neuron 204 3 0.25000000 1 1.00000000 0.00000000 0.00000000 0.00000000
Neuron 211 3 0.37500000 1 1.00000000 0.00000000 0.00000000 0.00000000
Neuron 213 3 0.75000000 1 1.00000000 0.00000000 0.00000000 0.00000000
Neuron 224 3 0.25000000 1 1.00000000 0.00000000 0.00000000 0.00000000
Neuron 227 3 0.75000000 1 1.00000000 0.00000000 0.00000000 0.00000000
Neuron 241 3 0.12500000 1 1.00000000 0.00000000 0.00000000 0.00000000
Neuron 247 3 0.87500000 1 1.00000000 0.00000000 0.00000000 0.00000000
Neuron 250 3 0.62500000 1 1.00000000 0.00000000 0.00000000 0.00000000
Neuron 251 3 0.75000000 1 1.00000000 0.00000000 0.00000000 0.00000000
Neuron 253 3 0.75000000 1 1.00000000 0.00000000 0.00000000 0.00000000
Neuron 259 3 0.12500000 1 1.00000000 0.00000000 0.00000000 0.00000000
Neuron 268 3 0.50000000 1 1.00000000 0.00000000 0.00000000 0.00000000
Neuron 272 3 0.25000000 1 1.00000000 0.00000000 0.00000000 0.00000000
Neuron 280 3 0.25000000 1 1.00000000 0.00000000 0.00000000 0.00000000
Neuron 287 3 0.50000000 1 1.00000000 0.00000000 0.00000000 0.00000000
Neuron 305 3 0.25000000 1 1.00000000 0.00000000 0.00000000 0.00000000
Neuron 312 3 0.25000000 1 1.00000000 0.00000000 0.00000000 0.00000000
Neuron 323 3 0.12500000 1 1.00000000 0.00000000 0.00000000 0.00000000
Neuron 330 3 0.37500000 1 1.00000000 0.00000000 0.00000000 0.00000000
Neuron 331 3 0.50000000 1 1.00000000 0.00000000 0.00000000 0.00000000
Neuron 364 3 0.87500000 1 1.00000000 0.00000000 0.00000000 0.00000000
Neuron 369 3 0.37500000 1 1.00000000 0.00000000 0.00000000 0.00000000
Neuron 376 3 0.75000000 1 1.00000000 0.00000000 0.00000000 0.00000000
Neuron 383 3 0.50000000 1 1.00000000 0.00000000 0.00000000 0.00000000
Neuron 385 3 0.25000000 1 1.00000000 0.00000000 0.00000000 0.00000000
Neuron 433 3 0.50000000 1 1.00000000 0.00000000 0.00000000 0.00000000
Neuron 450 3 0.50000000 1 1.00000000 0.00000000 0.00000000 0.00000000
Neuron 457 3 0.37500000 1 1.00000000 0.00000000 0.00000000 0.00000000
Neuron 466 3 0.62500000 1 1.00000000 0.00000000 0.00000000 0.00000000
Neuron 488 3 0.25000000 1 1.00000000 0.00000000 0.00000000 0.00000000
Neuron 511 3 0.50000000 1 1.00000000 0.00000000 0.00000000 0.00000000
Neuron 515 3 0.37500000 1 1.00000000 0.00000000 0.00000000 0.00000000
Neuron 517 3 0.50000000 1 1.00000000 0.00000000 0.00000000 0.00000000
Neuron 531 3 0.50000000 1 1.00000000 0.00000000 0.00000000 0.00000000
Neuron 537 3 0.50000000 1 1.00000000 0.00000000 0.00000000 0.00000000
Neuron 542 3 0.12500000 1 1.00000000 0.00000000 0.00000000 0.00000000
Neuron 552 3 0.75000000 1 1.00000000 0.00000000 0.00000000 0.00000000
Neuron 566 3 0.50000000 1 1.00000000 0.00000000 0.00000000 0.00000000
Neuron 579 3 0.37500000 1 1.00000000 0.00000000 0.00000000 0.00000000
Neuron 580 3 0.37500000 1 1.00000000 0.00000000 0.00000000 0.00000000
Neuron 588 3 0.50000000 1 1.00000000 0.00000000 0.00000000 0.00000000
Neuron 607 3 0.50000000 1 1.00000000 0.00000000 0.00000000 0.00000000
Neuron 635 3 0.31250000 1 1.00000000 0.00000000 0.00000000 0.00000000
Neuron 647 3 0.50000000 1 1.00000000 0.00000000 0.00000000 0.00000000
Neuron 650 3 0.75000000 1 1.00000000 0.00000000 0.00000000 0.00000000
Neuron 681 3 0.50000000 1 1.00000000 0.00000000 0.00000000 0.00000000
Neuron 689 3 0.12500000 1 1.00000000 0.00000000 0.00000000 0.00000000
Neuron 690 3 0.87500000 1 1.00000000 0.00000000 0.00000000 0.00000000
Neuron 697 3 0.75000000 1 1.00000000 0.00000000 0.00000000 0.00000000
Neuron 719 3 0.50000000 1 1.00000000 0.00000000 0.00000000 0.00000000
Neuron 723 3 0.50000000 1 1.00000000 0.00000000 0.00000000 0.00000000
Neuron 733 3 0.12500000 1 1.00000000 0.00000000 0.00000000 0.00000000
Neuron 738 3 0.25000000 1 1.00000000 0.00000000 0.00000000 0.00000000
Neuron 745 3 0.43750000 1 1.00000000 0.00000000 0.00000000 0.00000000
Neuron 750 3 0.43750000 1 1.00000000 0.00000000 0.00000000 0.00000000
Neuron 756 3 0.12500000 1 1.00000000 0.00000000 0.00000000 0.00000000
Neuron 758 3 0.28125000 1 1.00000000 0.00000000 0.00000000 0.00000000
Neuron 764 3 0.50000000 1 1.00000000 0.00000000 0.00000000 0.00000000
Neuron 771 3 0.62500000 1 1.00000000 0.00000000 0.00000000 0.00000000
Neuron 778 3 0.50000000 1 1.00000000 0.00000000 0.00000000 0.00000000
Neuron 811 3 0.50000000 1 1.00000000 0.00000000 0.00000000 0.00000000
Neuron 823 3 0.62500000 1 1.00000000 0.00000000 0.00000000 0.00000000
Neuron 827 3 0.25000000 1 1.00000000 0.00000000 0.00000000 0.00000000
Neuron 842 3 0.50000000 1 1.00000000 0.00000000 0.00000000 0.00000000
Neuron 850 3 0.50000000 1 1.00000000 0.00000000 0.00000000 0.00000000
Neuron 862 3 0.62500000 1 1.00000000 0.00000000 0.00000000 0.00000000
Neuron 863 3 0.43750000 1 1.00000000 0.00000000 0.00000000 0.00000000
Neuron 864 3 0.50000000 1 1.00000000 0.00000000 0.00000000 0.00000000
Neuron 874 3 0.50000000 1 1.00000000 0.00000000 0.00000000 0.00000000
Neuron 878 3 0.87500000 1 1.00000000 0.00000000 0.00000000 0.00000000
Neuron 885 3 0.25000000 1 1.00000000 0.00000000 0.00000000 0.00000000
Neuron 913 3 0.34375000 1 1.00000000 0.00000000 0.00000000 0.00000000
Neuron 916 3 0.43750000 1 1.00000000 0.00000000 0.00000000 0.00000000
Neuron 925 3 0.56250000 1 1.00000000 0.00000000 0.00000000 0.00000000
Neuron 928 3 0.75000000 1 1.00000000 0.00000000 0.00000000 0.00000000
Neuron 940 3 0.62500000 1 1.00000000 0.00000000 0.00000000 0.00000000
Neuron 943 3 0.50000000 1 1.00000000 0.00000000 0.00000000 0.00000000
Neuron 952 3 0.62500000 1 1.00000000 0.00000000 0.00000000 0.00000000
Neuron 958 3 0.62500000 1 1.00000000 0.00000000 0.00000000 0.00000000
Neuron 962 3 0.43750000 1 1.00000000 0.00000000 0.00000000 0.00000000
Neuron 965 3 0.56250000 1 1.00000000 0.00000000 0.00000000 0.00000000
Neuron 968 3 0.81250000 1 1.00000000 0.00000000 0.00000000 0.00000000
Neuron 972 3 0.59375000 1 1.00000000 0.00000000 0.00000000 0.00000000
Neuron 975 3 0.43750000 1 1.00000000 0.00000000 0.00000000 0.00000000
Neuron 978 3 0.40625000 1 1.00000000 0.00000000 0.00000000 0.00000000
Neuron 980 3 0.12500000 1 1.00000000 0.00000000 0.00000000 0.00000000
Neuron 986 3 0.50000000 1 1.00000000 0.00000000 0.00000000 0.00000000
Neuron 998 3 0.56250000 1 1.00000000 0.00000000 0.00000000 0.00000000
Neuron 999 3 0.31250000 1 1.00000000 0.00000000 0.00000000 0.00000000
Neuron 1001 3 0.37500000 1 1.00000000 0.00000000 0.00000000 0.00000000
Neuron 1020 3 0.31250000 1 1.00000000 0.00000000 0.00000000 0.00000000
Neuron 1024 3 0.25000000 1 1.00000000 0.00000000 0.00000000 0.00000000
Neuron 1027 3 0.56250000 1 1.00000000 0.00000000 0.00000000 0.00000000
Neuron 1032 3 0.62500000 1 1.00000000 0.00000000 0.00000000 0.00000000
Neuron 1038 3 0.50000000 1 1.00000000 0.00000000 0.00000000 0.00000000
Neuron 1058 3 0.87500000 1 1.00000000 0.00000000 0.00000000 0.00000000
Neuron 1069 3 0.56250000 1 1.00000000 0.00000000 0.00000000 0.00000000
Neuron 1070 3 0.75000000 1 1.00000000 0.00000000 0.00000000 0.00000000
Neuron 1071 3 0.25000000 1 1.00000000 0.00000000 0.00000000 0.00000000
Neuron 1093 3 0.43750000 1 1.00000000 0.00000000 0.00000000 0.00000000
Neuron 1096 3 0.25000000 1 1.00000000 0.00000000 0.00000000 0.00000000
Neuron 1115 3 0.37500000 1 1.00000000 0.00000000 0.00000000 0.00000000
Neuron 1116 3 0.40625000 1 1.00000000 0.00000000 0.00000000 0.00000000
Neuron 1149 3 0.50000000 1 1.00000000 0.00000000 0.00000000 0.00000000
Neuron 1165 3 0.75000000 1 1.00000000 0.00000000 0.00000000 0.00000000
Neuron 1262 3 0.50000000 1 1.00000000 0.00000000 0.00000000 0.00000000
Neuron 1268 3 0.50000000 1 1.00000000 0.00000000 0.00000000 0.00000000
Neuron 1274 3 0.25000000 1 1.00000000 0.00000000 0.00000000 0.00000000
Neuron 1334 3 0.50000000 1 1.00000000 0.00000000 0.00000000 0.00000000
Neuron 1342 3 0.62500000 1 1.00000000 0.00000000 0.00000000 0.00000000
Neuron 1365 3 0.43750000 1 1.00000000 0.00000000 0.00000000 0.00000000
Neuron 1381 3 0.50000000 1 1.00000000 0.00000000 0.00000000 0.00000000
Neuron 1384 3 0.62500000 1 1.00000000 0.00000000 0.00000000 0.00000000
Neuron 1404 3 0.50000000 1 1.00000000 0.00000000 0.00000000 0.00000000
Neuron 1452 3 0.50000000 1 1.00000000 0.00000000 0.00000000 0.00000000
Neuron 1456 3 0.75000000 1 1.00000000 0.00000000 0.00000000 0.00000000
Neuron 1586 3 0.93750000 1 1.00000000 0.00000000 0.00000000 0.00000000
Neuron 1596 3 0.62500000 1 1.00000000 0.00000000 0.00000000 0.00000000
Neuron 1653 3 0.50000000 1 1.00000000 0.00000000 0.00000000 0.00000000
Neuron 1657 3 0.50000000 1 1.00000000 0.00000000 0.00000000 0.00000000
Neuron 1700 3 0.50000000 1 1.00000000 0.00000000 0.00000000 0.00000000
Neuron 1720 3 0.37500000 1 1.00000000 0.00000000 0.00000000 0.00000000
Neuron 1724 3 0.12500000 1 1.00000000 0.00000000 0.00000000 0.00000000
Neuron 1748 3 0.59375000 1 1.00000000 0.00000000 0.00000000 0.00000000
Neuron 1905 3 0.62500000 1 1.00000000 0.00000000 0.00000000 0.00000000
Neuron 1914 3 0.28125000 1 1.00000000 0.00000000 0.00000000 0.00000000
Link 1 10 1 0 -1.91214865
Link 3 10 3 0 1.03938748
Link 4 10 4 0 -2.45179376
Link 5 10 5 0 -1.06292301
Link 6 10 6 0 0.98870765
Link 7 10 7 0 -1.52781760
Link 9 10 9 0 0.48432552
Link 1 11 10 0 -5.00635580
Link 2 11 11 0 -2.74172399
Link 3 11 12 0 5.40748366
Link 5 11 14 0 2.57411824
Link 6 11 15 0 0.52097408
Link 8 11 17 0 2.55783638
Link 9 11 18 0 2.09893117
Link 1 12 19 0 -2.28770432
Link 6 12 24 0 -4.64960460
Link 7 12 25 0 3.80017333
Link 8 12 26 0 2.47992073
Link 9 12 27 0 0.92969953
Link 3 13 30 0 -0.08888842
Link 4 13 31 0 -0.79765772
Link 5 13 32 0 2.17397556
Link 7 13 34 0 -1.42920544
Link 8 13 35 0 1.06752416
Link 9 13 36 0 0.02970243
Link 2 14 38 0 -3.96109919
Link 5 14 41 0 3.59785409
Link 9 14 45 0 -1.42661928
Link 1 15 46 0 -5.44534629
Link 2 15 47 0 -1.96767506
Link 3 15 48 0 1.74194649
Link 7 15 52 0 -1.00459512
Link 9 15 54 0 0.51372484
Link 1 16 55 0 -2.05463362
Link 2 16 56 0 3.19690348
Link 3 16 57 0 2.96171869
Link 4 16 58 0 2.44704712
Link 5 16 59 0 3.33741612
Link 7 16 61 0 -1.41357455
Link 8 16 62 0 1.13342673
Link 9 16 63 0 0.11416376
Link 17 14 66 0 0.20962422
Link 18 16 69 0 1.69750532
Link 4 20 74 0 0.47046579
Link 20 12 75 0 -1.83343374
Link 5 21 77 0 2.74589975
Link 21 16 78 0 0.58722232
Link 1 22 80 0 0.28024113
Link 1 23 83 0 -0.21785939
Link 23 10 84 0 2.79715056
Link 8 26 92 0 1.54250801
Link 26 10 93 0 -2.03622495
Link 6 27 95 0 3.41149676
Link 27 14 96 0 0.37567686
Link 6 29 101 0 2.05168560
Link 29 15 102 0 -0.59341728
Link 1 30 104 0 -1.34131259
Link 30 13 105 0 -2.13288593
Link 3 32 110 0 0.71305153
Link 38 12 131 0 1.89761563
Link 41 15 141 0 -1.33834054
Link 42 16 145 0 -1.59790883
Link 2 45 153 0 3.04594776
Link 49 12 168 0 2.82372167
Link 7 50 170 0 1.13844636
Link 50 13 171 0 0.02498089
Link 6 32 177 0 -0.19469613
Link 4 51 183 0 0.51872598
Link 51 15 184 0 -1.30092619
Link 6 52 186 0 -2.47815551
Link 52 13 187 0 0.58405560
Link 8 57 213 0 0.92861577
Link 57 15 214 0 -1.66474369
Link 8 58 216 0 0.09246392
Link 58 13 217 0 2.57440475
Link 4 60 226 0 -0.22295454
Link 60 11 227 0 -2.55173434
Link 3 65 250 0 -0.95098574
Link 65 16 251 0 2.08121331
Link 2 69 283 0 3.42656261
Link 69 10 284 0 1.77762271
Link 9 23 300 0 3.15681078
Link 22 72 306 0 -0.91827547
Link 2 74 318 0 3.54635801
Link 74 13 319 0 -1.47417073
Link 23 12 323 0 0.32095442
Link 79 14 355 0 -1.88140581
Link 6 23 377 0 1.00254949
Link 3 83 392 0 -0.50131862
Link 83 32 393 0 -0.33101206
Link 14 75 411 1 -2.31087806
Link 2 92 461 0 1.08312778
Link 9 22 483 0 4.25413626
Link 2 97 486 0 -5.15618330
Link 12 12 499 1 2.59354071
Link 2 100 522 0 0.16249893
Link 100 38 523 0 2.17065095
Link 22 22 530 1 1.29272758
Link 5 104 561 0 0.27640364
Link 7 75 585 0 -2.18063454
Link 34 16 590 0 -2.10238280
Link 62 111 601 0 0.72050719
Link 111 14 602 0 -4.32824018
Link 16 49 674 1 2.53252802
Link 4 41 731 0 -0.16021144
Link 97 123 743 0 -1.43701278
Link 123 18 744 0 0.32306092
Link 45 32 772 0 -2.90972572
Link 71 138 852 0 1.40664465
Link 138 11 853 0 -2.00164727
Link 45 10 867 0 -1.57542859
Link 2 144 883 0 -0.43238216
Link 14 22 976 1 -0.98737261
Link 155 34 980 0 -0.83737072
Link 28 167 1065 0 -3.87235821
Link 167 11 1066 0 -1.64542256
Link 170 28 1090 0 -1.22870956
Link 181 16 1153 0 0.72063668
Link 24 16 1183 0 -1.60300476
Link 7 193 1248 0 2.23429012
Link 193 14 1249 0 -2.34950247
Link 24 24 1252 1 5.06393698
Link 97 194 1257 0 -2.18616278
Link 194 123 1258 0 -3.64706959
Link 5 62 1262 0 0.44380291
Link 45 197 1283 0 2.91652418
Link 197 14 1284 0 2.52714124
Link 3 204 1327 0 3.02591971
Link 92 211 1385 0 -2.43837365
Link 211 75 1386 0 -0.58189810
Link 75 213 1392 0 1.35794319
Link 213 10 1393 0 -3.28086489
Link 224 23 1448 0 2.73342176
Link 32 227 1465 0 1.61075490
Link 227 10 1466 0 -1.15368982
Link 155 155 1471 1 0.52266517
Link 4 28 1485 0 0.72814477
Link 9 62 1561 0 0.74599890
Link 7 241 1584 0 -1.79875169
Link 241 155 1585 0 -0.94798487
Link 79 247 1611 0 0.44517202
Link 24 250 1631 0 0.51622188
Link 250 79 1632 0 -0.73353608
Link 251 11 1641 0 -0.84466537
Link 253 11 1662 0 0.19316271
Link 60 45 1678 0 2.49940092
Link 6 259 1726 0 -0.31012088
Link 259 224 1727 0 -2.63631854
Link 1 268 1780 0 0.81024710
Link 268 14 1781 0 -2.71711489
Link 7 272 1794 0 -0.82124201
Link 272 71 1795 0 -2.06017549
Link 4 280 1837 0 -1.44555476
Link 3 287 1877 0 0.71335747
Link 287 12 1878 0 -2.04171648
Link 8 305 1986 0 -1.17492938
Link 305 62 1987 0 -1.13466812
Link 312 42 2032 0 -0.84664000
Link 2 323 2119 0 -0.48564089
Link 323 92 2120 0 -2.31343454
Link 155 330 2151 0 -1.98249736
Link 330 34 2152 0 -1.14214558
Link 2 331 2161 0 3.86725546
Link 331 13 2162 0 2.02820632
Link 50 23 2181 0 -0.43129100
Link 49 75 2215 0 0.57974345
Link 268 23 2275 0 -2.41701385
Link 13 49 2329 1 -1.36513899
Link 364 14 2390 0 1.35282289
Link 144 369 2419 0 0.57392029
Link 369 41 2420 0 -0.27243185
Link 287 376 2461 0 -0.12360549
Link 376 12 2462 0 -1.49795061
Link 60 383 2521 0 -0.86390204
Link 383 75 2522 0 2.12875544
Link 155 24 2525 0 -2.03954206
Link 4 385 2531 0 1.06398551
Link 385 17 2532 0 4.22890139
Link 7 52 2569 0 -4.30653086
Link 4 144 2710 0 -1.77685199
Link 75 433 2861 0 -0.04492465
Link 9 27 2900 0 2.16686486
Link 24 197 2932 0 -3.51370867
Link 18 450 2977 1 -1.95772176
Link 450 18 2978 1 1.26733073
Link 28 18 3010 0 0.70040234
Link 170 457 3039 0 2.84124442
Link 457 28 3040 0 -0.02848795
Link 45 466 3099 0 0.10342746
Link 466 197 3100 0 -0.77932540
Link 12 305 3101 1 0.82562904
Link 23 287 3180 0 -0.82304256
Link 27 27 3210 1 1.31585822
Link 49 144 3219 1 -1.95421426
Link 488 27 3276 0 0.83099966
Link 450 450 3414 1 -0.59022999
Link 41 511 3449 0 1.76217390
Link 511 24 3450 0 -2.31629200
Link 450 517 3494 1 0.59943815
Link 517 18 3495 1 3.97791182
Link 51 42 3537 0 -0.85246765
Link 24 537 3633 0 0.62739122
Link 537 32 3634 0 2.03760395
Link 7 542 3654 0 0.51383096
Link 542 170 3655 0 0.34127020
Link 287 75 3656 0 2.40958407
Link 75 92 3700 1 0.84827783
Link 62 552 3711 0 -0.65883108
Link 552 14 3712 0 2.07044720
Link 369 49 3779 0 -0.80526198
Link 32 253 3799 0 -2.97985032
Link 287 566 3827 0 0.52742147
Link 566 75 3828 0 0.61562339
Link 144 144 3836 1 -0.00520698
Link 3 450 3942 0 0.99111645
Link 27 16 3943 0 -0.72996458
Link 97 579 3979 0 0.94716417
Link 580 24 3995 0 0.63004379
Link 588 22 4046 1 -2.97638857
Link 580 23 4150 0 -1.05343859
Link 123 14 4167 0 -0.65930393
Link 34 607 4212 0 5.56554476
Link 607 75 4213 0 0.71097387
Link 155 287 4312 0 0.58842481
Link 72 305 4397 1 0.17934263
Link 18 647 4485 1 0.71778270
Link 647 450 4486 1 -1.54270270
Link 18 80 4501 1 -2.03134029
Link 650 14 4512 0 -0.64059296
Link 45 681 4758 0 1.12985182
Link 681 71 4759 0 -2.72347963
Link 3 689 4809 0 -0.94449693
Link 689 80 4810 0 -2.03380452
Link 253 690 4816 0 0.25753546
Link 690 11 4817 0 -1.39470411
Link 18 305 4841 1 0.81014800
Link 697 75 4883 1 0.05188147
Link 376 45 5030 1 0.18277398
Link 32 719 5047 0 -2.45951303
Link 531 723 5078 0 1.55986635
Link 16 42 5139 1 2.97895975
Link 733 488 5177 0 1.96866407
Link 738 450 5218 0 -1.55805125
Link 580 745 5265 0 0.32410959
Link 745 23 5266 0 0.32603800
Link 211 213 5280 0 -3.41519736
Link 450 22 5284 0 1.89582727
Link 457 750 5319 0 0.66223468
Link 750 52 5320 0 -1.87377547
Link 6 756 5358 0 -0.48685590
Link 756 312 5359 0 -0.62315161
Link 80 758 5366 0 0.58351970
Link 758 635 5367 0 -2.07018588
Link 42 764 5419 0 -2.83380612
Link 764 18 5420 0 0.39323170
Link 369 71 5443 0 0.95148414
Link 75 771 5494 0 0.21405774
Link 771 253 5495 0 3.32632176
Link 24 778 5543 1 -0.64102911
Link 778 24 5544 1 4.58565998
Link 537 287 5558 0 -3.04837047
Link 62 531 5569 0 0.73072235
Link 9 123 5597 0 -0.83286675
Link 170 18 5618 0 1.80709728
Link 41 28 5777 0 -0.57495806
Link 170 197 5810 0 -2.41339490
Link 3 466 5834 0 0.42176826
Link 60 823 5913 0 -0.33175190
Link 823 251 5914 0 -1.30577928
Link 2 827 5947 0 1.37724160
Link 827 588 5948 0 1.31229860
Link 18 213 6013 0 0.29228175
Link 6 57 6075 0 1.79345111
Link 144 14 6076 0 2.55447358
Link 450 842 6080 0 1.32832632
Link 842 22 6081 0 3.31350569
Link 60 213 6121 0 0.75517015
Link 588 850 6141 1 0.62713363
Link 23 580 6211 1 1.56178372
Link 376 862 6241 1 2.01106580
Link 211 863 6245 0 0.81192919
Link 863 75 6246 0 1.39375578
Link 62 864 6251 0 1.25813698
Link 450 874 6330 1 2.14835560
Link 874 450 6331 1 3.17723280
Link 14 878 6357 1 2.78017833
Link 878 697 6358 1 0.54760670
Link 885 23 6395 0 0.51356500
Link 155 588 6396 0 -1.33789106
Link 5 450 6479 0 -2.58664622
Link 45 771 6541 0 -1.51069314
Link 635 913 6626 0 1.26198118
Link 913 580 6627 0 0.90462888
Link 457 916 6648 0 -0.38465596
Link 916 28 6649 0 -1.53369596
Link 181 531 6678 1 -2.31391005
Link 75 925 6704 0 -0.08029543
Link 75 450 6742 0 1.24251569
Link 71 928 6746 0 1.89075134
Link 928 10 6747 0 0.98708016
Link 42 940 6863 0 0.10857623
Link 940 181 6864 0 0.93012342
Link 75 943 6882 0 -0.57105983
Link 943 450 6883 0 -0.30166713
Link 8 764 6905 0 -2.15279810
Link 60 224 6947 1 0.46229257
Link 181 952 6965 1 -0.14258646
Link 952 531 6966 1 -2.34024263
Link 60 958 7024 0 0.41942868
Link 958 213 7025 0 0.73631101
Link 330 962 7070 0 -1.60048733
Link 962 52 7071 0 -2.07021359
Link 123 965 7111 0 0.87198458
Link 965 181 7112 0 -0.14188354
Link 72 968 7126 0 0.62112229
Link 968 364 7127 0 3.07396873
Link 925 972 7166 0 0.94451524
Link 972 771 7167 0 1.92832754
Link 975 41 7207 0 1.07219834
Link 330 978 7241 0 1.66661329
Link 978 962 7242 0 -1.86105044
Link 3 980 7269 0 1.65733362
Link 980 738 7270 0 5.09369472
Link 723 986 7311 0 0.97932931
Link 986 28 7312 0 1.11534112
Link 170 170 7366 1 0.45414983
Link 45 998 7412 0 0.71586260
Link 998 771 7413 0 -0.90705533
Link 280 999 7415 0 1.00498449
Link 999 515 7416 0 0.35237490
Link 104 1001 7435 0 -0.38389377
Link 1001 28 7436 0 -2.01174498
Link 253 376 7504 0 3.30146940
Link 52 79 7529 0 -1.71463539
Link 3 1020 7602 0 0.02845989
Link 1020 466 7603 0 -3.23717442
Link 756 466 7616 0 1.22129541
Link 8 1024 7628 0 0.73010971
Link 1024 52 7629 0 0.96061340
Link 75 1027 7639 0 0.46849538
Link 1027 771 7640 0 -2.91119636
Link 28 1032 7689 0 -0.39398111
Link 1032 167 7690 0 -2.71493040
Link 60 1038 7739 0 -0.89562690
Link 253 1058 7912 0 1.40262025
Link 1058 11 7913 0 0.48748303
Link 862 1069 8003 1 2.14660089
Link 1069 287 8004 1 0.86065247
Link 28 1070 8006 0 0.20879712
Link 1070 11 8007 0 -0.23881739
Link 6 1071 8010 0 2.99130154
Link 1071 42 8011 0 0.72913631
Link 579 1093 8164 0 -0.55785335
Link 1093 23 8165 0 -0.77718743
Link 5 1096 8181 0 0.00135135
Link 1096 28 8182 0 -3.25005533
Link 287 22 8218 0 -0.28118975
Link 204 1115 8337 0 1.89376937
Link 1115 49 8338 0 0.73444366
Link 515 1116 8340 0 0.47670300
Link 1116 975 8341 0 0.82727324
Link 27 383 8571 0 -0.85139154
Link 719 1149 8605 0 1.97204947
Link 1149 531 8606 0 -2.74881012
Link 450 62 8640 0 1.47265374
Link 52 466 8656 0 -0.82379091
Link 330 376 8709 0 -0.19656222
Link 42 1165 8739 0 0.46425020
Link 1165 16 8740 0 0.37258422
Link 27 197 8766 0 3.22914483
Link 537 65 8795 0 1.00784803
Link 194 193 9084 0 0.07324053
Link 72 635 9214 1 -1.22104527
Link 1038 1262 9606 0 0.93266767
Link 1262 75 9607 0 1.43456130
Link 1268 28 9679 0 -1.25360443
Link 975 155 9703 1 -2.19926293
Link 2 1274 9716 0 -0.64031077
Link 1274 28 9717 0 -2.16864343
Link 74 975 9908 1 2.57776220
Link 22 1334 10221 1 3.06746439
Link 1334 811 10222 1 1.08270172
Link 24 1342 10313 0 1.09195505
Link 1342 650 10314 0 0.78717448
Link 32 74 10453 0 -1.40232908
Link 323 170 10476 0 -1.73039805
Link 330 1365 10478 0 1.35424102
Link 1365 18 10479 0 0.38010857
Link 80 50 10556 0 -0.94217390
Link 811 1381 10628 1 1.18448328
Link 1381 588 10629 1 -3.12475575
Link 213 1384 10658 1 -0.71433595
Link 1384 723 10659 1 1.53955614
Link 433 1404 10804 0 3.89032863
Link 1404 1268 10805 0 2.15764630
Link 980 213 10991 0 0.95367840
Link 650 20 11169 1 2.01913827
Link 850 1452 11171 1 0.07239430
Link 1452 22 11172 1 -1.91567572
Link 827 28 11173 0 1.78911038
Link 1268 250 11192 0 1.50095775
Link 27 1456 11250 0 1.10079001
Link 1456 16 11251 0 -1.10063188
Link 928 364 11300 0 1.41991368
Link 369 27 11347 0 -1.07702669
Link 104 60 11397 0 -2.84596030
Link 92 204 11443 0 -1.49005557
Link 863 272 11665 1 1.90230954
Link 758 27 11854 0 2.40711038
Link 689 211 11861 0 2.79780823
Link 885 433 11913 0 -0.47778696
Link 72 733 11926 1 1.77745990
Link 280 383 12066 0 1.38188204
Link 1268 11 12130 0 -0.54554304
Link 580 52 12354 0 1.35889987
Link 241 1069 12369 0 -0.65227062
Link 247 1586 12516 0 0.84723782
Link 1586 14 12517 0 -0.26044727
Link 1384 1596 12607 1 -0.36364297
Link 1596 1384 12608 1 0.45028849
Link 885 697 12838 0 -0.81462790
Link 1038 1653 13176 0 -0.21972323
Link 1653 75 13177 0 -2.31071848
Link 45 1657 13221 0 1.23686306
Link 1657 71 13222 0 -2.26632562
Link 1116 80 13275 1 -2.79540671
Link 980 756 13293 0 -2.04353906
Link 312 488 13380 0 -1.49080496
Link 204 204 13635 1 0.74398265
Link 104 1700 13682 0 4.10141487
Link 1700 928 13683 0 -0.29478427
Link 517 287 13739 0 -2.17829896
Link 287 1720 13895 1 0.74376457
Link 1720 738 13896 1 2.63573075
Link 719 1032 13923 0 4.93637793
Link 2 1724 13940 0 0.81501387
Link 1724 885 13941 0 -1.03796970
Link 1069 1027 13953 0 -1.33330411
Link 681 227 14048 0 -1.75704986
Link 925 1748 14149 0 2.58921546
Link 1748 771 14150 0 3.64020788
Link 1384 280 14209 1 0.67102757
Link 864 975 14224 1 -1.07107722
Link 647 268 14249 0 -1.63438722
Link 517 517 14365 1 -0.27162982
Link 842 312 14413 1 -0.78254095
Link 733 57 14427 0 -0.35204658
Link 998 272 14709 1 -0.63547811
Link 542 211 14813 0 0.00984970
Link 22 1268 14867 0 2.05328372
Link 4 531 14989 0 -4.66498186
Link 1342 940 15175 0 0.77562867
Link 211 1748 15271 0 -1.56933649
Link 1365 60 15354 0 -2.25363693
Link 689 972 15496 0 3.74700134
Link 850 864 15598 0 3.16854569
Link 681 1905 15654 0 0.83721977
Link 1905 79 15655 0 -0.11953986
Link 647 738 15676 1 1.88173567
Link 4 1914 15755 0 0.88391122
Link 1914 1027 15756 0 -1.73630731
GenomeEnd

