GenomeStart 25635
Neuron 1 1 0.00000000 1 0.00000000 0.00000000 0.00000000 0.00000000
Neuron 2 1 0.00000000 1 0.00000000 0.00000000 0.00000000 0.00000000
Neuron 3 1 0.00000000 1 0.00000000 0.00000000 0.00000000 0.00000000
Neuron 4 1 0.00000000 1 0.00000000 0.00000000 0.00000000 0.00000000
Neuron 5 1 0.00000000 1 0.00000000 0.00000000 0.00000000 0.00000000
Neuron 6 1 0.00000000 1 0.00000000 0.00000000 0.00000000 0.00000000
Neuron 7 1 0.00000000 1 0.00000000 0.00000000 0.00000000 0.00000000
Neuron 8 1 0.00000000 1 0.00000000 0.00000000 0.00000000 0.00000000
Neuron 9 2 0.00000000 1 0.00000000 0.00000000 0.00000000 0.00000000
Neuron 10 4 1.00000000 0 1.00000000 0.00000000 0.00000000 0.00000000
Neuron 11 4 1.00000000 0 1.00000000 0.00000000 0.00000000 0.00000000
Neuron 12 4 1.00000000 0 1.00000000 0.00000000 0.00000000 0.00000000
Neuron 13 4 1.00000000 0 1.00000000 0.00000000 0.00000000 0.00000000
Neuron 14 4 1.00000000 0 1.00000000 0.00000000 0.00000000 0.00000000
Neuron 15 4 1.00000000 0 1.00000000 0.00000000 0.00000000 0.00000000
Neuron 16 4 1.00000000 0 1.00000000 0.00000000 0.00000000 0.00000000
Neuron 17 3 0.50000000 1 1.00000000 0.00000000 0.00000000 0.00000000
Neuron 19 3 0.50000000 1 1.00000000 0.00000000 0.00000000 0.00000000
Neuron 24 3 0.50000000 1 1.00000000 0.00000000 0.00000000 0.00000000
Neuron 28 3 0.50000000 1 1.00000000 0.00000000 0.00000000 0.00000000
Neuron 29 3 0.50000000 1 1.00000000 0.00000000 0.00000000 0.00000000
Neuron 35 3 0.50000000 1 1.00000000 0.00000000 0.00000000 0.00000000
Neuron 43 3 0.50000000 1 1.00000000 0.00000000 0.00000000 0.00000000
Neuron 45 3 0.50000000 1 1.00000000 0.00000000 0.00000000 0.00000000
Neuron 48 3 0.50000000 1 1.00000000 0.00000000 0.00000000 0.00000000
Neuron 49 3 0.50000000 1 1.00000000 0.00000000 0.00000000 0.00000000
Neuron 50 3 0.50000000 1 1.00000000 0.00000000 0.00000000 0.00000000
Neuron 56 3 0.50000000 1 1.00000000 0.00000000 0.00000000 0.00000000
Neuron 57 3 0.50000000 1 1.00000000 0.00000000 0.00000000 0.00000000
Neuron 58 3 0.50000000 1 1.00000000 0.00000000 0.00000000 0.00000000
Neuron 60 3 0.50000000 1 1.00000000 0.00000000 0.00000000 0.00000000
Neuron 61 3 0.25000000 1 1.00000000 0.00000000 0.00000000 0.00000000
Neuron 66 3 0.50000000 1 1.00000000 0.00000000 0.00000000 0.00000000
Neuron 69 3 0.50000000 1 1.00000000 0.00000000 0.00000000 0.00000000
Neuron 76 3 0.50000000 1 1.00000000 0.00000000 0.00000000 0.00000000
Neuron 91 3 0.25000000 1 1.00000000 0.00000000 0.00000000 0.00000000
Neuron 244 3 0.75000000 1 1.00000000 0.00000000 0.00000000 0.00000000
Neuron 288 3 0.75000000 1 1.00000000 0.00000000 0.00000000 0.00000000
Neuron 293 3 0.25000000 1 1.00000000 0.00000000 0.00000000 0.00000000
Neuron 346 3 0.37500000 1 1.00000000 0.00000000 0.00000000 0.00000000
Neuron 382 3 0.62500000 1 1.00000000 0.00000000 0.00000000 0.00000000
Neuron 384 3 0.56250000 1 1.00000000 0.00000000 0.00000000 0.00000000
Neuron 387 3 0.75000000 1 1.00000000 0.00000000 0.00000000 0.00000000
Neuron 463 3 0.50000000 1 1.00000000 0.00000000 0.00000000 0.00000000
Neuron 521 3 0.75000000 1 1.00000000 0.00000000 0.00000000 0.00000000
Neuron 539 3 0.50000000 1 1.00000000 0.00000000 0.00000000 0.00000000
Link 1 10 1 0 -1.37775025
Link 3 10 3 0 1.03572183
Link 5 10 5 0 0.39584143
Link 8 10 8 0 2.97429064
Link 9 10 9 0 -0.62620272
Link 1 11 10 0 -2.93975980
Link 2 11 11 0 1.46508437
Link 3 11 12 0 3.26012484
Link 6 11 15 0 -3.88870062
Link 7 11 16 0 -2.63543375
Link 8 11 17 0 0.56184865
Link 9 11 18 0 -0.37425246
Link 1 12 19 0 -2.41139399
Link 2 12 20 0 -0.33778496
Link 4 12 22 0 -0.25264888
Link 5 12 23 0 1.70091742
Link 6 12 24 0 -2.22937395
Link 1 13 28 0 -2.69486650
Link 2 13 29 0 -0.03633263
Link 3 13 30 0 -2.72219070
Link 4 13 31 0 2.96538046
Link 5 13 32 0 3.20472697
Link 6 13 33 0 2.63964465
Link 9 13 36 0 2.32013997
Link 1 14 37 0 -2.49793536
Link 5 14 41 0 2.44137351
Link 6 14 42 0 -3.47631328
Link 8 14 44 0 -3.07679288
Link 9 14 45 0 -0.45447267
Link 1 15 46 0 0.87366063
Link 2 15 47 0 -2.47245600
Link 4 15 49 0 -1.03830620
Link 9 15 54 0 1.29977812
Link 1 16 55 0 1.09008702
Link 2 16 56 0 -0.99185948
Link 3 16 57 0 0.85538532
Link 4 16 58 0 -1.18956539
Link 5 16 59 0 -1.72761266
Link 6 16 60 0 4.56895004
Link 8 16 62 0 2.20666155
Link 9 16 63 0 1.09858274
Link 4 17 65 0 -3.83090016
Link 17 14 66 0 -1.44700493
Link 7 19 71 0 0.94568760
Link 19 16 72 0 -0.01788964
Link 3 24 86 0 0.75232076
Link 24 14 87 0 2.83519347
Link 5 28 98 0 -0.61826459
Link 28 11 99 0 -0.29598057
Link 6 29 101 0 0.42384140
Link 29 15 102 0 -2.39913636
Link 35 10 122 0 -1.46290070
Link 6 43 147 0 -1.66374394
Link 43 10 148 0 1.06070324
Link 2 45 153 0 -0.57519747
Link 45 14 154 0 -1.35780398
Link 5 48 164 0 -3.18916791
Link 48 15 165 0 0.24408856
Link 3 49 167 0 -1.63524379
Link 49 12 168 0 2.01940821
Link 50 13 171 0 2.76816519
Link 16 16 205 1 -1.12070930
Link 4 56 208 0 1.05840915
Link 56 10 209 0 -0.44621537
Link 8 57 213 0 -2.90122213
Link 57 15 214 0 -2.40911399
Link 8 58 216 0 1.37186452
Link 58 13 217 0 0.65904334
Link 4 60 226 0 1.09819046
Link 60 11 227 0 1.77242874
Link 7 61 230 0 0.62347120
Link 8 66 263 0 -1.99426161
Link 66 12 264 0 0.98457455
Link 2 69 283 0 1.38280726
Link 69 10 284 0 1.98199802
Link 7 91 456 0 4.63771462
Link 91 50 457 0 -2.16140478
Link 15 19 525 1 1.07121268
Link 16 35 584 1 -0.43874109
Link 58 12 621 0 -1.51708432
Link 3 66 781 0 -0.04176991
Link 6 66 904 0 2.23580760
Link 4 61 1041 0 0.80239372
Link 10 66 1049 1 -0.08727339
Link 50 19 1078 0 0.64284003
Link 43 13 1094 0 1.58998946
Link 17 17 1350 1 -3.81540977
Link 11 244 1600 1 -3.40773011
Link 244 35 1601 1 -0.31896662
Link 76 288 1883 0 -2.74523809
Link 288 15 1884 0 1.37103419
Link 3 293 1920 0 0.26728261
Link 293 76 1921 0 1.34597362
Link 76 76 1964 1 3.04710984
Link 61 346 2246 0 3.17210028
Link 346 35 2247 0 0.69250612
Link 8 288 2295 0 1.00818554
Link 5 288 2426 0 -0.31626298
Link 382 288 2512 0 -0.34228146
Link 48 384 2528 0 2.41553938
Link 384 382 2529 0 1.77381265
Link 17 387 2545 0 2.09605989
Link 387 10 2546 0 -0.00568725
Link 69 29 2794 0 0.90883572
Link 2 17 2941 0 0.07842121
Link 463 69 3071 0 -3.87197448
Link 24 57 3150 0 1.90882452
Link 15 521 3514 1 -4.30532484
Link 521 69 3515 1 1.38869580
Link 48 539 3641 0 0.95367888
Link 539 463 3642 0 -0.21666991
Link 91 244 3813 0 -4.10017872
Link 49 76 3815 0 -3.38458598
Link 1 387 3947 0 -2.32984945
Link 288 384 3964 1 -3.46387674
Link 382 521 4052 0 -0.32998494
GenomeEnd

