GenomeStart 62019
Neuron 1 1 0.00000000 1 0.00000000 0.00000000 0.00000000 0.00000000
Neuron 2 1 0.00000000 1 0.00000000 0.00000000 0.00000000 0.00000000
Neuron 3 1 0.00000000 1 0.00000000 0.00000000 0.00000000 0.00000000
Neuron 4 1 0.00000000 1 0.00000000 0.00000000 0.00000000 0.00000000
Neuron 5 1 0.00000000 1 0.00000000 0.00000000 0.00000000 0.00000000
Neuron 6 1 0.00000000 1 0.00000000 0.00000000 0.00000000 0.00000000
Neuron 7 1 0.00000000 1 0.00000000 0.00000000 0.00000000 0.00000000
Neuron 8 1 0.00000000 1 0.00000000 0.00000000 0.00000000 0.00000000
Neuron 9 2 0.00000000 1 0.00000000 0.00000000 0.00000000 0.00000000
Neuron 10 4 1.00000000 0 1.00000000 0.00000000 0.00000000 0.00000000
Neuron 11 4 1.00000000 0 1.00000000 0.00000000 0.00000000 0.00000000
Neuron 12 4 1.00000000 0 1.00000000 0.00000000 0.00000000 0.00000000
Neuron 13 4 1.00000000 0 1.00000000 0.00000000 0.00000000 0.00000000
Neuron 14 4 1.00000000 0 1.00000000 0.00000000 0.00000000 0.00000000
Neuron 15 4 1.00000000 0 1.00000000 0.00000000 0.00000000 0.00000000
Neuron 16 4 1.00000000 0 1.00000000 0.00000000 0.00000000 0.00000000
Neuron 18 3 0.50000000 1 1.00000000 0.00000000 0.00000000 0.00000000
Neuron 20 3 0.50000000 1 1.00000000 0.00000000 0.00000000 0.00000000
Neuron 21 3 0.50000000 1 1.00000000 0.00000000 0.00000000 0.00000000
Neuron 22 3 0.50000000 1 1.00000000 0.00000000 0.00000000 0.00000000
Neuron 23 3 0.50000000 1 1.00000000 0.00000000 0.00000000 0.00000000
Neuron 24 3 0.50000000 1 1.00000000 0.00000000 0.00000000 0.00000000
Neuron 27 3 0.50000000 1 1.00000000 0.00000000 0.00000000 0.00000000
Neuron 28 3 0.50000000 1 1.00000000 0.00000000 0.00000000 0.00000000
Neuron 30 3 0.50000000 1 1.00000000 0.00000000 0.00000000 0.00000000
Neuron 32 3 0.50000000 1 1.00000000 0.00000000 0.00000000 0.00000000
Neuron 34 3 0.50000000 1 1.00000000 0.00000000 0.00000000 0.00000000
Neuron 38 3 0.50000000 1 1.00000000 0.00000000 0.00000000 0.00000000
Neuron 41 3 0.50000000 1 1.00000000 0.00000000 0.00000000 0.00000000
Neuron 42 3 0.50000000 1 1.00000000 0.00000000 0.00000000 0.00000000
Neuron 45 3 0.50000000 1 1.00000000 0.00000000 0.00000000 0.00000000
Neuron 49 3 0.50000000 1 1.00000000 0.00000000 0.00000000 0.00000000
Neuron 50 3 0.50000000 1 1.00000000 0.00000000 0.00000000 0.00000000
Neuron 51 3 0.50000000 1 1.00000000 0.00000000 0.00000000 0.00000000
Neuron 52 3 0.50000000 1 1.00000000 0.00000000 0.00000000 0.00000000
Neuron 57 3 0.50000000 1 1.00000000 0.00000000 0.00000000 0.00000000
Neuron 58 3 0.50000000 1 1.00000000 0.00000000 0.00000000 0.00000000
Neuron 60 3 0.50000000 1 1.00000000 0.00000000 0.00000000 0.00000000
Neuron 62 3 0.50000000 1 1.00000000 0.00000000 0.00000000 0.00000000
Neuron 65 3 0.50000000 1 1.00000000 0.00000000 0.00000000 0.00000000
Neuron 71 3 0.50000000 1 1.00000000 0.00000000 0.00000000 0.00000000
Neuron 72 3 0.75000000 1 1.00000000 0.00000000 0.00000000 0.00000000
Neuron 74 3 0.50000000 1 1.00000000 0.00000000 0.00000000 0.00000000
Neuron 75 3 0.50000000 1 1.00000000 0.00000000 0.00000000 0.00000000
Neuron 79 3 0.75000000 1 1.00000000 0.00000000 0.00000000 0.00000000
Neuron 80 3 0.25000000 1 1.00000000 0.00000000 0.00000000 0.00000000
Neuron 92 3 0.25000000 1 1.00000000 0.00000000 0.00000000 0.00000000
Neuron 97 3 0.25000000 1 1.00000000 0.00000000 0.00000000 0.00000000
Neuron 104 3 0.25000000 1 1.00000000 0.00000000 0.00000000 0.00000000
Neuron 111 3 0.75000000 1 1.00000000 0.00000000 0.00000000 0.00000000
Neuron 123 3 0.37500000 1 1.00000000 0.00000000 0.00000000 0.00000000
Neuron 144 3 0.25000000 1 1.00000000 0.00000000 0.00000000 0.00000000
Neuron 155 3 0.25000000 1 1.00000000 0.00000000 0.00000000 0.00000000
Neuron 167 3 0.75000000 1 1.00000000 0.00000000 0.00000000 0.00000000
Neuron 170 3 0.25000000 1 1.00000000 0.00000000 0.00000000 0.00000000
Neuron 181 3 0.75000000 1 1.00000000 0.00000000 0.00000000 0.00000000
Neuron 193 3 0.50000000 1 1.00000000 0.00000000 0.00000000 0.00000000
Neuron 194 3 0.31250000 1 1.00000000 0.00000000 0.00000000 0.00000000
Neuron 197 3 0.75000000 1 1.00000000 0.00000000 0.00000000 0.00000000
Neuron 204 3 0.25000000 1 1.00000000 0.00000000 0.00000000 0.00000000
Neuron 211 3 0.37500000 1 1.00000000 0.00000000 0.00000000 0.00000000
Neuron 213 3 0.75000000 1 1.00000000 0.00000000 0.00000000 0.00000000
Neuron 224 3 0.25000000 1 1.00000000 0.00000000 0.00000000 0.00000000
Neuron 250 3 0.62500000 1 1.00000000 0.00000000 0.00000000 0.00000000
Neuron 251 3 0.75000000 1 1.00000000 0.00000000 0.00000000 0.00000000
Neuron 253 3 0.75000000 1 1.00000000 0.00000000 0.00000000 0.00000000
Neuron 259 3 0.12500000 1 1.00000000 0.00000000 0.00000000 0.00000000
Neuron 268 3 0.50000000 1 1.00000000 0.00000000 0.00000000 0.00000000
Neuron 272 3 0.25000000 1 1.00000000 0.00000000 0.00000000 0.00000000
Neuron 280 3 0.25000000 1 1.00000000 0.00000000 0.00000000 0.00000000
Neuron 287 3 0.50000000 1 1.00000000 0.00000000 0.00000000 0.00000000
Neuron 305 3 0.25000000 1 1.00000000 0.00000000 0.00000000 0.00000000
Neuron 312 3 0.25000000 1 1.00000000 0.00000000 0.00000000 0.00000000
Neuron 323 3 0.12500000 1 1.00000000 0.00000000 0.00000000 0.00000000
Neuron 330 3 0.37500000 1 1.00000000 0.00000000 0.00000000 0.00000000
Neuron 331 3 0.50000000 1 1.00000000 0.00000000 0.00000000 0.00000000
Neuron 364 3 0.87500000 1 1.00000000 0.00000000 0.00000000 0.00000000
Neuron 369 3 0.37500000 1 1.00000000 0.00000000 0.00000000 0.00000000
Neuron 376 3 0.75000000 1 1.00000000 0.00000000 0.00000000 0.00000000
Neuron 383 3 0.50000000 1 1.00000000 0.00000000 0.00000000 0.00000000
Neuron 433 3 0.50000000 1 1.00000000 0.00000000 0.00000000 0.00000000
Neuron 450 3 0.50000000 1 1.00000000 0.00000000 0.00000000 0.00000000
Neuron 457 3 0.37500000 1 1.00000000 0.00000000 0.00000000 0.00000000
Neuron 466 3 0.62500000 1 1.00000000 0.00000000 0.00000000 0.00000000
Neuron 488 3 0.25000000 1 1.00000000 0.00000000 0.00000000 0.00000000
Neuron 511 3 0.50000000 1 1.00000000 0.00000000 0.00000000 0.00000000
Neuron 515 3 0.37500000 1 1.00000000 0.00000000 0.00000000 0.00000000
Neuron 531 3 0.50000000 1 1.00000000 0.00000000 0.00000000 0.00000000
Neuron 537 3 0.50000000 1 1.00000000 0.00000000 0.00000000 0.00000000
Neuron 552 3 0.75000000 1 1.00000000 0.00000000 0.00000000 0.00000000
Neuron 579 3 0.37500000 1 1.00000000 0.00000000 0.00000000 0.00000000
Neuron 580 3 0.37500000 1 1.00000000 0.00000000 0.00000000 0.00000000
Neuron 588 3 0.50000000 1 1.00000000 0.00000000 0.00000000 0.00000000
Neuron 607 3 0.50000000 1 1.00000000 0.00000000 0.00000000 0.00000000
Neuron 635 3 0.31250000 1 1.00000000 0.00000000 0.00000000 0.00000000
Neuron 650 3 0.75000000 1 1.00000000 0.00000000 0.00000000 0.00000000
Neuron 689 3 0.12500000 1 1.00000000 0.00000000 0.00000000 0.00000000
Neuron 690 3 0.87500000 1 1.00000000 0.00000000 0.00000000 0.00000000
Neuron 697 3 0.75000000 1 1.00000000 0.00000000 0.00000000 0.00000000
Neuron 719 3 0.50000000 1 1.00000000 0.00000000 0.00000000 0.00000000
Neuron 723 3 0.50000000 1 1.00000000 0.00000000 0.00000000 0.00000000
Neuron 738 3 0.25000000 1 1.00000000 0.00000000 0.00000000 0.00000000
Neuron 756 3 0.12500000 1 1.00000000 0.00000000 0.00000000 0.00000000
Neuron 758 3 0.28125000 1 1.00000000 0.00000000 0.00000000 0.00000000
Neuron 764 3 0.50000000 1 1.00000000 0.00000000 0.00000000 0.00000000
Neuron 771 3 0.62500000 1 1.00000000 0.00000000 0.00000000 0.00000000
Neuron 811 3 0.50000000 1 1.00000000 0.00000000 0.00000000 0.00000000
Neuron 823 3 0.62500000 1 1.00000000 0.00000000 0.00000000 0.00000000
Neuron 827 3 0.25000000 1 1.00000000 0.00000000 0.00000000 0.00000000
Neuron 862 3 0.62500000 1 1.00000000 0.00000000 0.00000000 0.00000000
Neuron 878 3 0.87500000 1 1.00000000 0.00000000 0.00000000 0.00000000
Neuron 885 3 0.25000000 1 1.00000000 0.00000000 0.00000000 0.00000000
Neuron 925 3 0.56250000 1 1.00000000 0.00000000 0.00000000 0.00000000
Neuron 928 3 0.75000000 1 1.00000000 0.00000000 0.00000000 0.00000000
Neuron 940 3 0.62500000 1 1.00000000 0.00000000 0.00000000 0.00000000
Neuron 962 3 0.43750000 1 1.00000000 0.00000000 0.00000000 0.00000000
Neuron 975 3 0.43750000 1 1.00000000 0.00000000 0.00000000 0.00000000
Neuron 980 3 0.12500000 1 1.00000000 0.00000000 0.00000000 0.00000000
Neuron 1001 3 0.37500000 1 1.00000000 0.00000000 0.00000000 0.00000000
Neuron 1038 3 0.50000000 1 1.00000000 0.00000000 0.00000000 0.00000000
Neuron 1069 3 0.56250000 1 1.00000000 0.00000000 0.00000000 0.00000000
Neuron 1070 3 0.75000000 1 1.00000000 0.00000000 0.00000000 0.00000000
Neuron 1071 3 0.25000000 1 1.00000000 0.00000000 0.00000000 0.00000000
Neuron 1093 3 0.43750000 1 1.00000000 0.00000000 0.00000000 0.00000000
Neuron 1096 3 0.25000000 1 1.00000000 0.00000000 0.00000000 0.00000000
Neuron 1268 3 0.50000000 1 1.00000000 0.00000000 0.00000000 0.00000000
Neuron 1274 3 0.25000000 1 1.00000000 0.00000000 0.00000000 0.00000000
Neuron 1334 3 0.50000000 1 1.00000000 0.00000000 0.00000000 0.00000000
Neuron 1381 3 0.50000000 1 1.00000000 0.00000000 0.00000000 0.00000000
Neuron 1382 3 0.50000000 1 1.00000000 0.00000000 0.00000000 0.00000000
Neuron 1384 3 0.62500000 1 1.00000000 0.00000000 0.00000000 0.00000000
Link 1 10 1 0 -0.43586808
Link 2 10 2 0 2.62332279
Link 3 10 3 0 -1.03560476
Link 4 10 4 0 -4.92336825
Link 5 10 5 0 -2.81998419
Link 6 10 6 0 -0.71943736
Link 7 10 7 0 -1.54738582
Link 8 10 8 0 0.56864749
Link 9 10 9 0 -0.82654742
Link 1 11 10 0 -6.13785014
Link 2 11 11 0 -0.03087384
Link 3 11 12 0 1.83911428
Link 5 11 14 0 2.83674377
Link 6 11 15 0 -1.85086713
Link 8 11 17 0 2.51021817
Link 9 11 18 0 1.09047109
Link 1 12 19 0 -4.53289178
Link 6 12 24 0 -2.14951094
Link 7 12 25 0 3.01101163
Link 8 12 26 0 1.22680161
Link 9 12 27 0 1.60181234
Link 3 13 30 0 0.20523235
Link 4 13 31 0 0.10265146
Link 5 13 32 0 2.73419031
Link 7 13 34 0 0.38244364
Link 8 13 35 0 1.17947393
Link 9 13 36 0 -0.39313200
Link 2 14 38 0 -4.64644527
Link 4 14 40 0 0.50465917
Link 5 14 41 0 1.37703485
Link 9 14 45 0 -0.81044253
Link 1 15 46 0 -5.02783720
Link 2 15 47 0 0.76801505
Link 3 15 48 0 2.46858510
Link 6 15 51 0 -0.74380634
Link 7 15 52 0 -0.91627719
Link 9 15 54 0 1.19812392
Link 1 16 55 0 -3.20348993
Link 2 16 56 0 0.89328910
Link 3 16 57 0 1.29475280
Link 4 16 58 0 0.57897944
Link 5 16 59 0 3.33964843
Link 7 16 61 0 -1.03514909
Link 8 16 62 0 1.08356385
Link 9 16 63 0 1.40796094
Link 18 16 69 0 2.86760071
Link 4 20 74 0 1.89497593
Link 20 12 75 0 -1.75161481
Link 5 21 77 0 1.73954920
Link 21 16 78 0 -0.90136812
Link 1 22 80 0 -0.78897698
Link 1 23 83 0 1.87201576
Link 23 10 84 0 1.57048681
Link 6 27 95 0 3.61832395
Link 27 14 96 0 -1.06189500
Link 1 30 104 0 0.35598416
Link 30 13 105 0 -1.61967043
Link 3 32 110 0 2.80492145
Link 34 14 118 0 -0.27146109
Link 2 38 130 0 0.63784480
Link 38 12 131 0 0.88203002
Link 41 15 141 0 0.04285204
Link 42 16 145 0 -0.71024224
Link 2 45 153 0 2.16615806
Link 49 12 168 0 3.62978374
Link 7 50 170 0 -0.08377142
Link 50 13 171 0 -0.12428232
Link 6 32 177 0 -0.54968239
Link 4 51 183 0 0.74814747
Link 51 15 184 0 -3.95354447
Link 6 52 186 0 -0.64422338
Link 52 13 187 0 0.98565769
Link 8 57 213 0 -0.57788688
Link 57 15 214 0 -0.42051087
Link 8 58 216 0 -0.25564477
Link 58 13 217 0 1.66481005
Link 4 60 226 0 1.74692210
Link 60 11 227 0 -2.68677638
Link 3 65 250 0 0.58962561
Link 65 16 251 0 -1.06535018
Link 71 11 299 0 -0.72663644
Link 9 23 300 0 3.53978047
Link 32 10 304 0 -1.24099878
Link 22 72 306 0 0.84663111
Link 2 74 318 0 3.13659128
Link 74 13 319 0 -0.99351098
Link 23 12 323 0 -0.12220772
Link 79 14 355 0 -1.35612249
Link 6 23 377 0 -0.29925907
Link 14 75 411 1 -2.52346982
Link 2 92 461 0 -0.60016435
Link 9 22 483 0 3.81228139
Link 2 97 486 0 -4.82719874
Link 12 12 499 1 0.36706587
Link 22 22 530 1 -0.29961636
Link 5 104 561 0 0.05630124
Link 7 75 585 0 -0.97096497
Link 34 16 590 0 -3.68647799
Link 62 111 601 0 0.42960645
Link 111 14 602 0 -2.85271422
Link 16 49 674 1 1.81179521
Link 4 41 731 0 -3.16737776
Link 97 123 743 0 0.57605187
Link 123 18 744 0 -1.30572355
Link 45 32 772 0 -3.52440266
Link 45 10 867 0 -0.31358817
Link 2 144 883 0 -0.87063873
Link 7 155 979 0 2.13553774
Link 155 34 980 0 -0.40939452
Link 8 52 1058 0 2.18966538
Link 28 167 1065 0 -4.65514947
Link 167 11 1066 0 -2.56497849
Link 7 170 1089 0 -0.90340840
Link 170 28 1090 0 -0.45453046
Link 181 16 1153 0 1.36115986
Link 24 16 1183 0 -1.63198453
Link 7 193 1248 0 2.24118795
Link 193 14 1249 0 -3.38531531
Link 24 24 1252 1 4.33069111
Link 97 194 1257 0 -2.02724635
Link 194 123 1258 0 -5.35060369
Link 5 62 1262 0 -0.34588291
Link 45 197 1283 0 2.24198442
Link 197 14 1284 0 3.65817783
Link 3 204 1327 0 1.58592903
Link 204 49 1328 0 0.60238208
Link 92 211 1385 0 -2.34121926
Link 211 75 1386 0 1.10452112
Link 75 213 1392 0 0.71760757
Link 213 10 1393 0 -1.10955541
Link 224 23 1448 0 3.94264883
Link 155 155 1471 1 -0.75910207
Link 4 28 1485 0 -0.29696950
Link 9 62 1561 0 0.53641548
Link 24 250 1631 0 1.61350635
Link 250 79 1632 0 -1.42082287
Link 251 11 1641 0 -1.26132000
Link 253 11 1662 0 -0.84444186
Link 60 45 1678 0 1.73082992
Link 6 259 1726 0 1.10473754
Link 259 224 1727 0 -2.23315220
Link 1 268 1780 0 0.67878296
Link 268 14 1781 0 0.71693963
Link 7 272 1794 0 0.08785416
Link 272 71 1795 0 -0.31419425
Link 4 280 1837 0 -1.19387577
Link 3 287 1877 0 -0.50890527
Link 287 12 1878 0 -1.57491168
Link 8 305 1986 0 -1.83874503
Link 305 62 1987 0 1.51642417
Link 312 42 2032 0 -1.45942413
Link 2 323 2119 0 -2.23783550
Link 323 92 2120 0 -0.03189892
Link 155 330 2151 0 -1.58140353
Link 330 34 2152 0 -1.18028084
Link 2 331 2161 0 1.11339695
Link 331 13 2162 0 1.36949481
Link 50 23 2181 0 0.43293194
Link 49 75 2215 0 1.40540548
Link 268 23 2275 0 -1.69666189
Link 13 49 2329 1 -1.63201363
Link 72 364 2389 0 1.29169971
Link 364 14 2390 0 -1.09180098
Link 144 369 2419 0 0.57136480
Link 369 41 2420 0 0.98952556
Link 287 376 2461 0 1.02323727
Link 376 12 2462 0 -1.72365455
Link 60 383 2521 0 -1.00951538
Link 383 75 2522 0 1.88683567
Link 155 24 2525 0 -3.66311543
Link 7 52 2569 0 -4.46661776
Link 4 144 2710 0 0.36141313
Link 75 433 2861 0 0.73188694
Link 9 27 2900 0 0.89832864
Link 24 197 2932 0 -4.03483288
Link 18 450 2977 1 -1.54163721
Link 450 18 2978 1 1.55902291
Link 28 18 3010 0 -0.98594569
Link 170 457 3039 0 1.58954076
Link 457 28 3040 0 -2.62127207
Link 45 466 3099 0 -0.44827900
Link 466 197 3100 0 -0.09460481
Link 12 305 3101 1 0.57051243
Link 23 287 3180 0 -0.67136609
Link 27 27 3210 1 1.14394176
Link 49 144 3219 1 1.69364110
Link 45 71 3242 0 -2.07133279
Link 6 488 3275 0 0.60814396
Link 488 27 3276 0 2.02625707
Link 450 450 3414 1 1.83420572
Link 41 511 3449 0 0.82201458
Link 511 24 3450 0 -0.21688570
Link 280 515 3470 0 1.13695086
Link 51 42 3537 0 -0.59829408
Link 24 537 3633 0 -0.05679291
Link 537 32 3634 0 2.12605851
Link 287 75 3656 0 2.36354660
Link 75 92 3700 1 0.34679741
Link 62 552 3711 0 0.35620452
Link 552 14 3712 0 0.97304136
Link 369 49 3779 0 0.51580044
Link 32 253 3799 0 -1.71702708
Link 144 144 3836 1 -1.95625473
Link 3 450 3942 0 0.34760352
Link 27 16 3943 0 0.92931363
Link 97 579 3979 0 1.10148198
Link 580 24 3995 0 -1.74901279
Link 588 22 4046 1 -3.28897733
Link 580 23 4150 0 0.24278721
Link 123 14 4167 0 -1.84082617
Link 34 607 4212 0 1.83357539
Link 607 75 4213 0 -0.04106286
Link 155 287 4312 0 1.21852559
Link 635 580 4396 0 -1.08576418
Link 72 305 4397 1 1.21578697
Link 18 80 4501 1 -0.28843106
Link 24 650 4511 0 0.34269871
Link 650 14 4512 0 -1.34339564
Link 3 689 4809 0 0.28450614
Link 689 80 4810 0 -2.10978906
Link 253 690 4816 0 -0.06529209
Link 690 11 4817 0 -1.77269505
Link 18 305 4841 1 1.16714067
Link 697 75 4883 1 -1.51942139
Link 34 193 4898 0 -0.75231694
Link 376 45 5030 1 0.54003903
Link 32 719 5047 0 -1.71675119
Link 719 531 5048 0 -1.45000390
Link 531 723 5078 0 1.47117792
Link 723 28 5079 0 -0.46415037
Link 16 42 5139 1 -1.03143951
Link 457 52 5197 0 0.78784987
Link 738 450 5218 0 -0.14003973
Link 211 213 5280 0 -4.14781153
Link 450 22 5284 0 2.05345191
Link 6 756 5358 0 -0.97752377
Link 756 312 5359 0 -2.80652014
Link 80 758 5366 0 -0.05801270
Link 758 635 5367 0 -1.01785651
Link 42 764 5419 0 -2.58802865
Link 764 18 5420 0 0.53749237
Link 369 71 5443 0 -0.09999169
Link 75 771 5494 0 -0.73426572
Link 771 253 5495 0 1.34605438
Link 537 287 5558 0 -3.60135293
Link 62 531 5569 0 1.41543418
Link 9 123 5597 0 -0.04698997
Link 41 28 5777 0 0.85987040
Link 170 197 5810 0 -1.85408189
Link 3 466 5834 0 0.02297823
Link 60 823 5913 0 0.88808842
Link 823 251 5914 0 -2.61327489
Link 2 827 5947 0 0.55213506
Link 827 588 5948 0 0.21314969
Link 18 213 6013 0 0.87133712
Link 144 14 6076 0 0.30611258
Link 60 213 6121 0 -0.25007581
Link 23 580 6211 1 -0.51707913
Link 376 862 6241 1 2.00472733
Link 14 878 6357 1 1.12123767
Link 878 697 6358 1 -2.70223444
Link 2 885 6394 0 0.33555312
Link 885 23 6395 0 -0.09963416
Link 155 588 6396 0 0.52693702
Link 5 450 6479 0 -1.85463885
Link 45 771 6541 0 -0.55581691
Link 181 531 6678 1 -3.41368469
Link 75 925 6704 0 1.31501376
Link 925 771 6705 0 1.84777713
Link 75 450 6742 0 -1.02974769
Link 71 928 6746 0 0.64534484
Link 928 10 6747 0 1.32297607
Link 42 940 6863 0 0.99298735
Link 940 181 6864 0 1.95327025
Link 8 764 6905 0 -2.71413366
Link 123 181 6943 0 0.99938537
Link 60 224 6947 1 -1.04772127
Link 330 962 7070 0 -0.70082499
Link 962 52 7071 0 -0.33819708
Link 515 975 7206 0 0.65324448
Link 975 41 7207 0 0.92212663
Link 3 980 7269 0 0.34787368
Link 980 738 7270 0 4.37613171
Link 170 170 7366 1 1.55595644
Link 104 1001 7435 0 0.52934692
Link 1001 28 7436 0 -0.53657058
Link 253 376 7504 0 2.87671749
Link 52 79 7529 0 -1.62887153
Link 756 466 7616 0 -0.01543870
Link 1038 75 7740 0 0.33258500
Link 862 1069 8003 1 1.12145189
Link 1069 287 8004 1 -1.93717749
Link 28 1070 8006 0 0.64194289
Link 1070 11 8007 0 1.19274051
Link 6 1071 8010 0 3.41197776
Link 1071 42 8011 0 0.61251662
Link 579 1093 8164 0 1.79543065
Link 1093 23 8165 0 0.00984036
Link 5 1096 8181 0 2.02630438
Link 1096 28 8182 0 -3.72087526
Link 287 22 8218 0 -0.05426159
Link 27 383 8571 0 -0.86577834
Link 450 62 8640 0 -0.09802348
Link 52 466 8656 0 -0.72362587
Link 330 376 8709 0 1.41059837
Link 27 197 8766 0 3.03222773
Link 537 65 8795 0 0.24314029
Link 194 193 9084 0 -1.04677032
Link 72 635 9214 1 0.40690560
Link 433 1268 9678 0 1.16400010
Link 1268 28 9679 0 -0.24203569
Link 975 155 9703 1 -3.09793175
Link 2 1274 9716 0 0.14469344
Link 1274 28 9717 0 -3.16625962
Link 193 30 9784 0 -4.32521071
Link 74 975 9908 1 1.30359561
Link 330 18 10068 0 -0.33714876
Link 22 1334 10221 1 0.93931005
Link 1334 811 10222 1 0.94829097
Link 32 74 10453 0 0.32220933
Link 323 170 10476 0 -2.02367305
Link 80 50 10556 0 0.37588035
Link 811 1381 10628 1 0.85951876
Link 1381 588 10629 1 -0.93468954
Link 60 1382 10632 0 1.23873420
Link 1382 1038 10633 0 0.33297877
Link 213 1384 10658 1 0.92649752
Link 1384 723 10659 1 0.24401427
GenomeEnd

