GenomeStart 58036
Neuron 1 1 0.00000000 1 0.00000000 0.00000000 0.00000000 0.00000000
Neuron 2 1 0.00000000 1 0.00000000 0.00000000 0.00000000 0.00000000
Neuron 3 1 0.00000000 1 0.00000000 0.00000000 0.00000000 0.00000000
Neuron 4 1 0.00000000 1 0.00000000 0.00000000 0.00000000 0.00000000
Neuron 5 1 0.00000000 1 0.00000000 0.00000000 0.00000000 0.00000000
Neuron 6 1 0.00000000 1 0.00000000 0.00000000 0.00000000 0.00000000
Neuron 7 1 0.00000000 1 0.00000000 0.00000000 0.00000000 0.00000000
Neuron 8 1 0.00000000 1 0.00000000 0.00000000 0.00000000 0.00000000
Neuron 9 2 0.00000000 1 0.00000000 0.00000000 0.00000000 0.00000000
Neuron 10 4 1.00000000 0 1.00000000 0.00000000 0.00000000 0.00000000
Neuron 11 4 1.00000000 0 1.00000000 0.00000000 0.00000000 0.00000000
Neuron 12 4 1.00000000 0 1.00000000 0.00000000 0.00000000 0.00000000
Neuron 13 4 1.00000000 0 1.00000000 0.00000000 0.00000000 0.00000000
Neuron 14 4 1.00000000 0 1.00000000 0.00000000 0.00000000 0.00000000
Neuron 15 4 1.00000000 0 1.00000000 0.00000000 0.00000000 0.00000000
Neuron 16 4 1.00000000 0 1.00000000 0.00000000 0.00000000 0.00000000
Neuron 18 3 0.50000000 1 1.00000000 0.00000000 0.00000000 0.00000000
Neuron 20 3 0.50000000 1 1.00000000 0.00000000 0.00000000 0.00000000
Neuron 21 3 0.50000000 1 1.00000000 0.00000000 0.00000000 0.00000000
Neuron 22 3 0.50000000 1 1.00000000 0.00000000 0.00000000 0.00000000
Neuron 23 3 0.50000000 1 1.00000000 0.00000000 0.00000000 0.00000000
Neuron 24 3 0.50000000 1 1.00000000 0.00000000 0.00000000 0.00000000
Neuron 27 3 0.50000000 1 1.00000000 0.00000000 0.00000000 0.00000000
Neuron 28 3 0.50000000 1 1.00000000 0.00000000 0.00000000 0.00000000
Neuron 30 3 0.50000000 1 1.00000000 0.00000000 0.00000000 0.00000000
Neuron 32 3 0.50000000 1 1.00000000 0.00000000 0.00000000 0.00000000
Neuron 34 3 0.50000000 1 1.00000000 0.00000000 0.00000000 0.00000000
Neuron 41 3 0.50000000 1 1.00000000 0.00000000 0.00000000 0.00000000
Neuron 42 3 0.50000000 1 1.00000000 0.00000000 0.00000000 0.00000000
Neuron 45 3 0.50000000 1 1.00000000 0.00000000 0.00000000 0.00000000
Neuron 49 3 0.50000000 1 1.00000000 0.00000000 0.00000000 0.00000000
Neuron 50 3 0.50000000 1 1.00000000 0.00000000 0.00000000 0.00000000
Neuron 51 3 0.50000000 1 1.00000000 0.00000000 0.00000000 0.00000000
Neuron 52 3 0.50000000 1 1.00000000 0.00000000 0.00000000 0.00000000
Neuron 57 3 0.50000000 1 1.00000000 0.00000000 0.00000000 0.00000000
Neuron 58 3 0.50000000 1 1.00000000 0.00000000 0.00000000 0.00000000
Neuron 60 3 0.50000000 1 1.00000000 0.00000000 0.00000000 0.00000000
Neuron 62 3 0.50000000 1 1.00000000 0.00000000 0.00000000 0.00000000
Neuron 65 3 0.50000000 1 1.00000000 0.00000000 0.00000000 0.00000000
Neuron 71 3 0.50000000 1 1.00000000 0.00000000 0.00000000 0.00000000
Neuron 72 3 0.75000000 1 1.00000000 0.00000000 0.00000000 0.00000000
Neuron 74 3 0.50000000 1 1.00000000 0.00000000 0.00000000 0.00000000
Neuron 75 3 0.50000000 1 1.00000000 0.00000000 0.00000000 0.00000000
Neuron 79 3 0.75000000 1 1.00000000 0.00000000 0.00000000 0.00000000
Neuron 80 3 0.25000000 1 1.00000000 0.00000000 0.00000000 0.00000000
Neuron 92 3 0.25000000 1 1.00000000 0.00000000 0.00000000 0.00000000
Neuron 97 3 0.25000000 1 1.00000000 0.00000000 0.00000000 0.00000000
Neuron 104 3 0.25000000 1 1.00000000 0.00000000 0.00000000 0.00000000
Neuron 111 3 0.75000000 1 1.00000000 0.00000000 0.00000000 0.00000000
Neuron 123 3 0.37500000 1 1.00000000 0.00000000 0.00000000 0.00000000
Neuron 144 3 0.25000000 1 1.00000000 0.00000000 0.00000000 0.00000000
Neuron 155 3 0.25000000 1 1.00000000 0.00000000 0.00000000 0.00000000
Neuron 167 3 0.75000000 1 1.00000000 0.00000000 0.00000000 0.00000000
Neuron 170 3 0.25000000 1 1.00000000 0.00000000 0.00000000 0.00000000
Neuron 181 3 0.75000000 1 1.00000000 0.00000000 0.00000000 0.00000000
Neuron 193 3 0.50000000 1 1.00000000 0.00000000 0.00000000 0.00000000
Neuron 194 3 0.31250000 1 1.00000000 0.00000000 0.00000000 0.00000000
Neuron 197 3 0.75000000 1 1.00000000 0.00000000 0.00000000 0.00000000
Neuron 204 3 0.25000000 1 1.00000000 0.00000000 0.00000000 0.00000000
Neuron 211 3 0.37500000 1 1.00000000 0.00000000 0.00000000 0.00000000
Neuron 213 3 0.75000000 1 1.00000000 0.00000000 0.00000000 0.00000000
Neuron 224 3 0.25000000 1 1.00000000 0.00000000 0.00000000 0.00000000
Neuron 250 3 0.62500000 1 1.00000000 0.00000000 0.00000000 0.00000000
Neuron 251 3 0.75000000 1 1.00000000 0.00000000 0.00000000 0.00000000
Neuron 253 3 0.75000000 1 1.00000000 0.00000000 0.00000000 0.00000000
Neuron 259 3 0.12500000 1 1.00000000 0.00000000 0.00000000 0.00000000
Neuron 268 3 0.50000000 1 1.00000000 0.00000000 0.00000000 0.00000000
Neuron 272 3 0.25000000 1 1.00000000 0.00000000 0.00000000 0.00000000
Neuron 280 3 0.25000000 1 1.00000000 0.00000000 0.00000000 0.00000000
Neuron 287 3 0.50000000 1 1.00000000 0.00000000 0.00000000 0.00000000
Neuron 305 3 0.25000000 1 1.00000000 0.00000000 0.00000000 0.00000000
Neuron 312 3 0.25000000 1 1.00000000 0.00000000 0.00000000 0.00000000
Neuron 323 3 0.12500000 1 1.00000000 0.00000000 0.00000000 0.00000000
Neuron 330 3 0.37500000 1 1.00000000 0.00000000 0.00000000 0.00000000
Neuron 364 3 0.87500000 1 1.00000000 0.00000000 0.00000000 0.00000000
Neuron 369 3 0.37500000 1 1.00000000 0.00000000 0.00000000 0.00000000
Neuron 376 3 0.75000000 1 1.00000000 0.00000000 0.00000000 0.00000000
Neuron 383 3 0.50000000 1 1.00000000 0.00000000 0.00000000 0.00000000
Neuron 433 3 0.50000000 1 1.00000000 0.00000000 0.00000000 0.00000000
Neuron 450 3 0.50000000 1 1.00000000 0.00000000 0.00000000 0.00000000
Neuron 457 3 0.37500000 1 1.00000000 0.00000000 0.00000000 0.00000000
Neuron 466 3 0.62500000 1 1.00000000 0.00000000 0.00000000 0.00000000
Neuron 488 3 0.25000000 1 1.00000000 0.00000000 0.00000000 0.00000000
Neuron 511 3 0.50000000 1 1.00000000 0.00000000 0.00000000 0.00000000
Neuron 515 3 0.37500000 1 1.00000000 0.00000000 0.00000000 0.00000000
Neuron 531 3 0.50000000 1 1.00000000 0.00000000 0.00000000 0.00000000
Neuron 537 3 0.50000000 1 1.00000000 0.00000000 0.00000000 0.00000000
Neuron 552 3 0.75000000 1 1.00000000 0.00000000 0.00000000 0.00000000
Neuron 579 3 0.37500000 1 1.00000000 0.00000000 0.00000000 0.00000000
Neuron 580 3 0.37500000 1 1.00000000 0.00000000 0.00000000 0.00000000
Neuron 588 3 0.50000000 1 1.00000000 0.00000000 0.00000000 0.00000000
Neuron 607 3 0.50000000 1 1.00000000 0.00000000 0.00000000 0.00000000
Neuron 635 3 0.31250000 1 1.00000000 0.00000000 0.00000000 0.00000000
Neuron 650 3 0.75000000 1 1.00000000 0.00000000 0.00000000 0.00000000
Neuron 689 3 0.12500000 1 1.00000000 0.00000000 0.00000000 0.00000000
Neuron 690 3 0.87500000 1 1.00000000 0.00000000 0.00000000 0.00000000
Neuron 697 3 0.75000000 1 1.00000000 0.00000000 0.00000000 0.00000000
Neuron 719 3 0.50000000 1 1.00000000 0.00000000 0.00000000 0.00000000
Neuron 723 3 0.50000000 1 1.00000000 0.00000000 0.00000000 0.00000000
Neuron 738 3 0.25000000 1 1.00000000 0.00000000 0.00000000 0.00000000
Neuron 756 3 0.12500000 1 1.00000000 0.00000000 0.00000000 0.00000000
Neuron 758 3 0.28125000 1 1.00000000 0.00000000 0.00000000 0.00000000
Neuron 764 3 0.50000000 1 1.00000000 0.00000000 0.00000000 0.00000000
Neuron 771 3 0.62500000 1 1.00000000 0.00000000 0.00000000 0.00000000
Neuron 811 3 0.50000000 1 1.00000000 0.00000000 0.00000000 0.00000000
Neuron 827 3 0.25000000 1 1.00000000 0.00000000 0.00000000 0.00000000
Neuron 862 3 0.62500000 1 1.00000000 0.00000000 0.00000000 0.00000000
Neuron 878 3 0.87500000 1 1.00000000 0.00000000 0.00000000 0.00000000
Neuron 885 3 0.25000000 1 1.00000000 0.00000000 0.00000000 0.00000000
Neuron 925 3 0.56250000 1 1.00000000 0.00000000 0.00000000 0.00000000
Neuron 928 3 0.75000000 1 1.00000000 0.00000000 0.00000000 0.00000000
Neuron 940 3 0.62500000 1 1.00000000 0.00000000 0.00000000 0.00000000
Neuron 962 3 0.43750000 1 1.00000000 0.00000000 0.00000000 0.00000000
Neuron 975 3 0.43750000 1 1.00000000 0.00000000 0.00000000 0.00000000
Neuron 980 3 0.12500000 1 1.00000000 0.00000000 0.00000000 0.00000000
Neuron 1001 3 0.37500000 1 1.00000000 0.00000000 0.00000000 0.00000000
Neuron 1038 3 0.50000000 1 1.00000000 0.00000000 0.00000000 0.00000000
Neuron 1070 3 0.75000000 1 1.00000000 0.00000000 0.00000000 0.00000000
Neuron 1071 3 0.25000000 1 1.00000000 0.00000000 0.00000000 0.00000000
Neuron 1093 3 0.43750000 1 1.00000000 0.00000000 0.00000000 0.00000000
Neuron 1096 3 0.25000000 1 1.00000000 0.00000000 0.00000000 0.00000000
Neuron 1268 3 0.50000000 1 1.00000000 0.00000000 0.00000000 0.00000000
Neuron 1274 3 0.25000000 1 1.00000000 0.00000000 0.00000000 0.00000000
Neuron 1304 3 0.68750000 1 1.00000000 0.00000000 0.00000000 0.00000000
Link 1 10 1 0 -0.38600367
Link 2 10 2 0 2.01556857
Link 3 10 3 0 -0.05433417
Link 4 10 4 0 -4.50011554
Link 5 10 5 0 -3.41305440
Link 6 10 6 0 -0.78801079
Link 7 10 7 0 -1.33264455
Link 8 10 8 0 0.65491923
Link 9 10 9 0 -0.75758446
Link 1 11 10 0 -5.59146393
Link 2 11 11 0 -0.31064269
Link 3 11 12 0 2.13186101
Link 5 11 14 0 2.20893742
Link 6 11 15 0 -1.00572185
Link 8 11 17 0 1.43685519
Link 9 11 18 0 1.83672632
Link 1 12 19 0 -4.31799287
Link 2 12 20 0 1.33200016
Link 6 12 24 0 -2.51703069
Link 7 12 25 0 3.79940767
Link 8 12 26 0 1.36982942
Link 9 12 27 0 1.17248147
Link 2 13 29 0 1.16576401
Link 3 13 30 0 -0.35738332
Link 4 13 31 0 -0.75473888
Link 5 13 32 0 1.88912088
Link 7 13 34 0 0.31309574
Link 8 13 35 0 2.19655529
Link 9 13 36 0 -0.70064997
Link 2 14 38 0 -3.48874663
Link 4 14 40 0 0.49243086
Link 5 14 41 0 2.18583833
Link 9 14 45 0 -1.17832049
Link 1 15 46 0 -5.79547608
Link 2 15 47 0 0.23185432
Link 3 15 48 0 1.86696956
Link 6 15 51 0 -1.07504703
Link 7 15 52 0 -0.76895730
Link 9 15 54 0 2.23115563
Link 1 16 55 0 -2.93280589
Link 2 16 56 0 0.45877212
Link 3 16 57 0 0.65723917
Link 4 16 58 0 0.11998266
Link 5 16 59 0 3.26675167
Link 7 16 61 0 -0.69342545
Link 8 16 62 0 0.83843776
Link 9 16 63 0 0.27472002
Link 18 16 69 0 3.75595276
Link 4 20 74 0 1.40148171
Link 20 12 75 0 -1.87193367
Link 5 21 77 0 1.49064087
Link 21 16 78 0 -0.63890341
Link 1 22 80 0 -0.86764450
Link 1 23 83 0 0.89521074
Link 23 10 84 0 0.85884217
Link 6 27 95 0 3.38555768
Link 27 14 96 0 -1.30385338
Link 1 30 104 0 0.74067286
Link 30 13 105 0 -0.85566835
Link 3 32 110 0 1.96143074
Link 34 14 118 0 -0.25409183
Link 41 15 141 0 -0.07561849
Link 42 16 145 0 -0.86045019
Link 2 45 153 0 2.39922283
Link 49 12 168 0 3.39170918
Link 7 50 170 0 -0.34554442
Link 50 13 171 0 0.00636998
Link 6 32 177 0 -0.98605965
Link 4 51 183 0 0.24567078
Link 51 15 184 0 -3.96377332
Link 6 52 186 0 -1.73875366
Link 52 13 187 0 0.66201996
Link 8 57 213 0 -0.20290208
Link 57 15 214 0 0.23514290
Link 8 58 216 0 -0.95750258
Link 58 13 217 0 1.34788939
Link 4 60 226 0 1.72947044
Link 60 11 227 0 -2.43978971
Link 3 65 250 0 0.17190906
Link 65 16 251 0 -1.03201190
Link 71 11 299 0 -0.72444991
Link 9 23 300 0 4.55249890
Link 32 10 304 0 -1.07858107
Link 22 72 306 0 1.03646849
Link 2 74 318 0 3.29879734
Link 74 13 319 0 -0.91763494
Link 23 12 323 0 0.31739663
Link 79 14 355 0 -1.29251657
Link 6 23 377 0 -0.80859680
Link 14 75 411 1 -2.78893903
Link 2 92 461 0 -0.66996585
Link 9 22 483 0 3.22462487
Link 2 97 486 0 -4.85121128
Link 12 12 499 1 0.67448356
Link 22 22 530 1 -0.75166925
Link 5 104 561 0 0.99709925
Link 7 75 585 0 0.59030647
Link 34 16 590 0 -3.82145633
Link 62 111 601 0 -0.50415169
Link 111 14 602 0 -2.03481713
Link 16 49 674 1 2.03130893
Link 4 41 731 0 -2.87102710
Link 97 123 743 0 0.54915799
Link 123 18 744 0 -0.70811053
Link 45 32 772 0 -3.48427797
Link 45 10 867 0 0.36089148
Link 2 144 883 0 -0.54806590
Link 7 155 979 0 1.77639222
Link 155 34 980 0 -0.51552989
Link 8 52 1058 0 1.65503598
Link 28 167 1065 0 -4.28849671
Link 167 11 1066 0 -2.71497112
Link 7 170 1089 0 -0.47824782
Link 170 28 1090 0 -0.82845926
Link 181 16 1153 0 1.35415174
Link 24 16 1183 0 -1.92354788
Link 7 193 1248 0 1.83123824
Link 193 14 1249 0 -4.19660191
Link 24 24 1252 1 3.62909113
Link 97 194 1257 0 -2.05513205
Link 194 123 1258 0 -4.83385987
Link 5 62 1262 0 0.04824861
Link 45 197 1283 0 2.34821082
Link 197 14 1284 0 3.00320390
Link 3 204 1327 0 2.13313201
Link 204 49 1328 0 0.70831658
Link 92 211 1385 0 -2.41948662
Link 211 75 1386 0 0.54743996
Link 75 213 1392 0 1.03169038
Link 213 10 1393 0 -2.02885469
Link 224 23 1448 0 3.65688821
Link 155 155 1471 1 0.29819364
Link 4 28 1485 0 -0.43056186
Link 9 62 1561 0 0.41494924
Link 24 250 1631 0 0.80054537
Link 60 251 1640 0 -2.34992605
Link 251 11 1641 0 -0.42558332
Link 253 11 1662 0 -1.19132867
Link 60 45 1678 0 0.88289361
Link 6 259 1726 0 2.03576361
Link 259 224 1727 0 -1.99746734
Link 1 268 1780 0 0.00030939
Link 268 14 1781 0 1.08562391
Link 7 272 1794 0 -0.21293108
Link 272 71 1795 0 -0.19790937
Link 4 280 1837 0 -0.99989309
Link 3 287 1877 0 0.10532873
Link 287 12 1878 0 -2.05272583
Link 8 305 1986 0 -2.53219070
Link 305 62 1987 0 1.14058367
Link 312 42 2032 0 -1.90734538
Link 2 323 2119 0 -2.09841058
Link 323 92 2120 0 -0.30388343
Link 155 330 2151 0 -2.75405569
Link 330 34 2152 0 -1.05253642
Link 50 23 2181 0 -0.17761759
Link 49 75 2215 0 1.91497374
Link 268 23 2275 0 -2.54959999
Link 13 49 2329 1 -1.62907214
Link 72 364 2389 0 0.95015153
Link 364 14 2390 0 -0.91711204
Link 144 369 2419 0 0.60334336
Link 369 41 2420 0 2.06107694
Link 287 376 2461 0 1.06234935
Link 376 12 2462 0 -0.47535224
Link 60 383 2521 0 -1.37074759
Link 383 75 2522 0 1.22358168
Link 155 24 2525 0 -4.34385668
Link 7 52 2569 0 -4.65698501
Link 4 144 2710 0 1.29920235
Link 75 433 2861 0 1.29808689
Link 9 27 2900 0 1.02681773
Link 18 450 2977 1 -1.46571770
Link 450 18 2978 1 1.83282519
Link 28 18 3010 0 -0.84458753
Link 170 457 3039 0 1.72425903
Link 457 28 3040 0 -2.31609351
Link 45 466 3099 0 0.20056873
Link 466 197 3100 0 0.28012383
Link 12 305 3101 1 0.25269794
Link 23 287 3180 0 -0.80806223
Link 27 27 3210 1 1.60937351
Link 49 144 3219 1 2.55024607
Link 45 71 3242 0 -1.51203857
Link 6 488 3275 0 0.84703266
Link 488 27 3276 0 2.67128788
Link 450 450 3414 1 1.61384592
Link 41 511 3449 0 1.00000000
Link 511 24 3450 0 -0.35896611
Link 280 515 3470 0 1.60065911
Link 51 42 3537 0 -0.43380326
Link 24 537 3633 0 -0.17571474
Link 537 32 3634 0 2.00030311
Link 287 75 3656 0 1.37605713
Link 75 92 3700 1 0.92384120
Link 62 552 3711 0 1.74726657
Link 552 14 3712 0 1.41491649
Link 369 49 3779 0 0.78882807
Link 32 253 3799 0 -2.40575607
Link 144 144 3836 1 -2.28773617
Link 3 450 3942 0 -0.06717193
Link 97 579 3979 0 1.04947358
Link 580 24 3995 0 -2.16474832
Link 588 22 4046 1 -2.15464067
Link 580 23 4150 0 0.81361155
Link 123 14 4167 0 -1.81010569
Link 34 607 4212 0 1.52885497
Link 607 75 4213 0 0.33427834
Link 155 287 4312 0 0.84014145
Link 635 580 4396 0 -0.74306329
Link 72 305 4397 1 0.80827052
Link 18 80 4501 1 -0.54962312
Link 24 650 4511 0 0.70846357
Link 650 14 4512 0 -1.33552306
Link 3 689 4809 0 0.37184248
Link 689 80 4810 0 -1.92208445
Link 253 690 4816 0 0.26173310
Link 690 11 4817 0 -2.26122076
Link 18 305 4841 1 0.91129098
Link 697 75 4883 1 -1.59558953
Link 34 193 4898 0 0.63715277
Link 376 45 5030 1 0.73067582
Link 32 719 5047 0 -1.56908294
Link 719 531 5048 0 -1.43153189
Link 531 723 5078 0 0.53635115
Link 723 28 5079 0 -0.49503919
Link 16 42 5139 1 -0.59895638
Link 457 52 5197 0 0.24022514
Link 738 450 5218 0 -0.62267478
Link 211 213 5280 0 -3.88646354
Link 450 22 5284 0 3.08460792
Link 6 756 5358 0 -1.06676254
Link 756 312 5359 0 -1.31588917
Link 80 758 5366 0 1.58033448
Link 758 635 5367 0 -0.51538582
Link 42 764 5419 0 -2.57139712
Link 764 18 5420 0 0.44765423
Link 369 71 5443 0 -0.12400510
Link 75 771 5494 0 -0.89690911
Link 771 253 5495 0 2.39411796
Link 537 287 5558 0 -3.60963536
Link 62 531 5569 0 1.34542757
Link 9 123 5597 0 0.95048552
Link 41 28 5777 0 0.52086963
Link 170 197 5810 0 -2.19742267
Link 3 466 5834 0 0.48389036
Link 22 811 5838 1 0.92165923
Link 811 588 5839 1 -1.39095370
Link 2 827 5947 0 -0.17847704
Link 827 588 5948 0 0.11366254
Link 18 213 6013 0 -0.00010455
Link 144 14 6076 0 -0.21424733
Link 60 213 6121 0 -0.28049011
Link 23 580 6211 1 -0.04903551
Link 376 862 6241 1 1.62448153
Link 862 287 6242 1 -3.06582857
Link 14 878 6357 1 0.71367464
Link 878 697 6358 1 -1.86283987
Link 2 885 6394 0 0.50100505
Link 885 23 6395 0 -0.29520607
Link 155 588 6396 0 1.09239305
Link 5 450 6479 0 -1.73155964
Link 45 771 6541 0 -1.03407870
Link 181 531 6678 1 -3.23968849
Link 75 925 6704 0 1.54693223
Link 925 771 6705 0 1.61807290
Link 75 450 6742 0 -0.54924873
Link 71 928 6746 0 0.31823619
Link 928 10 6747 0 1.19201207
Link 42 940 6863 0 0.26362721
Link 940 181 6864 0 1.10741016
Link 8 764 6905 0 -2.12811980
Link 123 181 6943 0 1.33151674
Link 60 224 6947 1 -1.26183894
Link 330 962 7070 0 -0.99264463
Link 962 52 7071 0 0.05594703
Link 515 975 7206 0 0.56559120
Link 975 41 7207 0 0.63059472
Link 3 980 7269 0 0.01623675
Link 980 738 7270 0 3.11312728
Link 104 1001 7435 0 0.93650154
Link 1001 28 7436 0 -0.40657431
Link 253 376 7504 0 1.80693619
Link 52 79 7529 0 -1.64615640
Link 756 466 7616 0 -0.52737615
Link 60 1038 7739 0 0.75024253
Link 1038 75 7740 0 -0.07811269
Link 28 1070 8006 0 0.48969820
Link 1070 11 8007 0 2.05858045
Link 6 1071 8010 0 1.58677132
Link 1071 42 8011 0 0.53021187
Link 579 1093 8164 0 1.00000000
Link 1093 23 8165 0 -0.44714699
Link 5 1096 8181 0 1.92110684
Link 1096 28 8182 0 -4.23346367
Link 287 22 8218 0 -0.93504752
Link 27 383 8571 0 -0.89344039
Link 450 62 8640 0 -0.16440241
Link 330 376 8709 0 2.42326781
Link 27 197 8766 0 2.23879686
Link 537 65 8795 0 0.13467997
Link 194 193 9084 0 -1.25033842
Link 72 635 9214 1 0.83446185
Link 433 1268 9678 0 0.88734094
Link 1268 28 9679 0 -0.83994739
Link 975 155 9703 1 -3.14793136
Link 2 1274 9716 0 0.56933193
Link 1274 28 9717 0 -3.28183381
Link 193 30 9784 0 -4.21068669
Link 74 975 9908 1 1.43402823
Link 250 1304 9997 0 1.00000000
Link 1304 79 9998 0 -1.69986523
GenomeEnd

