GenomeStart 118382
Neuron 1 1 0.00000000 1 0.00000000 0.00000000 0.00000000 0.00000000
Neuron 2 1 0.00000000 1 0.00000000 0.00000000 0.00000000 0.00000000
Neuron 3 1 0.00000000 1 0.00000000 0.00000000 0.00000000 0.00000000
Neuron 4 1 0.00000000 1 0.00000000 0.00000000 0.00000000 0.00000000
Neuron 5 1 0.00000000 1 0.00000000 0.00000000 0.00000000 0.00000000
Neuron 6 1 0.00000000 1 0.00000000 0.00000000 0.00000000 0.00000000
Neuron 7 1 0.00000000 1 0.00000000 0.00000000 0.00000000 0.00000000
Neuron 8 1 0.00000000 1 0.00000000 0.00000000 0.00000000 0.00000000
Neuron 9 2 0.00000000 1 0.00000000 0.00000000 0.00000000 0.00000000
Neuron 10 4 1.00000000 0 1.00000000 0.00000000 0.00000000 0.00000000
Neuron 11 4 1.00000000 0 1.00000000 0.00000000 0.00000000 0.00000000
Neuron 12 4 1.00000000 0 1.00000000 0.00000000 0.00000000 0.00000000
Neuron 13 4 1.00000000 0 1.00000000 0.00000000 0.00000000 0.00000000
Neuron 14 4 1.00000000 0 1.00000000 0.00000000 0.00000000 0.00000000
Neuron 15 4 1.00000000 0 1.00000000 0.00000000 0.00000000 0.00000000
Neuron 16 4 1.00000000 0 1.00000000 0.00000000 0.00000000 0.00000000
Neuron 17 3 0.50000000 1 1.00000000 0.00000000 0.00000000 0.00000000
Neuron 18 3 0.50000000 1 1.00000000 0.00000000 0.00000000 0.00000000
Neuron 20 3 0.50000000 1 1.00000000 0.00000000 0.00000000 0.00000000
Neuron 21 3 0.50000000 1 1.00000000 0.00000000 0.00000000 0.00000000
Neuron 22 3 0.50000000 1 1.00000000 0.00000000 0.00000000 0.00000000
Neuron 23 3 0.50000000 1 1.00000000 0.00000000 0.00000000 0.00000000
Neuron 24 3 0.50000000 1 1.00000000 0.00000000 0.00000000 0.00000000
Neuron 27 3 0.50000000 1 1.00000000 0.00000000 0.00000000 0.00000000
Neuron 28 3 0.50000000 1 1.00000000 0.00000000 0.00000000 0.00000000
Neuron 30 3 0.50000000 1 1.00000000 0.00000000 0.00000000 0.00000000
Neuron 32 3 0.50000000 1 1.00000000 0.00000000 0.00000000 0.00000000
Neuron 33 3 0.50000000 1 1.00000000 0.00000000 0.00000000 0.00000000
Neuron 34 3 0.50000000 1 1.00000000 0.00000000 0.00000000 0.00000000
Neuron 38 3 0.50000000 1 1.00000000 0.00000000 0.00000000 0.00000000
Neuron 39 3 0.50000000 1 1.00000000 0.00000000 0.00000000 0.00000000
Neuron 41 3 0.50000000 1 1.00000000 0.00000000 0.00000000 0.00000000
Neuron 42 3 0.50000000 1 1.00000000 0.00000000 0.00000000 0.00000000
Neuron 45 3 0.50000000 1 1.00000000 0.00000000 0.00000000 0.00000000
Neuron 49 3 0.50000000 1 1.00000000 0.00000000 0.00000000 0.00000000
Neuron 50 3 0.50000000 1 1.00000000 0.00000000 0.00000000 0.00000000
Neuron 51 3 0.50000000 1 1.00000000 0.00000000 0.00000000 0.00000000
Neuron 52 3 0.50000000 1 1.00000000 0.00000000 0.00000000 0.00000000
Neuron 53 3 0.25000000 1 1.00000000 0.00000000 0.00000000 0.00000000
Neuron 57 3 0.50000000 1 1.00000000 0.00000000 0.00000000 0.00000000
Neuron 58 3 0.50000000 1 1.00000000 0.00000000 0.00000000 0.00000000
Neuron 60 3 0.50000000 1 1.00000000 0.00000000 0.00000000 0.00000000
Neuron 62 3 0.50000000 1 1.00000000 0.00000000 0.00000000 0.00000000
Neuron 65 3 0.50000000 1 1.00000000 0.00000000 0.00000000 0.00000000
Neuron 71 3 0.50000000 1 1.00000000 0.00000000 0.00000000 0.00000000
Neuron 72 3 0.75000000 1 1.00000000 0.00000000 0.00000000 0.00000000
Neuron 74 3 0.50000000 1 1.00000000 0.00000000 0.00000000 0.00000000
Neuron 75 3 0.50000000 1 1.00000000 0.00000000 0.00000000 0.00000000
Neuron 78 3 0.25000000 1 1.00000000 0.00000000 0.00000000 0.00000000
Neuron 79 3 0.75000000 1 1.00000000 0.00000000 0.00000000 0.00000000
Neuron 80 3 0.25000000 1 1.00000000 0.00000000 0.00000000 0.00000000
Neuron 92 3 0.25000000 1 1.00000000 0.00000000 0.00000000 0.00000000
Neuron 94 3 0.25000000 1 1.00000000 0.00000000 0.00000000 0.00000000
Neuron 97 3 0.25000000 1 1.00000000 0.00000000 0.00000000 0.00000000
Neuron 104 3 0.25000000 1 1.00000000 0.00000000 0.00000000 0.00000000
Neuron 111 3 0.75000000 1 1.00000000 0.00000000 0.00000000 0.00000000
Neuron 123 3 0.37500000 1 1.00000000 0.00000000 0.00000000 0.00000000
Neuron 136 3 0.75000000 1 1.00000000 0.00000000 0.00000000 0.00000000
Neuron 137 3 0.75000000 1 1.00000000 0.00000000 0.00000000 0.00000000
Neuron 144 3 0.25000000 1 1.00000000 0.00000000 0.00000000 0.00000000
Neuron 155 3 0.25000000 1 1.00000000 0.00000000 0.00000000 0.00000000
Neuron 167 3 0.75000000 1 1.00000000 0.00000000 0.00000000 0.00000000
Neuron 170 3 0.25000000 1 1.00000000 0.00000000 0.00000000 0.00000000
Neuron 181 3 0.75000000 1 1.00000000 0.00000000 0.00000000 0.00000000
Neuron 183 3 0.75000000 1 1.00000000 0.00000000 0.00000000 0.00000000
Neuron 185 3 0.62500000 1 1.00000000 0.00000000 0.00000000 0.00000000
Neuron 193 3 0.50000000 1 1.00000000 0.00000000 0.00000000 0.00000000
Neuron 194 3 0.31250000 1 1.00000000 0.00000000 0.00000000 0.00000000
Neuron 195 3 0.50000000 1 1.00000000 0.00000000 0.00000000 0.00000000
Neuron 197 3 0.75000000 1 1.00000000 0.00000000 0.00000000 0.00000000
Neuron 204 3 0.25000000 1 1.00000000 0.00000000 0.00000000 0.00000000
Neuron 211 3 0.37500000 1 1.00000000 0.00000000 0.00000000 0.00000000
Neuron 213 3 0.75000000 1 1.00000000 0.00000000 0.00000000 0.00000000
Neuron 224 3 0.25000000 1 1.00000000 0.00000000 0.00000000 0.00000000
Neuron 241 3 0.12500000 1 1.00000000 0.00000000 0.00000000 0.00000000
Neuron 247 3 0.87500000 1 1.00000000 0.00000000 0.00000000 0.00000000
Neuron 250 3 0.62500000 1 1.00000000 0.00000000 0.00000000 0.00000000
Neuron 251 3 0.75000000 1 1.00000000 0.00000000 0.00000000 0.00000000
Neuron 252 3 0.75000000 1 1.00000000 0.00000000 0.00000000 0.00000000
Neuron 253 3 0.75000000 1 1.00000000 0.00000000 0.00000000 0.00000000
Neuron 259 3 0.12500000 1 1.00000000 0.00000000 0.00000000 0.00000000
Neuron 268 3 0.50000000 1 1.00000000 0.00000000 0.00000000 0.00000000
Neuron 272 3 0.25000000 1 1.00000000 0.00000000 0.00000000 0.00000000
Neuron 280 3 0.25000000 1 1.00000000 0.00000000 0.00000000 0.00000000
Neuron 287 3 0.50000000 1 1.00000000 0.00000000 0.00000000 0.00000000
Neuron 305 3 0.25000000 1 1.00000000 0.00000000 0.00000000 0.00000000
Neuron 312 3 0.25000000 1 1.00000000 0.00000000 0.00000000 0.00000000
Neuron 323 3 0.12500000 1 1.00000000 0.00000000 0.00000000 0.00000000
Neuron 330 3 0.37500000 1 1.00000000 0.00000000 0.00000000 0.00000000
Neuron 331 3 0.50000000 1 1.00000000 0.00000000 0.00000000 0.00000000
Neuron 341 3 0.50000000 1 1.00000000 0.00000000 0.00000000 0.00000000
Neuron 344 3 0.75000000 1 1.00000000 0.00000000 0.00000000 0.00000000
Neuron 364 3 0.87500000 1 1.00000000 0.00000000 0.00000000 0.00000000
Neuron 368 3 0.50000000 1 1.00000000 0.00000000 0.00000000 0.00000000
Neuron 369 3 0.37500000 1 1.00000000 0.00000000 0.00000000 0.00000000
Neuron 373 3 0.25000000 1 1.00000000 0.00000000 0.00000000 0.00000000
Neuron 376 3 0.75000000 1 1.00000000 0.00000000 0.00000000 0.00000000
Neuron 383 3 0.50000000 1 1.00000000 0.00000000 0.00000000 0.00000000
Neuron 385 3 0.25000000 1 1.00000000 0.00000000 0.00000000 0.00000000
Neuron 433 3 0.50000000 1 1.00000000 0.00000000 0.00000000 0.00000000
Neuron 445 3 0.75000000 1 1.00000000 0.00000000 0.00000000 0.00000000
Neuron 450 3 0.50000000 1 1.00000000 0.00000000 0.00000000 0.00000000
Neuron 452 3 0.50000000 1 1.00000000 0.00000000 0.00000000 0.00000000
Neuron 457 3 0.37500000 1 1.00000000 0.00000000 0.00000000 0.00000000
Neuron 466 3 0.62500000 1 1.00000000 0.00000000 0.00000000 0.00000000
Neuron 488 3 0.25000000 1 1.00000000 0.00000000 0.00000000 0.00000000
Neuron 511 3 0.50000000 1 1.00000000 0.00000000 0.00000000 0.00000000
Neuron 515 3 0.37500000 1 1.00000000 0.00000000 0.00000000 0.00000000
Neuron 517 3 0.50000000 1 1.00000000 0.00000000 0.00000000 0.00000000
Neuron 531 3 0.50000000 1 1.00000000 0.00000000 0.00000000 0.00000000
Neuron 537 3 0.50000000 1 1.00000000 0.00000000 0.00000000 0.00000000
Neuron 552 3 0.75000000 1 1.00000000 0.00000000 0.00000000 0.00000000
Neuron 566 3 0.50000000 1 1.00000000 0.00000000 0.00000000 0.00000000
Neuron 576 3 0.87500000 1 1.00000000 0.00000000 0.00000000 0.00000000
Neuron 579 3 0.37500000 1 1.00000000 0.00000000 0.00000000 0.00000000
Neuron 580 3 0.37500000 1 1.00000000 0.00000000 0.00000000 0.00000000
Neuron 588 3 0.50000000 1 1.00000000 0.00000000 0.00000000 0.00000000
Neuron 607 3 0.50000000 1 1.00000000 0.00000000 0.00000000 0.00000000
Neuron 635 3 0.31250000 1 1.00000000 0.00000000 0.00000000 0.00000000
Neuron 647 3 0.50000000 1 1.00000000 0.00000000 0.00000000 0.00000000
Neuron 650 3 0.75000000 1 1.00000000 0.00000000 0.00000000 0.00000000
Neuron 679 3 0.62500000 1 1.00000000 0.00000000 0.00000000 0.00000000
Neuron 689 3 0.12500000 1 1.00000000 0.00000000 0.00000000 0.00000000
Neuron 690 3 0.87500000 1 1.00000000 0.00000000 0.00000000 0.00000000
Neuron 697 3 0.75000000 1 1.00000000 0.00000000 0.00000000 0.00000000
Neuron 719 3 0.50000000 1 1.00000000 0.00000000 0.00000000 0.00000000
Neuron 723 3 0.50000000 1 1.00000000 0.00000000 0.00000000 0.00000000
Neuron 733 3 0.12500000 1 1.00000000 0.00000000 0.00000000 0.00000000
Neuron 738 3 0.25000000 1 1.00000000 0.00000000 0.00000000 0.00000000
Neuron 746 3 0.34375000 1 1.00000000 0.00000000 0.00000000 0.00000000
Neuron 756 3 0.12500000 1 1.00000000 0.00000000 0.00000000 0.00000000
Neuron 758 3 0.28125000 1 1.00000000 0.00000000 0.00000000 0.00000000
Neuron 764 3 0.50000000 1 1.00000000 0.00000000 0.00000000 0.00000000
Neuron 771 3 0.62500000 1 1.00000000 0.00000000 0.00000000 0.00000000
Neuron 778 3 0.50000000 1 1.00000000 0.00000000 0.00000000 0.00000000
Neuron 796 3 0.50000000 1 1.00000000 0.00000000 0.00000000 0.00000000
Neuron 811 3 0.50000000 1 1.00000000 0.00000000 0.00000000 0.00000000
Neuron 823 3 0.62500000 1 1.00000000 0.00000000 0.00000000 0.00000000
Neuron 827 3 0.25000000 1 1.00000000 0.00000000 0.00000000 0.00000000
Neuron 840 3 0.75000000 1 1.00000000 0.00000000 0.00000000 0.00000000
Neuron 862 3 0.62500000 1 1.00000000 0.00000000 0.00000000 0.00000000
Neuron 863 3 0.43750000 1 1.00000000 0.00000000 0.00000000 0.00000000
Neuron 864 3 0.50000000 1 1.00000000 0.00000000 0.00000000 0.00000000
Neuron 874 3 0.50000000 1 1.00000000 0.00000000 0.00000000 0.00000000
Neuron 878 3 0.87500000 1 1.00000000 0.00000000 0.00000000 0.00000000
Neuron 884 3 0.18750000 1 1.00000000 0.00000000 0.00000000 0.00000000
Neuron 885 3 0.25000000 1 1.00000000 0.00000000 0.00000000 0.00000000
Neuron 898 3 0.06250000 1 1.00000000 0.00000000 0.00000000 0.00000000
Neuron 925 3 0.56250000 1 1.00000000 0.00000000 0.00000000 0.00000000
Neuron 928 3 0.75000000 1 1.00000000 0.00000000 0.00000000 0.00000000
Neuron 940 3 0.62500000 1 1.00000000 0.00000000 0.00000000 0.00000000
Neuron 946 3 0.93750000 1 1.00000000 0.00000000 0.00000000 0.00000000
Neuron 952 3 0.62500000 1 1.00000000 0.00000000 0.00000000 0.00000000
Neuron 958 3 0.62500000 1 1.00000000 0.00000000 0.00000000 0.00000000
Neuron 962 3 0.43750000 1 1.00000000 0.00000000 0.00000000 0.00000000
Neuron 963 3 0.06250000 1 1.00000000 0.00000000 0.00000000 0.00000000
Neuron 972 3 0.59375000 1 1.00000000 0.00000000 0.00000000 0.00000000
Neuron 974 3 0.68750000 1 1.00000000 0.00000000 0.00000000 0.00000000
Neuron 975 3 0.43750000 1 1.00000000 0.00000000 0.00000000 0.00000000
Neuron 978 3 0.40625000 1 1.00000000 0.00000000 0.00000000 0.00000000
Neuron 980 3 0.12500000 1 1.00000000 0.00000000 0.00000000 0.00000000
Neuron 981 3 0.43750000 1 1.00000000 0.00000000 0.00000000 0.00000000
Neuron 982 3 0.60937500 1 1.00000000 0.00000000 0.00000000 0.00000000
Neuron 986 3 0.50000000 1 1.00000000 0.00000000 0.00000000 0.00000000
Neuron 987 3 0.37500000 1 1.00000000 0.00000000 0.00000000 0.00000000
Neuron 1000 3 0.50000000 1 1.00000000 0.00000000 0.00000000 0.00000000
Neuron 1001 3 0.37500000 1 1.00000000 0.00000000 0.00000000 0.00000000
Neuron 1003 3 0.25000000 1 1.00000000 0.00000000 0.00000000 0.00000000
Neuron 1020 3 0.31250000 1 1.00000000 0.00000000 0.00000000 0.00000000
Neuron 1032 3 0.62500000 1 1.00000000 0.00000000 0.00000000 0.00000000
Neuron 1038 3 0.50000000 1 1.00000000 0.00000000 0.00000000 0.00000000
Neuron 1053 3 0.50000000 1 1.00000000 0.00000000 0.00000000 0.00000000
Neuron 1058 3 0.87500000 1 1.00000000 0.00000000 0.00000000 0.00000000
Neuron 1069 3 0.56250000 1 1.00000000 0.00000000 0.00000000 0.00000000
Neuron 1070 3 0.75000000 1 1.00000000 0.00000000 0.00000000 0.00000000
Neuron 1071 3 0.25000000 1 1.00000000 0.00000000 0.00000000 0.00000000
Neuron 1075 3 0.75000000 1 1.00000000 0.00000000 0.00000000 0.00000000
Neuron 1078 3 0.18750000 1 1.00000000 0.00000000 0.00000000 0.00000000
Neuron 1079 3 0.62500000 1 1.00000000 0.00000000 0.00000000 0.00000000
Neuron 1093 3 0.43750000 1 1.00000000 0.00000000 0.00000000 0.00000000
Neuron 1096 3 0.25000000 1 1.00000000 0.00000000 0.00000000 0.00000000
Neuron 1115 3 0.37500000 1 1.00000000 0.00000000 0.00000000 0.00000000
Neuron 1117 3 0.87500000 1 1.00000000 0.00000000 0.00000000 0.00000000
Neuron 1157 3 0.50000000 1 1.00000000 0.00000000 0.00000000 0.00000000
Neuron 1165 3 0.75000000 1 1.00000000 0.00000000 0.00000000 0.00000000
Neuron 1256 3 0.46875000 1 1.00000000 0.00000000 0.00000000 0.00000000
Neuron 1262 3 0.50000000 1 1.00000000 0.00000000 0.00000000 0.00000000
Neuron 1264 3 0.50000000 1 1.00000000 0.00000000 0.00000000 0.00000000
Neuron 1268 3 0.50000000 1 1.00000000 0.00000000 0.00000000 0.00000000
Neuron 1273 3 0.21875000 1 1.00000000 0.00000000 0.00000000 0.00000000
Neuron 1274 3 0.25000000 1 1.00000000 0.00000000 0.00000000 0.00000000
Neuron 1316 3 0.37500000 1 1.00000000 0.00000000 0.00000000 0.00000000
Neuron 1321 3 0.46875000 1 1.00000000 0.00000000 0.00000000 0.00000000
Neuron 1326 3 0.37500000 1 1.00000000 0.00000000 0.00000000 0.00000000
Neuron 1334 3 0.50000000 1 1.00000000 0.00000000 0.00000000 0.00000000
Neuron 1345 3 0.06250000 1 1.00000000 0.00000000 0.00000000 0.00000000
Neuron 1375 3 0.12500000 1 1.00000000 0.00000000 0.00000000 0.00000000
Neuron 1381 3 0.50000000 1 1.00000000 0.00000000 0.00000000 0.00000000
Neuron 1383 3 0.29687500 1 1.00000000 0.00000000 0.00000000 0.00000000
Neuron 1384 3 0.62500000 1 1.00000000 0.00000000 0.00000000 0.00000000
Neuron 1386 3 0.37500000 1 1.00000000 0.00000000 0.00000000 0.00000000
Neuron 1404 3 0.50000000 1 1.00000000 0.00000000 0.00000000 0.00000000
Neuron 1413 3 0.68750000 1 1.00000000 0.00000000 0.00000000 0.00000000
Neuron 1482 3 0.56250000 1 1.00000000 0.00000000 0.00000000 0.00000000
Neuron 1483 3 0.53125000 1 1.00000000 0.00000000 0.00000000 0.00000000
Neuron 1488 3 0.56250000 1 1.00000000 0.00000000 0.00000000 0.00000000
Neuron 1511 3 0.39062500 1 1.00000000 0.00000000 0.00000000 0.00000000
Neuron 1532 3 0.50000000 1 1.00000000 0.00000000 0.00000000 0.00000000
Neuron 1539 3 0.62500000 1 1.00000000 0.00000000 0.00000000 0.00000000
Neuron 1561 3 0.50000000 1 1.00000000 0.00000000 0.00000000 0.00000000
Neuron 1586 3 0.93750000 1 1.00000000 0.00000000 0.00000000 0.00000000
Neuron 1626 3 0.59375000 1 1.00000000 0.00000000 0.00000000 0.00000000
Neuron 1634 3 0.50000000 1 1.00000000 0.00000000 0.00000000 0.00000000
Neuron 1636 3 0.15625000 1 1.00000000 0.00000000 0.00000000 0.00000000
Neuron 1659 3 0.28125000 1 1.00000000 0.00000000 0.00000000 0.00000000
Neuron 1677 3 0.06250000 1 1.00000000 0.00000000 0.00000000 0.00000000
Neuron 1723 3 0.87500000 1 1.00000000 0.00000000 0.00000000 0.00000000
Neuron 1724 3 0.12500000 1 1.00000000 0.00000000 0.00000000 0.00000000
Neuron 1730 3 0.37500000 1 1.00000000 0.00000000 0.00000000 0.00000000
Neuron 1731 3 0.56250000 1 1.00000000 0.00000000 0.00000000 0.00000000
Neuron 1809 3 0.93750000 1 1.00000000 0.00000000 0.00000000 0.00000000
Neuron 1813 3 0.50000000 1 1.00000000 0.00000000 0.00000000 0.00000000
Neuron 1824 3 0.62500000 1 1.00000000 0.00000000 0.00000000 0.00000000
Neuron 1911 3 0.37500000 1 1.00000000 0.00000000 0.00000000 0.00000000
Neuron 1927 3 0.31250000 1 1.00000000 0.00000000 0.00000000 0.00000000
Neuron 2028 3 0.31250000 1 1.00000000 0.00000000 0.00000000 0.00000000
Neuron 2054 3 0.09375000 1 1.00000000 0.00000000 0.00000000 0.00000000
Neuron 2071 3 0.50000000 1 1.00000000 0.00000000 0.00000000 0.00000000
Neuron 2195 3 0.50000000 1 1.00000000 0.00000000 0.00000000 0.00000000
Neuron 2228 3 0.43750000 1 1.00000000 0.00000000 0.00000000 0.00000000
Neuron 2259 3 0.50000000 1 1.00000000 0.00000000 0.00000000 0.00000000
Neuron 2353 3 0.96875000 1 1.00000000 0.00000000 0.00000000 0.00000000
Link 1 10 1 0 -0.28449433
Link 2 10 2 0 0.94217890
Link 4 10 4 0 -4.25584943
Link 5 10 5 0 -3.02188973
Link 6 10 6 0 -1.17613405
Link 7 10 7 0 2.67214701
Link 8 10 8 0 1.23016745
Link 9 10 9 0 -0.85278037
Link 1 11 10 0 -6.69069667
Link 2 11 11 0 -0.50028198
Link 5 11 14 0 3.99961092
Link 6 11 15 0 0.24997471
Link 8 11 17 0 1.43614898
Link 9 11 18 0 1.04611464
Link 1 12 19 0 -3.74108629
Link 7 12 25 0 4.56366262
Link 8 12 26 0 -0.79743796
Link 9 12 27 0 2.59008201
Link 3 13 30 0 1.14984526
Link 4 13 31 0 -0.93668082
Link 5 13 32 0 4.69187812
Link 7 13 34 0 2.27312991
Link 8 13 35 0 0.49130163
Link 9 13 36 0 -1.38834896
Link 2 14 38 0 -2.85704371
Link 5 14 41 0 -2.15384882
Link 9 14 45 0 -0.83176700
Link 1 15 46 0 -4.57350822
Link 2 15 47 0 -0.36823856
Link 3 15 48 0 4.43706254
Link 6 15 51 0 -2.13281023
Link 7 15 52 0 -2.29597577
Link 9 15 54 0 1.92991369
Link 1 16 55 0 -2.09096405
Link 2 16 56 0 0.16099630
Link 4 16 58 0 0.76396375
Link 5 16 59 0 0.69378125
Link 7 16 61 0 1.67651006
Link 8 16 62 0 0.49901115
Link 9 16 63 0 0.91812051
Link 4 20 74 0 0.50045386
Link 20 12 75 0 -0.97530847
Link 1 22 80 0 -2.55793935
Link 1 23 83 0 4.96852622
Link 6 27 95 0 3.77254322
Link 27 14 96 0 1.40954275
Link 1 30 104 0 1.69518933
Link 30 13 105 0 0.58373957
Link 3 32 110 0 0.29141315
Link 33 10 115 0 -2.26553076
Link 34 14 118 0 -0.99072865
Link 2 38 130 0 3.22069324
Link 38 12 131 0 -1.10865011
Link 6 39 133 0 2.02573437
Link 39 12 134 0 -3.05297346
Link 41 15 141 0 0.74768263
Link 2 45 153 0 3.57840654
Link 49 12 168 0 3.47365366
Link 7 50 170 0 -1.22943078
Link 50 13 171 0 -0.14038237
Link 6 32 177 0 -2.85480514
Link 16 34 181 1 -0.14268742
Link 4 51 183 0 2.29792629
Link 51 15 184 0 -4.42845769
Link 6 52 186 0 0.78840887
Link 3 53 189 0 0.99206528
Link 53 33 190 0 2.31514863
Link 8 57 213 0 0.33894944
Link 57 15 214 0 -1.34234284
Link 58 13 217 0 3.10760240
Link 4 60 226 0 1.54370935
Link 3 65 250 0 -0.27670615
Link 65 16 251 0 -1.09653185
Link 71 11 299 0 -1.91686258
Link 9 23 300 0 2.97003003
Link 22 72 306 0 2.14528648
Link 74 13 319 0 -2.46355873
Link 23 12 323 0 -0.28960877
Link 2 78 345 0 2.24443218
Link 78 74 346 0 1.31273696
Link 6 23 377 0 -0.74203437
Link 14 75 411 1 -4.40552801
Link 2 92 461 0 -1.03556253
Link 8 94 468 0 1.10512248
Link 94 58 469 0 -0.30098907
Link 2 97 486 0 -3.66447126
Link 12 12 499 1 2.83299781
Link 5 104 561 0 -0.69554712
Link 34 16 590 0 -4.29932151
Link 111 14 602 0 -2.94663174
Link 16 49 674 1 2.83800097
Link 4 41 731 0 -3.85551681
Link 97 123 743 0 -0.23285587
Link 123 18 744 0 -1.84029670
Link 23 136 846 0 0.04702972
Link 136 10 847 0 2.42729045
Link 18 137 849 0 0.49735431
Link 137 16 850 0 1.90742551
Link 155 34 980 0 2.15909746
Link 8 52 1058 0 1.01362068
Link 167 11 1066 0 -2.61009691
Link 7 170 1089 0 -0.33279740
Link 170 28 1090 0 -4.12399905
Link 181 16 1153 0 -0.28873387
Link 52 183 1160 0 0.99516386
Link 183 13 1161 0 1.14410554
Link 24 16 1183 0 0.10408151
Link 62 185 1188 0 0.83661024
Link 185 111 1189 0 -0.47247024
Link 7 193 1248 0 2.93145407
Link 193 14 1249 0 -4.04222885
Link 97 194 1257 0 0.39039672
Link 5 62 1262 0 3.22716530
Link 45 195 1267 0 0.53168293
Link 195 32 1268 0 -0.83560291
Link 45 197 1283 0 3.55592825
Link 197 14 1284 0 3.98020080
Link 3 204 1327 0 2.25675579
Link 92 211 1385 0 1.47689822
Link 75 213 1392 0 0.85169011
Link 224 23 1448 0 1.32257425
Link 155 155 1471 1 -1.09265111
Link 4 28 1485 0 -1.07785619
Link 9 62 1561 0 -1.91580555
Link 7 241 1584 0 2.01408657
Link 241 155 1585 0 2.38332580
Link 79 247 1611 0 0.05447429
Link 24 250 1631 0 -0.11258571
Link 250 79 1632 0 -0.76102905
Link 251 11 1641 0 -1.18524781
Link 21 252 1653 0 1.94687603
Link 252 16 1654 0 -1.19530091
Link 6 259 1726 0 1.24827257
Link 259 224 1727 0 -1.77213160
Link 1 268 1780 0 1.19973537
Link 268 14 1781 0 -0.65793115
Link 272 71 1795 0 -1.35352534
Link 4 280 1837 0 -1.35542377
Link 287 12 1878 0 -1.11105233
Link 8 305 1986 0 -1.06823732
Link 305 62 1987 0 -0.72454170
Link 312 42 2032 0 -3.54600990
Link 155 330 2151 0 -1.16232831
Link 330 34 2152 0 -2.99857615
Link 2 331 2161 0 -0.74480605
Link 331 13 2162 0 3.27133139
Link 50 23 2181 0 -2.15632256
Link 49 75 2215 0 1.70716391
Link 60 341 2217 0 0.66792379
Link 341 45 2218 0 2.18044798
Link 17 344 2238 0 1.56689577
Link 344 14 2239 0 2.73582604
Link 268 23 2275 0 -3.02236885
Link 72 364 2389 0 1.60034297
Link 3 368 2415 0 -0.51898840
Link 144 369 2419 0 -0.53826659
Link 369 41 2420 0 1.32418096
Link 3 373 2447 0 2.40313944
Link 373 287 2448 0 2.35876615
Link 287 376 2461 0 1.79641248
Link 376 12 2462 0 -2.75677289
Link 60 383 2521 0 0.01937902
Link 383 75 2522 0 0.57784561
Link 155 24 2525 0 -2.41827339
Link 4 385 2531 0 0.49964068
Link 385 17 2532 0 -0.23320757
Link 7 52 2569 0 -5.52579913
Link 4 144 2710 0 0.56706745
Link 75 433 2861 0 0.73151176
Link 9 27 2900 0 -0.30498017
Link 24 197 2932 0 -4.73254024
Link 445 10 2945 0 1.69891414
Link 3 452 2992 0 4.81205590
Link 452 16 2993 0 -0.44300232
Link 170 457 3039 0 1.94688351
Link 457 28 3040 0 -2.25215475
Link 45 466 3099 0 1.59735528
Link 466 197 3100 0 0.45679283
Link 12 305 3101 1 0.89831038
Link 23 287 3180 0 -0.48866413
Link 27 27 3210 1 0.93102687
Link 49 144 3219 1 0.61200380
Link 45 71 3242 0 0.01771111
Link 488 27 3276 0 1.36878889
Link 511 24 3450 0 2.20248921
Link 280 515 3470 0 2.29134104
Link 450 517 3494 1 1.23723155
Link 517 18 3495 1 2.56186045
Link 51 42 3537 0 0.90753255
Link 24 537 3633 0 -1.08768020
Link 537 32 3634 0 1.86369939
Link 62 552 3711 0 0.85386031
Link 369 49 3779 0 1.26918652
Link 287 566 3827 0 -0.57811263
Link 566 75 3828 0 2.52133573
Link 144 144 3836 1 -1.15306279
Link 213 576 3937 0 2.05103079
Link 3 450 3942 0 0.43476810
Link 27 16 3943 0 0.81283666
Link 97 579 3979 0 2.43546528
Link 580 24 3995 0 -2.48872960
Link 588 22 4046 1 -2.94884412
Link 580 23 4150 0 0.02130793
Link 123 14 4167 0 -0.19191778
Link 34 607 4212 0 5.47865959
Link 155 287 4312 0 2.80247889
Link 635 580 4396 0 -0.87302489
Link 72 305 4397 1 -1.93936128
Link 18 647 4485 1 3.97375022
Link 647 450 4486 1 -0.58467042
Link 18 80 4501 1 -0.16544646
Link 24 650 4511 0 -1.76524205
Link 650 14 4512 0 -2.56158546
Link 32 679 4741 0 1.11279572
Link 679 253 4742 0 -3.52559864
Link 3 689 4809 0 -0.67594115
Link 253 690 4816 0 0.00390785
Link 690 11 4817 0 -4.35653794
Link 18 305 4841 1 3.63141082
Link 697 75 4883 1 -2.45117604
Link 34 193 4898 0 -0.07249680
Link 376 45 5030 1 -0.26936780
Link 32 719 5047 0 -1.38125543
Link 719 531 5048 0 -3.40536817
Link 531 723 5078 0 0.02856021
Link 16 42 5139 1 0.20499218
Link 733 488 5177 0 0.70897753
Link 457 52 5197 0 -0.14946596
Link 211 213 5280 0 -3.85739096
Link 450 22 5284 0 1.62415997
Link 194 746 5286 0 3.53040937
Link 746 123 5287 0 -5.48641709
Link 756 312 5359 0 -1.01882061
Link 80 758 5366 0 1.19882190
Link 42 764 5419 0 -0.72847502
Link 764 18 5420 0 0.23859782
Link 369 71 5443 0 -0.88530495
Link 771 253 5495 0 1.43657626
Link 24 778 5543 1 1.70078084
Link 778 24 5544 1 4.02576940
Link 9 123 5597 0 -3.13382418
Link 170 18 5618 0 -0.19904780
Link 537 796 5733 0 1.57314632
Link 796 287 5734 0 -3.90339570
Link 41 28 5777 0 1.20220164
Link 170 197 5810 0 -1.13750226
Link 60 823 5913 0 4.13285270
Link 823 251 5914 0 -0.87312760
Link 2 827 5947 0 0.84833911
Link 827 588 5948 0 0.18680155
Link 18 213 6013 0 0.14879357
Link 840 11 6053 0 3.43527212
Link 144 14 6076 0 0.78081322
Link 211 863 6245 0 3.78030137
Link 62 864 6251 0 0.32082953
Link 864 531 6252 0 0.52302934
Link 450 874 6330 1 1.44641575
Link 874 450 6331 1 2.53337810
Link 14 878 6357 1 2.21262826
Link 878 697 6358 1 -2.28072261
Link 323 884 6391 0 0.45765540
Link 884 92 6392 0 0.29313336
Link 5 450 6479 0 -2.80260567
Link 2 898 6529 0 1.00000000
Link 898 323 6530 0 -1.27980948
Link 45 771 6541 0 -1.74151924
Link 75 925 6704 0 -1.43495687
Link 75 450 6742 0 2.17548035
Link 71 928 6746 0 1.10768642
Link 928 10 6747 0 1.32655366
Link 940 181 6864 0 2.63006348
Link 8 764 6905 0 -0.26319986
Link 364 946 6911 0 1.67674730
Link 123 181 6943 0 0.53163411
Link 60 224 6947 1 -3.91179270
Link 181 952 6965 1 0.55116559
Link 952 531 6966 1 -3.27546114
Link 60 958 7024 0 -0.27086374
Link 958 213 7025 0 -2.55469549
Link 6 963 7075 0 2.03307288
Link 963 756 7076 0 -1.56820419
Link 925 972 7166 0 -0.37358717
Link 376 974 7203 1 0.78081249
Link 974 862 7204 1 2.76013194
Link 515 975 7206 0 2.83641081
Link 978 962 7242 0 0.14404711
Link 980 738 7270 0 0.46264258
Link 23 981 7272 1 1.71865662
Link 981 580 7273 1 0.97744871
Link 972 982 7283 0 -0.57348547
Link 982 771 7284 0 1.39595377
Link 723 986 7311 0 1.48267670
Link 986 28 7312 0 0.95503771
Link 738 987 7316 0 3.86067745
Link 987 450 7317 0 -0.24929888
Link 383 383 7337 1 1.93855366
Link 170 170 7366 1 3.87925385
Link 22 1000 7432 1 0.66150452
Link 1000 22 7433 1 -1.91236726
Link 104 1001 7435 0 2.22873364
Link 1001 28 7436 0 -0.43917456
Link 5 1003 7443 0 1.30205126
Link 253 376 7504 0 6.21390071
Link 1020 466 7603 0 0.53044795
Link 28 1032 7689 0 -1.25987684
Link 1032 167 7690 0 -4.50790419
Link 60 1038 7739 0 -1.46010306
Link 607 1053 7856 0 0.47055985
Link 253 1058 7912 0 0.35383366
Link 1058 11 7913 0 -2.73009052
Link 28 1070 8006 0 -1.17613630
Link 1070 11 8007 0 1.33757248
Link 1071 42 8011 0 -0.68856189
Link 60 1075 8035 0 1.22969181
Link 1075 11 8036 0 -1.57607975
Link 689 1078 8059 0 1.79042861
Link 52 1079 8062 0 2.22795332
Link 1079 79 8063 0 -0.80781293
Link 579 1093 8164 0 3.42162526
Link 1093 23 8165 0 -1.84230576
Link 5 1096 8181 0 3.06782035
Link 1096 28 8182 0 -4.16272865
Link 1115 49 8338 0 2.38375884
Link 552 1117 8343 0 2.08052795
Link 1117 14 8344 0 0.49490873
Link 27 383 8571 0 0.40812531
Link 450 62 8640 0 0.90353492
Link 1157 22 8685 0 -1.64604898
Link 330 376 8709 0 2.22944743
Link 27 197 8766 0 1.24588952
Link 537 65 8795 0 3.62365724
Link 194 193 9084 0 -1.19080958
Link 72 635 9214 1 2.33256639
Link 962 1256 9556 0 1.59681638
Link 1256 52 9557 0 -0.99849740
Link 1038 1262 9606 0 0.39735103
Link 1262 75 9607 0 -2.04625723
Link 28 1264 9634 0 -1.71969266
Link 1264 18 9635 0 0.35671712
Link 1268 28 9679 0 -2.12306765
Link 1078 1273 9701 0 1.47349970
Link 1273 80 9702 0 -2.47667470
Link 975 155 9703 1 -2.26213104
Link 2 1274 9716 0 -1.63658032
Link 193 30 9784 0 -4.00190848
Link 330 18 10068 0 3.33870831
Link 756 1316 10098 0 2.48116219
Link 1316 466 10099 0 -1.50182735
Link 74 1321 10138 1 0.90094822
Link 1321 975 10139 1 0.62974116
Link 885 1326 10169 0 3.39324489
Link 1326 23 10170 0 -0.36167183
Link 22 1334 10221 1 4.68956326
Link 1334 811 10222 1 -0.52928344
Link 3 1345 10329 0 1.99195603
Link 1345 980 10330 0 0.92355806
Link 32 74 10453 0 -0.40596931
Link 323 170 10476 0 -0.75686666
Link 80 50 10556 0 -1.33467479
Link 6 1375 10577 0 1.19461050
Link 1375 1071 10578 0 4.02078511
Link 811 1381 10628 1 3.80854985
Link 758 1383 10643 0 -0.03706880
Link 1383 635 10644 0 0.16113957
Link 1384 723 10659 1 0.49455793
Link 1274 1386 10667 0 2.03560304
Link 1386 28 10668 0 0.01524441
Link 433 1404 10804 0 0.78042030
Link 1404 1268 10805 0 0.74334999
Link 213 1413 10875 1 0.98390103
Link 1413 1384 10876 1 0.07617912
Link 980 213 10991 0 -0.18091835
Link 827 28 11173 0 -2.11929313
Link 369 27 11347 0 -2.99014505
Link 52 1482 11468 0 1.46372175
Link 1482 466 11469 0 -0.89347032
Link 1069 1483 11472 1 1.92888047
Link 1483 287 11473 1 -1.57939014
Link 42 1488 11520 0 2.60498674
Link 1488 940 11521 0 2.61533695
Link 863 272 11665 1 1.12382247
Link 330 1511 11732 0 0.73767327
Link 1511 978 11733 0 2.85368992
Link 689 211 11861 0 -2.66384623
Link 41 1532 11978 0 1.65799486
Link 1532 511 11979 0 -1.68313038
Link 1384 1384 12000 1 0.20355837
Link 1539 840 12034 0 0.74685948
Link 1268 11 12130 0 3.21032771
Link 287 738 12169 1 2.43578894
Link 1381 1561 12281 1 1.89215289
Link 1561 588 12282 1 -2.35339103
Link 247 1586 12516 0 1.08959738
Link 1586 14 12517 0 -1.99238771
Link 980 925 12555 0 -0.65598898
Link 49 980 12642 1 -2.92848398
Link 28 155 12786 1 -0.53617869
Link 383 450 12919 0 -2.70095287
Link 738 878 12920 0 3.04801739
Link 862 1626 12940 1 -0.80589509
Link 1626 1069 12941 1 2.86900914
Link 1053 1634 13050 0 2.18957866
Link 1634 75 13051 0 0.31058233
Link 3 1636 13056 0 0.44736716
Link 1636 1020 13057 0 -0.98807732
Link 376 975 13145 1 1.66505726
Link 280 1659 13257 0 1.29360503
Link 1659 635 13258 0 -3.55623256
Link 6 1677 13409 0 2.18595252
Link 42 1404 13446 0 -1.80331638
Link 1334 20 13598 0 -0.21633655
Link 272 537 13777 0 3.90211393
Link 123 925 13860 0 0.77795338
Link 1165 1723 13912 0 1.52895509
Link 1723 16 13913 0 0.09386984
Link 2 1724 13940 0 1.71302802
Link 1724 885 13941 0 0.38212391
Link 204 1730 13974 0 0.41456738
Link 368 1731 13977 0 0.74363764
Link 1731 1539 13978 0 1.65421734
Link 1386 1165 14145 0 -1.21901464
Link 1078 764 14603 0 -0.57529812
Link 576 1809 14729 0 -0.41055054
Link 1809 10 14730 0 -2.64267602
Link 287 1813 14767 0 0.86712573
Link 1813 1157 14768 0 -1.36463582
Link 45 1824 14849 0 0.17554202
Link 1824 445 14850 0 1.56596821
Link 1384 840 14863 0 -1.48014375
Link 1316 771 15032 0 -1.30159886
Link 650 980 15129 1 -0.74927854
Link 864 864 15514 1 -1.61236477
Link 796 975 15593 1 2.28211959
Link 1488 22 15649 1 -1.06752757
Link 1003 1911 15716 0 2.25868523
Link 1911 21 15717 0 0.75231105
Link 24 1000 15747 0 -2.11261710
Link 204 1927 15836 0 1.44126012
Link 1927 1115 15837 0 1.75730546
Link 796 689 15907 1 0.52492992
Link 1000 1000 15981 1 3.32310193
Link 92 20 16418 0 0.55230011
Link 975 764 16510 0 4.59777330
Link 863 18 16576 0 -4.99908600
Link 32 1532 16820 0 -1.57938122
Link 259 2028 16870 0 3.28907708
Link 2028 18 16871 0 0.24070512
Link 1000 1020 16916 1 2.56186416
Link 33 1539 17011 0 0.13306217
Link 1677 2054 17107 0 1.56699679
Link 2054 733 17108 0 -0.36170836
Link 312 2071 17255 0 1.64887129
Link 2071 213 17256 0 3.20926886
Link 22 368 17376 0 1.34996315
Link 50 1321 17546 1 1.43934375
Link 1404 1038 17687 0 -0.68886979
Link 566 18 17718 0 0.81338367
Link 1032 27 18007 1 1.67651966
Link 1273 1273 18144 1 5.63328347
Link 1264 1264 18194 1 0.73859799
Link 433 2195 18410 0 0.17449800
Link 2195 287 18411 0 0.28216079
Link 204 946 18499 0 3.17918513
Link 41 204 18518 1 -3.35404923
Link 50 1165 18541 0 0.03090215
Link 1730 2228 18782 0 0.71659018
Link 2228 368 18783 0 -0.31801123
Link 195 1413 18991 0 0.76674765
Link 22 2259 19026 0 0.73485679
Link 2259 341 19027 0 -0.93221856
Link 738 1375 19216 1 -3.24194456
Link 259 94 19241 0 -1.64661898
Link 537 1723 19264 0 -2.74480132
Link 27 635 19342 1 2.36892991
Link 51 1413 19842 0 -2.31828773
Link 946 2353 19897 0 1.54491784
Link 2353 14 19898 0 -0.98693566
Link 8 1053 20183 0 2.11591900
Link 1375 49 20285 0 2.29930887
Link 213 344 20465 0 -2.37486694
Link 259 978 20596 0 0.74633273
Link 1093 21 20748 0 -2.43819720
Link 42 50 20808 0 -0.08940327
Link 330 341 21382 0 1.48842337
GenomeEnd

