GenomeStart 271
Neuron 1 1 0.00000000 1 0.00000000 0.00000000 0.00000000 0.00000000
Neuron 2 1 0.00000000 1 0.00000000 0.00000000 0.00000000 0.00000000
Neuron 3 1 0.00000000 1 0.00000000 0.00000000 0.00000000 0.00000000
Neuron 4 1 0.00000000 1 0.00000000 0.00000000 0.00000000 0.00000000
Neuron 5 1 0.00000000 1 0.00000000 0.00000000 0.00000000 0.00000000
Neuron 6 1 0.00000000 1 0.00000000 0.00000000 0.00000000 0.00000000
Neuron 7 1 0.00000000 1 0.00000000 0.00000000 0.00000000 0.00000000
Neuron 8 1 0.00000000 1 0.00000000 0.00000000 0.00000000 0.00000000
Neuron 9 2 0.00000000 1 0.00000000 0.00000000 0.00000000 0.00000000
Neuron 10 4 1.00000000 0 1.00000000 0.00000000 0.00000000 0.00000000
Neuron 11 4 1.00000000 0 1.00000000 0.00000000 0.00000000 0.00000000
Neuron 12 4 1.00000000 0 1.00000000 0.00000000 0.00000000 0.00000000
Neuron 13 4 1.00000000 0 1.00000000 0.00000000 0.00000000 0.00000000
Neuron 14 4 1.00000000 0 1.00000000 0.00000000 0.00000000 0.00000000
Neuron 15 4 1.00000000 0 1.00000000 0.00000000 0.00000000 0.00000000
Neuron 16 4 1.00000000 0 1.00000000 0.00000000 0.00000000 0.00000000
Link 1 10 1 0 0.23089061
Link 2 10 2 0 0.47929493
Link 3 10 3 0 -0.00565665
Link 4 10 4 0 0.44379993
Link 5 10 5 0 0.49743061
Link 6 10 6 0 0.16497014
Link 7 10 7 0 -0.28004334
Link 8 10 8 0 -0.34171230
Link 9 10 9 0 0.31213890
Link 1 11 10 0 0.77531121
Link 2 11 11 0 0.57168165
Link 3 11 12 0 0.38337408
Link 4 11 13 0 0.40215533
Link 5 11 14 0 1.00167610
Link 6 11 15 0 -1.67796829
Link 7 11 16 0 1.29240501
Link 8 11 17 0 0.14129159
Link 9 11 18 0 0.13317051
Link 1 12 19 0 0.61381236
Link 2 12 20 0 -0.10534218
Link 3 12 21 0 -0.31540050
Link 4 12 22 0 -0.38519996
Link 5 12 23 0 0.52795349
Link 6 12 24 0 0.07029372
Link 7 12 25 0 -0.52303490
Link 8 12 26 0 0.45266298
Link 9 12 27 0 -0.29996962
Link 1 13 28 0 0.15344731
Link 2 13 29 0 0.68436664
Link 3 13 30 0 0.36332883
Link 4 13 31 0 0.08516440
Link 5 13 32 0 -0.53213806
Link 6 13 33 0 0.42917903
Link 7 13 34 0 -0.69225810
Link 8 13 35 0 0.02708362
Link 9 13 36 0 1.71338383
Link 1 14 37 0 0.22850510
Link 2 14 38 0 -0.39080777
Link 3 14 39 0 0.06854726
Link 4 14 40 0 -0.68536337
Link 5 14 41 0 0.80095462
Link 6 14 42 0 -0.00605931
Link 7 14 43 0 -0.49485239
Link 8 14 44 0 -0.80937144
Link 9 14 45 0 -0.75220139
Link 1 15 46 0 0.39904483
Link 2 15 47 0 0.05995423
Link 3 15 48 0 0.74534085
Link 4 15 49 0 0.41179410
Link 5 15 50 0 0.94930387
Link 6 15 51 0 -0.40412688
Link 7 15 52 0 1.41500570
Link 8 15 53 0 0.98449663
Link 9 15 54 0 -0.61334882
Link 1 16 55 0 0.07325955
Link 2 16 56 0 0.88880223
Link 3 16 57 0 -0.14641539
Link 4 16 58 0 0.76025835
Link 5 16 59 0 -0.07110289
Link 6 16 60 0 0.21736077
Link 7 16 61 0 -0.45956223
Link 8 16 62 0 -0.73919038
Link 9 16 63 0 -1.27522386
GenomeEnd

