GenomeStart 78053
Neuron 1 1 0.00000000 1 0.00000000 0.00000000 0.00000000 0.00000000
Neuron 2 1 0.00000000 1 0.00000000 0.00000000 0.00000000 0.00000000
Neuron 3 1 0.00000000 1 0.00000000 0.00000000 0.00000000 0.00000000
Neuron 4 1 0.00000000 1 0.00000000 0.00000000 0.00000000 0.00000000
Neuron 5 1 0.00000000 1 0.00000000 0.00000000 0.00000000 0.00000000
Neuron 6 1 0.00000000 1 0.00000000 0.00000000 0.00000000 0.00000000
Neuron 7 1 0.00000000 1 0.00000000 0.00000000 0.00000000 0.00000000
Neuron 8 1 0.00000000 1 0.00000000 0.00000000 0.00000000 0.00000000
Neuron 9 2 0.00000000 1 0.00000000 0.00000000 0.00000000 0.00000000
Neuron 10 4 1.00000000 0 1.00000000 0.00000000 0.00000000 0.00000000
Neuron 11 4 1.00000000 0 1.00000000 0.00000000 0.00000000 0.00000000
Neuron 12 4 1.00000000 0 1.00000000 0.00000000 0.00000000 0.00000000
Neuron 13 4 1.00000000 0 1.00000000 0.00000000 0.00000000 0.00000000
Neuron 14 4 1.00000000 0 1.00000000 0.00000000 0.00000000 0.00000000
Neuron 15 4 1.00000000 0 1.00000000 0.00000000 0.00000000 0.00000000
Neuron 16 4 1.00000000 0 1.00000000 0.00000000 0.00000000 0.00000000
Neuron 17 3 0.50000000 1 1.00000000 0.00000000 0.00000000 0.00000000
Neuron 18 3 0.50000000 1 1.00000000 0.00000000 0.00000000 0.00000000
Neuron 20 3 0.50000000 1 1.00000000 0.00000000 0.00000000 0.00000000
Neuron 21 3 0.50000000 1 1.00000000 0.00000000 0.00000000 0.00000000
Neuron 22 3 0.50000000 1 1.00000000 0.00000000 0.00000000 0.00000000
Neuron 23 3 0.50000000 1 1.00000000 0.00000000 0.00000000 0.00000000
Neuron 24 3 0.50000000 1 1.00000000 0.00000000 0.00000000 0.00000000
Neuron 26 3 0.50000000 1 1.00000000 0.00000000 0.00000000 0.00000000
Neuron 27 3 0.50000000 1 1.00000000 0.00000000 0.00000000 0.00000000
Neuron 28 3 0.50000000 1 1.00000000 0.00000000 0.00000000 0.00000000
Neuron 29 3 0.50000000 1 1.00000000 0.00000000 0.00000000 0.00000000
Neuron 30 3 0.50000000 1 1.00000000 0.00000000 0.00000000 0.00000000
Neuron 32 3 0.50000000 1 1.00000000 0.00000000 0.00000000 0.00000000
Neuron 34 3 0.50000000 1 1.00000000 0.00000000 0.00000000 0.00000000
Neuron 38 3 0.50000000 1 1.00000000 0.00000000 0.00000000 0.00000000
Neuron 41 3 0.50000000 1 1.00000000 0.00000000 0.00000000 0.00000000
Neuron 42 3 0.50000000 1 1.00000000 0.00000000 0.00000000 0.00000000
Neuron 45 3 0.50000000 1 1.00000000 0.00000000 0.00000000 0.00000000
Neuron 49 3 0.50000000 1 1.00000000 0.00000000 0.00000000 0.00000000
Neuron 50 3 0.50000000 1 1.00000000 0.00000000 0.00000000 0.00000000
Neuron 51 3 0.50000000 1 1.00000000 0.00000000 0.00000000 0.00000000
Neuron 52 3 0.50000000 1 1.00000000 0.00000000 0.00000000 0.00000000
Neuron 57 3 0.50000000 1 1.00000000 0.00000000 0.00000000 0.00000000
Neuron 58 3 0.50000000 1 1.00000000 0.00000000 0.00000000 0.00000000
Neuron 60 3 0.50000000 1 1.00000000 0.00000000 0.00000000 0.00000000
Neuron 62 3 0.50000000 1 1.00000000 0.00000000 0.00000000 0.00000000
Neuron 65 3 0.50000000 1 1.00000000 0.00000000 0.00000000 0.00000000
Neuron 71 3 0.50000000 1 1.00000000 0.00000000 0.00000000 0.00000000
Neuron 72 3 0.75000000 1 1.00000000 0.00000000 0.00000000 0.00000000
Neuron 74 3 0.50000000 1 1.00000000 0.00000000 0.00000000 0.00000000
Neuron 75 3 0.50000000 1 1.00000000 0.00000000 0.00000000 0.00000000
Neuron 79 3 0.75000000 1 1.00000000 0.00000000 0.00000000 0.00000000
Neuron 80 3 0.25000000 1 1.00000000 0.00000000 0.00000000 0.00000000
Neuron 82 3 0.75000000 1 1.00000000 0.00000000 0.00000000 0.00000000
Neuron 83 3 0.25000000 1 1.00000000 0.00000000 0.00000000 0.00000000
Neuron 92 3 0.25000000 1 1.00000000 0.00000000 0.00000000 0.00000000
Neuron 97 3 0.25000000 1 1.00000000 0.00000000 0.00000000 0.00000000
Neuron 104 3 0.25000000 1 1.00000000 0.00000000 0.00000000 0.00000000
Neuron 111 3 0.75000000 1 1.00000000 0.00000000 0.00000000 0.00000000
Neuron 123 3 0.37500000 1 1.00000000 0.00000000 0.00000000 0.00000000
Neuron 144 3 0.25000000 1 1.00000000 0.00000000 0.00000000 0.00000000
Neuron 155 3 0.25000000 1 1.00000000 0.00000000 0.00000000 0.00000000
Neuron 167 3 0.75000000 1 1.00000000 0.00000000 0.00000000 0.00000000
Neuron 170 3 0.25000000 1 1.00000000 0.00000000 0.00000000 0.00000000
Neuron 181 3 0.75000000 1 1.00000000 0.00000000 0.00000000 0.00000000
Neuron 193 3 0.50000000 1 1.00000000 0.00000000 0.00000000 0.00000000
Neuron 194 3 0.31250000 1 1.00000000 0.00000000 0.00000000 0.00000000
Neuron 197 3 0.75000000 1 1.00000000 0.00000000 0.00000000 0.00000000
Neuron 204 3 0.25000000 1 1.00000000 0.00000000 0.00000000 0.00000000
Neuron 211 3 0.37500000 1 1.00000000 0.00000000 0.00000000 0.00000000
Neuron 213 3 0.75000000 1 1.00000000 0.00000000 0.00000000 0.00000000
Neuron 217 3 0.75000000 1 1.00000000 0.00000000 0.00000000 0.00000000
Neuron 224 3 0.25000000 1 1.00000000 0.00000000 0.00000000 0.00000000
Neuron 227 3 0.75000000 1 1.00000000 0.00000000 0.00000000 0.00000000
Neuron 241 3 0.12500000 1 1.00000000 0.00000000 0.00000000 0.00000000
Neuron 247 3 0.87500000 1 1.00000000 0.00000000 0.00000000 0.00000000
Neuron 250 3 0.62500000 1 1.00000000 0.00000000 0.00000000 0.00000000
Neuron 251 3 0.75000000 1 1.00000000 0.00000000 0.00000000 0.00000000
Neuron 253 3 0.75000000 1 1.00000000 0.00000000 0.00000000 0.00000000
Neuron 259 3 0.12500000 1 1.00000000 0.00000000 0.00000000 0.00000000
Neuron 268 3 0.50000000 1 1.00000000 0.00000000 0.00000000 0.00000000
Neuron 272 3 0.25000000 1 1.00000000 0.00000000 0.00000000 0.00000000
Neuron 280 3 0.25000000 1 1.00000000 0.00000000 0.00000000 0.00000000
Neuron 287 3 0.50000000 1 1.00000000 0.00000000 0.00000000 0.00000000
Neuron 305 3 0.25000000 1 1.00000000 0.00000000 0.00000000 0.00000000
Neuron 312 3 0.25000000 1 1.00000000 0.00000000 0.00000000 0.00000000
Neuron 323 3 0.12500000 1 1.00000000 0.00000000 0.00000000 0.00000000
Neuron 330 3 0.37500000 1 1.00000000 0.00000000 0.00000000 0.00000000
Neuron 331 3 0.50000000 1 1.00000000 0.00000000 0.00000000 0.00000000
Neuron 344 3 0.75000000 1 1.00000000 0.00000000 0.00000000 0.00000000
Neuron 364 3 0.87500000 1 1.00000000 0.00000000 0.00000000 0.00000000
Neuron 369 3 0.37500000 1 1.00000000 0.00000000 0.00000000 0.00000000
Neuron 376 3 0.75000000 1 1.00000000 0.00000000 0.00000000 0.00000000
Neuron 383 3 0.50000000 1 1.00000000 0.00000000 0.00000000 0.00000000
Neuron 407 3 0.87500000 1 1.00000000 0.00000000 0.00000000 0.00000000
Neuron 423 3 0.87500000 1 1.00000000 0.00000000 0.00000000 0.00000000
Neuron 433 3 0.50000000 1 1.00000000 0.00000000 0.00000000 0.00000000
Neuron 450 3 0.50000000 1 1.00000000 0.00000000 0.00000000 0.00000000
Neuron 457 3 0.37500000 1 1.00000000 0.00000000 0.00000000 0.00000000
Neuron 466 3 0.62500000 1 1.00000000 0.00000000 0.00000000 0.00000000
Neuron 488 3 0.25000000 1 1.00000000 0.00000000 0.00000000 0.00000000
Neuron 511 3 0.50000000 1 1.00000000 0.00000000 0.00000000 0.00000000
Neuron 515 3 0.37500000 1 1.00000000 0.00000000 0.00000000 0.00000000
Neuron 517 3 0.50000000 1 1.00000000 0.00000000 0.00000000 0.00000000
Neuron 531 3 0.50000000 1 1.00000000 0.00000000 0.00000000 0.00000000
Neuron 537 3 0.50000000 1 1.00000000 0.00000000 0.00000000 0.00000000
Neuron 552 3 0.75000000 1 1.00000000 0.00000000 0.00000000 0.00000000
Neuron 566 3 0.50000000 1 1.00000000 0.00000000 0.00000000 0.00000000
Neuron 579 3 0.37500000 1 1.00000000 0.00000000 0.00000000 0.00000000
Neuron 580 3 0.37500000 1 1.00000000 0.00000000 0.00000000 0.00000000
Neuron 588 3 0.50000000 1 1.00000000 0.00000000 0.00000000 0.00000000
Neuron 607 3 0.50000000 1 1.00000000 0.00000000 0.00000000 0.00000000
Neuron 635 3 0.31250000 1 1.00000000 0.00000000 0.00000000 0.00000000
Neuron 647 3 0.50000000 1 1.00000000 0.00000000 0.00000000 0.00000000
Neuron 650 3 0.75000000 1 1.00000000 0.00000000 0.00000000 0.00000000
Neuron 681 3 0.50000000 1 1.00000000 0.00000000 0.00000000 0.00000000
Neuron 689 3 0.12500000 1 1.00000000 0.00000000 0.00000000 0.00000000
Neuron 690 3 0.87500000 1 1.00000000 0.00000000 0.00000000 0.00000000
Neuron 697 3 0.75000000 1 1.00000000 0.00000000 0.00000000 0.00000000
Neuron 719 3 0.50000000 1 1.00000000 0.00000000 0.00000000 0.00000000
Neuron 723 3 0.50000000 1 1.00000000 0.00000000 0.00000000 0.00000000
Neuron 733 3 0.12500000 1 1.00000000 0.00000000 0.00000000 0.00000000
Neuron 738 3 0.25000000 1 1.00000000 0.00000000 0.00000000 0.00000000
Neuron 745 3 0.43750000 1 1.00000000 0.00000000 0.00000000 0.00000000
Neuron 756 3 0.12500000 1 1.00000000 0.00000000 0.00000000 0.00000000
Neuron 758 3 0.28125000 1 1.00000000 0.00000000 0.00000000 0.00000000
Neuron 764 3 0.50000000 1 1.00000000 0.00000000 0.00000000 0.00000000
Neuron 771 3 0.62500000 1 1.00000000 0.00000000 0.00000000 0.00000000
Neuron 778 3 0.50000000 1 1.00000000 0.00000000 0.00000000 0.00000000
Neuron 811 3 0.50000000 1 1.00000000 0.00000000 0.00000000 0.00000000
Neuron 823 3 0.62500000 1 1.00000000 0.00000000 0.00000000 0.00000000
Neuron 827 3 0.25000000 1 1.00000000 0.00000000 0.00000000 0.00000000
Neuron 850 3 0.50000000 1 1.00000000 0.00000000 0.00000000 0.00000000
Neuron 862 3 0.62500000 1 1.00000000 0.00000000 0.00000000 0.00000000
Neuron 863 3 0.43750000 1 1.00000000 0.00000000 0.00000000 0.00000000
Neuron 864 3 0.50000000 1 1.00000000 0.00000000 0.00000000 0.00000000
Neuron 874 3 0.50000000 1 1.00000000 0.00000000 0.00000000 0.00000000
Neuron 878 3 0.87500000 1 1.00000000 0.00000000 0.00000000 0.00000000
Neuron 885 3 0.25000000 1 1.00000000 0.00000000 0.00000000 0.00000000
Neuron 916 3 0.43750000 1 1.00000000 0.00000000 0.00000000 0.00000000
Neuron 925 3 0.56250000 1 1.00000000 0.00000000 0.00000000 0.00000000
Neuron 928 3 0.75000000 1 1.00000000 0.00000000 0.00000000 0.00000000
Neuron 930 3 0.81250000 1 1.00000000 0.00000000 0.00000000 0.00000000
Neuron 940 3 0.62500000 1 1.00000000 0.00000000 0.00000000 0.00000000
Neuron 943 3 0.50000000 1 1.00000000 0.00000000 0.00000000 0.00000000
Neuron 952 3 0.62500000 1 1.00000000 0.00000000 0.00000000 0.00000000
Neuron 958 3 0.62500000 1 1.00000000 0.00000000 0.00000000 0.00000000
Neuron 962 3 0.43750000 1 1.00000000 0.00000000 0.00000000 0.00000000
Neuron 972 3 0.59375000 1 1.00000000 0.00000000 0.00000000 0.00000000
Neuron 975 3 0.43750000 1 1.00000000 0.00000000 0.00000000 0.00000000
Neuron 978 3 0.40625000 1 1.00000000 0.00000000 0.00000000 0.00000000
Neuron 980 3 0.12500000 1 1.00000000 0.00000000 0.00000000 0.00000000
Neuron 998 3 0.56250000 1 1.00000000 0.00000000 0.00000000 0.00000000
Neuron 1001 3 0.37500000 1 1.00000000 0.00000000 0.00000000 0.00000000
Neuron 1020 3 0.31250000 1 1.00000000 0.00000000 0.00000000 0.00000000
Neuron 1027 3 0.56250000 1 1.00000000 0.00000000 0.00000000 0.00000000
Neuron 1032 3 0.62500000 1 1.00000000 0.00000000 0.00000000 0.00000000
Neuron 1038 3 0.50000000 1 1.00000000 0.00000000 0.00000000 0.00000000
Neuron 1058 3 0.87500000 1 1.00000000 0.00000000 0.00000000 0.00000000
Neuron 1069 3 0.56250000 1 1.00000000 0.00000000 0.00000000 0.00000000
Neuron 1070 3 0.75000000 1 1.00000000 0.00000000 0.00000000 0.00000000
Neuron 1071 3 0.25000000 1 1.00000000 0.00000000 0.00000000 0.00000000
Neuron 1093 3 0.43750000 1 1.00000000 0.00000000 0.00000000 0.00000000
Neuron 1096 3 0.25000000 1 1.00000000 0.00000000 0.00000000 0.00000000
Neuron 1165 3 0.75000000 1 1.00000000 0.00000000 0.00000000 0.00000000
Neuron 1262 3 0.50000000 1 1.00000000 0.00000000 0.00000000 0.00000000
Neuron 1268 3 0.50000000 1 1.00000000 0.00000000 0.00000000 0.00000000
Neuron 1274 3 0.25000000 1 1.00000000 0.00000000 0.00000000 0.00000000
Neuron 1301 3 0.50000000 1 1.00000000 0.00000000 0.00000000 0.00000000
Neuron 1334 3 0.50000000 1 1.00000000 0.00000000 0.00000000 0.00000000
Neuron 1381 3 0.50000000 1 1.00000000 0.00000000 0.00000000 0.00000000
Neuron 1384 3 0.62500000 1 1.00000000 0.00000000 0.00000000 0.00000000
Neuron 1404 3 0.50000000 1 1.00000000 0.00000000 0.00000000 0.00000000
Neuron 1452 3 0.50000000 1 1.00000000 0.00000000 0.00000000 0.00000000
Neuron 1456 3 0.75000000 1 1.00000000 0.00000000 0.00000000 0.00000000
Neuron 1596 3 0.62500000 1 1.00000000 0.00000000 0.00000000 0.00000000
Neuron 1639 3 0.50000000 1 1.00000000 0.00000000 0.00000000 0.00000000
Link 1 10 1 0 -0.63990110
Link 2 10 2 0 1.75667789
Link 3 10 3 0 0.53882307
Link 4 10 4 0 -4.20608645
Link 5 10 5 0 -1.92273627
Link 6 10 6 0 -0.20594173
Link 7 10 7 0 0.10346087
Link 9 10 9 0 -0.72032710
Link 1 11 10 0 -5.74586782
Link 2 11 11 0 -1.68422678
Link 3 11 12 0 3.61882040
Link 5 11 14 0 1.76441104
Link 6 11 15 0 -0.65923428
Link 8 11 17 0 0.71758319
Link 1 12 19 0 -2.88006922
Link 6 12 24 0 -2.79558613
Link 7 12 25 0 3.56870390
Link 8 12 26 0 0.23571063
Link 9 12 27 0 2.27499482
Link 3 13 30 0 -0.65938965
Link 4 13 31 0 -1.88950571
Link 5 13 32 0 1.48045349
Link 7 13 34 0 -0.13942510
Link 8 13 35 0 0.48644147
Link 9 13 36 0 -0.71084068
Link 2 14 38 0 -3.17916733
Link 5 14 41 0 2.91813317
Link 9 14 45 0 -2.05781589
Link 1 15 46 0 -5.83858881
Link 2 15 47 0 -0.19639136
Link 3 15 48 0 1.93209760
Link 7 15 52 0 -0.52158155
Link 9 15 54 0 0.45548985
Link 1 16 55 0 -2.02078546
Link 2 16 56 0 2.78999589
Link 3 16 57 0 1.80952978
Link 4 16 58 0 -0.04029609
Link 5 16 59 0 2.92719469
Link 7 16 61 0 -1.81728862
Link 8 16 62 0 1.51710511
Link 9 16 63 0 -0.44182859
Link 4 17 65 0 0.83389572
Link 18 16 69 0 2.43297644
Link 4 20 74 0 1.70137222
Link 20 12 75 0 -1.40544932
Link 5 21 77 0 1.35081836
Link 21 16 78 0 -0.34851549
Link 1 22 80 0 -0.79023938
Link 1 23 83 0 1.59955480
Link 23 10 84 0 1.30424794
Link 8 26 92 0 0.54286060
Link 26 10 93 0 -0.72114355
Link 6 27 95 0 3.10745271
Link 27 14 96 0 0.64801636
Link 6 29 101 0 1.08884084
Link 29 15 102 0 -0.73049122
Link 1 30 104 0 -0.81759745
Link 30 13 105 0 -1.88175574
Link 3 32 110 0 0.83335153
Link 34 14 118 0 -0.76497222
Link 2 38 130 0 1.02365233
Link 41 15 141 0 0.37848762
Link 42 16 145 0 -1.50177913
Link 2 45 153 0 1.48119495
Link 49 12 168 0 3.94812461
Link 7 50 170 0 -0.65345705
Link 50 13 171 0 0.17886476
Link 6 32 177 0 -0.23018439
Link 4 51 183 0 0.74287206
Link 51 15 184 0 -2.25204622
Link 6 52 186 0 -0.93278736
Link 52 13 187 0 0.38420517
Link 8 57 213 0 -0.97319764
Link 57 15 214 0 -0.47241326
Link 8 58 216 0 0.90595111
Link 58 13 217 0 2.58009209
Link 4 60 226 0 1.95122914
Link 60 11 227 0 -2.36100745
Link 3 65 250 0 -0.03737176
Link 65 16 251 0 -0.94772615
Link 71 11 299 0 -1.55621085
Link 9 23 300 0 2.45179991
Link 22 72 306 0 -0.00380582
Link 2 74 318 0 3.82151789
Link 74 13 319 0 0.26089651
Link 23 12 323 0 0.16020458
Link 79 14 355 0 -1.06842005
Link 6 23 377 0 -0.96663586
Link 38 82 383 0 1.00000000
Link 82 12 384 0 1.19653824
Link 3 83 392 0 1.02253821
Link 83 32 393 0 0.53526417
Link 14 75 411 1 -3.14935047
Link 2 92 461 0 -0.57526618
Link 9 22 483 0 3.61027733
Link 2 97 486 0 -5.45329342
Link 12 12 499 1 2.32343754
Link 22 22 530 1 0.06891304
Link 5 104 561 0 0.23643915
Link 7 75 585 0 -1.24795982
Link 62 111 601 0 0.11321105
Link 16 49 674 1 2.35923187
Link 4 41 731 0 -1.29045680
Link 97 123 743 0 -0.86334319
Link 123 18 744 0 0.07468039
Link 45 32 772 0 -3.44991186
Link 45 10 867 0 0.95610756
Link 2 144 883 0 -1.03955577
Link 14 22 976 1 0.91208939
Link 155 34 980 0 1.77927138
Link 8 52 1058 0 0.98153488
Link 28 167 1065 0 -5.02049846
Link 167 11 1066 0 -2.95859702
Link 7 170 1089 0 -1.48599490
Link 170 28 1090 0 -0.37356745
Link 181 16 1153 0 1.27752867
Link 24 16 1183 0 -0.71223730
Link 7 193 1248 0 1.92724583
Link 193 14 1249 0 -2.39092821
Link 24 24 1252 1 3.52335563
Link 97 194 1257 0 -1.29973097
Link 194 123 1258 0 -4.52832703
Link 5 62 1262 0 -0.59346384
Link 45 197 1283 0 2.79655584
Link 3 204 1327 0 3.37837116
Link 204 49 1328 0 1.22216954
Link 92 211 1385 0 -1.71495155
Link 211 75 1386 0 0.16852583
Link 75 213 1392 0 0.03577164
Link 213 10 1393 0 -2.69390417
Link 34 217 1415 0 1.11660214
Link 217 16 1416 0 -2.59524136
Link 224 23 1448 0 4.76000054
Link 32 227 1465 0 1.75066031
Link 227 10 1466 0 -0.85659829
Link 155 155 1471 1 -0.44119904
Link 4 28 1485 0 -0.75517358
Link 9 62 1561 0 0.11920226
Link 7 241 1584 0 -0.63140619
Link 241 155 1585 0 1.31966188
Link 79 247 1611 0 2.15470568
Link 247 14 1612 0 -1.50135220
Link 24 250 1631 0 2.45452053
Link 250 79 1632 0 -1.59331341
Link 251 11 1641 0 -1.44515523
Link 253 11 1662 0 -0.13746484
Link 60 45 1678 0 2.49318822
Link 6 259 1726 0 1.12412408
Link 259 224 1727 0 -2.30541092
Link 1 268 1780 0 0.34364889
Link 268 14 1781 0 -0.84030999
Link 7 272 1794 0 -0.60548176
Link 272 71 1795 0 -0.33724544
Link 4 280 1837 0 -1.64361277
Link 3 287 1877 0 -0.04355670
Link 287 12 1878 0 -0.91280838
Link 8 305 1986 0 -1.31769148
Link 305 62 1987 0 1.60941482
Link 312 42 2032 0 -2.41086110
Link 2 323 2119 0 -1.67991286
Link 323 92 2120 0 -1.12428196
Link 155 330 2151 0 -2.01811853
Link 330 34 2152 0 -0.97751973
Link 2 331 2161 0 1.93536362
Link 331 13 2162 0 1.51155780
Link 50 23 2181 0 0.93742976
Link 49 75 2215 0 1.12795814
Link 17 344 2238 0 1.00000000
Link 344 14 2239 0 0.28984732
Link 268 23 2275 0 -3.79002600
Link 13 49 2329 1 -1.50558076
Link 72 364 2389 0 1.71357997
Link 364 14 2390 0 -0.08222916
Link 144 369 2419 0 -0.28467439
Link 369 41 2420 0 1.35386293
Link 287 376 2461 0 -0.57442201
Link 376 12 2462 0 -1.36981751
Link 60 383 2521 0 0.89330424
Link 383 75 2522 0 2.09491518
Link 155 24 2525 0 -3.97816847
Link 7 52 2569 0 -4.00710319
Link 111 407 2684 0 1.00000000
Link 407 14 2685 0 -2.72841801
Link 4 144 2710 0 -0.44912876
Link 197 423 2780 0 1.10870548
Link 423 14 2781 0 2.36352821
Link 75 433 2861 0 1.07604788
Link 9 27 2900 0 1.52899289
Link 24 197 2932 0 -4.15104900
Link 450 18 2978 1 1.11700594
Link 28 18 3010 0 -0.87189582
Link 170 457 3039 0 2.26606098
Link 457 28 3040 0 -0.47829167
Link 45 466 3099 0 0.39948494
Link 466 197 3100 0 -1.15635509
Link 12 305 3101 1 0.19682854
Link 23 287 3180 0 -1.87980985
Link 27 27 3210 1 0.48017847
Link 49 144 3219 1 1.34704971
Link 45 71 3242 0 -1.11554523
Link 488 27 3276 0 1.87634686
Link 450 450 3414 1 2.49262081
Link 41 511 3449 0 2.23439628
Link 511 24 3450 0 -0.79918038
Link 280 515 3470 0 1.68997476
Link 450 517 3494 1 0.30301526
Link 517 18 3495 1 3.69326733
Link 51 42 3537 0 -0.56643103
Link 24 537 3633 0 0.66294175
Link 537 32 3634 0 2.75946950
Link 287 75 3656 0 2.29137913
Link 75 92 3700 1 1.93620671
Link 62 552 3711 0 0.49054053
Link 552 14 3712 0 0.84157755
Link 369 49 3779 0 -1.09318443
Link 32 253 3799 0 -2.59535138
Link 287 566 3827 0 0.49896099
Link 566 75 3828 0 1.43002277
Link 144 144 3836 1 -1.15706346
Link 3 450 3942 0 -0.20584202
Link 27 16 3943 0 0.59079604
Link 97 579 3979 0 1.79103556
Link 580 24 3995 0 -2.07092075
Link 588 22 4046 1 -2.88723724
Link 580 23 4150 0 -1.57375744
Link 123 14 4167 0 -1.64589774
Link 34 607 4212 0 4.87719458
Link 607 75 4213 0 -0.68685527
Link 155 287 4312 0 0.38882797
Link 635 580 4396 0 0.43249038
Link 72 305 4397 1 1.60389524
Link 18 647 4485 1 1.23441206
Link 647 450 4486 1 -1.57559676
Link 18 80 4501 1 0.45159803
Link 24 650 4511 0 0.47773127
Link 650 14 4512 0 -0.97033643
Link 45 681 4758 0 0.53288359
Link 681 71 4759 0 -1.99096030
Link 3 689 4809 0 -0.15130165
Link 689 80 4810 0 -1.82517298
Link 253 690 4816 0 0.16093060
Link 690 11 4817 0 -0.96495830
Link 18 305 4841 1 0.45760142
Link 697 75 4883 1 -1.09924929
Link 34 193 4898 0 -1.48867097
Link 376 45 5030 1 0.89774584
Link 32 719 5047 0 -1.94998201
Link 719 531 5048 0 -2.66525182
Link 531 723 5078 0 0.70642689
Link 723 28 5079 0 0.43763544
Link 16 42 5139 1 -0.87165018
Link 6 733 5176 0 1.33554557
Link 733 488 5177 0 1.57590471
Link 457 52 5197 0 -0.70950600
Link 738 450 5218 0 -0.47867822
Link 580 745 5265 0 0.37715091
Link 745 23 5266 0 0.53767862
Link 211 213 5280 0 -4.01442489
Link 450 22 5284 0 2.68542703
Link 6 756 5358 0 -0.57597573
Link 756 312 5359 0 -1.79638884
Link 80 758 5366 0 0.46873995
Link 758 635 5367 0 -1.51900381
Link 42 764 5419 0 -1.29172801
Link 764 18 5420 0 -0.59066847
Link 369 71 5443 0 0.02677918
Link 75 771 5494 0 -0.91292069
Link 771 253 5495 0 2.65804290
Link 24 778 5543 1 1.26334127
Link 778 24 5544 1 4.56305923
Link 537 287 5558 0 -3.15286983
Link 62 531 5569 0 0.65075241
Link 9 123 5597 0 -0.25980075
Link 170 18 5618 0 2.14266870
Link 41 28 5777 0 0.76157220
Link 170 197 5810 0 -2.86465790
Link 3 466 5834 0 0.06743521
Link 60 823 5913 0 1.18171211
Link 823 251 5914 0 -2.26977333
Link 2 827 5947 0 0.26641779
Link 827 588 5948 0 1.02712910
Link 18 213 6013 0 -0.29892325
Link 144 14 6076 0 1.86134043
Link 60 213 6121 0 -0.63870213
Link 588 850 6141 1 0.48648235
Link 23 580 6211 1 0.32229783
Link 376 862 6241 1 1.52779296
Link 211 863 6245 0 1.67229931
Link 863 75 6246 0 1.65745589
Link 62 864 6251 0 0.95232815
Link 864 531 6252 0 1.06329534
Link 450 874 6330 1 1.78120412
Link 874 450 6331 1 1.57625168
Link 14 878 6357 1 0.87313803
Link 2 885 6394 0 -0.43664101
Link 885 23 6395 0 0.69505707
Link 155 588 6396 0 -0.26213934
Link 5 450 6479 0 -1.54799575
Link 45 771 6541 0 -0.36063654
Link 457 916 6648 0 0.60936069
Link 916 28 6649 0 -2.78229258
Link 181 531 6678 1 -3.46008501
Link 75 925 6704 0 1.53512177
Link 925 771 6705 0 2.83105765
Link 75 450 6742 0 1.25982674
Link 71 928 6746 0 1.48839897
Link 928 10 6747 0 1.67405090
Link 878 930 6760 1 0.97515471
Link 930 697 6761 1 -0.94958913
Link 42 940 6863 0 0.31178160
Link 940 181 6864 0 0.98955561
Link 75 943 6882 0 0.40364495
Link 943 450 6883 0 -0.65036194
Link 8 764 6905 0 -3.36631061
Link 123 181 6943 0 1.29456634
Link 60 224 6947 1 -0.75963169
Link 181 952 6965 1 -0.74182324
Link 952 531 6966 1 -2.47680036
Link 60 958 7024 0 1.18271741
Link 958 213 7025 0 1.79381109
Link 330 962 7070 0 -1.28522719
Link 962 52 7071 0 -0.06905249
Link 925 972 7166 0 1.55143270
Link 972 771 7167 0 2.53738317
Link 515 975 7206 0 0.77110984
Link 975 41 7207 0 1.36444995
Link 330 978 7241 0 0.86744831
Link 978 962 7242 0 -1.19130531
Link 3 980 7269 0 0.52094677
Link 980 738 7270 0 3.18484750
Link 170 170 7366 1 1.10066194
Link 45 998 7412 0 1.40844038
Link 998 771 7413 0 -0.19796454
Link 104 1001 7435 0 -0.18482331
Link 1001 28 7436 0 0.01079651
Link 253 376 7504 0 3.20402887
Link 52 79 7529 0 -2.04968639
Link 3 1020 7602 0 -0.01869393
Link 1020 466 7603 0 0.04685924
Link 756 466 7616 0 1.53020485
Link 75 1027 7639 0 0.36833058
Link 1027 771 7640 0 -0.71816044
Link 28 1032 7689 0 1.29918487
Link 1032 167 7690 0 -2.71433965
Link 60 1038 7739 0 0.54181433
Link 1038 75 7740 0 -0.99936431
Link 253 1058 7912 0 1.43497312
Link 1058 11 7913 0 -0.21022956
Link 862 1069 8003 1 0.55178803
Link 1069 287 8004 1 -1.14767270
Link 28 1070 8006 0 -0.27618741
Link 1070 11 8007 0 0.82519795
Link 6 1071 8010 0 3.80218408
Link 1071 42 8011 0 0.21883470
Link 579 1093 8164 0 0.52062145
Link 1093 23 8165 0 -0.99540474
Link 5 1096 8181 0 1.43978026
Link 1096 28 8182 0 -4.10492468
Link 287 22 8218 0 -1.36231586
Link 27 383 8571 0 -1.64167660
Link 450 62 8640 0 0.65887143
Link 52 466 8656 0 -0.83247642
Link 330 376 8709 0 1.92327024
Link 42 1165 8739 0 0.39934558
Link 1165 16 8740 0 0.10726561
Link 27 197 8766 0 2.01746926
Link 537 65 8795 0 0.19437785
Link 194 193 9084 0 -0.79151317
Link 72 635 9214 1 0.23149698
Link 1038 1262 9606 0 1.92764896
Link 1262 75 9607 0 -1.04416378
Link 975 155 9703 1 -2.63459822
Link 2 1274 9716 0 -0.71971764
Link 1274 28 9717 0 -1.59157415
Link 74 975 9908 1 2.48240545
Link 1268 1301 9969 0 0.96068192
Link 1301 28 9970 0 -0.29249168
Link 330 18 10068 0 -0.24018510
Link 22 1334 10221 1 3.77025280
Link 1334 811 10222 1 0.98016211
Link 32 74 10453 0 0.86812466
Link 323 170 10476 0 -2.53675367
Link 80 50 10556 0 -1.03541844
Link 811 1381 10628 1 1.55184995
Link 1381 588 10629 1 -2.42364102
Link 213 1384 10658 1 0.84845217
Link 1384 723 10659 1 1.49457095
Link 433 1404 10804 0 2.64513091
Link 1404 1268 10805 0 2.05226509
Link 980 213 10991 0 0.37474839
Link 650 20 11169 1 1.95523873
Link 850 1452 11171 1 0.34052332
Link 1452 22 11172 1 -3.25926840
Link 827 28 11173 0 1.54275346
Link 1268 250 11192 0 1.67586527
Link 27 1456 11250 0 0.02256494
Link 1456 16 11251 0 -0.73295397
Link 928 364 11300 0 2.25951637
Link 369 27 11347 0 -2.29337524
Link 104 60 11397 0 -2.48099049
Link 92 204 11443 0 1.41525276
Link 863 272 11665 1 1.33094368
Link 758 27 11854 0 1.33152489
Link 689 211 11861 0 1.08499515
Link 72 733 11926 1 0.63537817
Link 280 383 12066 0 2.57186714
Link 1268 11 12130 0 0.22242367
Link 287 738 12169 1 1.82870377
Link 580 52 12354 0 3.74380849
Link 241 1069 12369 0 0.61883457
Link 1384 1596 12607 1 0.48645083
Link 1596 1384 12608 1 0.06909690
Link 885 697 12838 0 -1.31677351
Link 18 1639 13086 1 0.95344335
Link 1639 450 13087 1 -0.67963604
Link 20 1262 13449 0 -0.15475987
Link 51 811 13663 0 -0.38738197
Link 962 952 13679 0 0.60248866
GenomeEnd

