GenomeStart 39444
Neuron 1 1 0.00000000 1 0.00000000 0.00000000 0.00000000 0.00000000
Neuron 2 1 0.00000000 1 0.00000000 0.00000000 0.00000000 0.00000000
Neuron 3 1 0.00000000 1 0.00000000 0.00000000 0.00000000 0.00000000
Neuron 4 1 0.00000000 1 0.00000000 0.00000000 0.00000000 0.00000000
Neuron 5 1 0.00000000 1 0.00000000 0.00000000 0.00000000 0.00000000
Neuron 6 1 0.00000000 1 0.00000000 0.00000000 0.00000000 0.00000000
Neuron 7 1 0.00000000 1 0.00000000 0.00000000 0.00000000 0.00000000
Neuron 8 1 0.00000000 1 0.00000000 0.00000000 0.00000000 0.00000000
Neuron 9 2 0.00000000 1 0.00000000 0.00000000 0.00000000 0.00000000
Neuron 10 4 1.00000000 0 1.00000000 0.00000000 0.00000000 0.00000000
Neuron 11 4 1.00000000 0 1.00000000 0.00000000 0.00000000 0.00000000
Neuron 12 4 1.00000000 0 1.00000000 0.00000000 0.00000000 0.00000000
Neuron 13 4 1.00000000 0 1.00000000 0.00000000 0.00000000 0.00000000
Neuron 14 4 1.00000000 0 1.00000000 0.00000000 0.00000000 0.00000000
Neuron 15 4 1.00000000 0 1.00000000 0.00000000 0.00000000 0.00000000
Neuron 16 4 1.00000000 0 1.00000000 0.00000000 0.00000000 0.00000000
Neuron 22 3 0.50000000 1 1.00000000 0.00000000 0.00000000 0.00000000
Neuron 26 3 0.50000000 1 1.00000000 0.00000000 0.00000000 0.00000000
Neuron 30 3 0.50000000 1 1.00000000 0.00000000 0.00000000 0.00000000
Neuron 34 3 0.50000000 1 1.00000000 0.00000000 0.00000000 0.00000000
Neuron 39 3 0.50000000 1 1.00000000 0.00000000 0.00000000 0.00000000
Neuron 48 3 0.50000000 1 1.00000000 0.00000000 0.00000000 0.00000000
Neuron 55 3 0.50000000 1 1.00000000 0.00000000 0.00000000 0.00000000
Neuron 63 3 0.50000000 1 1.00000000 0.00000000 0.00000000 0.00000000
Neuron 64 3 0.50000000 1 1.00000000 0.00000000 0.00000000 0.00000000
Neuron 97 3 0.50000000 1 1.00000000 0.00000000 0.00000000 0.00000000
Neuron 103 3 0.50000000 1 1.00000000 0.00000000 0.00000000 0.00000000
Neuron 126 3 0.25000000 1 1.00000000 0.00000000 0.00000000 0.00000000
Neuron 147 3 0.25000000 1 1.00000000 0.00000000 0.00000000 0.00000000
Neuron 163 3 0.25000000 1 1.00000000 0.00000000 0.00000000 0.00000000
Neuron 178 3 0.25000000 1 1.00000000 0.00000000 0.00000000 0.00000000
Neuron 198 3 0.25000000 1 1.00000000 0.00000000 0.00000000 0.00000000
Neuron 254 3 0.25000000 1 1.00000000 0.00000000 0.00000000 0.00000000
Neuron 278 3 0.37500000 1 1.00000000 0.00000000 0.00000000 0.00000000
Neuron 341 3 0.75000000 1 1.00000000 0.00000000 0.00000000 0.00000000
Neuron 353 3 0.50000000 1 1.00000000 0.00000000 0.00000000 0.00000000
Neuron 354 3 0.25000000 1 1.00000000 0.00000000 0.00000000 0.00000000
Neuron 378 3 0.50000000 1 1.00000000 0.00000000 0.00000000 0.00000000
Neuron 411 3 0.62500000 1 1.00000000 0.00000000 0.00000000 0.00000000
Neuron 438 3 0.68750000 1 1.00000000 0.00000000 0.00000000 0.00000000
Neuron 587 3 0.50000000 1 1.00000000 0.00000000 0.00000000 0.00000000
Neuron 655 3 0.50000000 1 1.00000000 0.00000000 0.00000000 0.00000000
Neuron 685 3 0.50000000 1 1.00000000 0.00000000 0.00000000 0.00000000
Neuron 786 3 0.65625000 1 1.00000000 0.00000000 0.00000000 0.00000000
Neuron 808 3 0.43750000 1 1.00000000 0.00000000 0.00000000 0.00000000
Link 1 10 1 0 0.82689521
Link 4 10 4 0 2.99495253
Link 7 10 7 0 -2.36438252
Link 8 10 8 0 -1.11799824
Link 9 10 9 0 -0.15958922
Link 1 11 10 0 1.05380908
Link 2 11 11 0 0.92969316
Link 3 11 12 0 1.57555463
Link 4 11 13 0 -2.26283268
Link 5 11 14 0 -1.57675267
Link 7 11 16 0 1.92347979
Link 8 11 17 0 -0.43387937
Link 9 11 18 0 1.16710704
Link 1 12 19 0 2.66501211
Link 2 12 20 0 0.34808913
Link 3 12 21 0 -1.73114562
Link 4 12 22 0 -0.39045689
Link 5 12 23 0 -1.27726743
Link 6 12 24 0 0.81510675
Link 8 12 26 0 -1.79874021
Link 9 12 27 0 -0.16807328
Link 1 13 28 0 0.67335337
Link 2 13 29 0 0.06894098
Link 3 13 30 0 0.09433171
Link 4 13 31 0 -0.34798545
Link 6 13 33 0 -1.47744645
Link 7 13 34 0 3.67113027
Link 8 13 35 0 0.11533735
Link 9 13 36 0 1.66881576
Link 1 14 37 0 -0.77708558
Link 2 14 38 0 -0.68963891
Link 3 14 39 0 -1.10787515
Link 5 14 41 0 1.67558097
Link 9 14 45 0 3.80976434
Link 1 15 46 0 -0.86485075
Link 2 15 47 0 -3.90936349
Link 3 15 48 0 -2.81008074
Link 4 15 49 0 3.71249441
Link 5 15 50 0 -0.68042813
Link 6 15 51 0 3.25671842
Link 7 15 52 0 -2.36298879
Link 8 15 53 0 1.17751845
Link 9 15 54 0 0.63715706
Link 1 16 55 0 -0.98978818
Link 3 16 57 0 -0.64152990
Link 4 16 58 0 0.99324064
Link 6 16 60 0 1.66401057
Link 7 16 61 0 -1.46877221
Link 8 16 62 0 -2.44653639
Link 5 22 80 0 0.02756770
Link 22 16 81 0 0.53795469
Link 26 10 93 0 1.02805278
Link 6 30 104 0 -0.75856302
Link 30 10 105 0 -1.31181514
Link 3 34 117 0 0.06118896
Link 34 14 118 0 -1.92563365
Link 10 10 126 1 0.96843907
Link 39 14 137 0 0.52434159
Link 4 48 164 0 1.05123613
Link 48 14 165 0 0.36554087
Link 6 55 210 0 0.15945340
Link 63 16 274 0 -0.08945491
Link 64 14 277 0 -0.25209272
Link 6 26 449 0 -1.48837647
Link 97 10 517 0 -0.16119055
Link 103 14 544 0 -0.41664209
Link 6 34 610 0 0.34320298
Link 9 103 696 0 -0.48911227
Link 11 30 707 1 2.27153034
Link 3 126 760 0 -0.28359352
Link 126 26 761 0 0.87932009
Link 4 39 826 0 -5.00128868
Link 8 147 931 0 -1.70959482
Link 147 39 932 0 0.38070104
Link 2 163 1038 0 1.29731534
Link 163 63 1039 0 0.67248452
Link 10 63 1105 1 -1.09105521
Link 6 178 1178 0 1.04873783
Link 178 64 1179 0 0.95439580
Link 5 198 1322 0 0.30500469
Link 7 254 1735 0 1.02408710
Link 254 103 1736 0 0.31332953
Link 198 278 1905 0 0.99750285
Link 278 34 1906 0 -4.06810873
Link 14 26 1971 1 -2.01186170
Link 103 103 2055 1 0.38558052
Link 10 341 2267 1 -0.01137797
Link 26 22 2306 0 1.20548374
Link 97 353 2354 0 0.83450211
Link 353 22 2355 0 -0.64614714
Link 5 354 2357 0 0.85302576
Link 354 97 2358 0 -0.31187554
Link 39 378 2503 0 1.22394724
Link 126 126 2542 1 3.70298463
Link 411 34 2732 1 -0.04110305
Link 55 48 2885 0 -0.63341173
Link 341 438 2929 1 0.33574303
Link 2 354 3079 0 -2.15902675
Link 4 55 3227 0 -3.03233516
Link 55 15 3327 0 -1.68786593
Link 1 22 3608 0 2.22293115
Link 147 48 3740 0 1.48198462
Link 55 103 3885 0 0.00036766
Link 30 587 3908 0 0.69018249
Link 587 34 3909 0 -0.52452162
Link 163 16 4342 0 -0.40689441
Link 438 126 4403 1 1.69746694
Link 39 655 4426 0 0.94126145
Link 655 55 4427 0 -3.73653165
Link 11 48 4443 1 -2.89863503
Link 378 685 4620 0 0.97874860
Link 685 22 4621 0 2.25496704
Link 3 655 4699 0 -0.65104324
Link 685 438 4730 0 -2.01732095
Link 254 438 4811 0 -3.44256720
Link 11 655 5060 1 2.87673045
Link 587 353 5340 0 2.82202779
Link 438 786 5400 1 1.09342470
Link 786 411 5401 1 -0.39256058
Link 198 808 5569 0 1.09059066
Link 808 411 5570 0 -2.16035800
Link 587 808 5643 1 -1.74519535
Link 8 353 5818 0 1.22608236
Link 97 786 5968 0 2.62886816
GenomeEnd

