GenomeStart 51252
Neuron 1 1 0.00000000 1 0.00000000 0.00000000 0.00000000 0.00000000
Neuron 2 1 0.00000000 1 0.00000000 0.00000000 0.00000000 0.00000000
Neuron 3 1 0.00000000 1 0.00000000 0.00000000 0.00000000 0.00000000
Neuron 4 1 0.00000000 1 0.00000000 0.00000000 0.00000000 0.00000000
Neuron 5 1 0.00000000 1 0.00000000 0.00000000 0.00000000 0.00000000
Neuron 6 1 0.00000000 1 0.00000000 0.00000000 0.00000000 0.00000000
Neuron 7 1 0.00000000 1 0.00000000 0.00000000 0.00000000 0.00000000
Neuron 8 1 0.00000000 1 0.00000000 0.00000000 0.00000000 0.00000000
Neuron 9 2 0.00000000 1 0.00000000 0.00000000 0.00000000 0.00000000
Neuron 10 4 1.00000000 0 1.00000000 0.00000000 0.00000000 0.00000000
Neuron 11 4 1.00000000 0 1.00000000 0.00000000 0.00000000 0.00000000
Neuron 12 4 1.00000000 0 1.00000000 0.00000000 0.00000000 0.00000000
Neuron 13 4 1.00000000 0 1.00000000 0.00000000 0.00000000 0.00000000
Neuron 14 4 1.00000000 0 1.00000000 0.00000000 0.00000000 0.00000000
Neuron 15 4 1.00000000 0 1.00000000 0.00000000 0.00000000 0.00000000
Neuron 16 4 1.00000000 0 1.00000000 0.00000000 0.00000000 0.00000000
Neuron 17 3 0.50000000 1 1.00000000 0.00000000 0.00000000 0.00000000
Neuron 18 3 0.50000000 1 1.00000000 0.00000000 0.00000000 0.00000000
Neuron 19 3 0.50000000 1 1.00000000 0.00000000 0.00000000 0.00000000
Neuron 20 3 0.50000000 1 1.00000000 0.00000000 0.00000000 0.00000000
Neuron 21 3 0.50000000 1 1.00000000 0.00000000 0.00000000 0.00000000
Neuron 22 3 0.50000000 1 1.00000000 0.00000000 0.00000000 0.00000000
Neuron 23 3 0.50000000 1 1.00000000 0.00000000 0.00000000 0.00000000
Neuron 24 3 0.50000000 1 1.00000000 0.00000000 0.00000000 0.00000000
Neuron 25 3 0.50000000 1 1.00000000 0.00000000 0.00000000 0.00000000
Neuron 27 3 0.50000000 1 1.00000000 0.00000000 0.00000000 0.00000000
Neuron 28 3 0.50000000 1 1.00000000 0.00000000 0.00000000 0.00000000
Neuron 29 3 0.50000000 1 1.00000000 0.00000000 0.00000000 0.00000000
Neuron 31 3 0.50000000 1 1.00000000 0.00000000 0.00000000 0.00000000
Neuron 32 3 0.50000000 1 1.00000000 0.00000000 0.00000000 0.00000000
Neuron 33 3 0.50000000 1 1.00000000 0.00000000 0.00000000 0.00000000
Neuron 34 3 0.50000000 1 1.00000000 0.00000000 0.00000000 0.00000000
Neuron 35 3 0.50000000 1 1.00000000 0.00000000 0.00000000 0.00000000
Neuron 38 3 0.50000000 1 1.00000000 0.00000000 0.00000000 0.00000000
Neuron 39 3 0.50000000 1 1.00000000 0.00000000 0.00000000 0.00000000
Neuron 41 3 0.50000000 1 1.00000000 0.00000000 0.00000000 0.00000000
Neuron 45 3 0.50000000 1 1.00000000 0.00000000 0.00000000 0.00000000
Neuron 46 3 0.50000000 1 1.00000000 0.00000000 0.00000000 0.00000000
Neuron 48 3 0.50000000 1 1.00000000 0.00000000 0.00000000 0.00000000
Neuron 49 3 0.50000000 1 1.00000000 0.00000000 0.00000000 0.00000000
Neuron 51 3 0.50000000 1 1.00000000 0.00000000 0.00000000 0.00000000
Neuron 52 3 0.50000000 1 1.00000000 0.00000000 0.00000000 0.00000000
Neuron 54 3 0.50000000 1 1.00000000 0.00000000 0.00000000 0.00000000
Neuron 55 3 0.50000000 1 1.00000000 0.00000000 0.00000000 0.00000000
Neuron 57 3 0.50000000 1 1.00000000 0.00000000 0.00000000 0.00000000
Neuron 59 3 0.50000000 1 1.00000000 0.00000000 0.00000000 0.00000000
Neuron 60 3 0.50000000 1 1.00000000 0.00000000 0.00000000 0.00000000
Neuron 62 3 0.50000000 1 1.00000000 0.00000000 0.00000000 0.00000000
Neuron 63 3 0.50000000 1 1.00000000 0.00000000 0.00000000 0.00000000
Neuron 64 3 0.50000000 1 1.00000000 0.00000000 0.00000000 0.00000000
Neuron 65 3 0.50000000 1 1.00000000 0.00000000 0.00000000 0.00000000
Neuron 68 3 0.25000000 1 1.00000000 0.00000000 0.00000000 0.00000000
Neuron 69 3 0.50000000 1 1.00000000 0.00000000 0.00000000 0.00000000
Neuron 70 3 0.50000000 1 1.00000000 0.00000000 0.00000000 0.00000000
Neuron 72 3 0.50000000 1 1.00000000 0.00000000 0.00000000 0.00000000
Neuron 73 3 0.75000000 1 1.00000000 0.00000000 0.00000000 0.00000000
Neuron 74 3 0.50000000 1 1.00000000 0.00000000 0.00000000 0.00000000
Neuron 75 3 0.50000000 1 1.00000000 0.00000000 0.00000000 0.00000000
Neuron 77 3 0.75000000 1 1.00000000 0.00000000 0.00000000 0.00000000
Neuron 78 3 0.50000000 1 1.00000000 0.00000000 0.00000000 0.00000000
Neuron 79 3 0.50000000 1 1.00000000 0.00000000 0.00000000 0.00000000
Neuron 84 3 0.50000000 1 1.00000000 0.00000000 0.00000000 0.00000000
Neuron 89 3 0.25000000 1 1.00000000 0.00000000 0.00000000 0.00000000
Neuron 92 3 0.75000000 1 1.00000000 0.00000000 0.00000000 0.00000000
Neuron 93 3 0.50000000 1 1.00000000 0.00000000 0.00000000 0.00000000
Neuron 95 3 0.75000000 1 1.00000000 0.00000000 0.00000000 0.00000000
Neuron 103 3 0.75000000 1 1.00000000 0.00000000 0.00000000 0.00000000
Neuron 119 3 0.75000000 1 1.00000000 0.00000000 0.00000000 0.00000000
Neuron 123 3 0.25000000 1 1.00000000 0.00000000 0.00000000 0.00000000
Neuron 130 3 0.25000000 1 1.00000000 0.00000000 0.00000000 0.00000000
Neuron 131 3 0.25000000 1 1.00000000 0.00000000 0.00000000 0.00000000
Neuron 136 3 0.25000000 1 1.00000000 0.00000000 0.00000000 0.00000000
Neuron 140 3 0.75000000 1 1.00000000 0.00000000 0.00000000 0.00000000
Neuron 166 3 0.25000000 1 1.00000000 0.00000000 0.00000000 0.00000000
Neuron 168 3 0.87500000 1 1.00000000 0.00000000 0.00000000 0.00000000
Neuron 169 3 0.75000000 1 1.00000000 0.00000000 0.00000000 0.00000000
Neuron 171 3 0.75000000 1 1.00000000 0.00000000 0.00000000 0.00000000
Neuron 173 3 0.50000000 1 1.00000000 0.00000000 0.00000000 0.00000000
Neuron 194 3 0.62500000 1 1.00000000 0.00000000 0.00000000 0.00000000
Neuron 202 3 0.87500000 1 1.00000000 0.00000000 0.00000000 0.00000000
Neuron 213 3 0.50000000 1 1.00000000 0.00000000 0.00000000 0.00000000
Neuron 217 3 0.87500000 1 1.00000000 0.00000000 0.00000000 0.00000000
Neuron 234 3 0.87500000 1 1.00000000 0.00000000 0.00000000 0.00000000
Neuron 238 3 0.25000000 1 1.00000000 0.00000000 0.00000000 0.00000000
Neuron 241 3 0.50000000 1 1.00000000 0.00000000 0.00000000 0.00000000
Neuron 242 3 0.50000000 1 1.00000000 0.00000000 0.00000000 0.00000000
Neuron 243 3 0.62500000 1 1.00000000 0.00000000 0.00000000 0.00000000
Neuron 251 3 0.25000000 1 1.00000000 0.00000000 0.00000000 0.00000000
Neuron 258 3 0.75000000 1 1.00000000 0.00000000 0.00000000 0.00000000
Neuron 273 3 0.25000000 1 1.00000000 0.00000000 0.00000000 0.00000000
Neuron 275 3 0.62500000 1 1.00000000 0.00000000 0.00000000 0.00000000
Neuron 282 3 0.12500000 1 1.00000000 0.00000000 0.00000000 0.00000000
Neuron 285 3 0.37500000 1 1.00000000 0.00000000 0.00000000 0.00000000
Neuron 318 3 0.75000000 1 1.00000000 0.00000000 0.00000000 0.00000000
Neuron 330 3 0.06250000 1 1.00000000 0.00000000 0.00000000 0.00000000
Neuron 340 3 0.75000000 1 1.00000000 0.00000000 0.00000000 0.00000000
Neuron 343 3 0.25000000 1 1.00000000 0.00000000 0.00000000 0.00000000
Neuron 365 3 0.25000000 1 1.00000000 0.00000000 0.00000000 0.00000000
Neuron 379 3 0.62500000 1 1.00000000 0.00000000 0.00000000 0.00000000
Neuron 389 3 0.75000000 1 1.00000000 0.00000000 0.00000000 0.00000000
Neuron 407 3 0.37500000 1 1.00000000 0.00000000 0.00000000 0.00000000
Neuron 415 3 0.43750000 1 1.00000000 0.00000000 0.00000000 0.00000000
Neuron 565 3 0.62500000 1 1.00000000 0.00000000 0.00000000 0.00000000
Link 1 10 1 0 2.57076833
Link 2 10 2 0 0.23898892
Link 3 10 3 0 1.16219297
Link 4 10 4 0 -1.49827770
Link 5 10 5 0 -0.26761727
Link 6 10 6 0 0.21236273
Link 7 10 7 0 -0.60251900
Link 8 10 8 0 -0.46261158
Link 9 10 9 0 0.80698735
Link 1 11 10 0 -0.13364907
Link 2 11 11 0 -1.57059927
Link 3 11 12 0 -1.07133087
Link 4 11 13 0 -1.58441148
Link 5 11 14 0 -2.14613240
Link 6 11 15 0 1.05568322
Link 7 11 16 0 -1.34469991
Link 8 11 17 0 0.87188999
Link 9 11 18 0 -0.82668573
Link 1 12 19 0 1.41684569
Link 2 12 20 0 1.19874156
Link 3 12 21 0 2.63970580
Link 4 12 22 0 -0.30251074
Link 5 12 23 0 2.00504644
Link 6 12 24 0 0.00842817
Link 7 12 25 0 -0.30617552
Link 8 12 26 0 -0.68246206
Link 9 12 27 0 0.02685105
Link 1 13 28 0 1.82691372
Link 2 13 29 0 1.28233194
Link 3 13 30 0 -0.55947934
Link 4 13 31 0 -0.00184514
Link 5 13 32 0 -1.13459232
Link 6 13 33 0 0.68870054
Link 7 13 34 0 -2.67974750
Link 8 13 35 0 -1.22976807
Link 9 13 36 0 -0.63637118
Link 1 14 37 0 0.31756159
Link 2 14 38 0 0.05157612
Link 3 14 39 0 0.21936929
Link 4 14 40 0 1.95145587
Link 5 14 41 0 -0.02481597
Link 6 14 42 0 -0.01835059
Link 7 14 43 0 1.64304893
Link 8 14 44 0 -0.60459021
Link 9 14 45 0 -1.40269548
Link 1 15 46 0 0.71431112
Link 2 15 47 0 0.96432795
Link 3 15 48 0 3.67974401
Link 4 15 49 0 -2.38913580
Link 5 15 50 0 -2.23607491
Link 6 15 51 0 -3.40845784
Link 7 15 52 0 -0.85612438
Link 8 15 53 0 1.48384244
Link 9 15 54 0 -0.54831912
Link 1 16 55 0 0.23659387
Link 2 16 56 0 -1.23604150
Link 3 16 57 0 -1.33549218
Link 4 16 58 0 -0.64857504
Link 5 16 59 0 -1.34904542
Link 6 16 60 0 -1.01129718
Link 7 16 61 0 0.11154479
Link 8 16 62 0 -1.21593434
Link 9 16 63 0 -1.23785884
Link 8 17 65 0 0.01771413
Link 17 14 66 0 1.52579062
Link 5 18 68 0 2.12441113
Link 18 10 69 0 -4.23758253
Link 5 19 71 0 1.89028228
Link 19 15 72 0 -3.08617943
Link 7 20 74 0 -0.75826867
Link 20 11 75 0 2.34636398
Link 8 21 78 0 0.94923726
Link 21 12 79 0 -4.04674858
Link 7 22 81 0 1.97833460
Link 22 13 82 0 0.61390976
Link 15 15 83 1 -3.93774594
Link 3 23 85 0 1.02956520
Link 23 15 86 0 -1.36216388
Link 3 24 88 0 3.23716631
Link 24 11 89 0 1.66655405
Link 4 25 91 0 2.11752843
Link 25 12 92 0 2.13371697
Link 7 27 97 0 0.88432097
Link 27 12 98 0 0.33317327
Link 1 28 100 0 1.70452986
Link 28 10 101 0 0.28370781
Link 4 29 103 0 0.20948086
Link 29 11 104 0 0.24754344
Link 8 31 109 0 2.83362379
Link 31 13 110 0 -0.21884147
Link 1 32 112 0 1.87292202
Link 32 12 113 0 2.92929283
Link 4 33 115 0 1.03565345
Link 33 16 116 0 -0.57194752
Link 12 12 117 1 2.78066335
Link 8 34 119 0 1.50056489
Link 34 16 120 0 2.79219817
Link 7 35 122 0 -0.41937895
Link 35 14 123 0 0.36620786
Link 5 38 131 0 0.90733015
Link 4 39 134 0 0.72867311
Link 39 14 135 0 0.70286120
Link 11 11 139 1 -0.49260903
Link 6 41 141 0 0.37159856
Link 41 11 142 0 -0.53981527
Link 5 45 153 0 1.06819243
Link 45 14 154 0 -1.83889290
Link 2 46 156 0 0.61242438
Link 46 12 157 0 -1.26669589
Link 4 48 162 0 -0.10359381
Link 48 15 163 0 0.81227455
Link 6 49 165 0 2.06452838
Link 1 51 185 0 -0.18514059
Link 51 13 186 0 1.73836085
Link 3 52 191 0 1.14518268
Link 52 13 192 0 -0.11736301
Link 17 11 197 0 1.95207068
Link 1 54 199 0 0.36635330
Link 54 15 200 0 2.40731109
Link 6 55 203 0 1.43605865
Link 55 14 204 0 -1.73117360
Link 2 57 209 0 1.40944526
Link 59 13 217 0 0.92867535
Link 34 12 221 0 3.46377467
Link 3 60 223 0 2.61858112
Link 60 14 224 0 0.95444793
Link 6 62 230 0 2.50780731
Link 62 10 231 0 1.79769357
Link 8 63 233 0 0.27727748
Link 63 15 234 0 0.52424656
Link 2 64 242 0 1.51630221
Link 64 14 243 0 -1.42050475
Link 48 10 244 0 0.11971861
Link 11 48 245 1 0.55299014
Link 1 65 256 0 1.56574872
Link 65 16 257 0 5.49896009
Link 45 16 267 0 1.33259183
Link 6 68 276 0 0.02029820
Link 68 41 277 0 1.30836350
Link 41 16 278 0 2.14631987
Link 4 69 281 0 1.37733046
Link 3 45 284 0 3.15701524
Link 3 70 286 0 -0.35318353
Link 70 12 287 0 -0.98521820
Link 5 72 292 0 -1.70506777
Link 72 11 293 0 0.81260041
Link 49 73 295 0 1.87483269
Link 41 15 298 0 1.44276028
Link 2 41 299 0 1.10408099
Link 8 74 301 0 1.15992625
Link 74 11 302 0 1.16229455
Link 7 75 305 0 0.82587096
Link 49 10 307 0 -0.30795362
Link 14 41 308 1 -0.94582028
Link 72 12 317 0 -3.09548114
Link 41 77 320 0 0.47036934
Link 77 11 321 0 0.89025059
Link 78 12 325 0 3.44372026
Link 48 16 327 0 1.31071173
Link 16 49 331 1 -1.12963107
Link 7 79 346 0 2.70056540
Link 79 16 347 0 1.11219987
Link 17 10 371 0 -1.05401705
Link 8 41 376 0 2.30005302
Link 6 63 377 0 3.87558182
Link 1 45 385 0 0.34963200
Link 12 63 387 1 0.37239214
Link 5 55 390 0 1.93443299
Link 3 48 415 0 2.00123817
Link 59 59 418 1 -1.99245376
Link 2 84 427 0 1.40317341
Link 14 39 443 1 -1.65612716
Link 4 73 453 0 -1.51679349
Link 1 38 468 0 -2.65776736
Link 39 13 470 0 -0.45744068
Link 89 48 481 0 2.44989550
Link 75 92 498 0 2.21025269
Link 92 10 499 0 -1.18174023
Link 5 63 501 0 -4.67003047
Link 6 93 506 0 0.59855472
Link 93 15 507 0 -1.19021076
Link 9 55 508 0 2.53034555
Link 49 13 516 0 -0.70506845
Link 45 95 522 0 -0.74352133
Link 95 14 523 0 1.40518811
Link 63 11 544 0 0.74936295
Link 12 103 585 1 0.83532816
Link 103 63 586 1 -3.13683259
Link 15 60 591 1 -1.66958087
Link 60 16 623 0 1.43087427
Link 73 18 660 1 -0.88406075
Link 15 70 665 1 2.30871400
Link 7 63 706 0 1.84024723
Link 38 119 709 0 0.41621777
Link 119 12 710 0 0.56281916
Link 25 15 717 0 1.78513727
Link 55 31 727 0 -0.88424323
Link 7 92 728 0 3.24802710
Link 3 123 752 0 1.99104945
Link 123 70 753 0 1.65369941
Link 5 130 813 0 2.92674318
Link 130 45 814 0 0.89927334
Link 63 12 815 0 -0.16933515
Link 8 131 817 0 0.19351217
Link 131 63 818 0 -1.33691144
Link 6 136 841 0 -1.15521367
Link 136 59 842 0 3.46705077
Link 17 45 915 0 -1.08887590
Link 2 72 951 0 1.68657962
Link 35 13 1003 0 -1.50527299
Link 6 72 1028 0 0.26621481
Link 5 166 1034 0 0.46487496
Link 140 168 1047 0 -0.56628848
Link 168 10 1048 0 1.39807845
Link 84 169 1050 0 -1.70212819
Link 169 11 1051 0 0.03094501
Link 171 13 1065 0 0.18284374
Link 173 14 1091 0 1.48368822
Link 35 12 1109 0 3.65988978
Link 54 16 1119 0 -1.60985462
Link 18 22 1222 0 -2.60361245
Link 48 41 1251 0 0.86553715
Link 32 49 1254 0 -0.04145060
Link 69 194 1265 0 1.00000000
Link 194 171 1266 0 1.70467700
Link 77 202 1329 0 0.69829619
Link 202 11 1330 0 1.41154738
Link 51 59 1371 0 -0.08805566
Link 70 213 1394 0 0.50693416
Link 213 60 1395 0 -0.87040298
Link 73 217 1433 0 0.99422359
Link 217 16 1434 0 -1.40166688
Link 28 77 1449 0 1.04294593
Link 171 18 1474 1 -1.30953906
Link 16 95 1501 1 -1.18395700
Link 92 70 1534 1 0.72395674
Link 54 10 1539 0 -0.81695935
Link 92 234 1571 0 -0.73199238
Link 234 12 1572 0 3.83380362
Link 48 70 1609 0 -1.01367627
Link 2 238 1611 0 1.00939242
Link 238 173 1612 0 0.88881264
Link 3 241 1620 0 0.52692348
Link 241 13 1621 0 2.70149934
Link 8 242 1626 0 0.27737323
Link 242 13 1627 0 0.44661882
Link 95 243 1630 1 1.00000000
Link 243 41 1631 1 -1.56802354
Link 6 251 1689 0 0.64789124
Link 4 84 1699 0 1.92644717
Link 69 258 1731 0 0.51341790
Link 258 13 1732 0 -0.64417265
Link 5 123 1791 0 -0.21855241
Link 38 70 1823 0 -2.39543982
Link 8 273 1841 0 1.74474399
Link 273 31 1842 0 0.06563217
Link 18 275 1865 0 1.00000000
Link 275 140 1866 0 -1.05858576
Link 282 89 1919 0 2.30890104
Link 166 285 1930 0 4.12795742
Link 65 12 2117 0 1.73729517
Link 16 46 2162 1 -1.09851933
Link 63 318 2200 0 1.70954781
Link 318 16 2201 0 1.16568007
Link 4 330 2300 0 1.07515241
Link 330 282 2301 0 -0.27737843
Link 13 340 2373 1 0.53570143
Link 340 38 2374 1 1.87754153
Link 4 343 2385 0 1.00000000
Link 343 38 2386 0 0.58846883
Link 10 136 2518 1 0.58976344
Link 7 365 2547 0 1.00000000
Link 365 25 2548 0 0.81179656
Link 15 251 2574 1 1.95228135
Link 1 251 2585 0 -1.92552344
Link 28 241 2592 0 1.22247368
Link 38 379 2669 0 1.09955549
Link 379 119 2670 0 0.65952729
Link 49 389 2762 0 1.00000000
Link 389 16 2763 0 -0.83088521
Link 13 251 2800 1 -3.40796187
Link 234 25 2822 1 1.67567533
Link 251 407 2907 0 1.52202404
Link 407 78 2908 0 2.34016594
Link 213 77 2952 0 1.47993608
Link 285 415 2975 0 0.68782373
Link 415 38 2976 0 0.46837388
Link 9 65 3058 0 -0.60779914
Link 45 407 3079 1 1.58529305
Link 62 54 3132 0 -1.16039071
Link 17 35 3221 0 -0.66639167
Link 23 57 3401 0 0.04794112
Link 57 93 3814 0 -1.42589646
Link 54 565 4234 0 1.00000000
Link 565 103 4235 0 0.30765415
Link 365 242 4447 0 -0.67891871
GenomeEnd

