GenomeStart 1209
Neuron 1 1 0.00000000 1 0.00000000 0.00000000 0.00000000 0.00000000
Neuron 2 1 0.00000000 1 0.00000000 0.00000000 0.00000000 0.00000000
Neuron 3 1 0.00000000 1 0.00000000 0.00000000 0.00000000 0.00000000
Neuron 4 1 0.00000000 1 0.00000000 0.00000000 0.00000000 0.00000000
Neuron 5 1 0.00000000 1 0.00000000 0.00000000 0.00000000 0.00000000
Neuron 6 1 0.00000000 1 0.00000000 0.00000000 0.00000000 0.00000000
Neuron 7 1 0.00000000 1 0.00000000 0.00000000 0.00000000 0.00000000
Neuron 8 1 0.00000000 1 0.00000000 0.00000000 0.00000000 0.00000000
Neuron 9 2 0.00000000 1 0.00000000 0.00000000 0.00000000 0.00000000
Neuron 10 4 1.00000000 0 1.00000000 0.00000000 0.00000000 0.00000000
Neuron 11 4 1.00000000 0 1.00000000 0.00000000 0.00000000 0.00000000
Neuron 12 4 1.00000000 0 1.00000000 0.00000000 0.00000000 0.00000000
Neuron 13 4 1.00000000 0 1.00000000 0.00000000 0.00000000 0.00000000
Neuron 14 4 1.00000000 0 1.00000000 0.00000000 0.00000000 0.00000000
Neuron 15 4 1.00000000 0 1.00000000 0.00000000 0.00000000 0.00000000
Neuron 16 4 1.00000000 0 1.00000000 0.00000000 0.00000000 0.00000000
Neuron 38 3 0.50000000 1 1.00000000 0.00000000 0.00000000 0.00000000
Link 1 10 1 0 2.61425147
Link 2 10 2 0 1.52998079
Link 3 10 3 0 0.91585702
Link 4 10 4 0 0.13224788
Link 5 10 5 0 -0.08841387
Link 6 10 6 0 2.01034394
Link 7 10 7 0 -0.16686312
Link 8 10 8 0 -0.27154296
Link 9 10 9 0 -2.05303560
Link 1 11 10 0 1.16364059
Link 2 11 11 0 -1.35654623
Link 3 11 12 0 -0.30971488
Link 4 11 13 0 0.58172106
Link 5 11 14 0 -1.71462532
Link 6 11 15 0 0.49433307
Link 7 11 16 0 0.25994750
Link 8 11 17 0 -2.96559113
Link 9 11 18 0 -0.13480184
Link 1 12 19 0 -0.09508507
Link 2 12 20 0 -0.08819043
Link 3 12 21 0 -0.31806051
Link 4 12 22 0 2.88325922
Link 5 12 23 0 -0.96823682
Link 6 12 24 0 0.33629671
Link 7 12 25 0 -3.22169534
Link 8 12 26 0 1.83927588
Link 9 12 27 0 2.58265597
Link 1 13 28 0 0.56375682
Link 2 13 29 0 -2.18107962
Link 3 13 30 0 2.00109832
Link 4 13 31 0 2.81937035
Link 5 13 32 0 -0.89294021
Link 6 13 33 0 0.99912946
Link 7 13 34 0 1.05157490
Link 8 13 35 0 1.89093656
Link 9 13 36 0 -2.12215282
Link 1 14 37 0 1.97221410
Link 2 14 38 0 -0.03727285
Link 4 14 40 0 -1.69688491
Link 5 14 41 0 0.60648090
Link 6 14 42 0 -0.01893772
Link 7 14 43 0 1.50006295
Link 8 14 44 0 -2.31233541
Link 9 14 45 0 -1.14197348
Link 1 15 46 0 1.22536634
Link 2 15 47 0 0.65724162
Link 3 15 48 0 -1.96785671
Link 4 15 49 0 2.18002453
Link 5 15 50 0 -0.59912542
Link 6 15 51 0 -0.11061218
Link 7 15 52 0 1.70075089
Link 8 15 53 0 0.35962754
Link 9 15 54 0 0.23651498
Link 1 16 55 0 2.33982950
Link 2 16 56 0 -2.94801552
Link 3 16 57 0 -0.09639120
Link 4 16 58 0 -1.48415399
Link 5 16 59 0 2.04739817
Link 6 16 60 0 -3.25786742
Link 7 16 61 0 -0.36809118
Link 8 16 62 0 -1.15308131
Link 9 16 63 0 -1.88961057
Link 3 38 130 0 -1.10210557
Link 38 14 131 0 1.70958446
Link 16 38 185 1 1.21314870
Link 5 38 282 0 0.34867970
GenomeEnd

