GenomeStart 36089
Neuron 1 1 0.00000000 1 0.00000000 0.00000000 0.00000000 0.00000000
Neuron 2 1 0.00000000 1 0.00000000 0.00000000 0.00000000 0.00000000
Neuron 3 1 0.00000000 1 0.00000000 0.00000000 0.00000000 0.00000000
Neuron 4 1 0.00000000 1 0.00000000 0.00000000 0.00000000 0.00000000
Neuron 5 1 0.00000000 1 0.00000000 0.00000000 0.00000000 0.00000000
Neuron 6 1 0.00000000 1 0.00000000 0.00000000 0.00000000 0.00000000
Neuron 7 1 0.00000000 1 0.00000000 0.00000000 0.00000000 0.00000000
Neuron 8 1 0.00000000 1 0.00000000 0.00000000 0.00000000 0.00000000
Neuron 9 2 0.00000000 1 0.00000000 0.00000000 0.00000000 0.00000000
Neuron 10 4 1.00000000 0 1.00000000 0.00000000 0.00000000 0.00000000
Neuron 11 4 1.00000000 0 1.00000000 0.00000000 0.00000000 0.00000000
Neuron 12 4 1.00000000 0 1.00000000 0.00000000 0.00000000 0.00000000
Neuron 13 4 1.00000000 0 1.00000000 0.00000000 0.00000000 0.00000000
Neuron 14 4 1.00000000 0 1.00000000 0.00000000 0.00000000 0.00000000
Neuron 15 4 1.00000000 0 1.00000000 0.00000000 0.00000000 0.00000000
Neuron 16 4 1.00000000 0 1.00000000 0.00000000 0.00000000 0.00000000
Neuron 18 3 0.50000000 1 1.00000000 0.00000000 0.00000000 0.00000000
Neuron 21 3 0.50000000 1 1.00000000 0.00000000 0.00000000 0.00000000
Neuron 24 3 0.50000000 1 1.00000000 0.00000000 0.00000000 0.00000000
Neuron 38 3 0.50000000 1 1.00000000 0.00000000 0.00000000 0.00000000
Neuron 47 3 0.50000000 1 1.00000000 0.00000000 0.00000000 0.00000000
Neuron 67 3 0.50000000 1 1.00000000 0.00000000 0.00000000 0.00000000
Neuron 100 3 0.25000000 1 1.00000000 0.00000000 0.00000000 0.00000000
Neuron 189 3 0.75000000 1 1.00000000 0.00000000 0.00000000 0.00000000
Neuron 235 3 0.12500000 1 1.00000000 0.00000000 0.00000000 0.00000000
Neuron 304 3 0.25000000 1 1.00000000 0.00000000 0.00000000 0.00000000
Neuron 309 3 0.25000000 1 1.00000000 0.00000000 0.00000000 0.00000000
Neuron 474 3 0.25000000 1 1.00000000 0.00000000 0.00000000 0.00000000
Link 1 10 1 0 0.94781273
Link 2 10 2 0 -2.13051694
Link 3 10 3 0 -3.61861784
Link 4 10 4 0 -0.26219495
Link 5 10 5 0 -1.69177226
Link 6 10 6 0 -1.02269623
Link 8 10 8 0 -1.59396563
Link 9 10 9 0 -0.45844763
Link 1 11 10 0 2.06115150
Link 2 11 11 0 1.89974390
Link 4 11 13 0 4.25302605
Link 5 11 14 0 -0.59320090
Link 9 11 18 0 -0.48392888
Link 1 12 19 0 4.96744048
Link 2 12 20 0 1.42586009
Link 3 12 21 0 1.03022002
Link 4 12 22 0 -2.55438815
Link 6 12 24 0 -2.30920381
Link 7 12 25 0 -2.87666333
Link 8 12 26 0 -1.25701271
Link 9 12 27 0 2.10902812
Link 1 13 28 0 -0.58556553
Link 3 13 30 0 0.10307111
Link 4 13 31 0 2.54427584
Link 5 13 32 0 -0.90653871
Link 9 13 36 0 0.69145721
Link 1 14 37 0 -1.73265688
Link 2 14 38 0 0.12157251
Link 4 14 40 0 -2.35499045
Link 5 14 41 0 0.34287215
Link 6 14 42 0 0.39507037
Link 7 14 43 0 1.14363949
Link 8 14 44 0 -0.81509200
Link 1 15 46 0 -0.20088892
Link 2 15 47 0 -2.40126171
Link 6 15 51 0 -0.78592925
Link 8 15 53 0 -2.48260745
Link 9 15 54 0 -0.69988302
Link 1 16 55 0 -0.47314275
Link 2 16 56 0 -1.49514017
Link 3 16 57 0 -1.73610227
Link 4 16 58 0 0.67277342
Link 5 16 59 0 1.49760888
Link 7 16 61 0 0.24018313
Link 9 16 63 0 0.35599562
Link 7 18 69 0 1.00000000
Link 18 13 70 0 -0.43247125
Link 5 21 78 0 1.61371933
Link 21 12 79 0 -1.22574652
Link 24 13 88 0 -1.64770699
Link 3 38 130 0 -2.27501193
Link 38 14 131 0 0.23878016
Link 4 47 158 0 1.92414498
Link 47 15 159 0 0.65008663
Link 16 38 185 1 -2.84696865
Link 8 67 274 0 -2.03824899
Link 67 11 275 0 0.88065406
Link 67 38 466 0 -0.59128299
Link 100 38 539 0 0.92132616
Link 47 13 605 0 0.32849492
Link 14 47 637 1 1.54758832
Link 7 21 739 0 -2.14816872
Link 7 24 1002 0 0.28851498
Link 12 24 1150 1 -1.70974577
Link 11 189 1327 1 1.00000000
Link 189 21 1328 1 -0.12989734
Link 7 100 1475 0 1.44384883
Link 67 12 1552 0 -0.50478269
Link 1 235 1664 0 1.00000000
Link 235 100 1665 0 0.38574881
Link 2 47 1681 0 0.77221959
Link 11 100 1729 1 2.87713482
Link 4 304 2186 0 0.44412215
Link 304 24 2187 0 0.26582153
Link 5 309 2215 0 0.93541211
Link 309 24 2216 0 0.28463340
Link 7 304 2455 0 2.53124794
Link 16 304 2626 1 2.26617053
Link 8 304 2744 0 2.54104749
Link 47 304 3087 1 2.10044260
Link 309 474 3684 0 1.00000000
Link 474 100 3685 0 -2.11752736
GenomeEnd

