GenomeStart 53517
Neuron 1 1 0.00000000 1 0.00000000 0.00000000 0.00000000 0.00000000
Neuron 2 1 0.00000000 1 0.00000000 0.00000000 0.00000000 0.00000000
Neuron 3 1 0.00000000 1 0.00000000 0.00000000 0.00000000 0.00000000
Neuron 4 1 0.00000000 1 0.00000000 0.00000000 0.00000000 0.00000000
Neuron 5 1 0.00000000 1 0.00000000 0.00000000 0.00000000 0.00000000
Neuron 6 1 0.00000000 1 0.00000000 0.00000000 0.00000000 0.00000000
Neuron 7 1 0.00000000 1 0.00000000 0.00000000 0.00000000 0.00000000
Neuron 8 1 0.00000000 1 0.00000000 0.00000000 0.00000000 0.00000000
Neuron 9 2 0.00000000 1 0.00000000 0.00000000 0.00000000 0.00000000
Neuron 10 4 1.00000000 0 1.00000000 0.00000000 0.00000000 0.00000000
Neuron 11 4 1.00000000 0 1.00000000 0.00000000 0.00000000 0.00000000
Neuron 12 4 1.00000000 0 1.00000000 0.00000000 0.00000000 0.00000000
Neuron 13 4 1.00000000 0 1.00000000 0.00000000 0.00000000 0.00000000
Neuron 14 4 1.00000000 0 1.00000000 0.00000000 0.00000000 0.00000000
Neuron 15 4 1.00000000 0 1.00000000 0.00000000 0.00000000 0.00000000
Neuron 16 4 1.00000000 0 1.00000000 0.00000000 0.00000000 0.00000000
Neuron 35 3 0.50000000 1 1.00000000 0.00000000 0.00000000 0.00000000
Neuron 37 3 0.50000000 1 1.00000000 0.00000000 0.00000000 0.00000000
Neuron 43 3 0.50000000 1 1.00000000 0.00000000 0.00000000 0.00000000
Neuron 44 3 0.50000000 1 1.00000000 0.00000000 0.00000000 0.00000000
Neuron 52 3 0.50000000 1 1.00000000 0.00000000 0.00000000 0.00000000
Neuron 62 3 0.25000000 1 1.00000000 0.00000000 0.00000000 0.00000000
Neuron 74 3 0.50000000 1 1.00000000 0.00000000 0.00000000 0.00000000
Neuron 105 3 0.12500000 1 1.00000000 0.00000000 0.00000000 0.00000000
Neuron 115 3 0.25000000 1 1.00000000 0.00000000 0.00000000 0.00000000
Neuron 126 3 0.25000000 1 1.00000000 0.00000000 0.00000000 0.00000000
Neuron 134 3 0.50000000 1 1.00000000 0.00000000 0.00000000 0.00000000
Neuron 140 3 0.75000000 1 1.00000000 0.00000000 0.00000000 0.00000000
Neuron 155 3 0.37500000 1 1.00000000 0.00000000 0.00000000 0.00000000
Neuron 167 3 0.75000000 1 1.00000000 0.00000000 0.00000000 0.00000000
Neuron 178 3 0.75000000 1 1.00000000 0.00000000 0.00000000 0.00000000
Neuron 195 3 0.25000000 1 1.00000000 0.00000000 0.00000000 0.00000000
Neuron 220 3 0.37500000 1 1.00000000 0.00000000 0.00000000 0.00000000
Neuron 227 3 0.87500000 1 1.00000000 0.00000000 0.00000000 0.00000000
Neuron 239 3 0.25000000 1 1.00000000 0.00000000 0.00000000 0.00000000
Neuron 245 3 0.25000000 1 1.00000000 0.00000000 0.00000000 0.00000000
Neuron 264 3 0.12500000 1 1.00000000 0.00000000 0.00000000 0.00000000
Neuron 316 3 0.37500000 1 1.00000000 0.00000000 0.00000000 0.00000000
Neuron 317 3 0.75000000 1 1.00000000 0.00000000 0.00000000 0.00000000
Neuron 337 3 0.37500000 1 1.00000000 0.00000000 0.00000000 0.00000000
Neuron 375 3 0.37500000 1 1.00000000 0.00000000 0.00000000 0.00000000
Neuron 423 3 0.37500000 1 1.00000000 0.00000000 0.00000000 0.00000000
Neuron 449 3 0.37500000 1 1.00000000 0.00000000 0.00000000 0.00000000
Neuron 453 3 0.18750000 1 1.00000000 0.00000000 0.00000000 0.00000000
Neuron 465 3 0.31250000 1 1.00000000 0.00000000 0.00000000 0.00000000
Neuron 473 3 0.50000000 1 1.00000000 0.00000000 0.00000000 0.00000000
Neuron 511 3 0.25000000 1 1.00000000 0.00000000 0.00000000 0.00000000
Neuron 532 3 0.62500000 1 1.00000000 0.00000000 0.00000000 0.00000000
Neuron 563 3 0.87500000 1 1.00000000 0.00000000 0.00000000 0.00000000
Neuron 569 3 0.37500000 1 1.00000000 0.00000000 0.00000000 0.00000000
Neuron 594 3 0.31250000 1 1.00000000 0.00000000 0.00000000 0.00000000
Neuron 621 3 0.37500000 1 1.00000000 0.00000000 0.00000000 0.00000000
Neuron 637 3 0.18750000 1 1.00000000 0.00000000 0.00000000 0.00000000
Neuron 665 3 0.50000000 1 1.00000000 0.00000000 0.00000000 0.00000000
Neuron 668 3 0.75000000 1 1.00000000 0.00000000 0.00000000 0.00000000
Neuron 669 3 0.50000000 1 1.00000000 0.00000000 0.00000000 0.00000000
Neuron 675 3 0.12500000 1 1.00000000 0.00000000 0.00000000 0.00000000
Neuron 677 3 0.31250000 1 1.00000000 0.00000000 0.00000000 0.00000000
Neuron 715 3 0.31250000 1 1.00000000 0.00000000 0.00000000 0.00000000
Neuron 735 3 0.12500000 1 1.00000000 0.00000000 0.00000000 0.00000000
Neuron 738 3 0.62500000 1 1.00000000 0.00000000 0.00000000 0.00000000
Neuron 832 3 0.50000000 1 1.00000000 0.00000000 0.00000000 0.00000000
Neuron 836 3 0.50000000 1 1.00000000 0.00000000 0.00000000 0.00000000
Neuron 852 3 0.12500000 1 1.00000000 0.00000000 0.00000000 0.00000000
Neuron 878 3 0.12500000 1 1.00000000 0.00000000 0.00000000 0.00000000
Neuron 890 3 0.12500000 1 1.00000000 0.00000000 0.00000000 0.00000000
Neuron 908 3 0.06250000 1 1.00000000 0.00000000 0.00000000 0.00000000
Neuron 1030 3 0.87500000 1 1.00000000 0.00000000 0.00000000 0.00000000
Neuron 1149 3 0.21875000 1 1.00000000 0.00000000 0.00000000 0.00000000
Link 2 10 2 0 -0.61568904
Link 3 10 3 0 -2.23904501
Link 4 10 4 0 4.19833925
Link 6 10 6 0 3.67175779
Link 7 10 7 0 -0.57201221
Link 9 10 9 0 -2.27720062
Link 1 11 10 0 -2.02845355
Link 2 11 11 0 -3.23013998
Link 3 11 12 0 -2.84357085
Link 4 11 13 0 -1.80035371
Link 5 11 14 0 2.19932722
Link 6 11 15 0 0.87408680
Link 7 11 16 0 -1.10560411
Link 8 11 17 0 -0.19755375
Link 9 11 18 0 -2.63968187
Link 1 12 19 0 -3.54842428
Link 2 12 20 0 3.46201295
Link 3 12 21 0 2.63853432
Link 4 12 22 0 0.89859819
Link 5 12 23 0 2.15661731
Link 7 12 25 0 3.41273167
Link 8 12 26 0 1.25553534
Link 9 12 27 0 1.72016831
Link 1 13 28 0 0.57409518
Link 2 13 29 0 0.83453917
Link 3 13 30 0 2.77469588
Link 5 13 32 0 1.36324221
Link 6 13 33 0 -1.52480046
Link 7 13 34 0 3.18190607
Link 8 13 35 0 1.05236108
Link 9 13 36 0 3.02108060
Link 1 14 37 0 0.49297744
Link 2 14 38 0 0.48269224
Link 4 14 40 0 -1.15325795
Link 5 14 41 0 -0.77808680
Link 6 14 42 0 -0.45253290
Link 8 14 44 0 0.51925381
Link 9 14 45 0 5.21823103
Link 1 15 46 0 4.43045968
Link 2 15 47 0 -2.16139104
Link 3 15 48 0 -1.86966051
Link 4 15 49 0 4.67381391
Link 5 15 50 0 -3.80541854
Link 6 15 51 0 -1.70491737
Link 7 15 52 0 0.17614017
Link 8 15 53 0 1.10352780
Link 1 16 55 0 -0.16849972
Link 2 16 56 0 1.59658963
Link 3 16 57 0 1.41904166
Link 6 16 60 0 -3.28417111
Link 7 16 61 0 -2.12079157
Link 37 10 128 0 -1.03152298
Link 43 16 147 0 0.94526142
Link 4 44 149 0 0.77674245
Link 8 52 176 0 0.60843249
Link 52 10 177 0 1.42141313
Link 62 43 232 0 -0.20787639
Link 37 16 270 0 -3.12948836
Link 13 37 312 1 1.06530333
Link 7 62 347 0 -1.33656194
Link 37 13 420 0 -0.04079787
Link 15 15 463 1 -1.02409073
Link 44 10 468 0 -1.39051520
Link 8 105 588 0 1.16732795
Link 5 62 599 0 1.81612218
Link 5 115 670 0 1.07238183
Link 9 52 730 0 1.02008311
Link 3 126 753 0 0.49501418
Link 44 12 770 0 0.34929385
Link 4 134 805 0 0.48839791
Link 134 16 806 0 -0.83738702
Link 115 155 974 0 0.43051319
Link 155 37 975 0 -2.06455560
Link 37 37 977 1 -0.94906409
Link 3 115 1030 0 -0.82182733
Link 74 167 1053 0 1.56093588
Link 167 14 1054 0 -0.42477677
Link 37 115 1125 1 2.02483278
Link 35 178 1147 0 1.10930748
Link 12 52 1256 1 1.69593748
Link 43 220 1464 1 0.69692793
Link 178 227 1502 0 0.17315157
Link 227 10 1503 0 -0.03029972
Link 239 74 1564 0 1.36644238
Link 5 245 1613 0 -0.03432819
Link 12 74 1734 1 0.06010636
Link 1 264 1753 0 0.73177663
Link 264 195 1754 0 0.69439790
Link 195 316 2104 0 1.45492844
Link 316 35 2105 0 1.51304271
Link 74 317 2108 0 0.85328193
Link 115 35 2147 0 -2.08324606
Link 62 337 2210 0 1.28327355
Link 337 35 2211 0 -1.78900088
Link 3 44 2233 0 -3.35745680
Link 37 167 2413 0 1.42051771
Link 245 375 2478 0 0.78010429
Link 375 44 2479 0 -2.76015900
Link 5 423 2754 0 1.95876865
Link 423 178 2755 0 -1.45565949
Link 195 449 2963 0 0.67602232
Link 449 74 2964 0 0.50484584
Link 7 453 2999 0 1.90735759
Link 453 220 3000 0 -0.57216953
Link 105 465 3063 0 1.02665431
Link 465 52 3064 0 2.75599663
Link 6 134 3084 0 -1.20541083
Link 6 105 3112 0 2.82026029
Link 74 473 3122 0 1.43742257
Link 473 43 3123 0 -1.32065816
Link 375 74 3322 0 -2.61625166
Link 6 375 3351 0 0.01643542
Link 1 511 3385 0 0.82243337
Link 511 35 3386 0 0.18357790
Link 16 532 3507 1 1.23798166
Link 532 245 3508 1 -0.73916658
Link 10 563 3732 1 0.52782894
Link 563 140 3733 1 -0.02199213
Link 115 569 3774 0 1.76158523
Link 569 44 3775 0 -0.01713463
Link 316 178 3890 0 -1.60700927
Link 52 594 3929 1 1.02729557
Link 594 105 3930 1 -0.70810803
Link 126 621 4157 0 1.03900173
Link 621 43 4158 0 1.33390347
Link 3 465 4251 0 1.66091931
Link 264 637 4274 0 0.70591577
Link 637 195 4275 0 1.71186220
Link 665 43 4531 0 4.72350191
Link 10 668 4556 1 0.57240291
Link 668 134 4557 1 -1.42021439
Link 195 669 4559 0 0.47234904
Link 669 317 4560 0 0.08252527
Link 105 675 4604 1 0.96029485
Link 675 105 4605 1 -1.81557748
Link 245 677 4611 0 1.41462815
Link 677 220 4612 0 -1.05459600
Link 11 178 4689 1 2.15431719
Link 220 715 4872 1 1.32354279
Link 715 62 4873 1 3.68673933
Link 155 675 5000 1 -0.39647387
Link 735 105 5021 1 -2.08873005
Link 140 738 5040 1 0.14819717
Link 738 44 5041 1 2.46646625
Link 74 44 5064 0 -2.45805796
Link 8 423 5178 0 1.75114091
Link 239 239 5179 1 3.57592564
Link 155 43 5345 0 -0.09579519
Link 7 735 5423 0 -4.42999163
Link 264 453 5452 0 0.78105581
Link 9 134 5602 0 0.24896606
Link 264 245 5672 0 -0.18973243
Link 134 832 5712 0 1.26582437
Link 832 74 5713 0 -4.69947437
Link 7 473 5716 0 -3.82623434
Link 105 423 5738 0 -2.02277063
Link 52 836 5746 0 0.69375731
Link 836 665 5747 0 0.71497808
Link 6 852 5835 0 1.53763441
Link 852 195 5836 0 0.92011907
Link 675 878 5995 1 1.10875934
Link 878 735 5996 1 0.69680045
Link 105 220 6051 0 3.81149868
Link 890 239 6073 0 0.54642401
Link 3 908 6204 0 0.94743164
Link 908 890 6205 0 1.56743534
Link 35 465 6336 1 -1.71141144
Link 245 13 6421 0 -0.14101438
Link 115 167 6758 0 -0.45357438
Link 735 832 6812 0 -0.72363096
Link 16 832 6854 1 -1.17345194
Link 668 220 6896 1 3.32330799
Link 665 665 6897 1 -3.19648350
Link 832 220 6956 1 2.77110838
Link 239 668 7033 0 0.46903900
Link 37 832 7052 0 0.86197357
Link 317 1030 7082 0 0.28874694
Link 1030 13 7083 0 0.22938233
Link 155 140 7211 0 -2.41973535
Link 1 423 7373 0 4.63329146
Link 9 245 7394 0 2.27550131
Link 836 35 7506 0 1.22771354
Link 245 665 7598 0 1.55712622
Link 105 735 7669 0 0.89247116
Link 11 465 7792 1 1.51457692
Link 908 621 7902 0 3.85013558
Link 453 1149 7920 0 0.92012207
Link 1149 115 7921 0 -0.89725023
Link 245 735 8333 1 3.77476654
Link 669 35 8384 0 0.55688965
Link 126 74 8548 0 0.43779937
Link 7 878 8569 0 2.67050071
Link 532 621 8743 1 -0.07087688
Link 715 140 8762 0 -1.06711089
GenomeEnd

