GenomeStart 98275
Neuron 1 1 0.00000000 1 0.00000000 0.00000000 0.00000000 0.00000000
Neuron 2 1 0.00000000 1 0.00000000 0.00000000 0.00000000 0.00000000
Neuron 3 1 0.00000000 1 0.00000000 0.00000000 0.00000000 0.00000000
Neuron 4 1 0.00000000 1 0.00000000 0.00000000 0.00000000 0.00000000
Neuron 5 1 0.00000000 1 0.00000000 0.00000000 0.00000000 0.00000000
Neuron 6 1 0.00000000 1 0.00000000 0.00000000 0.00000000 0.00000000
Neuron 7 1 0.00000000 1 0.00000000 0.00000000 0.00000000 0.00000000
Neuron 8 1 0.00000000 1 0.00000000 0.00000000 0.00000000 0.00000000
Neuron 9 2 0.00000000 1 0.00000000 0.00000000 0.00000000 0.00000000
Neuron 10 4 1.00000000 0 1.00000000 0.00000000 0.00000000 0.00000000
Neuron 11 4 1.00000000 0 1.00000000 0.00000000 0.00000000 0.00000000
Neuron 12 4 1.00000000 0 1.00000000 0.00000000 0.00000000 0.00000000
Neuron 13 4 1.00000000 0 1.00000000 0.00000000 0.00000000 0.00000000
Neuron 14 4 1.00000000 0 1.00000000 0.00000000 0.00000000 0.00000000
Neuron 15 4 1.00000000 0 1.00000000 0.00000000 0.00000000 0.00000000
Neuron 16 4 1.00000000 0 1.00000000 0.00000000 0.00000000 0.00000000
Neuron 17 3 0.50000000 1 1.00000000 0.00000000 0.00000000 0.00000000
Neuron 18 3 0.50000000 1 1.00000000 0.00000000 0.00000000 0.00000000
Neuron 22 3 0.50000000 1 1.00000000 0.00000000 0.00000000 0.00000000
Neuron 35 3 0.50000000 1 1.00000000 0.00000000 0.00000000 0.00000000
Neuron 37 3 0.50000000 1 1.00000000 0.00000000 0.00000000 0.00000000
Neuron 43 3 0.50000000 1 1.00000000 0.00000000 0.00000000 0.00000000
Neuron 44 3 0.50000000 1 1.00000000 0.00000000 0.00000000 0.00000000
Neuron 48 3 0.50000000 1 1.00000000 0.00000000 0.00000000 0.00000000
Neuron 52 3 0.50000000 1 1.00000000 0.00000000 0.00000000 0.00000000
Neuron 59 3 0.50000000 1 1.00000000 0.00000000 0.00000000 0.00000000
Neuron 62 3 0.25000000 1 1.00000000 0.00000000 0.00000000 0.00000000
Neuron 74 3 0.50000000 1 1.00000000 0.00000000 0.00000000 0.00000000
Neuron 77 3 0.37500000 1 1.00000000 0.00000000 0.00000000 0.00000000
Neuron 105 3 0.12500000 1 1.00000000 0.00000000 0.00000000 0.00000000
Neuron 111 3 0.25000000 1 1.00000000 0.00000000 0.00000000 0.00000000
Neuron 115 3 0.25000000 1 1.00000000 0.00000000 0.00000000 0.00000000
Neuron 126 3 0.25000000 1 1.00000000 0.00000000 0.00000000 0.00000000
Neuron 134 3 0.50000000 1 1.00000000 0.00000000 0.00000000 0.00000000
Neuron 135 3 0.12500000 1 1.00000000 0.00000000 0.00000000 0.00000000
Neuron 140 3 0.75000000 1 1.00000000 0.00000000 0.00000000 0.00000000
Neuron 141 3 0.25000000 1 1.00000000 0.00000000 0.00000000 0.00000000
Neuron 155 3 0.37500000 1 1.00000000 0.00000000 0.00000000 0.00000000
Neuron 167 3 0.75000000 1 1.00000000 0.00000000 0.00000000 0.00000000
Neuron 178 3 0.75000000 1 1.00000000 0.00000000 0.00000000 0.00000000
Neuron 195 3 0.25000000 1 1.00000000 0.00000000 0.00000000 0.00000000
Neuron 220 3 0.37500000 1 1.00000000 0.00000000 0.00000000 0.00000000
Neuron 222 3 0.12500000 1 1.00000000 0.00000000 0.00000000 0.00000000
Neuron 235 3 0.43750000 1 1.00000000 0.00000000 0.00000000 0.00000000
Neuron 245 3 0.25000000 1 1.00000000 0.00000000 0.00000000 0.00000000
Neuron 264 3 0.12500000 1 1.00000000 0.00000000 0.00000000 0.00000000
Neuron 273 3 0.62500000 1 1.00000000 0.00000000 0.00000000 0.00000000
Neuron 316 3 0.37500000 1 1.00000000 0.00000000 0.00000000 0.00000000
Neuron 317 3 0.75000000 1 1.00000000 0.00000000 0.00000000 0.00000000
Neuron 337 3 0.37500000 1 1.00000000 0.00000000 0.00000000 0.00000000
Neuron 347 3 0.56250000 1 1.00000000 0.00000000 0.00000000 0.00000000
Neuron 375 3 0.37500000 1 1.00000000 0.00000000 0.00000000 0.00000000
Neuron 392 3 0.62500000 1 1.00000000 0.00000000 0.00000000 0.00000000
Neuron 423 3 0.37500000 1 1.00000000 0.00000000 0.00000000 0.00000000
Neuron 427 3 0.31250000 1 1.00000000 0.00000000 0.00000000 0.00000000
Neuron 453 3 0.18750000 1 1.00000000 0.00000000 0.00000000 0.00000000
Neuron 465 3 0.31250000 1 1.00000000 0.00000000 0.00000000 0.00000000
Neuron 469 3 0.06250000 1 1.00000000 0.00000000 0.00000000 0.00000000
Neuron 473 3 0.50000000 1 1.00000000 0.00000000 0.00000000 0.00000000
Neuron 478 3 0.75000000 1 1.00000000 0.00000000 0.00000000 0.00000000
Neuron 483 3 0.43750000 1 1.00000000 0.00000000 0.00000000 0.00000000
Neuron 485 3 0.31250000 1 1.00000000 0.00000000 0.00000000 0.00000000
Neuron 511 3 0.25000000 1 1.00000000 0.00000000 0.00000000 0.00000000
Neuron 532 3 0.62500000 1 1.00000000 0.00000000 0.00000000 0.00000000
Neuron 544 3 0.03125000 1 1.00000000 0.00000000 0.00000000 0.00000000
Neuron 563 3 0.87500000 1 1.00000000 0.00000000 0.00000000 0.00000000
Neuron 569 3 0.37500000 1 1.00000000 0.00000000 0.00000000 0.00000000
Neuron 586 3 0.18750000 1 1.00000000 0.00000000 0.00000000 0.00000000
Neuron 593 3 0.12500000 1 1.00000000 0.00000000 0.00000000 0.00000000
Neuron 621 3 0.37500000 1 1.00000000 0.00000000 0.00000000 0.00000000
Neuron 652 3 0.43750000 1 1.00000000 0.00000000 0.00000000 0.00000000
Neuron 660 3 0.12500000 1 1.00000000 0.00000000 0.00000000 0.00000000
Neuron 665 3 0.50000000 1 1.00000000 0.00000000 0.00000000 0.00000000
Neuron 679 3 0.37500000 1 1.00000000 0.00000000 0.00000000 0.00000000
Neuron 691 3 0.18750000 1 1.00000000 0.00000000 0.00000000 0.00000000
Neuron 695 3 0.31250000 1 1.00000000 0.00000000 0.00000000 0.00000000
Neuron 702 3 0.43750000 1 1.00000000 0.00000000 0.00000000 0.00000000
Neuron 715 3 0.31250000 1 1.00000000 0.00000000 0.00000000 0.00000000
Neuron 725 3 0.12500000 1 1.00000000 0.00000000 0.00000000 0.00000000
Neuron 780 3 0.12500000 1 1.00000000 0.00000000 0.00000000 0.00000000
Neuron 816 3 0.31250000 1 1.00000000 0.00000000 0.00000000 0.00000000
Neuron 822 3 0.50000000 1 1.00000000 0.00000000 0.00000000 0.00000000
Neuron 836 3 0.50000000 1 1.00000000 0.00000000 0.00000000 0.00000000
Neuron 852 3 0.12500000 1 1.00000000 0.00000000 0.00000000 0.00000000
Neuron 859 3 0.43750000 1 1.00000000 0.00000000 0.00000000 0.00000000
Neuron 899 3 0.06250000 1 1.00000000 0.00000000 0.00000000 0.00000000
Neuron 944 3 0.28125000 1 1.00000000 0.00000000 0.00000000 0.00000000
Neuron 949 3 0.46875000 1 1.00000000 0.00000000 0.00000000 0.00000000
Neuron 950 3 0.81250000 1 1.00000000 0.00000000 0.00000000 0.00000000
Neuron 1017 3 0.04687500 1 1.00000000 0.00000000 0.00000000 0.00000000
Neuron 1032 3 0.28125000 1 1.00000000 0.00000000 0.00000000 0.00000000
Neuron 1054 3 0.03906250 1 1.00000000 0.00000000 0.00000000 0.00000000
Neuron 1107 3 0.01562500 1 1.00000000 0.00000000 0.00000000 0.00000000
Neuron 1128 3 0.50000000 1 1.00000000 0.00000000 0.00000000 0.00000000
Neuron 1134 3 0.28125000 1 1.00000000 0.00000000 0.00000000 0.00000000
Neuron 1189 3 0.53125000 1 1.00000000 0.00000000 0.00000000 0.00000000
Neuron 1223 3 0.03515625 1 1.00000000 0.00000000 0.00000000 0.00000000
Neuron 1249 3 0.34375000 1 1.00000000 0.00000000 0.00000000 0.00000000
Neuron 1273 3 0.34375000 1 1.00000000 0.00000000 0.00000000 0.00000000
Neuron 1285 3 0.18750000 1 1.00000000 0.00000000 0.00000000 0.00000000
Neuron 1294 3 0.31250000 1 1.00000000 0.00000000 0.00000000 0.00000000
Neuron 1302 3 0.28125000 1 1.00000000 0.00000000 0.00000000 0.00000000
Neuron 1357 3 0.21875000 1 1.00000000 0.00000000 0.00000000 0.00000000
Neuron 1451 3 0.00781250 1 1.00000000 0.00000000 0.00000000 0.00000000
Neuron 1469 3 0.03320312 1 1.00000000 0.00000000 0.00000000 0.00000000
Neuron 1526 3 0.18750000 1 1.00000000 0.00000000 0.00000000 0.00000000
Neuron 1548 3 0.62500000 1 1.00000000 0.00000000 0.00000000 0.00000000
Neuron 1566 3 0.32812500 1 1.00000000 0.00000000 0.00000000 0.00000000
Neuron 1663 3 0.68750000 1 1.00000000 0.00000000 0.00000000 0.00000000
Neuron 1674 3 0.32812500 1 1.00000000 0.00000000 0.00000000 0.00000000
Neuron 1681 3 0.31250000 1 1.00000000 0.00000000 0.00000000 0.00000000
Neuron 1695 3 0.18750000 1 1.00000000 0.00000000 0.00000000 0.00000000
Neuron 1715 3 0.27343750 1 1.00000000 0.00000000 0.00000000 0.00000000
Neuron 1721 3 0.71875000 1 1.00000000 0.00000000 0.00000000 0.00000000
Neuron 1805 3 0.56250000 1 1.00000000 0.00000000 0.00000000 0.00000000
Neuron 1857 3 0.21875000 1 1.00000000 0.00000000 0.00000000 0.00000000
Neuron 1956 3 0.56250000 1 1.00000000 0.00000000 0.00000000 0.00000000
Neuron 2001 3 0.15625000 1 1.00000000 0.00000000 0.00000000 0.00000000
Neuron 2103 3 0.48437500 1 1.00000000 0.00000000 0.00000000 0.00000000
Neuron 2112 3 0.32031250 1 1.00000000 0.00000000 0.00000000 0.00000000
Neuron 2164 3 0.21875000 1 1.00000000 0.00000000 0.00000000 0.00000000
Neuron 2217 3 0.21875000 1 1.00000000 0.00000000 0.00000000 0.00000000
Link 2 10 2 0 -0.87507804
Link 3 10 3 0 -2.51195530
Link 4 10 4 0 3.42128436
Link 6 10 6 0 3.92134026
Link 7 10 7 0 -0.68231432
Link 9 10 9 0 -2.11928673
Link 1 11 10 0 -1.96173085
Link 2 11 11 0 -3.13163804
Link 3 11 12 0 -1.81398689
Link 4 11 13 0 -0.98426378
Link 5 11 14 0 1.68970598
Link 6 11 15 0 0.72230963
Link 7 11 16 0 -0.13278711
Link 9 11 18 0 -1.84608591
Link 1 12 19 0 -4.15529048
Link 2 12 20 0 2.63126406
Link 3 12 21 0 1.88980000
Link 4 12 22 0 -0.76485379
Link 5 12 23 0 2.33138164
Link 7 12 25 0 2.34606494
Link 8 12 26 0 0.65243872
Link 9 12 27 0 1.03400565
Link 2 13 29 0 0.69111573
Link 5 13 32 0 1.08222881
Link 6 13 33 0 -1.79742612
Link 7 13 34 0 3.38648427
Link 8 13 35 0 -0.04112806
Link 9 13 36 0 2.43499063
Link 1 14 37 0 0.88457212
Link 4 14 40 0 -0.73419778
Link 5 14 41 0 -0.32996760
Link 6 14 42 0 0.97976404
Link 9 14 45 0 5.47221981
Link 1 15 46 0 2.26430009
Link 2 15 47 0 -3.41048771
Link 3 15 48 0 -1.68890293
Link 4 15 49 0 3.73095365
Link 5 15 50 0 -4.64725546
Link 6 15 51 0 -3.01831543
Link 1 16 55 0 -0.29500893
Link 2 16 56 0 1.79162715
Link 3 16 57 0 1.29318389
Link 7 16 61 0 -2.65924029
Link 9 16 63 0 0.27721928
Link 8 17 65 0 0.92873315
Link 17 15 66 0 -0.65336578
Link 8 18 69 0 -0.06776590
Link 18 11 70 0 -0.62892310
Link 1 22 82 0 0.62578038
Link 22 13 83 0 0.48356880
Link 1 35 121 0 -1.13751387
Link 37 10 128 0 -0.44210882
Link 43 16 147 0 1.10148976
Link 4 44 149 0 0.90314467
Link 48 15 163 0 -0.55965913
Link 52 10 177 0 1.79880426
Link 2 59 221 0 0.94225826
Link 59 14 222 0 0.27246666
Link 37 16 270 0 -4.04763249
Link 3 74 291 0 1.20007129
Link 13 37 312 1 -0.54937532
Link 37 13 420 0 -0.43393921
Link 15 15 463 1 -0.27005660
Link 44 10 468 0 -1.47687219
Link 8 105 588 0 0.68676724
Link 5 62 599 0 0.90472826
Link 8 111 643 0 1.23459249
Link 111 52 644 0 1.26073108
Link 44 12 770 0 0.75488979
Link 74 74 774 1 -0.90029103
Link 4 134 805 0 0.10212774
Link 7 135 825 0 1.15017416
Link 140 44 873 1 0.85905951
Link 7 141 875 0 0.81693724
Link 141 48 876 0 0.61727434
Link 37 37 977 1 -1.28167221
Link 167 14 1054 0 -0.73987186
Link 37 115 1125 1 2.43663033
Link 178 10 1148 0 -0.82996777
Link 12 52 1256 1 1.50485446
Link 195 35 1273 0 4.25486578
Link 5 222 1482 0 1.10044500
Link 235 220 1540 1 1.20227324
Link 264 195 1754 0 0.99436840
Link 273 178 1804 0 -0.38625106
Link 195 316 2104 0 1.41659823
Link 316 35 2105 0 1.67346941
Link 74 317 2108 0 0.98163955
Link 317 13 2109 0 0.41544270
Link 115 35 2147 0 -1.92278655
Link 337 35 2211 0 -1.44526021
Link 3 44 2233 0 -3.20464357
Link 35 347 2280 0 1.00953185
Link 347 273 2281 0 1.40948900
Link 6 195 2361 0 2.93825235
Link 245 220 2415 0 0.19178022
Link 375 44 2479 0 -1.71932785
Link 9 264 2515 0 2.55658417
Link 392 167 2566 0 0.58657755
Link 5 423 2754 0 0.65762058
Link 423 178 2755 0 -0.95173983
Link 195 74 2756 0 0.96297256
Link 245 427 2790 0 0.17197376
Link 427 375 2791 0 1.08088910
Link 7 453 2999 0 0.45800666
Link 105 465 3063 0 1.08062314
Link 465 52 3064 0 4.48742937
Link 6 134 3084 0 -0.73901377
Link 469 264 3095 0 0.99851338
Link 6 105 3112 0 3.53993683
Link 11 264 3118 1 -3.00010500
Link 74 473 3122 0 0.47478071
Link 473 43 3123 0 -1.39196991
Link 478 16 3148 0 -0.81244011
Link 77 483 3204 0 0.74651194
Link 483 43 3205 0 0.25027955
Link 62 485 3221 0 1.12405979
Link 485 77 3222 0 1.60123699
Link 6 52 3312 0 -1.64931751
Link 375 74 3322 0 -2.56908183
Link 511 35 3386 0 -0.30931270
Link 10 134 3388 1 -0.12867781
Link 52 105 3461 1 -0.77676892
Link 532 245 3508 1 -0.43601243
Link 10 563 3732 1 0.93096588
Link 563 140 3733 1 0.77221798
Link 115 569 3774 0 0.90262281
Link 569 44 3775 0 0.58372315
Link 6 586 3888 0 1.43325615
Link 316 178 3890 0 -1.32789642
Link 3 593 3926 0 1.43871266
Link 593 126 3927 0 1.09138484
Link 134 74 4107 0 -4.14652050
Link 126 621 4157 0 1.04430837
Link 621 43 4158 0 0.45747370
Link 3 465 4251 0 1.43560148
Link 264 155 4255 0 0.94867546
Link 3 453 4276 0 -3.41433810
Link 4 264 4350 0 4.92639867
Link 155 652 4411 0 1.27893488
Link 652 37 4412 0 -3.04216811
Link 6 465 4413 0 -2.81406918
Link 660 115 4507 0 -0.61780911
Link 469 11 4646 0 0.09155918
Link 135 691 4703 0 1.27202103
Link 691 62 4704 0 -1.48506659
Link 695 155 4741 0 0.10241408
Link 679 702 4786 0 0.74761734
Link 702 44 4787 0 -1.85104022
Link 8 725 4925 0 -0.17108946
Link 135 52 4998 0 -1.49365801
Link 725 52 5177 0 -3.42169946
Link 155 35 5218 0 -3.31633779
Link 14 140 5324 1 -0.35438475
Link 1 780 5326 0 0.40672845
Link 780 511 5327 0 1.10860394
Link 178 44 5514 1 -0.01788929
Link 195 816 5600 0 1.46554350
Link 195 375 5634 0 -3.30018796
Link 665 822 5637 0 0.92169988
Link 822 43 5638 0 3.45194799
Link 836 665 5747 0 0.54564842
Link 6 852 5835 0 0.82448765
Link 859 74 5862 0 -2.46295313
Link 13 469 5879 1 -2.90727203
Link 465 532 6010 0 -2.03476506
Link 3 899 6145 0 0.97401476
Link 899 660 6146 0 0.97993597
Link 586 944 6465 0 0.74891608
Link 944 375 6466 0 -0.50299221
Link 702 115 6486 1 3.64167557
Link 949 235 6504 1 1.00058001
Link 16 950 6506 1 1.37326931
Link 950 532 6507 1 0.14404324
Link 4 586 6575 0 -0.38543975
Link 423 679 6594 0 -2.77098828
Link 465 134 6614 0 -1.73415811
Link 469 195 6615 0 0.74640996
Link 77 15 6660 0 0.20494860
Link 1017 469 7004 0 0.62906724
Link 816 816 7037 1 -4.10598107
Link 511 375 7058 0 -1.78572856
Link 715 1032 7089 1 0.95335017
Link 1032 62 7090 1 3.25523966
Link 195 586 7178 1 -4.62129283
Link 1054 1017 7252 0 -0.29466361
Link 195 511 7268 0 0.25354965
Link 544 105 7304 0 -1.03944919
Link 9 245 7394 0 3.88083603
Link 155 10 7424 0 -0.14889425
Link 660 220 7584 0 -0.67503913
Link 1107 544 7603 0 0.78418499
Link 715 950 7642 0 0.35611788
Link 423 167 7721 0 -1.75744562
Link 15 316 7746 1 -2.11191669
Link 859 178 7757 0 -0.06667615
Link 52 1128 7762 0 1.02770028
Link 1128 836 7763 0 1.01419968
Link 453 1134 7800 0 1.23886571
Link 222 74 8072 0 0.16776459
Link 16 465 8169 1 1.22075431
Link 532 1189 8179 1 0.84496598
Link 1189 702 8180 1 0.77617112
Link 222 511 8206 0 1.95787894
Link 544 1223 8390 0 -3.07856809
Link 1223 1054 8391 0 1.31495316
Link 7 126 8454 0 -1.22409812
Link 427 52 8477 0 -1.18661131
Link 5 111 8551 0 1.85363413
Link 220 1249 8586 1 0.20973895
Link 1249 715 8587 1 1.93842163
Link 18 816 8747 1 3.14468024
Link 473 586 8770 1 0.53844571
Link 1273 679 8773 0 1.44062043
Link 660 1285 8846 0 0.16899430
Link 1285 111 8847 0 -3.63503501
Link 715 695 8891 0 0.08421879
Link 62 1294 8894 0 1.00000000
Link 1294 337 8895 0 0.99756858
Link 115 1302 8967 0 0.77634137
Link 1302 816 9110 0 -0.80745891
Link 9 337 9237 0 -0.36737067
Link 52 423 9238 1 3.26780538
Link 245 1357 9370 1 1.03237909
Link 1357 586 9371 1 -2.18663574
Link 1273 1107 9550 1 0.62546625
Link 1 1451 10014 0 -0.18140039
Link 1451 1107 10015 0 0.50630386
Link 544 1469 10162 0 0.86994356
Link 1469 1223 10163 0 1.28263747
Link 469 852 10181 0 -0.57240346
Link 852 1526 10614 0 0.89509284
Link 134 1548 10743 0 1.17470515
Link 1548 478 10744 0 0.94561549
Link 593 816 10825 0 2.16172542
Link 9 691 10843 0 -0.11384202
Link 8 220 10884 0 -4.29701146
Link 1134 1566 10906 0 0.96082632
Link 1566 220 10907 0 -0.52439820
Link 1107 725 11300 0 0.30613725
Link 532 1663 11720 0 1.15194930
Link 9 1451 11746 0 1.70466572
Link 1674 1273 11834 0 1.06690565
Link 780 1681 11912 0 0.56249110
Link 1681 18 11913 0 0.55764322
Link 469 1223 11916 1 -0.45883773
Link 1302 18 12006 0 -3.06246007
Link 1223 586 12028 0 -3.04022026
Link 222 1695 12045 0 1.13242795
Link 1695 115 12046 0 0.26627888
Link 586 245 12076 0 1.60807537
Link 1302 12 12094 0 -0.03861891
Link 18 1715 12190 1 1.00038304
Link 1715 1017 12191 1 -0.93941245
Link 1663 1721 12224 0 0.94944304
Link 1721 317 12225 0 -3.65212880
Link 44 22 12647 0 -3.53379439
Link 1302 702 12856 0 1.20208123
Link 74 1805 12876 0 0.94125374
Link 1805 392 12877 0 0.66465734
Link 725 621 13135 0 -2.25061524
Link 3 1857 13369 0 0.81231662
Link 1857 859 13370 0 -0.44895717
Link 316 679 13579 0 0.92080461
Link 469 1548 13824 0 -1.76520861
Link 427 1294 13870 0 3.53061705
Link 679 17 14014 0 -0.88905800
Link 593 392 14039 0 -1.78171010
Link 1134 485 14172 0 2.69409643
Link 483 1956 14200 0 1.00000000
Link 1956 1663 14201 0 -2.48645775
Link 593 115 14266 0 -0.12160515
Link 1663 1223 14406 1 2.15145260
Link 469 2001 14511 0 1.03856425
Link 2001 111 14512 0 -2.71804447
Link 375 167 14820 0 3.09475331
Link 950 1695 15394 1 1.78099509
Link 43 2103 15415 1 1.01864550
Link 2103 949 15416 1 1.02964789
Link 816 2112 15464 0 1.02892008
Link 2112 1674 15465 0 0.73116837
Link 852 1249 15515 0 -1.99000001
Link 1548 1294 15798 1 1.45639316
Link 235 950 15881 0 0.29644362
Link 1681 1249 15940 0 2.91134091
Link 111 2164 15977 1 0.38230956
Link 2164 1285 15978 1 0.40689061
Link 44 2164 16087 1 1.62172521
Link 1032 1681 16117 0 -3.58898138
Link 465 780 16269 1 1.58699764
Link 1469 949 16352 0 -2.43621234
Link 1526 2217 16387 0 0.95401412
Link 2217 195 16388 0 1.22266036
Link 222 1285 16532 0 0.95494808
Link 569 59 16556 0 -1.46536782
Link 2 695 16810 0 2.45474127
Link 155 859 16907 0 1.02037356
GenomeEnd

