GenomeStart 64570
Neuron 1 1 0.00000000 1 0.00000000 0.00000000 0.00000000 0.00000000
Neuron 2 1 0.00000000 1 0.00000000 0.00000000 0.00000000 0.00000000
Neuron 3 1 0.00000000 1 0.00000000 0.00000000 0.00000000 0.00000000
Neuron 4 1 0.00000000 1 0.00000000 0.00000000 0.00000000 0.00000000
Neuron 5 1 0.00000000 1 0.00000000 0.00000000 0.00000000 0.00000000
Neuron 6 1 0.00000000 1 0.00000000 0.00000000 0.00000000 0.00000000
Neuron 7 1 0.00000000 1 0.00000000 0.00000000 0.00000000 0.00000000
Neuron 8 1 0.00000000 1 0.00000000 0.00000000 0.00000000 0.00000000
Neuron 9 2 0.00000000 1 0.00000000 0.00000000 0.00000000 0.00000000
Neuron 10 4 1.00000000 0 1.00000000 0.00000000 0.00000000 0.00000000
Neuron 11 4 1.00000000 0 1.00000000 0.00000000 0.00000000 0.00000000
Neuron 12 4 1.00000000 0 1.00000000 0.00000000 0.00000000 0.00000000
Neuron 13 4 1.00000000 0 1.00000000 0.00000000 0.00000000 0.00000000
Neuron 14 4 1.00000000 0 1.00000000 0.00000000 0.00000000 0.00000000
Neuron 15 4 1.00000000 0 1.00000000 0.00000000 0.00000000 0.00000000
Neuron 16 4 1.00000000 0 1.00000000 0.00000000 0.00000000 0.00000000
Neuron 35 3 0.50000000 1 1.00000000 0.00000000 0.00000000 0.00000000
Neuron 37 3 0.50000000 1 1.00000000 0.00000000 0.00000000 0.00000000
Neuron 41 3 0.50000000 1 1.00000000 0.00000000 0.00000000 0.00000000
Neuron 43 3 0.50000000 1 1.00000000 0.00000000 0.00000000 0.00000000
Neuron 44 3 0.50000000 1 1.00000000 0.00000000 0.00000000 0.00000000
Neuron 52 3 0.50000000 1 1.00000000 0.00000000 0.00000000 0.00000000
Neuron 62 3 0.25000000 1 1.00000000 0.00000000 0.00000000 0.00000000
Neuron 74 3 0.50000000 1 1.00000000 0.00000000 0.00000000 0.00000000
Neuron 105 3 0.12500000 1 1.00000000 0.00000000 0.00000000 0.00000000
Neuron 115 3 0.25000000 1 1.00000000 0.00000000 0.00000000 0.00000000
Neuron 126 3 0.25000000 1 1.00000000 0.00000000 0.00000000 0.00000000
Neuron 134 3 0.50000000 1 1.00000000 0.00000000 0.00000000 0.00000000
Neuron 135 3 0.12500000 1 1.00000000 0.00000000 0.00000000 0.00000000
Neuron 140 3 0.75000000 1 1.00000000 0.00000000 0.00000000 0.00000000
Neuron 155 3 0.37500000 1 1.00000000 0.00000000 0.00000000 0.00000000
Neuron 167 3 0.75000000 1 1.00000000 0.00000000 0.00000000 0.00000000
Neuron 178 3 0.75000000 1 1.00000000 0.00000000 0.00000000 0.00000000
Neuron 195 3 0.25000000 1 1.00000000 0.00000000 0.00000000 0.00000000
Neuron 220 3 0.37500000 1 1.00000000 0.00000000 0.00000000 0.00000000
Neuron 227 3 0.87500000 1 1.00000000 0.00000000 0.00000000 0.00000000
Neuron 239 3 0.25000000 1 1.00000000 0.00000000 0.00000000 0.00000000
Neuron 245 3 0.25000000 1 1.00000000 0.00000000 0.00000000 0.00000000
Neuron 264 3 0.12500000 1 1.00000000 0.00000000 0.00000000 0.00000000
Neuron 290 3 0.12500000 1 1.00000000 0.00000000 0.00000000 0.00000000
Neuron 316 3 0.37500000 1 1.00000000 0.00000000 0.00000000 0.00000000
Neuron 317 3 0.75000000 1 1.00000000 0.00000000 0.00000000 0.00000000
Neuron 337 3 0.37500000 1 1.00000000 0.00000000 0.00000000 0.00000000
Neuron 375 3 0.37500000 1 1.00000000 0.00000000 0.00000000 0.00000000
Neuron 423 3 0.37500000 1 1.00000000 0.00000000 0.00000000 0.00000000
Neuron 449 3 0.37500000 1 1.00000000 0.00000000 0.00000000 0.00000000
Neuron 453 3 0.18750000 1 1.00000000 0.00000000 0.00000000 0.00000000
Neuron 465 3 0.31250000 1 1.00000000 0.00000000 0.00000000 0.00000000
Neuron 473 3 0.50000000 1 1.00000000 0.00000000 0.00000000 0.00000000
Neuron 511 3 0.25000000 1 1.00000000 0.00000000 0.00000000 0.00000000
Neuron 532 3 0.62500000 1 1.00000000 0.00000000 0.00000000 0.00000000
Neuron 563 3 0.87500000 1 1.00000000 0.00000000 0.00000000 0.00000000
Neuron 569 3 0.37500000 1 1.00000000 0.00000000 0.00000000 0.00000000
Neuron 594 3 0.31250000 1 1.00000000 0.00000000 0.00000000 0.00000000
Neuron 597 3 0.12500000 1 1.00000000 0.00000000 0.00000000 0.00000000
Neuron 621 3 0.37500000 1 1.00000000 0.00000000 0.00000000 0.00000000
Neuron 637 3 0.18750000 1 1.00000000 0.00000000 0.00000000 0.00000000
Neuron 665 3 0.50000000 1 1.00000000 0.00000000 0.00000000 0.00000000
Neuron 668 3 0.75000000 1 1.00000000 0.00000000 0.00000000 0.00000000
Neuron 669 3 0.50000000 1 1.00000000 0.00000000 0.00000000 0.00000000
Neuron 675 3 0.12500000 1 1.00000000 0.00000000 0.00000000 0.00000000
Neuron 677 3 0.31250000 1 1.00000000 0.00000000 0.00000000 0.00000000
Neuron 708 3 0.43750000 1 1.00000000 0.00000000 0.00000000 0.00000000
Neuron 715 3 0.31250000 1 1.00000000 0.00000000 0.00000000 0.00000000
Neuron 735 3 0.12500000 1 1.00000000 0.00000000 0.00000000 0.00000000
Neuron 738 3 0.62500000 1 1.00000000 0.00000000 0.00000000 0.00000000
Neuron 796 3 0.56250000 1 1.00000000 0.00000000 0.00000000 0.00000000
Neuron 832 3 0.50000000 1 1.00000000 0.00000000 0.00000000 0.00000000
Neuron 836 3 0.50000000 1 1.00000000 0.00000000 0.00000000 0.00000000
Neuron 852 3 0.12500000 1 1.00000000 0.00000000 0.00000000 0.00000000
Neuron 871 3 0.37500000 1 1.00000000 0.00000000 0.00000000 0.00000000
Neuron 878 3 0.12500000 1 1.00000000 0.00000000 0.00000000 0.00000000
Neuron 890 3 0.12500000 1 1.00000000 0.00000000 0.00000000 0.00000000
Neuron 908 3 0.06250000 1 1.00000000 0.00000000 0.00000000 0.00000000
Neuron 1030 3 0.87500000 1 1.00000000 0.00000000 0.00000000 0.00000000
Neuron 1032 3 0.28125000 1 1.00000000 0.00000000 0.00000000 0.00000000
Neuron 1146 3 0.21875000 1 1.00000000 0.00000000 0.00000000 0.00000000
Neuron 1149 3 0.21875000 1 1.00000000 0.00000000 0.00000000 0.00000000
Neuron 1170 3 0.40625000 1 1.00000000 0.00000000 0.00000000 0.00000000
Neuron 1191 3 0.03125000 1 1.00000000 0.00000000 0.00000000 0.00000000
Neuron 1277 3 0.56250000 1 1.00000000 0.00000000 0.00000000 0.00000000
Neuron 1335 3 0.50000000 1 1.00000000 0.00000000 0.00000000 0.00000000
Neuron 1361 3 0.37500000 1 1.00000000 0.00000000 0.00000000 0.00000000
Neuron 1379 3 0.35937500 1 1.00000000 0.00000000 0.00000000 0.00000000
Neuron 1380 3 0.50000000 1 1.00000000 0.00000000 0.00000000 0.00000000
Neuron 1394 3 0.23437500 1 1.00000000 0.00000000 0.00000000 0.00000000
Neuron 1506 3 0.31250000 1 1.00000000 0.00000000 0.00000000 0.00000000
Neuron 1542 3 0.50000000 1 1.00000000 0.00000000 0.00000000 0.00000000
Neuron 1571 3 0.65625000 1 1.00000000 0.00000000 0.00000000 0.00000000
Link 2 10 2 0 -0.96965210
Link 3 10 3 0 -2.75028009
Link 4 10 4 0 4.30587787
Link 6 10 6 0 3.31731924
Link 7 10 7 0 -0.85208141
Link 9 10 9 0 -2.43975484
Link 1 11 10 0 -1.49850662
Link 2 11 11 0 -3.78514216
Link 3 11 12 0 -2.56702038
Link 4 11 13 0 -2.19318299
Link 5 11 14 0 2.12760355
Link 6 11 15 0 0.86664859
Link 7 11 16 0 -1.56045610
Link 8 11 17 0 -0.16692102
Link 9 11 18 0 -2.49422411
Link 1 12 19 0 -3.88765893
Link 2 12 20 0 2.64203132
Link 3 12 21 0 2.71040573
Link 4 12 22 0 0.36981987
Link 5 12 23 0 2.03530056
Link 7 12 25 0 2.92746659
Link 8 12 26 0 1.25892586
Link 9 12 27 0 1.39433538
Link 1 13 28 0 0.56574843
Link 2 13 29 0 0.30959197
Link 3 13 30 0 3.26131184
Link 5 13 32 0 0.56224905
Link 6 13 33 0 -1.29135007
Link 7 13 34 0 3.22268565
Link 8 13 35 0 0.72695157
Link 9 13 36 0 2.86518065
Link 2 14 38 0 0.50311895
Link 4 14 40 0 -1.15413278
Link 5 14 41 0 -0.66595259
Link 6 14 42 0 -0.60957173
Link 8 14 44 0 0.44541001
Link 9 14 45 0 5.39907468
Link 1 15 46 0 4.41656887
Link 2 15 47 0 -2.15794405
Link 3 15 48 0 -1.81428136
Link 4 15 49 0 4.69289865
Link 5 15 50 0 -4.43156438
Link 6 15 51 0 -1.76515037
Link 7 15 52 0 0.21589915
Link 8 15 53 0 0.71897352
Link 1 16 55 0 -0.04843939
Link 2 16 56 0 1.23637586
Link 3 16 57 0 1.29560045
Link 7 16 61 0 -2.31073344
Link 37 10 128 0 -1.50398466
Link 1 41 140 0 0.97497491
Link 41 14 141 0 0.82498198
Link 43 16 147 0 1.04184631
Link 4 44 149 0 0.82137138
Link 8 52 176 0 0.23260590
Link 52 10 177 0 1.60389466
Link 62 43 232 0 -0.18848152
Link 37 16 270 0 -3.36187908
Link 13 37 312 1 1.29104021
Link 37 13 420 0 0.33144026
Link 15 15 463 1 -0.94447330
Link 44 10 468 0 -1.73981781
Link 3 35 553 0 0.67500715
Link 8 105 588 0 0.81685853
Link 9 52 730 0 1.13331943
Link 3 126 753 0 0.65031039
Link 44 12 770 0 0.33734925
Link 4 134 805 0 0.67570929
Link 134 16 806 0 -0.69295224
Link 7 135 825 0 1.00000000
Link 135 62 826 0 -1.44407198
Link 115 155 974 0 0.48517800
Link 155 37 975 0 -2.55574681
Link 37 37 977 1 -0.87286740
Link 3 115 1030 0 -0.83441374
Link 74 167 1053 0 1.29546015
Link 167 14 1054 0 -0.88962518
Link 37 115 1125 1 2.48479578
Link 35 178 1147 0 1.22250896
Link 12 52 1256 1 1.75671915
Link 43 220 1464 1 0.86163920
Link 178 227 1502 0 0.45047118
Link 227 10 1503 0 0.00436056
Link 239 74 1564 0 1.53298868
Link 12 74 1734 1 -0.76296084
Link 1 264 1753 0 0.75723142
Link 264 195 1754 0 0.67950021
Link 5 290 1925 0 1.00000000
Link 290 62 1926 0 3.02056515
Link 195 316 2104 0 1.29318954
Link 316 35 2105 0 0.79222139
Link 74 317 2108 0 0.87161418
Link 115 35 2147 0 -2.20472112
Link 62 337 2210 0 1.21907164
Link 337 35 2211 0 -1.86564650
Link 3 44 2233 0 -3.48997391
Link 37 167 2413 0 1.64677961
Link 245 375 2478 0 0.61321649
Link 375 44 2479 0 -2.45504837
Link 5 423 2754 0 1.51721360
Link 423 178 2755 0 -1.38778216
Link 195 449 2963 0 0.77245293
Link 7 453 2999 0 2.09849501
Link 453 220 3000 0 0.33798191
Link 105 465 3063 0 0.43580569
Link 465 52 3064 0 3.70435363
Link 6 134 3084 0 -1.50408395
Link 6 105 3112 0 1.99782301
Link 74 473 3122 0 1.12385549
Link 473 43 3123 0 -2.23572294
Link 375 74 3322 0 -2.68164698
Link 6 375 3351 0 -0.27780853
Link 1 511 3385 0 0.68723131
Link 511 35 3386 0 -0.18279313
Link 16 532 3507 1 1.38589965
Link 532 245 3508 1 -0.25923024
Link 10 563 3732 1 0.79612617
Link 563 140 3733 1 0.45910699
Link 115 569 3774 0 1.49412158
Link 569 44 3775 0 0.23041427
Link 316 178 3890 0 -1.69361734
Link 52 594 3929 1 1.05921576
Link 5 597 3956 0 1.00000000
Link 597 245 3957 0 0.78916065
Link 126 621 4157 0 1.19247248
Link 621 43 4158 0 1.33390347
Link 3 465 4251 0 2.03477327
Link 264 637 4274 0 0.71949244
Link 637 195 4275 0 1.78650042
Link 665 43 4531 0 4.42624989
Link 10 668 4556 1 0.36823597
Link 668 134 4557 1 -0.97730325
Link 669 317 4560 0 -0.94484766
Link 105 675 4604 1 1.26132791
Link 675 105 4605 1 -1.76159983
Link 245 677 4611 0 0.77549985
Link 677 220 4612 0 -0.80028275
Link 11 178 4689 1 1.25586197
Link 449 708 4821 0 1.00000000
Link 708 74 4822 0 0.40172126
Link 220 715 4872 1 0.83591344
Link 155 675 5000 1 0.60281172
Link 140 738 5040 1 0.80463705
Link 74 44 5064 0 -1.86640545
Link 8 423 5178 0 1.99252660
Link 239 239 5179 1 3.26085939
Link 178 178 5196 1 -1.45720845
Link 155 43 5345 0 -0.14189241
Link 7 735 5423 0 -3.93051895
Link 264 453 5452 0 1.53546065
Link 738 796 5459 1 1.00000000
Link 796 44 5460 1 2.23092279
Link 264 245 5672 0 -0.48912710
Link 134 832 5712 0 0.82822078
Link 832 74 5713 0 -4.53726820
Link 7 473 5716 0 -4.10555533
Link 105 423 5738 0 -1.72251977
Link 74 669 5739 0 3.17047989
Link 52 836 5746 0 0.72786190
Link 836 665 5747 0 0.64358135
Link 6 852 5835 0 1.63992935
Link 852 195 5836 0 0.79476085
Link 195 871 5949 0 1.00000000
Link 871 669 5950 0 0.97279477
Link 675 878 5995 1 1.04413288
Link 878 735 5996 1 0.39011703
Link 105 220 6051 0 3.31359024
Link 890 239 6073 0 0.54881920
Link 908 890 6205 0 1.68291874
Link 245 13 6421 0 -0.03464286
Link 115 167 6758 0 -0.22338239
Link 735 832 6812 0 -0.66927501
Link 16 832 6854 1 -1.21775064
Link 832 220 6956 1 2.85867585
Link 239 668 7033 0 0.50849546
Link 37 832 7052 0 0.56253295
Link 317 1030 7082 0 0.77642094
Link 1030 13 7083 0 0.22938233
Link 715 1032 7089 1 0.69196500
Link 1032 62 7090 1 3.92068013
Link 155 140 7211 0 -2.38234659
Link 1 423 7373 0 4.51578293
Link 9 245 7394 0 1.77921771
Link 836 35 7506 0 0.90654354
Link 245 665 7598 0 1.30813812
Link 105 735 7669 0 1.88932157
Link 11 465 7792 1 1.11227746
Link 594 1146 7885 1 1.00000000
Link 1146 105 7886 1 -0.25585575
Link 908 621 7902 0 3.85013558
Link 453 1149 7920 0 0.92012207
Link 35 1170 8066 1 0.66592410
Link 3 1191 8187 0 0.88079280
Link 1191 908 8188 0 0.97340345
Link 245 735 8333 1 3.85176703
Link 7 878 8569 0 2.45706610
Link 715 140 8762 0 -1.12376156
Link 1277 220 8791 1 3.16791527
Link 115 832 8981 0 0.31643809
Link 37 669 9053 0 -1.39997094
Link 665 1335 9199 1 1.11286811
Link 1335 665 9200 1 -3.21409834
Link 11 836 9331 1 -4.67612359
Link 1361 74 9404 0 0.46457585
Link 668 677 9445 1 -0.73461922
Link 13 105 9514 1 -2.58089137
Link 1170 1379 9537 1 1.00000000
Link 1379 465 9538 1 -1.68346745
Link 669 1380 9542 0 0.70705717
Link 1380 35 9543 0 1.14602227
Link 1149 1394 9639 0 1.00000000
Link 1394 115 9640 0 -1.11362848
Link 37 465 10047 1 -1.80535562
Link 832 105 10276 1 -2.63769673
Link 5 890 10298 0 -1.18163664
Link 2 1149 10349 0 -2.99046378
Link 126 1506 10455 0 1.00000000
Link 1506 1361 10456 0 0.40747782
Link 44 836 10515 0 2.91365470
Link 532 1542 10711 1 1.00000000
Link 1542 621 10712 1 -0.24407485
Link 668 1571 10947 1 1.00000000
Link 1571 1277 10948 1 0.32355601
GenomeEnd

