GenomeStart 17634
Neuron 1 1 0.00000000 1 0.00000000 0.00000000 0.00000000 0.00000000
Neuron 2 1 0.00000000 1 0.00000000 0.00000000 0.00000000 0.00000000
Neuron 3 1 0.00000000 1 0.00000000 0.00000000 0.00000000 0.00000000
Neuron 4 1 0.00000000 1 0.00000000 0.00000000 0.00000000 0.00000000
Neuron 5 1 0.00000000 1 0.00000000 0.00000000 0.00000000 0.00000000
Neuron 6 1 0.00000000 1 0.00000000 0.00000000 0.00000000 0.00000000
Neuron 7 1 0.00000000 1 0.00000000 0.00000000 0.00000000 0.00000000
Neuron 8 1 0.00000000 1 0.00000000 0.00000000 0.00000000 0.00000000
Neuron 9 2 0.00000000 1 0.00000000 0.00000000 0.00000000 0.00000000
Neuron 10 4 1.00000000 0 1.00000000 0.00000000 0.00000000 0.00000000
Neuron 11 4 1.00000000 0 1.00000000 0.00000000 0.00000000 0.00000000
Neuron 12 4 1.00000000 0 1.00000000 0.00000000 0.00000000 0.00000000
Neuron 13 4 1.00000000 0 1.00000000 0.00000000 0.00000000 0.00000000
Neuron 14 4 1.00000000 0 1.00000000 0.00000000 0.00000000 0.00000000
Neuron 15 4 1.00000000 0 1.00000000 0.00000000 0.00000000 0.00000000
Neuron 16 4 1.00000000 0 1.00000000 0.00000000 0.00000000 0.00000000
Neuron 18 3 0.50000000 1 1.00000000 0.00000000 0.00000000 0.00000000
Neuron 25 3 0.50000000 1 1.00000000 0.00000000 0.00000000 0.00000000
Neuron 59 3 0.50000000 1 1.00000000 0.00000000 0.00000000 0.00000000
Neuron 67 3 0.50000000 1 1.00000000 0.00000000 0.00000000 0.00000000
Neuron 72 3 0.50000000 1 1.00000000 0.00000000 0.00000000 0.00000000
Neuron 89 3 0.75000000 1 1.00000000 0.00000000 0.00000000 0.00000000
Neuron 131 3 0.87500000 1 1.00000000 0.00000000 0.00000000 0.00000000
Neuron 139 3 0.25000000 1 1.00000000 0.00000000 0.00000000 0.00000000
Neuron 170 3 0.12500000 1 1.00000000 0.00000000 0.00000000 0.00000000
Neuron 177 3 0.25000000 1 1.00000000 0.00000000 0.00000000 0.00000000
Neuron 208 3 0.75000000 1 1.00000000 0.00000000 0.00000000 0.00000000
Neuron 219 3 0.75000000 1 1.00000000 0.00000000 0.00000000 0.00000000
Neuron 287 3 0.12500000 1 1.00000000 0.00000000 0.00000000 0.00000000
Neuron 288 3 0.18750000 1 1.00000000 0.00000000 0.00000000 0.00000000
Neuron 310 3 0.25000000 1 1.00000000 0.00000000 0.00000000 0.00000000
Neuron 341 3 0.93750000 1 1.00000000 0.00000000 0.00000000 0.00000000
Neuron 359 3 0.34375000 1 1.00000000 0.00000000 0.00000000 0.00000000
Neuron 387 3 0.62500000 1 1.00000000 0.00000000 0.00000000 0.00000000
Link 1 10 1 0 3.31939851
Link 2 10 2 0 0.83272034
Link 3 10 3 0 -2.09719575
Link 4 10 4 0 -1.12405338
Link 5 10 5 0 -0.52528071
Link 6 10 6 0 -1.00230584
Link 8 10 8 0 1.35509318
Link 9 10 9 0 -2.34873994
Link 1 11 10 0 -1.76744106
Link 2 11 11 0 1.56407436
Link 3 11 12 0 5.01610018
Link 4 11 13 0 1.37994121
Link 5 11 14 0 0.63312755
Link 7 11 16 0 -6.63793013
Link 8 11 17 0 -0.76850007
Link 9 11 18 0 4.32227931
Link 1 12 19 0 -2.73379292
Link 3 12 21 0 -2.94529862
Link 4 12 22 0 -0.05819740
Link 5 12 23 0 0.30159909
Link 8 12 26 0 2.02401228
Link 9 12 27 0 -2.91584047
Link 1 13 28 0 -0.90048665
Link 2 13 29 0 -3.88592987
Link 3 13 30 0 -2.82683671
Link 4 13 31 0 1.18125253
Link 5 13 32 0 1.08050514
Link 6 13 33 0 -1.10027892
Link 7 13 34 0 0.67820431
Link 8 13 35 0 -1.50778347
Link 9 13 36 0 0.21930940
Link 2 14 38 0 -1.41197835
Link 3 14 39 0 -2.78092155
Link 4 14 40 0 -4.38535204
Link 5 14 41 0 -1.68401442
Link 6 14 42 0 1.18475870
Link 7 14 43 0 2.56320790
Link 8 14 44 0 -1.34063808
Link 9 14 45 0 3.43738804
Link 1 15 46 0 1.69067947
Link 2 15 47 0 -2.33809806
Link 3 15 48 0 -3.76429611
Link 4 15 49 0 1.38478984
Link 5 15 50 0 -3.34667196
Link 6 15 51 0 -1.48561948
Link 8 15 53 0 2.62565974
Link 9 15 54 0 4.78788608
Link 2 16 56 0 0.63436391
Link 3 16 57 0 0.66702486
Link 4 16 58 0 -0.84698942
Link 5 16 59 0 0.47340462
Link 6 16 60 0 -1.30573238
Link 7 16 61 0 -1.90637644
Link 8 16 62 0 3.33068374
Link 9 16 63 0 -2.49125700
Link 7 18 68 0 1.00000000
Link 18 15 69 0 0.76797252
Link 1 25 89 0 0.61204169
Link 25 16 90 0 -0.13246222
Link 12 12 226 1 -1.53156925
Link 72 12 287 0 0.56280144
Link 10 10 418 1 3.86662364
Link 67 89 423 0 1.06105588
Link 89 131 754 0 1.00000000
Link 139 67 807 0 0.20683828
Link 8 25 871 0 -0.36584614
Link 1 170 1060 0 0.90478900
Link 177 59 1118 0 1.12963793
Link 6 59 1354 0 3.81262365
Link 59 208 1370 0 1.00000000
Link 208 10 1371 0 -0.01515075
Link 14 219 1419 1 1.00000000
Link 219 59 1420 1 3.18629173
Link 89 15 1536 0 0.66646765
Link 72 67 1734 0 -0.25897024
Link 2 89 1863 0 1.47327905
Link 7 287 1868 0 1.00000000
Link 287 177 1869 0 1.00000000
Link 170 288 1874 0 1.00000000
Link 288 139 1875 0 1.21025058
Link 7 310 2012 0 1.00000000
Link 310 72 2013 0 1.09818795
Link 7 89 2067 0 3.34551136
Link 131 341 2225 0 1.00000000
Link 341 14 2226 0 -0.11121002
Link 219 219 2278 1 -1.69225836
Link 10 219 2294 1 -1.38363327
Link 288 359 2393 0 1.00000000
Link 359 18 2394 0 -0.42122481
Link 139 18 2467 0 -1.45195147
Link 177 131 2488 0 -0.45508905
Link 177 15 2541 0 0.34083297
Link 72 387 2572 0 1.00000000
Link 387 89 2573 0 -1.11125961
GenomeEnd

