GenomeStart 89161
Neuron 1 1 0.00000000 1 0.00000000 0.00000000 0.00000000 0.00000000
Neuron 2 1 0.00000000 1 0.00000000 0.00000000 0.00000000 0.00000000
Neuron 3 1 0.00000000 1 0.00000000 0.00000000 0.00000000 0.00000000
Neuron 4 1 0.00000000 1 0.00000000 0.00000000 0.00000000 0.00000000
Neuron 5 1 0.00000000 1 0.00000000 0.00000000 0.00000000 0.00000000
Neuron 6 1 0.00000000 1 0.00000000 0.00000000 0.00000000 0.00000000
Neuron 7 1 0.00000000 1 0.00000000 0.00000000 0.00000000 0.00000000
Neuron 8 1 0.00000000 1 0.00000000 0.00000000 0.00000000 0.00000000
Neuron 9 2 0.00000000 1 0.00000000 0.00000000 0.00000000 0.00000000
Neuron 10 4 1.00000000 0 1.00000000 0.00000000 0.00000000 0.00000000
Neuron 11 4 1.00000000 0 1.00000000 0.00000000 0.00000000 0.00000000
Neuron 12 4 1.00000000 0 1.00000000 0.00000000 0.00000000 0.00000000
Neuron 13 4 1.00000000 0 1.00000000 0.00000000 0.00000000 0.00000000
Neuron 14 4 1.00000000 0 1.00000000 0.00000000 0.00000000 0.00000000
Neuron 15 4 1.00000000 0 1.00000000 0.00000000 0.00000000 0.00000000
Neuron 16 4 1.00000000 0 1.00000000 0.00000000 0.00000000 0.00000000
Neuron 17 3 0.50000000 1 1.00000000 0.00000000 0.00000000 0.00000000
Neuron 18 3 0.50000000 1 1.00000000 0.00000000 0.00000000 0.00000000
Neuron 19 3 0.50000000 1 1.00000000 0.00000000 0.00000000 0.00000000
Neuron 20 3 0.50000000 1 1.00000000 0.00000000 0.00000000 0.00000000
Neuron 21 3 0.50000000 1 1.00000000 0.00000000 0.00000000 0.00000000
Neuron 22 3 0.50000000 1 1.00000000 0.00000000 0.00000000 0.00000000
Neuron 24 3 0.50000000 1 1.00000000 0.00000000 0.00000000 0.00000000
Neuron 25 3 0.50000000 1 1.00000000 0.00000000 0.00000000 0.00000000
Neuron 26 3 0.50000000 1 1.00000000 0.00000000 0.00000000 0.00000000
Neuron 27 3 0.50000000 1 1.00000000 0.00000000 0.00000000 0.00000000
Neuron 28 3 0.50000000 1 1.00000000 0.00000000 0.00000000 0.00000000
Neuron 29 3 0.50000000 1 1.00000000 0.00000000 0.00000000 0.00000000
Neuron 30 3 0.50000000 1 1.00000000 0.00000000 0.00000000 0.00000000
Neuron 31 3 0.50000000 1 1.00000000 0.00000000 0.00000000 0.00000000
Neuron 33 3 0.50000000 1 1.00000000 0.00000000 0.00000000 0.00000000
Neuron 34 3 0.50000000 1 1.00000000 0.00000000 0.00000000 0.00000000
Neuron 35 3 0.50000000 1 1.00000000 0.00000000 0.00000000 0.00000000
Neuron 36 3 0.50000000 1 1.00000000 0.00000000 0.00000000 0.00000000
Neuron 38 3 0.50000000 1 1.00000000 0.00000000 0.00000000 0.00000000
Neuron 39 3 0.50000000 1 1.00000000 0.00000000 0.00000000 0.00000000
Neuron 41 3 0.50000000 1 1.00000000 0.00000000 0.00000000 0.00000000
Neuron 44 3 0.50000000 1 1.00000000 0.00000000 0.00000000 0.00000000
Neuron 45 3 0.50000000 1 1.00000000 0.00000000 0.00000000 0.00000000
Neuron 46 3 0.50000000 1 1.00000000 0.00000000 0.00000000 0.00000000
Neuron 47 3 0.50000000 1 1.00000000 0.00000000 0.00000000 0.00000000
Neuron 48 3 0.50000000 1 1.00000000 0.00000000 0.00000000 0.00000000
Neuron 50 3 0.50000000 1 1.00000000 0.00000000 0.00000000 0.00000000
Neuron 51 3 0.50000000 1 1.00000000 0.00000000 0.00000000 0.00000000
Neuron 52 3 0.50000000 1 1.00000000 0.00000000 0.00000000 0.00000000
Neuron 53 3 0.50000000 1 1.00000000 0.00000000 0.00000000 0.00000000
Neuron 56 3 0.50000000 1 1.00000000 0.00000000 0.00000000 0.00000000
Neuron 57 3 0.50000000 1 1.00000000 0.00000000 0.00000000 0.00000000
Neuron 59 3 0.50000000 1 1.00000000 0.00000000 0.00000000 0.00000000
Neuron 60 3 0.50000000 1 1.00000000 0.00000000 0.00000000 0.00000000
Neuron 62 3 0.50000000 1 1.00000000 0.00000000 0.00000000 0.00000000
Neuron 63 3 0.50000000 1 1.00000000 0.00000000 0.00000000 0.00000000
Neuron 65 3 0.50000000 1 1.00000000 0.00000000 0.00000000 0.00000000
Neuron 66 3 0.75000000 1 1.00000000 0.00000000 0.00000000 0.00000000
Neuron 68 3 0.50000000 1 1.00000000 0.00000000 0.00000000 0.00000000
Neuron 69 3 0.25000000 1 1.00000000 0.00000000 0.00000000 0.00000000
Neuron 85 3 0.75000000 1 1.00000000 0.00000000 0.00000000 0.00000000
Neuron 86 3 0.25000000 1 1.00000000 0.00000000 0.00000000 0.00000000
Neuron 88 3 0.50000000 1 1.00000000 0.00000000 0.00000000 0.00000000
Neuron 89 3 0.25000000 1 1.00000000 0.00000000 0.00000000 0.00000000
Neuron 94 3 0.75000000 1 1.00000000 0.00000000 0.00000000 0.00000000
Neuron 97 3 0.50000000 1 1.00000000 0.00000000 0.00000000 0.00000000
Neuron 99 3 0.25000000 1 1.00000000 0.00000000 0.00000000 0.00000000
Neuron 101 3 0.25000000 1 1.00000000 0.00000000 0.00000000 0.00000000
Neuron 107 3 0.75000000 1 1.00000000 0.00000000 0.00000000 0.00000000
Neuron 108 3 0.75000000 1 1.00000000 0.00000000 0.00000000 0.00000000
Neuron 112 3 0.87500000 1 1.00000000 0.00000000 0.00000000 0.00000000
Neuron 132 3 0.25000000 1 1.00000000 0.00000000 0.00000000 0.00000000
Neuron 171 3 0.25000000 1 1.00000000 0.00000000 0.00000000 0.00000000
Neuron 174 3 0.75000000 1 1.00000000 0.00000000 0.00000000 0.00000000
Neuron 182 3 0.25000000 1 1.00000000 0.00000000 0.00000000 0.00000000
Neuron 185 3 0.25000000 1 1.00000000 0.00000000 0.00000000 0.00000000
Neuron 186 3 0.50000000 1 1.00000000 0.00000000 0.00000000 0.00000000
Neuron 194 3 0.50000000 1 1.00000000 0.00000000 0.00000000 0.00000000
Neuron 196 3 0.75000000 1 1.00000000 0.00000000 0.00000000 0.00000000
Neuron 197 3 0.25000000 1 1.00000000 0.00000000 0.00000000 0.00000000
Neuron 200 3 0.25000000 1 1.00000000 0.00000000 0.00000000 0.00000000
Neuron 201 3 0.25000000 1 1.00000000 0.00000000 0.00000000 0.00000000
Neuron 204 3 0.25000000 1 1.00000000 0.00000000 0.00000000 0.00000000
Neuron 213 3 0.62500000 1 1.00000000 0.00000000 0.00000000 0.00000000
Neuron 215 3 0.50000000 1 1.00000000 0.00000000 0.00000000 0.00000000
Neuron 239 3 0.25000000 1 1.00000000 0.00000000 0.00000000 0.00000000
Neuron 245 3 0.25000000 1 1.00000000 0.00000000 0.00000000 0.00000000
Neuron 246 3 0.75000000 1 1.00000000 0.00000000 0.00000000 0.00000000
Neuron 261 3 0.75000000 1 1.00000000 0.00000000 0.00000000 0.00000000
Neuron 265 3 0.25000000 1 1.00000000 0.00000000 0.00000000 0.00000000
Neuron 272 3 0.25000000 1 1.00000000 0.00000000 0.00000000 0.00000000
Neuron 275 3 0.75000000 1 1.00000000 0.00000000 0.00000000 0.00000000
Neuron 276 3 0.75000000 1 1.00000000 0.00000000 0.00000000 0.00000000
Neuron 284 3 0.87500000 1 1.00000000 0.00000000 0.00000000 0.00000000
Neuron 289 3 0.37500000 1 1.00000000 0.00000000 0.00000000 0.00000000
Neuron 294 3 0.75000000 1 1.00000000 0.00000000 0.00000000 0.00000000
Neuron 302 3 0.50000000 1 1.00000000 0.00000000 0.00000000 0.00000000
Neuron 303 3 0.50000000 1 1.00000000 0.00000000 0.00000000 0.00000000
Neuron 311 3 0.75000000 1 1.00000000 0.00000000 0.00000000 0.00000000
Neuron 316 3 0.62500000 1 1.00000000 0.00000000 0.00000000 0.00000000
Neuron 321 3 0.75000000 1 1.00000000 0.00000000 0.00000000 0.00000000
Neuron 324 3 0.50000000 1 1.00000000 0.00000000 0.00000000 0.00000000
Neuron 330 3 0.25000000 1 1.00000000 0.00000000 0.00000000 0.00000000
Neuron 337 3 0.12500000 1 1.00000000 0.00000000 0.00000000 0.00000000
Neuron 339 3 0.25000000 1 1.00000000 0.00000000 0.00000000 0.00000000
Neuron 340 3 0.50000000 1 1.00000000 0.00000000 0.00000000 0.00000000
Neuron 350 3 0.50000000 1 1.00000000 0.00000000 0.00000000 0.00000000
Neuron 377 3 0.75000000 1 1.00000000 0.00000000 0.00000000 0.00000000
Neuron 378 3 0.25000000 1 1.00000000 0.00000000 0.00000000 0.00000000
Neuron 394 3 0.75000000 1 1.00000000 0.00000000 0.00000000 0.00000000
Neuron 409 3 0.25000000 1 1.00000000 0.00000000 0.00000000 0.00000000
Neuron 412 3 0.75000000 1 1.00000000 0.00000000 0.00000000 0.00000000
Neuron 416 3 0.50000000 1 1.00000000 0.00000000 0.00000000 0.00000000
Neuron 424 3 0.50000000 1 1.00000000 0.00000000 0.00000000 0.00000000
Neuron 425 3 0.50000000 1 1.00000000 0.00000000 0.00000000 0.00000000
Neuron 433 3 0.81250000 1 1.00000000 0.00000000 0.00000000 0.00000000
Neuron 440 3 0.12500000 1 1.00000000 0.00000000 0.00000000 0.00000000
Neuron 442 3 0.93750000 1 1.00000000 0.00000000 0.00000000 0.00000000
Neuron 448 3 0.56250000 1 1.00000000 0.00000000 0.00000000 0.00000000
Neuron 449 3 0.50000000 1 1.00000000 0.00000000 0.00000000 0.00000000
Neuron 455 3 0.50000000 1 1.00000000 0.00000000 0.00000000 0.00000000
Neuron 461 3 0.75000000 1 1.00000000 0.00000000 0.00000000 0.00000000
Neuron 475 3 0.25000000 1 1.00000000 0.00000000 0.00000000 0.00000000
Neuron 500 3 0.75000000 1 1.00000000 0.00000000 0.00000000 0.00000000
Neuron 501 3 0.84375000 1 1.00000000 0.00000000 0.00000000 0.00000000
Neuron 502 3 0.50000000 1 1.00000000 0.00000000 0.00000000 0.00000000
Neuron 509 3 0.50000000 1 1.00000000 0.00000000 0.00000000 0.00000000
Neuron 515 3 0.50000000 1 1.00000000 0.00000000 0.00000000 0.00000000
Neuron 516 3 0.75000000 1 1.00000000 0.00000000 0.00000000 0.00000000
Neuron 517 3 0.37500000 1 1.00000000 0.00000000 0.00000000 0.00000000
Neuron 520 3 0.75000000 1 1.00000000 0.00000000 0.00000000 0.00000000
Neuron 525 3 0.87500000 1 1.00000000 0.00000000 0.00000000 0.00000000
Neuron 526 3 0.50000000 1 1.00000000 0.00000000 0.00000000 0.00000000
Neuron 531 3 0.50000000 1 1.00000000 0.00000000 0.00000000 0.00000000
Neuron 538 3 0.50000000 1 1.00000000 0.00000000 0.00000000 0.00000000
Neuron 539 3 0.37500000 1 1.00000000 0.00000000 0.00000000 0.00000000
Neuron 544 3 0.50000000 1 1.00000000 0.00000000 0.00000000 0.00000000
Neuron 562 3 0.50000000 1 1.00000000 0.00000000 0.00000000 0.00000000
Neuron 577 3 0.62500000 1 1.00000000 0.00000000 0.00000000 0.00000000
Neuron 594 3 0.50000000 1 1.00000000 0.00000000 0.00000000 0.00000000
Neuron 613 3 0.37500000 1 1.00000000 0.00000000 0.00000000 0.00000000
Neuron 619 3 0.50000000 1 1.00000000 0.00000000 0.00000000 0.00000000
Neuron 620 3 0.25000000 1 1.00000000 0.00000000 0.00000000 0.00000000
Neuron 630 3 0.50000000 1 1.00000000 0.00000000 0.00000000 0.00000000
Neuron 639 3 0.37500000 1 1.00000000 0.00000000 0.00000000 0.00000000
Neuron 641 3 0.50000000 1 1.00000000 0.00000000 0.00000000 0.00000000
Neuron 642 3 0.62500000 1 1.00000000 0.00000000 0.00000000 0.00000000
Neuron 665 3 0.62500000 1 1.00000000 0.00000000 0.00000000 0.00000000
Neuron 670 3 0.50000000 1 1.00000000 0.00000000 0.00000000 0.00000000
Neuron 674 3 0.37500000 1 1.00000000 0.00000000 0.00000000 0.00000000
Neuron 700 3 0.50000000 1 1.00000000 0.00000000 0.00000000 0.00000000
Neuron 704 3 0.53125000 1 1.00000000 0.00000000 0.00000000 0.00000000
Neuron 706 3 0.87500000 1 1.00000000 0.00000000 0.00000000 0.00000000
Neuron 710 3 0.53125000 1 1.00000000 0.00000000 0.00000000 0.00000000
Neuron 715 3 0.50000000 1 1.00000000 0.00000000 0.00000000 0.00000000
Neuron 720 3 0.37500000 1 1.00000000 0.00000000 0.00000000 0.00000000
Neuron 758 3 0.87500000 1 1.00000000 0.00000000 0.00000000 0.00000000
Neuron 765 3 0.75000000 1 1.00000000 0.00000000 0.00000000 0.00000000
Neuron 820 3 0.87500000 1 1.00000000 0.00000000 0.00000000 0.00000000
Neuron 830 3 0.62500000 1 1.00000000 0.00000000 0.00000000 0.00000000
Neuron 840 3 0.75000000 1 1.00000000 0.00000000 0.00000000 0.00000000
Neuron 917 3 0.75000000 1 1.00000000 0.00000000 0.00000000 0.00000000
Neuron 926 3 0.37500000 1 1.00000000 0.00000000 0.00000000 0.00000000
Neuron 933 3 0.12500000 1 1.00000000 0.00000000 0.00000000 0.00000000
Neuron 948 3 0.12500000 1 1.00000000 0.00000000 0.00000000 0.00000000
Neuron 957 3 0.37500000 1 1.00000000 0.00000000 0.00000000 0.00000000
Neuron 1005 3 0.81250000 1 1.00000000 0.00000000 0.00000000 0.00000000
Neuron 1020 3 0.50000000 1 1.00000000 0.00000000 0.00000000 0.00000000
Neuron 1069 3 0.75000000 1 1.00000000 0.00000000 0.00000000 0.00000000
Neuron 1091 3 0.93750000 1 1.00000000 0.00000000 0.00000000 0.00000000
Neuron 1116 3 0.62500000 1 1.00000000 0.00000000 0.00000000 0.00000000
Neuron 1161 3 0.87500000 1 1.00000000 0.00000000 0.00000000 0.00000000
Neuron 1173 3 0.50000000 1 1.00000000 0.00000000 0.00000000 0.00000000
Neuron 1182 3 0.50000000 1 1.00000000 0.00000000 0.00000000 0.00000000
Neuron 1206 3 0.25000000 1 1.00000000 0.00000000 0.00000000 0.00000000
Neuron 1249 3 0.06250000 1 1.00000000 0.00000000 0.00000000 0.00000000
Neuron 1318 3 0.12500000 1 1.00000000 0.00000000 0.00000000 0.00000000
Neuron 1340 3 0.25000000 1 1.00000000 0.00000000 0.00000000 0.00000000
Neuron 1411 3 0.50000000 1 1.00000000 0.00000000 0.00000000 0.00000000
Neuron 1415 3 0.50000000 1 1.00000000 0.00000000 0.00000000 0.00000000
Neuron 1422 3 0.18750000 1 1.00000000 0.00000000 0.00000000 0.00000000
Neuron 1435 3 0.50000000 1 1.00000000 0.00000000 0.00000000 0.00000000
Neuron 1444 3 0.50000000 1 1.00000000 0.00000000 0.00000000 0.00000000
Neuron 1513 3 0.78125000 1 1.00000000 0.00000000 0.00000000 0.00000000
Neuron 1632 3 0.25000000 1 1.00000000 0.00000000 0.00000000 0.00000000
Link 1 10 1 0 -3.82164527
Link 2 10 2 0 -0.96461614
Link 3 10 3 0 -2.42144251
Link 5 10 5 0 1.51151854
Link 6 10 6 0 -1.14263295
Link 7 10 7 0 -3.03777891
Link 9 10 9 0 -1.60804554
Link 1 11 10 0 -5.74304810
Link 2 11 11 0 0.81125645
Link 3 11 12 0 -2.27721130
Link 4 11 13 0 0.86266787
Link 5 11 14 0 1.52455370
Link 6 11 15 0 -1.63612683
Link 7 11 16 0 -1.98605469
Link 8 11 17 0 2.02616150
Link 9 11 18 0 2.64278843
Link 2 12 20 0 2.72973417
Link 3 12 21 0 -2.19870933
Link 4 12 22 0 -0.92768639
Link 5 12 23 0 -3.70006440
Link 8 12 26 0 0.15642089
Link 9 12 27 0 -1.61841727
Link 1 13 28 0 2.41423047
Link 2 13 29 0 0.32426545
Link 4 13 31 0 0.53209491
Link 5 13 32 0 1.02232455
Link 6 13 33 0 0.59541251
Link 7 13 34 0 0.57407303
Link 9 13 36 0 -0.16466557
Link 1 14 37 0 0.49791893
Link 3 14 39 0 -0.25935096
Link 4 14 40 0 6.36783958
Link 5 14 41 0 0.27927728
Link 6 14 42 0 1.74243914
Link 7 14 43 0 -4.01206228
Link 8 14 44 0 4.83526524
Link 9 14 45 0 0.34226524
Link 1 15 46 0 -1.29318784
Link 2 15 47 0 0.85251836
Link 3 15 48 0 1.25288401
Link 4 15 49 0 1.32594513
Link 6 15 51 0 -2.23077565
Link 7 15 52 0 1.80199109
Link 8 15 53 0 1.12418617
Link 9 15 54 0 -2.73060797
Link 1 16 55 0 -4.32520266
Link 2 16 56 0 -1.98399950
Link 3 16 57 0 -2.29312231
Link 4 16 58 0 1.87217004
Link 5 16 59 0 -1.48030353
Link 6 16 60 0 -3.75887777
Link 7 16 61 0 -1.89230957
Link 8 16 62 0 -0.46836084
Link 9 16 63 0 0.32191800
Link 7 17 65 0 2.75405392
Link 17 15 66 0 -2.20050929
Link 4 18 68 0 -3.07025695
Link 18 12 69 0 -2.68355570
Link 20 14 75 0 2.04048241
Link 8 21 77 0 2.61364808
Link 22 10 81 0 -0.14747233
Link 24 14 87 0 4.54346610
Link 7 25 89 0 3.68708590
Link 26 13 93 0 -1.69712096
Link 1 27 95 0 1.84634845
Link 27 12 96 0 3.05745015
Link 3 28 98 0 0.78054729
Link 28 13 99 0 -2.57396728
Link 29 13 102 0 1.45930617
Link 8 30 104 0 6.42310313
Link 30 10 105 0 -1.51227382
Link 2 31 107 0 -5.30732580
Link 8 33 113 0 -3.85378310
Link 33 14 114 0 3.30313207
Link 6 34 117 0 -1.43620662
Link 1 35 120 0 -0.77698893
Link 2 36 123 0 -5.66627575
Link 36 13 124 0 2.56218154
Link 2 38 129 0 0.46950386
Link 38 16 130 0 0.37534017
Link 4 41 138 0 5.31322223
Link 41 15 139 0 5.07868830
Link 44 12 148 0 2.58576158
Link 7 45 150 0 -3.67217390
Link 45 16 151 0 -0.62543143
Link 1 46 153 0 2.24881572
Link 5 47 156 0 3.39477401
Link 47 15 157 0 5.38093865
Link 2 48 159 0 -0.96128483
Link 48 11 160 0 -2.28572090
Link 50 11 167 0 0.89205766
Link 4 51 174 0 -0.19338013
Link 51 16 175 0 3.01764983
Link 5 52 177 0 0.88476207
Link 52 14 178 0 -2.15720244
Link 9 44 191 0 0.44515294
Link 5 56 196 0 0.58867897
Link 8 57 200 0 3.21400191
Link 57 15 201 0 -2.46610018
Link 60 10 214 0 1.72074819
Link 62 10 223 0 -1.36454236
Link 29 16 230 0 2.64870574
Link 63 10 237 0 1.70623522
Link 1 65 250 0 0.56993295
Link 65 16 251 0 1.35795244
Link 2 17 258 0 1.72311782
Link 59 66 260 0 -0.41146576
Link 66 10 261 0 -5.51316567
Link 10 57 263 1 -5.23225740
Link 3 68 279 0 1.48692512
Link 68 10 280 0 4.13944187
Link 8 69 297 0 2.37439766
Link 69 29 298 0 -4.00312509
Link 3 56 315 0 4.74796079
Link 19 85 424 0 2.20502976
Link 4 86 427 0 0.90364530
Link 6 88 442 0 -5.31344054
Link 88 15 443 0 6.52636449
Link 4 89 450 0 1.84226550
Link 89 19 451 0 3.64093170
Link 94 15 482 0 -1.76670981
Link 13 21 492 1 4.89910326
Link 7 97 507 0 1.00000000
Link 97 12 508 0 -0.83595111
Link 99 26 515 0 -3.72807986
Link 17 11 532 0 -2.03390089
Link 62 62 534 1 -1.84693445
Link 1 101 542 0 2.02299776
Link 35 107 595 0 1.47798113
Link 107 11 596 0 -2.56630229
Link 31 108 609 0 -0.73250699
Link 108 12 610 0 -1.04598902
Link 25 25 653 1 0.84446265
Link 3 19 655 0 -3.73915256
Link 2 41 688 0 1.45610661
Link 29 29 719 1 -1.74178634
Link 8 22 765 0 -1.26328529
Link 5 132 787 0 -3.00737642
Link 132 39 788 0 -2.23240098
Link 4 63 930 0 -1.95209809
Link 14 85 948 1 -4.01924920
Link 2 171 1054 0 0.86696453
Link 171 24 1055 0 3.36435007
Link 28 174 1070 0 1.26114357
Link 6 182 1115 0 3.01122730
Link 22 22 1134 1 6.14633188
Link 5 185 1153 0 -3.50124494
Link 185 59 1154 0 -3.35330083
Link 186 50 1157 0 5.05756044
Link 17 194 1226 0 -1.07274362
Link 17 196 1237 0 3.79053909
Link 196 13 1238 0 -2.51410000
Link 1 197 1242 0 0.75722432
Link 197 63 1243 0 3.43864334
Link 52 52 1245 1 2.27016473
Link 200 60 1262 0 0.66204442
Link 3 201 1264 0 -4.44474577
Link 6 204 1276 0 -0.08754870
Link 204 41 1277 0 -0.69853345
Link 41 213 1353 0 1.48527975
Link 213 94 1354 0 0.15583060
Link 8 215 1363 0 -2.16342022
Link 215 13 1364 0 -2.13961432
Link 200 15 1406 0 3.83557622
Link 8 239 1498 0 -0.47776283
Link 3 245 1525 0 1.64477392
Link 245 20 1526 0 -4.47700006
Link 53 246 1533 0 1.33085335
Link 9 26 1567 0 -2.39947354
Link 9 200 1609 0 -4.06626819
Link 25 261 1629 0 2.45944490
Link 261 14 1630 0 1.22304263
Link 5 265 1668 0 4.28835753
Link 265 65 1669 0 -4.71609681
Link 6 200 1687 0 0.50064897
Link 4 21 1707 0 1.93519476
Link 275 68 1723 1 0.09336263
Link 21 276 1736 0 1.78301160
Link 276 12 1737 0 -1.06655387
Link 45 45 1824 1 -1.95739016
Link 246 284 1829 0 2.42132488
Link 284 10 1830 0 0.92141547
Link 19 289 1857 1 0.23192932
Link 289 200 1858 1 -1.03797124
Link 26 302 1931 0 0.19498189
Link 6 197 1933 0 -3.46352296
Link 44 303 1936 1 -0.79596517
Link 303 44 1937 1 1.32351508
Link 46 45 1952 0 -0.30028154
Link 56 311 1973 0 0.79620054
Link 311 13 1974 0 2.12119730
Link 21 51 1988 0 2.28172623
Link 294 316 2008 1 5.88262655
Link 316 48 2009 1 1.45507697
Link 12 321 2026 1 -4.63633071
Link 44 324 2043 0 -1.18003671
Link 6 330 2087 0 4.26457104
Link 14 26 2114 1 6.47327816
Link 4 337 2131 0 1.19304459
Link 337 200 2132 0 1.05217549
Link 2 339 2143 0 1.07702498
Link 339 53 2144 0 3.18373951
Link 25 340 2150 1 0.39616769
Link 340 25 2151 1 -0.91391817
Link 5 350 2248 0 -0.62348637
Link 350 13 2249 0 6.56305231
Link 10 65 2317 1 -2.49521240
Link 2 294 2380 0 -0.35163714
Link 85 68 2385 1 2.07121925
Link 377 12 2420 0 4.24447864
Link 8 378 2428 0 0.95148849
Link 378 18 2429 0 3.78167665
Link 15 34 2489 1 -2.70638173
Link 12 394 2532 1 0.19636662
Link 394 41 2533 1 -0.31435497
Link 7 294 2573 0 -1.10763417
Link 63 29 2633 0 0.21683228
Link 65 19 2641 0 -1.74550193
Link 7 409 2643 0 0.33282229
Link 409 62 2644 0 -0.02400176
Link 412 30 2666 1 0.70033217
Link 15 68 2668 1 -3.70419149
Link 6 416 2688 0 1.56289090
Link 416 15 2689 0 2.49124354
Link 46 11 2696 0 -6.48099182
Link 48 424 2744 0 1.95888403
Link 424 63 2745 0 2.48469189
Link 26 65 2784 0 1.16592799
Link 28 28 2808 1 0.87057922
Link 85 433 2819 0 1.96060106
Link 132 34 2852 0 4.71295188
Link 39 50 2853 0 -5.06976756
Link 101 101 2866 1 1.02970517
Link 5 440 2871 0 0.76435733
Link 440 200 2872 0 3.96266817
Link 112 442 2878 0 0.97832846
Link 442 14 2879 0 -2.65716837
Link 12 28 2913 1 -1.30565551
Link 448 316 2923 0 1.94777431
Link 449 53 2926 1 2.75703105
Link 19 68 2956 0 3.56470248
Link 14 28 2962 1 -2.73307587
Link 5 204 2972 0 -1.63073357
Link 461 26 3024 1 0.43079358
Link 101 302 3070 0 -1.39357073
Link 416 33 3085 0 2.38133460
Link 6 475 3112 0 -0.43554024
Link 29 215 3162 0 5.67855780
Link 204 20 3207 0 -1.63049701
Link 200 68 3212 0 -3.88800868
Link 11 38 3234 1 2.33053215
Link 2 350 3251 0 2.39856872
Link 215 33 3285 0 1.47070996
Link 448 294 3295 0 -2.18488489
Link 18 500 3303 0 1.58884627
Link 500 13 3304 0 -0.39027007
Link 433 501 3312 0 2.26669834
Link 501 112 3313 0 -0.26718034
Link 53 502 3329 1 1.53140998
Link 502 449 3330 1 4.13511695
Link 20 509 3407 0 1.20446636
Link 509 33 3408 0 3.53164810
Link 44 515 3469 0 1.50822302
Link 515 26 3470 0 -4.55601304
Link 88 516 3474 0 0.45420307
Link 516 11 3475 0 -1.75359775
Link 330 517 3480 0 1.20894119
Link 517 44 3481 0 4.37641134
Link 56 520 3511 0 0.20689590
Link 520 14 3512 0 0.13675751
Link 16 525 3536 1 -0.27471499
Link 525 461 3537 1 0.13055368
Link 526 14 3542 0 -0.93942665
Link 62 531 3573 0 1.05104039
Link 531 186 3574 0 -2.31251512
Link 62 215 3591 0 -2.14354276
Link 38 38 3599 1 -2.05530022
Link 17 538 3618 1 -1.01050540
Link 538 17 3619 1 -1.17346699
Link 86 539 3624 0 2.89331792
Link 539 41 3625 0 -0.20631412
Link 7 86 3652 0 3.62844550
Link 455 544 3654 0 0.94514677
Link 544 25 3655 0 1.50858474
Link 200 11 3660 0 -0.21656082
Link 66 19 3716 1 -0.10615422
Link 8 200 3721 0 0.98123371
Link 21 30 3794 0 3.18419204
Link 302 562 3810 0 0.79702025
Link 562 18 3811 0 -5.88254515
Link 416 416 3921 1 0.96583178
Link 39 577 3934 0 1.66641879
Link 577 377 3935 0 -5.42039442
Link 194 455 3938 0 -0.40604027
Link 302 378 3956 1 0.74952331
Link 60 46 3986 0 -4.82614574
Link 194 594 4044 0 1.92313146
Link 594 18 4045 0 -2.88599088
Link 107 20 4069 1 -0.67678267
Link 86 509 4102 0 -0.68827299
Link 36 302 4145 0 3.99641589
Link 182 613 4222 0 0.90223073
Link 613 22 4223 0 -0.81010681
Link 60 302 4262 0 -1.80745913
Link 63 619 4269 0 1.61257437
Link 619 48 4270 0 2.63456726
Link 6 620 4272 0 0.82927368
Link 324 630 4382 0 1.26192921
Link 630 455 4383 0 5.11793650
Link 340 215 4397 0 -2.84351550
Link 239 639 4479 0 1.85319771
Link 639 215 4480 0 3.59888038
Link 39 641 4497 1 -2.09666464
Link 641 39 4498 1 -2.60477517
Link 321 642 4501 1 -0.11138616
Link 642 48 4502 1 1.93055161
Link 378 378 4536 1 -1.92060887
Link 378 30 4594 0 -4.94602304
Link 29 26 4621 0 -3.41699565
Link 107 665 4690 1 -0.15532481
Link 665 88 4691 1 -1.41209062
Link 425 670 4718 0 -3.78948720
Link 670 88 4719 0 -2.68615144
Link 101 674 4742 0 1.21532976
Link 674 18 4743 0 -1.65213574
Link 316 294 4848 0 2.71383346
Link 4 700 5045 0 0.25189990
Link 700 10 5046 0 -1.27100511
Link 448 704 5099 1 2.46441515
Link 704 48 5100 1 -1.96395173
Link 174 706 5105 0 -1.40071107
Link 45 710 5124 0 0.44607408
Link 710 448 5125 0 2.51176464
Link 52 715 5158 0 1.49044608
Link 715 425 5159 0 0.67235043
Link 201 215 5163 0 -3.25845437
Link 475 720 5188 0 1.79544916
Link 720 215 5189 0 6.27324398
Link 16 758 5542 1 0.05686093
Link 758 275 5543 1 -1.37179498
Link 63 765 5592 0 2.56446005
Link 765 11 5593 0 2.74214500
Link 4 215 5835 0 0.76134429
Link 11 820 6052 1 3.18289554
Link 455 830 6120 0 0.89529008
Link 830 107 6121 0 0.77143145
Link 18 19 6186 0 0.04481422
Link 34 840 6225 0 2.32648097
Link 19 29 6257 0 -3.75280464
Link 41 448 6516 0 -3.71182994
Link 378 56 6652 0 3.83384910
Link 475 416 6671 0 -0.32328657
Link 101 66 6802 0 -0.16535230
Link 455 48 6851 0 -0.41829148
Link 455 917 6878 0 1.28908445
Link 917 15 6879 0 -2.54824797
Link 509 24 6972 0 -1.79986394
Link 294 56 6997 1 -0.95858626
Link 272 926 7009 0 0.49440894
Link 926 21 7010 0 -0.48561139
Link 7 933 7053 0 0.72720097
Link 933 99 7054 0 0.83137880
Link 620 957 7226 0 1.51403474
Link 957 44 7227 0 -1.48050312
Link 620 265 7305 0 -1.04032855
Link 440 63 7480 0 -3.77431385
Link 48 108 7495 0 3.84763245
Link 820 1005 7601 1 -0.07006315
Link 700 33 7953 0 1.58310022
Link 10 350 8043 1 2.91607630
Link 11 1069 8116 1 2.19333711
Link 1069 28 8117 1 2.06076659
Link 440 440 8150 1 -1.07099786
Link 39 1020 8177 0 -0.35637053
Link 706 321 8245 1 2.45732587
Link 412 706 8270 0 -0.96591230
Link 1091 13 8328 0 0.99854951
Link 107 174 8391 0 -1.31735050
Link 700 13 8550 0 0.83531792
Link 47 1116 8591 0 1.00000000
Link 1116 412 8592 0 -0.26583303
Link 324 539 8623 1 0.64282432
Link 52 197 8640 1 -2.94037066
Link 526 1020 8715 0 3.05181188
Link 272 706 8904 0 -0.41683361
Link 65 38 8959 0 0.32006147
Link 13 1161 8984 1 1.72698591
Link 1161 294 8985 1 2.63025360
Link 1020 1173 9050 0 1.01795167
Link 41 1182 9121 0 -0.50355256
Link 1182 1020 9122 0 0.02588166
Link 68 20 9345 0 0.80268981
Link 1206 526 9393 0 4.05214347
Link 132 700 9408 0 -4.33804821
Link 112 350 9491 1 -1.25553763
Link 704 704 9702 1 -0.00039331
Link 433 425 9725 1 -0.63379862
Link 1 1249 9728 0 -1.96828344
Link 1249 948 9729 0 2.17946054
Link 99 186 9839 0 0.73744844
Link 185 22 9959 0 -0.61591750
Link 69 28 10109 0 0.83497472
Link 16 194 10140 1 4.18057998
Link 2 1318 10247 0 1.86055259
Link 1318 1206 10248 0 1.56722198
Link 239 1340 10444 0 1.57791861
Link 1340 197 10445 0 1.21886319
Link 449 275 10521 0 -2.34541266
Link 66 53 10679 1 -0.64382937
Link 1173 1411 11005 0 1.65457242
Link 1411 52 11006 0 -0.90734871
Link 44 1415 11043 1 1.89126647
Link 1415 44 11044 1 -4.15203776
Link 948 1422 11103 0 0.94156278
Link 1422 272 11104 0 2.85773674
Link 1020 1435 11223 0 -0.75444147
Link 1435 50 11224 0 -0.34646432
Link 594 1444 11323 0 1.98303609
Link 1444 34 11324 0 -0.11642310
Link 840 1182 11352 1 3.89189951
Link 1415 24 11418 0 -0.19077222
Link 957 1091 11457 0 0.02416966
Link 1005 1513 11853 1 0.87550119
Link 1513 412 11854 1 0.93727684
Link 440 715 11926 0 -1.95066899
Link 424 28 12442 0 3.50095782
Link 196 186 12643 1 -0.52738982
Link 4 1182 12786 0 1.58989318
Link 25 1020 13091 0 0.25107810
Link 620 1632 13167 1 0.92762889
Link 1632 620 13168 1 2.36750246
Link 619 539 13626 1 -1.97663902
Link 433 409 13701 1 -1.12738489
Link 1091 1091 13712 1 1.39982976
Link 520 201 13947 1 1.26221800
Link 101 517 14116 0 -0.46595892
Link 933 112 14187 0 1.46406180
Link 24 321 14230 0 1.17218224
Link 48 1206 14425 1 -2.80361441
Link 239 449 15453 0 2.84943759
Link 957 186 15504 0 0.66900833
GenomeEnd

