GenomeStart 57895
Neuron 1 1 0.00000000 1 0.00000000 0.00000000 0.00000000 0.00000000
Neuron 2 1 0.00000000 1 0.00000000 0.00000000 0.00000000 0.00000000
Neuron 3 1 0.00000000 1 0.00000000 0.00000000 0.00000000 0.00000000
Neuron 4 1 0.00000000 1 0.00000000 0.00000000 0.00000000 0.00000000
Neuron 5 1 0.00000000 1 0.00000000 0.00000000 0.00000000 0.00000000
Neuron 6 1 0.00000000 1 0.00000000 0.00000000 0.00000000 0.00000000
Neuron 7 1 0.00000000 1 0.00000000 0.00000000 0.00000000 0.00000000
Neuron 8 1 0.00000000 1 0.00000000 0.00000000 0.00000000 0.00000000
Neuron 9 2 0.00000000 1 0.00000000 0.00000000 0.00000000 0.00000000
Neuron 10 4 1.00000000 0 1.00000000 0.00000000 0.00000000 0.00000000
Neuron 11 4 1.00000000 0 1.00000000 0.00000000 0.00000000 0.00000000
Neuron 12 4 1.00000000 0 1.00000000 0.00000000 0.00000000 0.00000000
Neuron 13 4 1.00000000 0 1.00000000 0.00000000 0.00000000 0.00000000
Neuron 14 4 1.00000000 0 1.00000000 0.00000000 0.00000000 0.00000000
Neuron 15 4 1.00000000 0 1.00000000 0.00000000 0.00000000 0.00000000
Neuron 16 4 1.00000000 0 1.00000000 0.00000000 0.00000000 0.00000000
Neuron 17 3 0.50000000 1 1.00000000 0.00000000 0.00000000 0.00000000
Neuron 18 3 0.50000000 1 1.00000000 0.00000000 0.00000000 0.00000000
Neuron 19 3 0.50000000 1 1.00000000 0.00000000 0.00000000 0.00000000
Neuron 20 3 0.50000000 1 1.00000000 0.00000000 0.00000000 0.00000000
Neuron 21 3 0.50000000 1 1.00000000 0.00000000 0.00000000 0.00000000
Neuron 22 3 0.50000000 1 1.00000000 0.00000000 0.00000000 0.00000000
Neuron 24 3 0.50000000 1 1.00000000 0.00000000 0.00000000 0.00000000
Neuron 25 3 0.50000000 1 1.00000000 0.00000000 0.00000000 0.00000000
Neuron 26 3 0.50000000 1 1.00000000 0.00000000 0.00000000 0.00000000
Neuron 27 3 0.50000000 1 1.00000000 0.00000000 0.00000000 0.00000000
Neuron 28 3 0.50000000 1 1.00000000 0.00000000 0.00000000 0.00000000
Neuron 29 3 0.50000000 1 1.00000000 0.00000000 0.00000000 0.00000000
Neuron 30 3 0.50000000 1 1.00000000 0.00000000 0.00000000 0.00000000
Neuron 31 3 0.50000000 1 1.00000000 0.00000000 0.00000000 0.00000000
Neuron 33 3 0.50000000 1 1.00000000 0.00000000 0.00000000 0.00000000
Neuron 34 3 0.50000000 1 1.00000000 0.00000000 0.00000000 0.00000000
Neuron 35 3 0.50000000 1 1.00000000 0.00000000 0.00000000 0.00000000
Neuron 36 3 0.50000000 1 1.00000000 0.00000000 0.00000000 0.00000000
Neuron 38 3 0.50000000 1 1.00000000 0.00000000 0.00000000 0.00000000
Neuron 39 3 0.50000000 1 1.00000000 0.00000000 0.00000000 0.00000000
Neuron 41 3 0.50000000 1 1.00000000 0.00000000 0.00000000 0.00000000
Neuron 44 3 0.50000000 1 1.00000000 0.00000000 0.00000000 0.00000000
Neuron 45 3 0.50000000 1 1.00000000 0.00000000 0.00000000 0.00000000
Neuron 46 3 0.50000000 1 1.00000000 0.00000000 0.00000000 0.00000000
Neuron 47 3 0.50000000 1 1.00000000 0.00000000 0.00000000 0.00000000
Neuron 48 3 0.50000000 1 1.00000000 0.00000000 0.00000000 0.00000000
Neuron 50 3 0.50000000 1 1.00000000 0.00000000 0.00000000 0.00000000
Neuron 51 3 0.50000000 1 1.00000000 0.00000000 0.00000000 0.00000000
Neuron 52 3 0.50000000 1 1.00000000 0.00000000 0.00000000 0.00000000
Neuron 53 3 0.50000000 1 1.00000000 0.00000000 0.00000000 0.00000000
Neuron 56 3 0.50000000 1 1.00000000 0.00000000 0.00000000 0.00000000
Neuron 57 3 0.50000000 1 1.00000000 0.00000000 0.00000000 0.00000000
Neuron 59 3 0.50000000 1 1.00000000 0.00000000 0.00000000 0.00000000
Neuron 60 3 0.50000000 1 1.00000000 0.00000000 0.00000000 0.00000000
Neuron 62 3 0.50000000 1 1.00000000 0.00000000 0.00000000 0.00000000
Neuron 63 3 0.50000000 1 1.00000000 0.00000000 0.00000000 0.00000000
Neuron 65 3 0.50000000 1 1.00000000 0.00000000 0.00000000 0.00000000
Neuron 66 3 0.75000000 1 1.00000000 0.00000000 0.00000000 0.00000000
Neuron 68 3 0.50000000 1 1.00000000 0.00000000 0.00000000 0.00000000
Neuron 69 3 0.25000000 1 1.00000000 0.00000000 0.00000000 0.00000000
Neuron 85 3 0.75000000 1 1.00000000 0.00000000 0.00000000 0.00000000
Neuron 86 3 0.25000000 1 1.00000000 0.00000000 0.00000000 0.00000000
Neuron 88 3 0.50000000 1 1.00000000 0.00000000 0.00000000 0.00000000
Neuron 89 3 0.25000000 1 1.00000000 0.00000000 0.00000000 0.00000000
Neuron 94 3 0.75000000 1 1.00000000 0.00000000 0.00000000 0.00000000
Neuron 99 3 0.25000000 1 1.00000000 0.00000000 0.00000000 0.00000000
Neuron 101 3 0.25000000 1 1.00000000 0.00000000 0.00000000 0.00000000
Neuron 107 3 0.75000000 1 1.00000000 0.00000000 0.00000000 0.00000000
Neuron 108 3 0.75000000 1 1.00000000 0.00000000 0.00000000 0.00000000
Neuron 112 3 0.87500000 1 1.00000000 0.00000000 0.00000000 0.00000000
Neuron 132 3 0.25000000 1 1.00000000 0.00000000 0.00000000 0.00000000
Neuron 171 3 0.25000000 1 1.00000000 0.00000000 0.00000000 0.00000000
Neuron 174 3 0.75000000 1 1.00000000 0.00000000 0.00000000 0.00000000
Neuron 182 3 0.25000000 1 1.00000000 0.00000000 0.00000000 0.00000000
Neuron 185 3 0.25000000 1 1.00000000 0.00000000 0.00000000 0.00000000
Neuron 186 3 0.50000000 1 1.00000000 0.00000000 0.00000000 0.00000000
Neuron 194 3 0.50000000 1 1.00000000 0.00000000 0.00000000 0.00000000
Neuron 196 3 0.75000000 1 1.00000000 0.00000000 0.00000000 0.00000000
Neuron 197 3 0.25000000 1 1.00000000 0.00000000 0.00000000 0.00000000
Neuron 200 3 0.25000000 1 1.00000000 0.00000000 0.00000000 0.00000000
Neuron 201 3 0.25000000 1 1.00000000 0.00000000 0.00000000 0.00000000
Neuron 204 3 0.25000000 1 1.00000000 0.00000000 0.00000000 0.00000000
Neuron 213 3 0.62500000 1 1.00000000 0.00000000 0.00000000 0.00000000
Neuron 215 3 0.50000000 1 1.00000000 0.00000000 0.00000000 0.00000000
Neuron 239 3 0.25000000 1 1.00000000 0.00000000 0.00000000 0.00000000
Neuron 245 3 0.25000000 1 1.00000000 0.00000000 0.00000000 0.00000000
Neuron 246 3 0.75000000 1 1.00000000 0.00000000 0.00000000 0.00000000
Neuron 261 3 0.75000000 1 1.00000000 0.00000000 0.00000000 0.00000000
Neuron 265 3 0.25000000 1 1.00000000 0.00000000 0.00000000 0.00000000
Neuron 272 3 0.25000000 1 1.00000000 0.00000000 0.00000000 0.00000000
Neuron 275 3 0.75000000 1 1.00000000 0.00000000 0.00000000 0.00000000
Neuron 284 3 0.87500000 1 1.00000000 0.00000000 0.00000000 0.00000000
Neuron 289 3 0.37500000 1 1.00000000 0.00000000 0.00000000 0.00000000
Neuron 294 3 0.75000000 1 1.00000000 0.00000000 0.00000000 0.00000000
Neuron 302 3 0.50000000 1 1.00000000 0.00000000 0.00000000 0.00000000
Neuron 303 3 0.50000000 1 1.00000000 0.00000000 0.00000000 0.00000000
Neuron 316 3 0.62500000 1 1.00000000 0.00000000 0.00000000 0.00000000
Neuron 321 3 0.75000000 1 1.00000000 0.00000000 0.00000000 0.00000000
Neuron 324 3 0.50000000 1 1.00000000 0.00000000 0.00000000 0.00000000
Neuron 330 3 0.25000000 1 1.00000000 0.00000000 0.00000000 0.00000000
Neuron 340 3 0.50000000 1 1.00000000 0.00000000 0.00000000 0.00000000
Neuron 350 3 0.50000000 1 1.00000000 0.00000000 0.00000000 0.00000000
Neuron 377 3 0.75000000 1 1.00000000 0.00000000 0.00000000 0.00000000
Neuron 378 3 0.25000000 1 1.00000000 0.00000000 0.00000000 0.00000000
Neuron 412 3 0.75000000 1 1.00000000 0.00000000 0.00000000 0.00000000
Neuron 416 3 0.50000000 1 1.00000000 0.00000000 0.00000000 0.00000000
Neuron 425 3 0.50000000 1 1.00000000 0.00000000 0.00000000 0.00000000
Neuron 433 3 0.81250000 1 1.00000000 0.00000000 0.00000000 0.00000000
Neuron 440 3 0.12500000 1 1.00000000 0.00000000 0.00000000 0.00000000
Neuron 442 3 0.93750000 1 1.00000000 0.00000000 0.00000000 0.00000000
Neuron 448 3 0.56250000 1 1.00000000 0.00000000 0.00000000 0.00000000
Neuron 449 3 0.50000000 1 1.00000000 0.00000000 0.00000000 0.00000000
Neuron 455 3 0.50000000 1 1.00000000 0.00000000 0.00000000 0.00000000
Neuron 461 3 0.75000000 1 1.00000000 0.00000000 0.00000000 0.00000000
Neuron 475 3 0.25000000 1 1.00000000 0.00000000 0.00000000 0.00000000
Neuron 500 3 0.75000000 1 1.00000000 0.00000000 0.00000000 0.00000000
Neuron 509 3 0.50000000 1 1.00000000 0.00000000 0.00000000 0.00000000
Neuron 525 3 0.87500000 1 1.00000000 0.00000000 0.00000000 0.00000000
Neuron 526 3 0.50000000 1 1.00000000 0.00000000 0.00000000 0.00000000
Neuron 577 3 0.62500000 1 1.00000000 0.00000000 0.00000000 0.00000000
Neuron 594 3 0.50000000 1 1.00000000 0.00000000 0.00000000 0.00000000
Neuron 619 3 0.50000000 1 1.00000000 0.00000000 0.00000000 0.00000000
Neuron 620 3 0.25000000 1 1.00000000 0.00000000 0.00000000 0.00000000
Neuron 641 3 0.50000000 1 1.00000000 0.00000000 0.00000000 0.00000000
Neuron 665 3 0.62500000 1 1.00000000 0.00000000 0.00000000 0.00000000
Neuron 670 3 0.50000000 1 1.00000000 0.00000000 0.00000000 0.00000000
Neuron 674 3 0.37500000 1 1.00000000 0.00000000 0.00000000 0.00000000
Neuron 700 3 0.50000000 1 1.00000000 0.00000000 0.00000000 0.00000000
Neuron 704 3 0.53125000 1 1.00000000 0.00000000 0.00000000 0.00000000
Neuron 706 3 0.87500000 1 1.00000000 0.00000000 0.00000000 0.00000000
Neuron 820 3 0.87500000 1 1.00000000 0.00000000 0.00000000 0.00000000
Neuron 840 3 0.75000000 1 1.00000000 0.00000000 0.00000000 0.00000000
Neuron 926 3 0.37500000 1 1.00000000 0.00000000 0.00000000 0.00000000
Neuron 933 3 0.12500000 1 1.00000000 0.00000000 0.00000000 0.00000000
Neuron 1005 3 0.81250000 1 1.00000000 0.00000000 0.00000000 0.00000000
Neuron 1020 3 0.50000000 1 1.00000000 0.00000000 0.00000000 0.00000000
Neuron 1069 3 0.75000000 1 1.00000000 0.00000000 0.00000000 0.00000000
Neuron 1091 3 0.93750000 1 1.00000000 0.00000000 0.00000000 0.00000000
Neuron 1173 3 0.50000000 1 1.00000000 0.00000000 0.00000000 0.00000000
Neuron 1206 3 0.25000000 1 1.00000000 0.00000000 0.00000000 0.00000000
Link 1 10 1 0 -2.61523838
Link 2 10 2 0 -1.68722462
Link 3 10 3 0 -4.01126990
Link 5 10 5 0 1.87337143
Link 6 10 6 0 -1.62183217
Link 7 10 7 0 -5.32152207
Link 9 10 9 0 -0.61657446
Link 1 11 10 0 -3.76695154
Link 2 11 11 0 1.01053079
Link 3 11 12 0 -2.03027277
Link 4 11 13 0 0.71142972
Link 5 11 14 0 1.15504158
Link 6 11 15 0 -0.18955649
Link 7 11 16 0 -2.91665892
Link 8 11 17 0 0.97188878
Link 9 11 18 0 2.99428663
Link 2 12 20 0 -0.01846399
Link 3 12 21 0 -2.48453675
Link 4 12 22 0 -0.37191690
Link 5 12 23 0 -3.30731108
Link 6 12 24 0 3.40751927
Link 7 12 25 0 -0.76803190
Link 8 12 26 0 0.23815168
Link 9 12 27 0 -2.33061332
Link 1 13 28 0 1.04599442
Link 2 13 29 0 1.88352214
Link 4 13 31 0 0.45796645
Link 5 13 32 0 0.99197960
Link 6 13 33 0 1.86269854
Link 7 13 34 0 -1.83697764
Link 9 13 36 0 -2.02001874
Link 1 14 37 0 0.90802573
Link 3 14 39 0 -0.18988276
Link 4 14 40 0 5.13904625
Link 5 14 41 0 -1.95359526
Link 6 14 42 0 1.77326514
Link 7 14 43 0 -3.47545597
Link 8 14 44 0 3.81142637
Link 9 14 45 0 0.25064596
Link 1 15 46 0 -0.82822703
Link 2 15 47 0 1.14272409
Link 3 15 48 0 0.78981688
Link 4 15 49 0 -0.41247004
Link 5 15 50 0 -0.32496050
Link 6 15 51 0 -3.21040039
Link 7 15 52 0 1.06003327
Link 8 15 53 0 2.12401628
Link 9 15 54 0 -0.37682355
Link 1 16 55 0 -4.70000053
Link 2 16 56 0 -0.59465076
Link 3 16 57 0 -1.26139512
Link 4 16 58 0 3.07505384
Link 5 16 59 0 -0.51727346
Link 6 16 60 0 -3.43870506
Link 7 16 61 0 -2.51456553
Link 8 16 62 0 -2.62195300
Link 9 16 63 0 1.69829505
Link 7 17 65 0 2.70196598
Link 17 15 66 0 -2.80558548
Link 4 18 68 0 -1.18893613
Link 18 12 69 0 -1.52945166
Link 20 14 75 0 1.84648468
Link 8 21 77 0 2.51505920
Link 21 12 78 0 -1.17047662
Link 22 10 81 0 -0.00786531
Link 24 14 87 0 4.79615456
Link 7 25 89 0 2.13485408
Link 26 13 93 0 -3.42816726
Link 1 27 95 0 0.78801837
Link 27 12 96 0 1.48455185
Link 3 28 98 0 1.30316222
Link 28 13 99 0 -1.26207031
Link 29 13 102 0 1.88845263
Link 8 30 104 0 4.29423041
Link 30 10 105 0 -0.55440831
Link 2 31 107 0 -4.29218073
Link 8 33 113 0 -1.62213099
Link 33 14 114 0 2.17650155
Link 6 34 117 0 -2.15489129
Link 1 35 120 0 -0.24454658
Link 2 36 123 0 -3.46426954
Link 36 13 124 0 3.46369621
Link 2 38 129 0 -1.61332847
Link 38 16 130 0 -0.82049128
Link 4 41 138 0 2.29462681
Link 41 15 139 0 3.58782037
Link 44 12 148 0 1.98377132
Link 7 45 150 0 -3.55419284
Link 45 16 151 0 -0.91578615
Link 1 46 153 0 2.71232136
Link 5 47 156 0 2.84969032
Link 47 15 157 0 3.27091885
Link 2 48 159 0 0.42905371
Link 48 11 160 0 -0.58832635
Link 50 11 167 0 0.35575453
Link 4 51 174 0 -0.55256173
Link 51 16 175 0 1.04450326
Link 5 52 177 0 0.53860552
Link 52 14 178 0 -1.90068047
Link 2 53 181 0 3.66578805
Link 9 44 191 0 0.47327980
Link 5 56 196 0 -0.42203926
Link 56 13 197 0 1.01013843
Link 8 57 200 0 1.75866861
Link 57 15 201 0 -2.74420632
Link 60 10 214 0 1.47306712
Link 7 62 222 0 -0.86311753
Link 62 10 223 0 -1.48656886
Link 29 16 230 0 3.22751107
Link 63 10 237 0 3.71785663
Link 1 65 250 0 -0.20952720
Link 65 16 251 0 1.12249542
Link 2 17 258 0 1.44916295
Link 59 66 260 0 -0.13500151
Link 66 10 261 0 -4.70509438
Link 10 57 263 1 -3.18118169
Link 3 68 279 0 1.67070550
Link 68 10 280 0 1.50542462
Link 8 69 297 0 2.15162225
Link 69 29 298 0 -3.35429218
Link 3 56 315 0 3.51378858
Link 19 85 424 0 1.93084469
Link 4 86 427 0 1.07145608
Link 86 41 428 0 0.15075654
Link 6 88 442 0 -6.34923153
Link 88 15 443 0 5.90143927
Link 4 89 450 0 1.67679084
Link 89 19 451 0 4.05148938
Link 94 15 482 0 -1.78723888
Link 13 21 492 1 3.66594650
Link 99 26 515 0 -3.13234684
Link 12 41 530 1 -0.89317179
Link 17 11 532 0 -2.04664960
Link 62 62 534 1 -3.27200722
Link 1 101 542 0 1.67740194
Link 35 107 595 0 -0.38598361
Link 107 11 596 0 -1.17258657
Link 31 108 609 0 -0.26689113
Link 108 12 610 0 -1.51736846
Link 25 25 653 1 1.16346414
Link 3 19 655 0 -0.77076982
Link 2 41 688 0 1.58116911
Link 29 29 719 1 -2.36867602
Link 8 22 765 0 -0.30542849
Link 5 132 787 0 -3.28513233
Link 132 39 788 0 -3.16555584
Link 4 63 930 0 -0.86177458
Link 14 85 948 1 -2.81215977
Link 2 171 1054 0 1.16860244
Link 171 24 1055 0 1.82247428
Link 28 174 1070 0 1.43315833
Link 6 182 1115 0 1.67929548
Link 182 22 1116 0 -1.99321148
Link 22 22 1134 1 4.38267841
Link 5 185 1153 0 -3.20825817
Link 185 59 1154 0 -1.00083907
Link 62 186 1156 0 -0.50661142
Link 186 50 1157 0 3.65978484
Link 17 194 1226 0 -0.61434773
Link 17 196 1237 0 2.64783658
Link 196 13 1238 0 -3.57584628
Link 1 197 1242 0 0.40815838
Link 197 63 1243 0 3.56436013
Link 52 52 1245 1 0.33130842
Link 4 200 1261 0 0.18167860
Link 200 60 1262 0 2.69305743
Link 3 201 1264 0 -3.51139423
Link 6 204 1276 0 0.38721990
Link 204 41 1277 0 -0.90209473
Link 44 26 1348 0 -3.85561263
Link 41 213 1353 0 0.85992247
Link 213 94 1354 0 0.58094624
Link 8 215 1363 0 -2.86541090
Link 215 13 1364 0 -1.84410577
Link 200 15 1406 0 1.29840278
Link 8 239 1498 0 0.86535135
Link 239 215 1499 0 1.96373555
Link 3 245 1525 0 2.35857584
Link 245 20 1526 0 -3.26640665
Link 53 246 1533 0 1.56732837
Link 9 26 1567 0 -1.32537334
Link 9 200 1609 0 -3.23737175
Link 25 261 1629 0 0.48711410
Link 261 14 1630 0 3.47209858
Link 5 265 1668 0 2.31709114
Link 265 65 1669 0 -3.25619190
Link 6 200 1687 0 -0.52679568
Link 4 21 1707 0 1.49051232
Link 1 272 1709 0 2.24756012
Link 16 275 1722 1 0.25990378
Link 275 68 1723 1 -0.17558168
Link 44 44 1734 1 -1.34508820
Link 45 45 1824 1 -1.07056755
Link 246 284 1829 0 2.06772393
Link 284 10 1830 0 -0.21438731
Link 19 289 1857 1 1.00000000
Link 289 200 1858 1 -0.91816787
Link 56 14 1877 0 -0.47627673
Link 13 294 1883 1 3.20709122
Link 26 302 1931 0 0.70783811
Link 302 18 1932 0 -4.19336584
Link 6 197 1933 0 -2.44082110
Link 44 303 1936 1 0.06524721
Link 303 44 1937 1 2.61722949
Link 46 45 1952 0 -1.14927839
Link 21 51 1988 0 2.28913573
Link 294 316 2008 1 3.12061190
Link 316 48 2009 1 2.28146418
Link 12 321 2026 1 -1.98709990
Link 321 48 2027 1 1.14306238
Link 44 324 2043 0 -0.39721927
Link 6 330 2087 0 4.47369720
Link 330 44 2088 0 4.00054237
Link 14 26 2114 1 5.78707079
Link 25 340 2150 1 0.96212398
Link 340 25 2151 1 0.47697086
Link 17 17 2210 1 -1.31527224
Link 88 11 2232 0 -1.37536203
Link 5 350 2248 0 -0.85481416
Link 350 13 2249 0 5.52301337
Link 10 65 2317 1 -2.11644413
Link 85 68 2385 1 0.71621851
Link 377 12 2420 0 3.37591471
Link 8 378 2428 0 -0.97285803
Link 378 18 2429 0 3.30811402
Link 48 63 2452 0 2.32950377
Link 15 34 2489 1 -2.07634456
Link 7 294 2573 0 -1.35481554
Link 63 29 2633 0 -0.49508740
Link 65 19 2641 0 2.15561754
Link 412 30 2666 1 0.17295464
Link 15 68 2668 1 -0.30542405
Link 6 416 2688 0 -0.26054900
Link 416 15 2689 0 1.83066986
Link 46 11 2696 0 -3.85818254
Link 63 11 2746 0 2.21410935
Link 52 425 2756 0 0.98008675
Link 26 65 2784 0 0.94967301
Link 28 28 2808 1 2.29199820
Link 85 433 2819 0 -0.26567939
Link 433 112 2820 0 0.06927549
Link 132 34 2852 0 4.67827158
Link 39 50 2853 0 -5.66474492
Link 101 101 2866 1 0.00629106
Link 5 440 2871 0 1.34511785
Link 440 200 2872 0 2.82413336
Link 112 442 2878 0 0.72624223
Link 442 14 2879 0 -4.30977306
Link 12 28 2913 1 1.45180421
Link 45 448 2922 0 1.92895344
Link 448 316 2923 0 2.00004260
Link 53 449 2925 1 2.43846509
Link 449 53 2926 1 2.67735829
Link 36 36 2947 1 -0.12225137
Link 19 68 2956 0 3.34948210
Link 14 28 2962 1 -1.65234492
Link 5 204 2972 0 -2.67949466
Link 324 455 2985 0 3.75577157
Link 455 25 2986 0 1.71768249
Link 461 26 3024 1 0.14772542
Link 101 302 3070 0 -0.55693610
Link 416 33 3085 0 1.27866454
Link 6 475 3112 0 -1.42369273
Link 475 215 3113 0 5.97080439
Link 29 215 3162 0 6.96022988
Link 204 20 3207 0 -0.65548197
Link 200 68 3212 0 -3.08256777
Link 11 38 3234 1 2.26603990
Link 2 350 3251 0 1.35179031
Link 215 33 3285 0 1.15012131
Link 448 294 3295 0 -4.07402112
Link 18 500 3303 0 1.50209816
Link 500 13 3304 0 -1.19935014
Link 455 15 3390 0 -3.93386585
Link 20 509 3407 0 2.41382166
Link 509 33 3408 0 4.68066517
Link 16 525 3536 1 0.26330266
Link 525 461 3537 1 -0.42261957
Link 526 14 3542 0 -0.75486000
Link 62 215 3591 0 -1.25305928
Link 7 86 3652 0 1.48980218
Link 200 11 3660 0 -1.47647711
Link 66 19 3716 1 -0.06774805
Link 8 200 3721 0 0.75228896
Link 21 30 3794 0 3.28546691
Link 39 577 3934 0 1.13537517
Link 577 377 3935 0 -2.82734848
Link 194 455 3938 0 -1.59109314
Link 302 378 3956 1 0.82227468
Link 60 46 3986 0 -1.66664978
Link 194 594 4044 0 1.08470897
Link 594 18 4045 0 -2.57164413
Link 107 20 4069 1 1.06272975
Link 86 509 4102 0 -1.95866036
Link 36 302 4145 0 4.87110170
Link 60 302 4262 0 -2.40397010
Link 63 619 4269 0 1.32912636
Link 619 48 4270 0 0.82029874
Link 6 620 4272 0 0.86287095
Link 620 44 4273 0 -0.70071284
Link 455 107 4325 0 0.35376155
Link 340 215 4397 0 -2.04844739
Link 39 641 4497 1 -2.32287786
Link 641 39 4498 1 -0.40355033
Link 378 378 4536 1 -1.63904290
Link 378 30 4594 0 -2.10925585
Link 29 26 4621 0 -1.98719991
Link 107 665 4690 1 -0.87552702
Link 665 88 4691 1 -0.46813308
Link 425 670 4718 0 -3.38070686
Link 670 88 4719 0 -0.67112755
Link 101 674 4742 0 0.86827246
Link 674 18 4743 0 -2.02376439
Link 316 294 4848 0 1.55878058
Link 4 700 5045 0 1.26616643
Link 700 10 5046 0 -1.08828873
Link 448 704 5099 1 2.05092447
Link 704 48 5100 1 -2.59090724
Link 174 706 5105 0 0.54140001
Link 201 215 5163 0 -2.78141962
Link 239 197 5447 0 1.44165523
Link 4 215 5835 0 1.82998839
Link 11 820 6052 1 1.47057130
Link 18 19 6186 0 2.27863542
Link 34 840 6225 0 1.70220936
Link 840 10 6226 0 -1.76245142
Link 19 29 6257 0 -3.79550978
Link 41 448 6516 0 -3.83036878
Link 378 56 6652 0 4.17860923
Link 101 66 6802 0 0.21498451
Link 47 412 6829 0 -1.43378624
Link 455 48 6851 0 -1.16453205
Link 509 24 6972 0 -2.19912085
Link 294 56 6997 1 0.09927780
Link 272 926 7009 0 0.71588469
Link 926 21 7010 0 0.44377353
Link 7 933 7053 0 1.03007613
Link 933 99 7054 0 1.99294417
Link 1 201 7191 0 -1.79407828
Link 620 265 7305 0 1.82676205
Link 440 63 7480 0 -3.32753166
Link 48 108 7495 0 3.07852652
Link 820 1005 7601 1 0.83306531
Link 1005 412 7602 1 0.42415638
Link 41 1020 7703 0 0.87097424
Link 700 33 7953 0 3.49148478
Link 10 350 8043 1 3.18127009
Link 11 1069 8116 1 1.34850951
Link 1069 28 8117 1 0.88668205
Link 440 440 8150 1 0.05401573
Link 39 1020 8177 0 -0.17668472
Link 706 321 8245 1 2.28064141
Link 412 706 8270 0 0.48379131
Link 706 1091 8327 0 1.26034308
Link 1091 13 8328 0 -0.44329395
Link 700 13 8550 0 -1.30245317
Link 1020 50 8613 0 0.92167824
Link 52 197 8640 1 0.84650013
Link 526 1020 8715 0 0.87623880
Link 272 706 8904 0 0.40557007
Link 1020 1173 9050 0 0.99741032
Link 1173 52 9051 0 0.30566842
Link 99 112 9189 0 -1.78621124
Link 2 1206 9392 0 1.84001147
Link 1206 526 9393 0 3.29429859
Link 132 700 9408 0 -3.55907274
Link 112 350 9491 1 -0.44868422
GenomeEnd

