GenomeStart 33218
Neuron 1 1 0.00000000 1 0.00000000 0.00000000 0.00000000 0.00000000
Neuron 2 1 0.00000000 1 0.00000000 0.00000000 0.00000000 0.00000000
Neuron 3 1 0.00000000 1 0.00000000 0.00000000 0.00000000 0.00000000
Neuron 4 1 0.00000000 1 0.00000000 0.00000000 0.00000000 0.00000000
Neuron 5 1 0.00000000 1 0.00000000 0.00000000 0.00000000 0.00000000
Neuron 6 1 0.00000000 1 0.00000000 0.00000000 0.00000000 0.00000000
Neuron 7 1 0.00000000 1 0.00000000 0.00000000 0.00000000 0.00000000
Neuron 8 1 0.00000000 1 0.00000000 0.00000000 0.00000000 0.00000000
Neuron 9 2 0.00000000 1 0.00000000 0.00000000 0.00000000 0.00000000
Neuron 10 4 1.00000000 0 1.00000000 0.00000000 0.00000000 0.00000000
Neuron 11 4 1.00000000 0 1.00000000 0.00000000 0.00000000 0.00000000
Neuron 12 4 1.00000000 0 1.00000000 0.00000000 0.00000000 0.00000000
Neuron 13 4 1.00000000 0 1.00000000 0.00000000 0.00000000 0.00000000
Neuron 14 4 1.00000000 0 1.00000000 0.00000000 0.00000000 0.00000000
Neuron 15 4 1.00000000 0 1.00000000 0.00000000 0.00000000 0.00000000
Neuron 16 4 1.00000000 0 1.00000000 0.00000000 0.00000000 0.00000000
Neuron 17 3 0.50000000 1 1.00000000 0.00000000 0.00000000 0.00000000
Neuron 18 3 0.50000000 1 1.00000000 0.00000000 0.00000000 0.00000000
Neuron 19 3 0.50000000 1 1.00000000 0.00000000 0.00000000 0.00000000
Neuron 20 3 0.50000000 1 1.00000000 0.00000000 0.00000000 0.00000000
Neuron 22 3 0.50000000 1 1.00000000 0.00000000 0.00000000 0.00000000
Neuron 25 3 0.50000000 1 1.00000000 0.00000000 0.00000000 0.00000000
Neuron 26 3 0.50000000 1 1.00000000 0.00000000 0.00000000 0.00000000
Neuron 28 3 0.50000000 1 1.00000000 0.00000000 0.00000000 0.00000000
Neuron 29 3 0.50000000 1 1.00000000 0.00000000 0.00000000 0.00000000
Neuron 30 3 0.50000000 1 1.00000000 0.00000000 0.00000000 0.00000000
Neuron 33 3 0.50000000 1 1.00000000 0.00000000 0.00000000 0.00000000
Neuron 34 3 0.50000000 1 1.00000000 0.00000000 0.00000000 0.00000000
Neuron 35 3 0.50000000 1 1.00000000 0.00000000 0.00000000 0.00000000
Neuron 36 3 0.50000000 1 1.00000000 0.00000000 0.00000000 0.00000000
Neuron 38 3 0.50000000 1 1.00000000 0.00000000 0.00000000 0.00000000
Neuron 39 3 0.50000000 1 1.00000000 0.00000000 0.00000000 0.00000000
Neuron 41 3 0.50000000 1 1.00000000 0.00000000 0.00000000 0.00000000
Neuron 43 3 0.50000000 1 1.00000000 0.00000000 0.00000000 0.00000000
Neuron 44 3 0.50000000 1 1.00000000 0.00000000 0.00000000 0.00000000
Neuron 47 3 0.50000000 1 1.00000000 0.00000000 0.00000000 0.00000000
Neuron 50 3 0.50000000 1 1.00000000 0.00000000 0.00000000 0.00000000
Neuron 52 3 0.50000000 1 1.00000000 0.00000000 0.00000000 0.00000000
Neuron 56 3 0.50000000 1 1.00000000 0.00000000 0.00000000 0.00000000
Neuron 57 3 0.50000000 1 1.00000000 0.00000000 0.00000000 0.00000000
Neuron 60 3 0.50000000 1 1.00000000 0.00000000 0.00000000 0.00000000
Neuron 62 3 0.50000000 1 1.00000000 0.00000000 0.00000000 0.00000000
Neuron 65 3 0.50000000 1 1.00000000 0.00000000 0.00000000 0.00000000
Neuron 68 3 0.50000000 1 1.00000000 0.00000000 0.00000000 0.00000000
Neuron 85 3 0.75000000 1 1.00000000 0.00000000 0.00000000 0.00000000
Neuron 86 3 0.25000000 1 1.00000000 0.00000000 0.00000000 0.00000000
Neuron 88 3 0.50000000 1 1.00000000 0.00000000 0.00000000 0.00000000
Neuron 89 3 0.25000000 1 1.00000000 0.00000000 0.00000000 0.00000000
Neuron 101 3 0.25000000 1 1.00000000 0.00000000 0.00000000 0.00000000
Neuron 112 3 0.87500000 1 1.00000000 0.00000000 0.00000000 0.00000000
Neuron 127 3 0.75000000 1 1.00000000 0.00000000 0.00000000 0.00000000
Neuron 132 3 0.25000000 1 1.00000000 0.00000000 0.00000000 0.00000000
Neuron 182 3 0.25000000 1 1.00000000 0.00000000 0.00000000 0.00000000
Neuron 194 3 0.50000000 1 1.00000000 0.00000000 0.00000000 0.00000000
Neuron 195 3 0.25000000 1 1.00000000 0.00000000 0.00000000 0.00000000
Neuron 200 3 0.25000000 1 1.00000000 0.00000000 0.00000000 0.00000000
Neuron 204 3 0.25000000 1 1.00000000 0.00000000 0.00000000 0.00000000
Neuron 215 3 0.50000000 1 1.00000000 0.00000000 0.00000000 0.00000000
Neuron 265 3 0.25000000 1 1.00000000 0.00000000 0.00000000 0.00000000
Neuron 302 3 0.50000000 1 1.00000000 0.00000000 0.00000000 0.00000000
Neuron 303 3 0.50000000 1 1.00000000 0.00000000 0.00000000 0.00000000
Neuron 324 3 0.50000000 1 1.00000000 0.00000000 0.00000000 0.00000000
Neuron 330 3 0.25000000 1 1.00000000 0.00000000 0.00000000 0.00000000
Neuron 337 3 0.12500000 1 1.00000000 0.00000000 0.00000000 0.00000000
Neuron 340 3 0.50000000 1 1.00000000 0.00000000 0.00000000 0.00000000
Neuron 350 3 0.50000000 1 1.00000000 0.00000000 0.00000000 0.00000000
Neuron 377 3 0.75000000 1 1.00000000 0.00000000 0.00000000 0.00000000
Neuron 378 3 0.25000000 1 1.00000000 0.00000000 0.00000000 0.00000000
Neuron 416 3 0.50000000 1 1.00000000 0.00000000 0.00000000 0.00000000
Neuron 423 3 0.50000000 1 1.00000000 0.00000000 0.00000000 0.00000000
Neuron 433 3 0.81250000 1 1.00000000 0.00000000 0.00000000 0.00000000
Neuron 455 3 0.50000000 1 1.00000000 0.00000000 0.00000000 0.00000000
Neuron 461 3 0.75000000 1 1.00000000 0.00000000 0.00000000 0.00000000
Neuron 473 3 0.50000000 1 1.00000000 0.00000000 0.00000000 0.00000000
Neuron 499 3 0.37500000 1 1.00000000 0.00000000 0.00000000 0.00000000
Neuron 509 3 0.50000000 1 1.00000000 0.00000000 0.00000000 0.00000000
Neuron 560 3 0.62500000 1 1.00000000 0.00000000 0.00000000 0.00000000
Neuron 563 3 0.75000000 1 1.00000000 0.00000000 0.00000000 0.00000000
Link 1 10 1 0 -2.22966339
Link 2 10 2 0 1.43431738
Link 3 10 3 0 -3.70941286
Link 5 10 5 0 2.75542496
Link 6 10 6 0 -0.76031105
Link 7 10 7 0 -2.15506047
Link 9 10 9 0 1.97494998
Link 1 11 10 0 -2.91866058
Link 2 11 11 0 1.46190303
Link 3 11 12 0 2.79456829
Link 4 11 13 0 -0.45275222
Link 5 11 14 0 -0.29280852
Link 6 11 15 0 -0.12735659
Link 7 11 16 0 -2.01076907
Link 8 11 17 0 -2.18498304
Link 9 11 18 0 0.42984308
Link 1 12 19 0 -1.35177684
Link 2 12 20 0 -0.08869822
Link 3 12 21 0 0.91918157
Link 4 12 22 0 -2.59512289
Link 5 12 23 0 -0.22555610
Link 7 12 25 0 -0.36028287
Link 8 12 26 0 0.49962659
Link 9 12 27 0 1.79691400
Link 1 13 28 0 -1.58664542
Link 2 13 29 0 1.20273699
Link 3 13 30 0 1.03625600
Link 4 13 31 0 1.06351605
Link 5 13 32 0 0.02176053
Link 6 13 33 0 1.54707124
Link 7 13 34 0 -0.26195301
Link 8 13 35 0 -0.21175046
Link 9 13 36 0 1.43525309
Link 1 14 37 0 -0.07988942
Link 2 14 38 0 2.52293922
Link 3 14 39 0 0.23901492
Link 4 14 40 0 -1.07036920
Link 5 14 41 0 0.17948350
Link 6 14 42 0 -0.46530013
Link 7 14 43 0 -0.36796074
Link 8 14 44 0 -1.16187137
Link 9 14 45 0 -1.59834161
Link 1 15 46 0 -0.37111268
Link 2 15 47 0 -2.96929202
Link 3 15 48 0 -2.50669177
Link 4 15 49 0 1.32462724
Link 5 15 50 0 2.93436613
Link 6 15 51 0 -0.10627998
Link 7 15 52 0 2.21123193
Link 8 15 53 0 3.06469438
Link 9 15 54 0 -1.26157499
Link 1 16 55 0 0.74759139
Link 2 16 56 0 0.69872295
Link 3 16 57 0 -1.22726101
Link 4 16 58 0 0.25663193
Link 5 16 59 0 2.01735204
Link 6 16 60 0 -2.87916673
Link 7 16 61 0 0.22476808
Link 8 16 62 0 -1.94364240
Link 9 16 63 0 0.15891214
Link 7 17 65 0 0.74610035
Link 17 15 66 0 -0.05800077
Link 4 18 68 0 0.97889826
Link 18 12 69 0 -0.28067776
Link 3 20 74 0 -1.40072773
Link 20 14 75 0 1.93732841
Link 22 10 81 0 0.84424105
Link 7 25 89 0 -1.99364117
Link 25 14 90 0 2.81262513
Link 7 26 92 0 1.55053156
Link 26 13 93 0 -1.71178240
Link 3 28 98 0 -1.39972245
Link 28 13 99 0 -0.08155029
Link 8 29 101 0 -0.04396609
Link 29 13 102 0 0.14061743
Link 8 30 104 0 1.35247526
Link 30 10 105 0 -0.14987249
Link 8 33 113 0 0.71272478
Link 33 14 114 0 -0.65933357
Link 6 34 117 0 -2.13426947
Link 34 14 118 0 -0.34127476
Link 1 35 120 0 -0.14840243
Link 35 11 121 0 -0.96105846
Link 2 36 123 0 1.82879502
Link 36 13 124 0 1.78203928
Link 2 38 129 0 -3.75737786
Link 38 16 130 0 1.79947191
Link 4 41 138 0 -0.06653150
Link 41 15 139 0 -2.43738324
Link 3 43 144 0 0.32045143
Link 43 16 145 0 0.81625866
Link 6 44 147 0 2.45081472
Link 44 12 148 0 0.96502070
Link 5 47 156 0 2.14918962
Link 47 15 157 0 -3.59306557
Link 50 11 167 0 1.46628190
Link 5 52 177 0 1.53319618
Link 52 14 178 0 -2.82822310
Link 5 56 196 0 1.06424421
Link 56 13 197 0 -0.08228984
Link 8 57 200 0 -0.28792374
Link 4 60 213 0 -1.06983794
Link 60 10 214 0 -2.65305205
Link 7 62 222 0 -3.36444383
Link 62 10 223 0 -4.10725494
Link 29 16 230 0 -1.34147700
Link 1 65 250 0 -2.02412214
Link 65 16 251 0 0.03878881
Link 2 17 258 0 3.82771286
Link 10 57 263 1 -0.20778853
Link 3 68 279 0 1.43753979
Link 68 10 280 0 -0.39196915
Link 17 13 371 0 -0.31604246
Link 19 85 424 0 0.29179255
Link 4 86 427 0 -1.64479315
Link 86 41 428 0 -1.35965060
Link 6 88 442 0 -3.35425018
Link 88 15 443 0 1.77936906
Link 4 89 450 0 0.60882092
Link 89 19 451 0 1.75171106
Link 12 41 530 1 0.02080184
Link 17 11 532 0 -1.46419044
Link 1 101 542 0 0.74109872
Link 101 18 543 0 2.20668024
Link 62 50 623 0 2.88922591
Link 112 14 640 0 3.04007841
Link 3 19 655 0 2.72369932
Link 2 41 688 0 0.69732700
Link 29 29 719 1 0.21008269
Link 18 13 739 0 -2.78284402
Link 57 127 744 0 0.00512611
Link 127 15 745 0 -0.14515090
Link 8 22 765 0 -2.22698724
Link 5 132 787 0 -2.67122720
Link 132 39 788 0 1.62765994
Link 14 85 948 1 0.34395923
Link 6 182 1115 0 1.11241696
Link 182 22 1116 0 2.02408367
Link 52 88 1124 0 -0.47859544
Link 22 22 1134 1 -4.21152545
Link 11 30 1223 1 1.17748818
Link 17 194 1226 0 1.27397174
Link 194 18 1227 0 -2.84773521
Link 3 195 1232 0 0.93388325
Link 195 26 1233 0 -0.42425558
Link 52 52 1245 1 0.74378964
Link 200 60 1262 0 -0.59633525
Link 6 204 1276 0 0.43996462
Link 204 41 1277 0 0.30038886
Link 19 200 1314 1 2.73674874
Link 44 26 1348 0 -0.15178610
Link 8 215 1363 0 0.09324848
Link 215 13 1364 0 -0.18037301
Link 200 15 1406 0 1.08079427
Link 16 68 1426 1 -0.35760224
Link 9 26 1567 0 -3.11910229
Link 9 200 1609 0 1.19596532
Link 5 265 1668 0 1.50989530
Link 6 200 1687 0 -0.78087822
Link 8 28 1862 0 -1.75629088
Link 56 14 1877 0 -2.18671766
Link 26 302 1931 0 -1.60255239
Link 302 18 1932 0 -0.76686891
Link 44 303 1936 1 0.70951074
Link 303 44 1937 1 0.74075760
Link 44 324 2043 0 0.18624647
Link 6 215 2045 0 2.29699731
Link 6 330 2087 0 -1.54623461
Link 330 44 2088 0 -2.85004656
Link 14 26 2114 1 1.36557910
Link 4 337 2131 0 2.81050116
Link 337 200 2132 0 0.54259843
Link 5 200 2139 0 -1.78376440
Link 25 340 2150 1 -0.59615804
Link 17 17 2210 1 -2.71365337
Link 88 11 2232 0 -0.14159537
Link 5 350 2248 0 -0.43597170
Link 350 13 2249 0 -1.26668128
Link 85 68 2385 1 -0.01200037
Link 39 377 2419 0 0.92368632
Link 377 12 2420 0 -1.34533017
Link 8 378 2428 0 -0.42709622
Link 378 18 2429 0 4.13975464
Link 15 34 2489 1 0.77491695
Link 65 19 2641 0 0.13398715
Link 15 68 2668 1 0.80805677
Link 6 416 2688 0 -0.79758216
Link 416 15 2689 0 0.51195831
Link 340 423 2737 1 0.03857712
Link 423 25 2738 1 2.35508396
Link 26 65 2784 0 0.69703993
Link 28 28 2808 1 0.94753637
Link 85 433 2819 0 0.31045601
Link 433 112 2820 0 0.41125460
Link 132 34 2852 0 -1.22464864
Link 12 28 2913 1 -1.39696416
Link 36 36 2947 1 -0.31193862
Link 19 68 2956 0 0.62767998
Link 14 28 2962 1 -3.60985266
Link 5 204 2972 0 0.81533611
Link 324 455 2985 0 1.38180220
Link 455 25 2986 0 2.21737873
Link 16 461 3023 1 0.30831313
Link 101 302 3070 0 0.35820982
Link 416 33 3085 0 -0.41034385
Link 6 473 3090 0 -0.77740900
Link 473 12 3091 0 0.43275443
Link 29 215 3162 0 0.45801861
Link 204 20 3207 0 0.46199052
Link 200 68 3212 0 1.66051133
Link 11 38 3234 1 -2.37864061
Link 2 350 3251 0 2.17270355
Link 215 33 3285 0 -1.13527866
Link 265 499 3292 0 3.82874925
Link 499 65 3293 0 -1.27982741
Link 455 15 3390 0 1.49924877
Link 194 194 3392 1 -0.11811350
Link 20 509 3407 0 -3.88542749
Link 509 33 3408 0 -0.69467510
Link 461 560 3792 1 0.00893089
Link 560 26 3793 1 0.60248781
Link 455 563 3822 0 1.75150505
Link 563 12 3823 0 -0.29350129
Link 13 378 3957 1 3.53286396
Link 2 378 4040 0 -1.77188294
Link 112 33 4156 1 -4.18218583
Link 20 340 4444 0 -2.79310064
Link 330 26 4504 0 -1.26498200
Link 1 200 4761 0 -1.93522084
Link 337 14 4824 0 -2.33667368
Link 509 200 5008 1 -0.42821752
Link 29 423 5118 0 1.61019929
GenomeEnd

