GenomeStart 74712
Neuron 1 1 0.00000000 1 0.00000000 0.00000000 0.00000000 0.00000000
Neuron 2 1 0.00000000 1 0.00000000 0.00000000 0.00000000 0.00000000
Neuron 3 1 0.00000000 1 0.00000000 0.00000000 0.00000000 0.00000000
Neuron 4 1 0.00000000 1 0.00000000 0.00000000 0.00000000 0.00000000
Neuron 5 1 0.00000000 1 0.00000000 0.00000000 0.00000000 0.00000000
Neuron 6 1 0.00000000 1 0.00000000 0.00000000 0.00000000 0.00000000
Neuron 7 1 0.00000000 1 0.00000000 0.00000000 0.00000000 0.00000000
Neuron 8 1 0.00000000 1 0.00000000 0.00000000 0.00000000 0.00000000
Neuron 9 2 0.00000000 1 0.00000000 0.00000000 0.00000000 0.00000000
Neuron 10 4 1.00000000 0 1.00000000 0.00000000 0.00000000 0.00000000
Neuron 11 4 1.00000000 0 1.00000000 0.00000000 0.00000000 0.00000000
Neuron 12 4 1.00000000 0 1.00000000 0.00000000 0.00000000 0.00000000
Neuron 13 4 1.00000000 0 1.00000000 0.00000000 0.00000000 0.00000000
Neuron 14 4 1.00000000 0 1.00000000 0.00000000 0.00000000 0.00000000
Neuron 15 4 1.00000000 0 1.00000000 0.00000000 0.00000000 0.00000000
Neuron 16 4 1.00000000 0 1.00000000 0.00000000 0.00000000 0.00000000
Neuron 17 3 0.50000000 1 1.00000000 0.00000000 0.00000000 0.00000000
Neuron 18 3 0.50000000 1 1.00000000 0.00000000 0.00000000 0.00000000
Neuron 19 3 0.50000000 1 1.00000000 0.00000000 0.00000000 0.00000000
Neuron 20 3 0.50000000 1 1.00000000 0.00000000 0.00000000 0.00000000
Neuron 21 3 0.50000000 1 1.00000000 0.00000000 0.00000000 0.00000000
Neuron 22 3 0.50000000 1 1.00000000 0.00000000 0.00000000 0.00000000
Neuron 24 3 0.50000000 1 1.00000000 0.00000000 0.00000000 0.00000000
Neuron 25 3 0.50000000 1 1.00000000 0.00000000 0.00000000 0.00000000
Neuron 26 3 0.50000000 1 1.00000000 0.00000000 0.00000000 0.00000000
Neuron 27 3 0.50000000 1 1.00000000 0.00000000 0.00000000 0.00000000
Neuron 28 3 0.50000000 1 1.00000000 0.00000000 0.00000000 0.00000000
Neuron 29 3 0.50000000 1 1.00000000 0.00000000 0.00000000 0.00000000
Neuron 30 3 0.50000000 1 1.00000000 0.00000000 0.00000000 0.00000000
Neuron 31 3 0.50000000 1 1.00000000 0.00000000 0.00000000 0.00000000
Neuron 33 3 0.50000000 1 1.00000000 0.00000000 0.00000000 0.00000000
Neuron 34 3 0.50000000 1 1.00000000 0.00000000 0.00000000 0.00000000
Neuron 35 3 0.50000000 1 1.00000000 0.00000000 0.00000000 0.00000000
Neuron 36 3 0.50000000 1 1.00000000 0.00000000 0.00000000 0.00000000
Neuron 38 3 0.50000000 1 1.00000000 0.00000000 0.00000000 0.00000000
Neuron 39 3 0.50000000 1 1.00000000 0.00000000 0.00000000 0.00000000
Neuron 41 3 0.50000000 1 1.00000000 0.00000000 0.00000000 0.00000000
Neuron 44 3 0.50000000 1 1.00000000 0.00000000 0.00000000 0.00000000
Neuron 45 3 0.50000000 1 1.00000000 0.00000000 0.00000000 0.00000000
Neuron 46 3 0.50000000 1 1.00000000 0.00000000 0.00000000 0.00000000
Neuron 47 3 0.50000000 1 1.00000000 0.00000000 0.00000000 0.00000000
Neuron 48 3 0.50000000 1 1.00000000 0.00000000 0.00000000 0.00000000
Neuron 50 3 0.50000000 1 1.00000000 0.00000000 0.00000000 0.00000000
Neuron 51 3 0.50000000 1 1.00000000 0.00000000 0.00000000 0.00000000
Neuron 52 3 0.50000000 1 1.00000000 0.00000000 0.00000000 0.00000000
Neuron 53 3 0.50000000 1 1.00000000 0.00000000 0.00000000 0.00000000
Neuron 56 3 0.50000000 1 1.00000000 0.00000000 0.00000000 0.00000000
Neuron 57 3 0.50000000 1 1.00000000 0.00000000 0.00000000 0.00000000
Neuron 59 3 0.50000000 1 1.00000000 0.00000000 0.00000000 0.00000000
Neuron 60 3 0.50000000 1 1.00000000 0.00000000 0.00000000 0.00000000
Neuron 62 3 0.50000000 1 1.00000000 0.00000000 0.00000000 0.00000000
Neuron 63 3 0.50000000 1 1.00000000 0.00000000 0.00000000 0.00000000
Neuron 65 3 0.50000000 1 1.00000000 0.00000000 0.00000000 0.00000000
Neuron 66 3 0.75000000 1 1.00000000 0.00000000 0.00000000 0.00000000
Neuron 68 3 0.50000000 1 1.00000000 0.00000000 0.00000000 0.00000000
Neuron 69 3 0.25000000 1 1.00000000 0.00000000 0.00000000 0.00000000
Neuron 85 3 0.75000000 1 1.00000000 0.00000000 0.00000000 0.00000000
Neuron 86 3 0.25000000 1 1.00000000 0.00000000 0.00000000 0.00000000
Neuron 88 3 0.50000000 1 1.00000000 0.00000000 0.00000000 0.00000000
Neuron 89 3 0.25000000 1 1.00000000 0.00000000 0.00000000 0.00000000
Neuron 94 3 0.75000000 1 1.00000000 0.00000000 0.00000000 0.00000000
Neuron 99 3 0.25000000 1 1.00000000 0.00000000 0.00000000 0.00000000
Neuron 101 3 0.25000000 1 1.00000000 0.00000000 0.00000000 0.00000000
Neuron 107 3 0.75000000 1 1.00000000 0.00000000 0.00000000 0.00000000
Neuron 108 3 0.75000000 1 1.00000000 0.00000000 0.00000000 0.00000000
Neuron 112 3 0.87500000 1 1.00000000 0.00000000 0.00000000 0.00000000
Neuron 127 3 0.75000000 1 1.00000000 0.00000000 0.00000000 0.00000000
Neuron 132 3 0.25000000 1 1.00000000 0.00000000 0.00000000 0.00000000
Neuron 158 3 0.75000000 1 1.00000000 0.00000000 0.00000000 0.00000000
Neuron 171 3 0.25000000 1 1.00000000 0.00000000 0.00000000 0.00000000
Neuron 174 3 0.75000000 1 1.00000000 0.00000000 0.00000000 0.00000000
Neuron 182 3 0.25000000 1 1.00000000 0.00000000 0.00000000 0.00000000
Neuron 185 3 0.25000000 1 1.00000000 0.00000000 0.00000000 0.00000000
Neuron 186 3 0.50000000 1 1.00000000 0.00000000 0.00000000 0.00000000
Neuron 194 3 0.50000000 1 1.00000000 0.00000000 0.00000000 0.00000000
Neuron 196 3 0.75000000 1 1.00000000 0.00000000 0.00000000 0.00000000
Neuron 197 3 0.25000000 1 1.00000000 0.00000000 0.00000000 0.00000000
Neuron 200 3 0.25000000 1 1.00000000 0.00000000 0.00000000 0.00000000
Neuron 201 3 0.25000000 1 1.00000000 0.00000000 0.00000000 0.00000000
Neuron 204 3 0.25000000 1 1.00000000 0.00000000 0.00000000 0.00000000
Neuron 213 3 0.62500000 1 1.00000000 0.00000000 0.00000000 0.00000000
Neuron 215 3 0.50000000 1 1.00000000 0.00000000 0.00000000 0.00000000
Neuron 239 3 0.25000000 1 1.00000000 0.00000000 0.00000000 0.00000000
Neuron 245 3 0.25000000 1 1.00000000 0.00000000 0.00000000 0.00000000
Neuron 246 3 0.75000000 1 1.00000000 0.00000000 0.00000000 0.00000000
Neuron 261 3 0.75000000 1 1.00000000 0.00000000 0.00000000 0.00000000
Neuron 265 3 0.25000000 1 1.00000000 0.00000000 0.00000000 0.00000000
Neuron 272 3 0.25000000 1 1.00000000 0.00000000 0.00000000 0.00000000
Neuron 275 3 0.75000000 1 1.00000000 0.00000000 0.00000000 0.00000000
Neuron 284 3 0.87500000 1 1.00000000 0.00000000 0.00000000 0.00000000
Neuron 289 3 0.37500000 1 1.00000000 0.00000000 0.00000000 0.00000000
Neuron 294 3 0.75000000 1 1.00000000 0.00000000 0.00000000 0.00000000
Neuron 296 3 0.25000000 1 1.00000000 0.00000000 0.00000000 0.00000000
Neuron 302 3 0.50000000 1 1.00000000 0.00000000 0.00000000 0.00000000
Neuron 303 3 0.50000000 1 1.00000000 0.00000000 0.00000000 0.00000000
Neuron 316 3 0.62500000 1 1.00000000 0.00000000 0.00000000 0.00000000
Neuron 321 3 0.75000000 1 1.00000000 0.00000000 0.00000000 0.00000000
Neuron 324 3 0.50000000 1 1.00000000 0.00000000 0.00000000 0.00000000
Neuron 330 3 0.25000000 1 1.00000000 0.00000000 0.00000000 0.00000000
Neuron 340 3 0.50000000 1 1.00000000 0.00000000 0.00000000 0.00000000
Neuron 350 3 0.50000000 1 1.00000000 0.00000000 0.00000000 0.00000000
Neuron 377 3 0.75000000 1 1.00000000 0.00000000 0.00000000 0.00000000
Neuron 378 3 0.25000000 1 1.00000000 0.00000000 0.00000000 0.00000000
Neuron 412 3 0.75000000 1 1.00000000 0.00000000 0.00000000 0.00000000
Neuron 416 3 0.50000000 1 1.00000000 0.00000000 0.00000000 0.00000000
Neuron 423 3 0.50000000 1 1.00000000 0.00000000 0.00000000 0.00000000
Neuron 425 3 0.50000000 1 1.00000000 0.00000000 0.00000000 0.00000000
Neuron 433 3 0.81250000 1 1.00000000 0.00000000 0.00000000 0.00000000
Neuron 440 3 0.12500000 1 1.00000000 0.00000000 0.00000000 0.00000000
Neuron 442 3 0.93750000 1 1.00000000 0.00000000 0.00000000 0.00000000
Neuron 448 3 0.56250000 1 1.00000000 0.00000000 0.00000000 0.00000000
Neuron 449 3 0.50000000 1 1.00000000 0.00000000 0.00000000 0.00000000
Neuron 455 3 0.50000000 1 1.00000000 0.00000000 0.00000000 0.00000000
Neuron 457 3 0.75000000 1 1.00000000 0.00000000 0.00000000 0.00000000
Neuron 458 3 0.50000000 1 1.00000000 0.00000000 0.00000000 0.00000000
Neuron 461 3 0.75000000 1 1.00000000 0.00000000 0.00000000 0.00000000
Neuron 474 3 0.78125000 1 1.00000000 0.00000000 0.00000000 0.00000000
Neuron 475 3 0.25000000 1 1.00000000 0.00000000 0.00000000 0.00000000
Neuron 500 3 0.75000000 1 1.00000000 0.00000000 0.00000000 0.00000000
Neuron 509 3 0.50000000 1 1.00000000 0.00000000 0.00000000 0.00000000
Neuron 525 3 0.87500000 1 1.00000000 0.00000000 0.00000000 0.00000000
Neuron 526 3 0.50000000 1 1.00000000 0.00000000 0.00000000 0.00000000
Neuron 539 3 0.37500000 1 1.00000000 0.00000000 0.00000000 0.00000000
Neuron 554 3 0.50000000 1 1.00000000 0.00000000 0.00000000 0.00000000
Neuron 557 3 0.25000000 1 1.00000000 0.00000000 0.00000000 0.00000000
Neuron 577 3 0.62500000 1 1.00000000 0.00000000 0.00000000 0.00000000
Neuron 594 3 0.50000000 1 1.00000000 0.00000000 0.00000000 0.00000000
Neuron 619 3 0.50000000 1 1.00000000 0.00000000 0.00000000 0.00000000
Neuron 620 3 0.25000000 1 1.00000000 0.00000000 0.00000000 0.00000000
Neuron 639 3 0.37500000 1 1.00000000 0.00000000 0.00000000 0.00000000
Neuron 640 3 0.12500000 1 1.00000000 0.00000000 0.00000000 0.00000000
Neuron 641 3 0.50000000 1 1.00000000 0.00000000 0.00000000 0.00000000
Neuron 665 3 0.62500000 1 1.00000000 0.00000000 0.00000000 0.00000000
Neuron 670 3 0.50000000 1 1.00000000 0.00000000 0.00000000 0.00000000
Neuron 674 3 0.37500000 1 1.00000000 0.00000000 0.00000000 0.00000000
Neuron 700 3 0.50000000 1 1.00000000 0.00000000 0.00000000 0.00000000
Neuron 704 3 0.53125000 1 1.00000000 0.00000000 0.00000000 0.00000000
Neuron 706 3 0.87500000 1 1.00000000 0.00000000 0.00000000 0.00000000
Neuron 765 3 0.75000000 1 1.00000000 0.00000000 0.00000000 0.00000000
Neuron 787 3 0.75000000 1 1.00000000 0.00000000 0.00000000 0.00000000
Neuron 820 3 0.87500000 1 1.00000000 0.00000000 0.00000000 0.00000000
Neuron 840 3 0.75000000 1 1.00000000 0.00000000 0.00000000 0.00000000
Neuron 907 3 0.50000000 1 1.00000000 0.00000000 0.00000000 0.00000000
Neuron 926 3 0.37500000 1 1.00000000 0.00000000 0.00000000 0.00000000
Neuron 933 3 0.12500000 1 1.00000000 0.00000000 0.00000000 0.00000000
Neuron 948 3 0.12500000 1 1.00000000 0.00000000 0.00000000 0.00000000
Neuron 998 3 0.31250000 1 1.00000000 0.00000000 0.00000000 0.00000000
Neuron 1005 3 0.81250000 1 1.00000000 0.00000000 0.00000000 0.00000000
Neuron 1020 3 0.50000000 1 1.00000000 0.00000000 0.00000000 0.00000000
Neuron 1026 3 0.50000000 1 1.00000000 0.00000000 0.00000000 0.00000000
Neuron 1056 3 0.18750000 1 1.00000000 0.00000000 0.00000000 0.00000000
Neuron 1069 3 0.75000000 1 1.00000000 0.00000000 0.00000000 0.00000000
Neuron 1091 3 0.93750000 1 1.00000000 0.00000000 0.00000000 0.00000000
Neuron 1134 3 0.37500000 1 1.00000000 0.00000000 0.00000000 0.00000000
Neuron 1144 3 0.81250000 1 1.00000000 0.00000000 0.00000000 0.00000000
Neuron 1173 3 0.50000000 1 1.00000000 0.00000000 0.00000000 0.00000000
Neuron 1182 3 0.50000000 1 1.00000000 0.00000000 0.00000000 0.00000000
Neuron 1206 3 0.25000000 1 1.00000000 0.00000000 0.00000000 0.00000000
Neuron 1267 3 0.81250000 1 1.00000000 0.00000000 0.00000000 0.00000000
Neuron 1318 3 0.12500000 1 1.00000000 0.00000000 0.00000000 0.00000000
Neuron 1383 3 0.25000000 1 1.00000000 0.00000000 0.00000000 0.00000000
Neuron 1395 3 0.37500000 1 1.00000000 0.00000000 0.00000000 0.00000000
Neuron 1416 3 0.21875000 1 1.00000000 0.00000000 0.00000000 0.00000000
Neuron 1451 3 0.68750000 1 1.00000000 0.00000000 0.00000000 0.00000000
Neuron 1589 3 0.50000000 1 1.00000000 0.00000000 0.00000000 0.00000000
Link 1 10 1 0 -3.01864734
Link 2 10 2 0 -2.97281455
Link 3 10 3 0 -1.43428220
Link 5 10 5 0 1.28329440
Link 6 10 6 0 -2.44747465
Link 7 10 7 0 -5.75938210
Link 9 10 9 0 -0.73050901
Link 1 11 10 0 -5.55171963
Link 2 11 11 0 0.86641339
Link 3 11 12 0 -2.34630884
Link 4 11 13 0 2.51883648
Link 5 11 14 0 2.03534184
Link 6 11 15 0 -2.25044764
Link 7 11 16 0 -2.09108626
Link 8 11 17 0 1.33581239
Link 9 11 18 0 2.60098928
Link 2 12 20 0 0.39026394
Link 3 12 21 0 -3.42395623
Link 4 12 22 0 0.81515166
Link 5 12 23 0 -2.66393449
Link 6 12 24 0 2.99121922
Link 7 12 25 0 -0.37355894
Link 8 12 26 0 -0.58965021
Link 9 12 27 0 -2.77265159
Link 1 13 28 0 1.24664153
Link 2 13 29 0 2.33491726
Link 4 13 31 0 -1.10579562
Link 5 13 32 0 2.22157142
Link 6 13 33 0 0.66906721
Link 7 13 34 0 -3.33263068
Link 9 13 36 0 -1.47999174
Link 1 14 37 0 1.94000338
Link 3 14 39 0 0.58123403
Link 4 14 40 0 5.72536318
Link 5 14 41 0 -2.36862781
Link 6 14 42 0 1.01329517
Link 7 14 43 0 -4.23949759
Link 8 14 44 0 4.46853543
Link 9 14 45 0 1.45251150
Link 1 15 46 0 -0.57654549
Link 2 15 47 0 -0.14584979
Link 3 15 48 0 0.72872817
Link 4 15 49 0 1.23037709
Link 6 15 51 0 -4.42553293
Link 7 15 52 0 -2.66645818
Link 8 15 53 0 0.32578781
Link 9 15 54 0 -1.91965290
Link 1 16 55 0 -4.11743732
Link 2 16 56 0 -0.08189356
Link 3 16 57 0 1.05626867
Link 5 16 59 0 -0.46535340
Link 6 16 60 0 -2.53746623
Link 7 16 61 0 -2.75878812
Link 8 16 62 0 -2.10235505
Link 9 16 63 0 -0.53541681
Link 7 17 65 0 4.38742989
Link 17 15 66 0 -1.54980106
Link 4 18 68 0 -1.39094320
Link 18 12 69 0 -2.71153151
Link 20 14 75 0 2.17527566
Link 8 21 77 0 3.75236828
Link 21 12 78 0 -2.14187248
Link 22 10 81 0 -0.11232959
Link 24 14 87 0 5.46719811
Link 7 25 89 0 1.40718129
Link 26 13 93 0 -4.39291577
Link 1 27 95 0 0.25195509
Link 27 12 96 0 3.19995489
Link 3 28 98 0 2.32997875
Link 29 13 102 0 0.88704562
Link 8 30 104 0 4.63161054
Link 30 10 105 0 -2.58790751
Link 2 31 107 0 -4.26328084
Link 8 33 113 0 -3.44089307
Link 33 14 114 0 2.26738458
Link 6 34 117 0 -2.72466604
Link 1 35 120 0 0.14145749
Link 2 36 123 0 -2.09750482
Link 36 13 124 0 2.40584090
Link 2 38 129 0 -1.46654350
Link 38 16 130 0 -0.65047902
Link 4 41 138 0 3.36441984
Link 41 15 139 0 2.49314006
Link 44 12 148 0 3.23854034
Link 7 45 150 0 -3.51927857
Link 45 16 151 0 0.01090262
Link 1 46 153 0 1.53513456
Link 5 47 156 0 4.00076975
Link 47 15 157 0 3.84690598
Link 48 11 160 0 -0.32567338
Link 4 51 174 0 -0.68952076
Link 51 16 175 0 3.15351369
Link 5 52 177 0 1.56221397
Link 52 14 178 0 -2.20983986
Link 2 53 181 0 4.60937330
Link 9 44 191 0 -1.09151849
Link 5 56 196 0 0.76848120
Link 56 13 197 0 1.07524571
Link 8 57 200 0 1.13599863
Link 60 10 214 0 1.06382877
Link 7 62 222 0 -0.93812295
Link 62 10 223 0 -0.28642993
Link 29 16 230 0 3.72051313
Link 63 10 237 0 2.71716379
Link 1 65 250 0 0.74788705
Link 65 16 251 0 1.71430110
Link 2 17 258 0 2.15326588
Link 59 66 260 0 0.43765565
Link 66 10 261 0 -2.98327276
Link 10 57 263 1 -2.61427182
Link 3 68 279 0 1.97522428
Link 68 10 280 0 1.68986318
Link 8 69 297 0 2.07870243
Link 69 29 298 0 -5.76470162
Link 59 65 300 0 -2.18321536
Link 3 56 315 0 5.54432107
Link 19 85 424 0 2.89444816
Link 4 86 427 0 0.72064162
Link 6 88 442 0 -8.95365108
Link 88 15 443 0 6.20500818
Link 4 89 450 0 0.52859883
Link 89 19 451 0 5.04439938
Link 94 15 482 0 -1.33664000
Link 13 21 492 1 3.07250878
Link 99 26 515 0 -3.40242233
Link 12 41 530 1 -0.76350710
Link 17 11 532 0 -2.17486268
Link 62 62 534 1 -0.80494216
Link 1 101 542 0 1.22227530
Link 35 107 595 0 0.83125922
Link 107 11 596 0 -2.47429366
Link 31 108 609 0 -0.33983608
Link 108 12 610 0 -0.75907521
Link 25 25 653 1 2.01633722
Link 3 19 655 0 -0.60663513
Link 2 41 688 0 2.31894057
Link 29 29 719 1 -2.81715726
Link 57 127 744 0 0.46161711
Link 127 15 745 0 -2.14664295
Link 8 22 765 0 0.03857273
Link 5 132 787 0 -1.91431385
Link 132 39 788 0 -2.41944901
Link 4 63 930 0 -2.19161431
Link 14 85 948 1 -1.66929149
Link 50 158 975 0 0.77883683
Link 158 11 976 0 -1.85111074
Link 2 171 1054 0 3.05024321
Link 171 24 1055 0 2.91754347
Link 6 94 1058 0 0.14144472
Link 28 174 1070 0 2.30731858
Link 6 182 1115 0 3.25669481
Link 182 22 1116 0 -1.08333865
Link 22 22 1134 1 4.42944838
Link 5 185 1153 0 -3.77425720
Link 185 59 1154 0 -0.42703837
Link 62 186 1156 0 0.26257112
Link 186 50 1157 0 4.71199112
Link 17 194 1226 0 -1.70754719
Link 17 196 1237 0 2.79919237
Link 196 13 1238 0 -3.14290742
Link 1 197 1242 0 -0.21213862
Link 197 63 1243 0 5.18015352
Link 52 52 1245 1 1.04368366
Link 4 200 1261 0 -0.45363525
Link 200 60 1262 0 1.64596768
Link 3 201 1264 0 -2.88940462
Link 6 204 1276 0 -1.10428923
Link 204 41 1277 0 -0.44376835
Link 44 26 1348 0 -4.05076288
Link 41 213 1353 0 1.68362640
Link 213 94 1354 0 -0.36539540
Link 8 215 1363 0 -2.29075349
Link 215 13 1364 0 -0.84261687
Link 200 15 1406 0 0.91194872
Link 3 245 1525 0 3.16995536
Link 245 20 1526 0 -1.81470043
Link 53 246 1533 0 0.45519842
Link 9 26 1567 0 -0.55097259
Link 9 200 1609 0 -4.38271071
Link 25 261 1629 0 -0.48157851
Link 261 14 1630 0 5.09997571
Link 5 265 1668 0 2.31246754
Link 265 65 1669 0 -3.72586760
Link 6 200 1687 0 -1.28716922
Link 4 21 1707 0 1.82490730
Link 16 275 1722 1 -2.30065672
Link 275 68 1723 1 -0.08194477
Link 44 44 1734 1 -3.19357809
Link 45 45 1824 1 -0.70773500
Link 246 284 1829 0 0.52745935
Link 284 10 1830 0 -0.27523408
Link 19 289 1857 1 2.32640747
Link 289 200 1858 1 -0.87261723
Link 56 14 1877 0 -2.58291957
Link 13 294 1883 1 1.17662444
Link 2 296 1903 0 1.87180581
Link 296 48 1904 0 -0.77507466
Link 26 302 1931 0 -0.45292353
Link 302 18 1932 0 -4.27888617
Link 6 197 1933 0 -1.77777169
Link 44 303 1936 1 0.37231217
Link 303 44 1937 1 2.61338896
Link 46 45 1952 0 -2.19789429
Link 21 51 1988 0 2.51329589
Link 294 316 2008 1 4.68920345
Link 316 48 2009 1 1.62968130
Link 12 321 2026 1 -2.03283935
Link 321 48 2027 1 -0.01117679
Link 44 324 2043 0 -0.71406339
Link 6 330 2087 0 4.77655979
Link 330 44 2088 0 4.12030876
Link 14 26 2114 1 3.24730038
Link 25 340 2150 1 1.01828310
Link 17 17 2210 1 -1.55292896
Link 88 11 2232 0 -1.51746159
Link 5 350 2248 0 0.00540952
Link 350 13 2249 0 5.40904130
Link 10 65 2317 1 -1.22908956
Link 204 17 2376 0 -3.55968718
Link 85 68 2385 1 0.24746157
Link 377 12 2420 0 3.18075831
Link 8 378 2428 0 -1.20421636
Link 378 18 2429 0 2.06294895
Link 48 63 2452 0 0.43092752
Link 7 294 2573 0 -1.13682718
Link 63 29 2633 0 0.01015345
Link 65 19 2641 0 1.54457576
Link 412 30 2666 1 0.09586745
Link 15 68 2668 1 -0.42523993
Link 6 416 2688 0 2.49273236
Link 416 15 2689 0 0.83373546
Link 46 11 2696 0 -4.43150419
Link 340 423 2737 1 1.13788750
Link 423 25 2738 1 -0.70483245
Link 52 425 2756 0 0.29952679
Link 28 28 2808 1 1.14583024
Link 433 112 2820 0 0.05710974
Link 132 34 2852 0 4.92093490
Link 39 50 2853 0 -7.52593861
Link 101 101 2866 1 -0.27020648
Link 5 440 2871 0 2.40653294
Link 112 442 2878 0 1.17361092
Link 442 14 2879 0 -3.85104980
Link 12 28 2913 1 1.16272725
Link 45 448 2922 0 1.01895113
Link 448 316 2923 0 2.37805683
Link 53 449 2925 1 3.53871279
Link 449 53 2926 1 2.65149401
Link 36 36 2947 1 0.84587968
Link 19 68 2956 0 4.14314514
Link 14 28 2962 1 -1.70860163
Link 5 204 2972 0 -2.89229019
Link 324 455 2985 0 3.93371682
Link 455 25 2986 0 2.66468369
Link 15 457 2994 1 2.56886702
Link 457 34 2995 1 -0.95804010
Link 26 458 2997 0 2.22281964
Link 458 65 2998 0 -0.63099403
Link 461 26 3024 1 -0.63282887
Link 101 302 3070 0 -2.08205986
Link 416 33 3085 0 0.95996423
Link 85 474 3098 0 1.53038589
Link 474 433 3099 0 -0.06512518
Link 6 475 3112 0 0.17647323
Link 475 215 3113 0 6.35000151
Link 29 215 3162 0 7.08028856
Link 204 20 3207 0 -0.57600901
Link 200 68 3212 0 -4.52772172
Link 11 38 3234 1 1.04548003
Link 215 33 3285 0 1.94240236
Link 448 294 3295 0 -2.81587727
Link 18 500 3303 0 0.80761545
Link 500 13 3304 0 -3.42986922
Link 455 15 3390 0 -2.27033701
Link 509 33 3408 0 3.62574745
Link 16 525 3536 1 -0.31568199
Link 525 461 3537 1 -0.89228062
Link 526 14 3542 0 -1.01444252
Link 62 215 3591 0 -0.71535083
Link 86 539 3624 0 1.76315222
Link 539 41 3625 0 0.13201271
Link 7 86 3652 0 1.41004296
Link 200 11 3660 0 -0.46251480
Link 66 19 3716 1 -0.90379340
Link 8 200 3721 0 3.63458583
Link 20 554 3728 0 0.92155306
Link 554 509 3729 0 1.54867137
Link 2 557 3764 0 0.98307979
Link 557 350 3765 0 0.59964654
Link 21 30 3794 0 2.96019931
Link 416 416 3921 1 -0.69199157
Link 39 577 3934 0 2.03345133
Link 577 377 3935 0 -2.10413280
Link 194 455 3938 0 -1.12184231
Link 302 378 3956 1 1.74458630
Link 60 46 3986 0 -2.21649970
Link 194 594 4044 0 2.25527473
Link 594 18 4045 0 -1.20251459
Link 107 20 4069 1 -0.65536614
Link 86 509 4102 0 -0.55320771
Link 36 302 4145 0 4.20326351
Link 60 302 4262 0 -0.95820362
Link 63 619 4269 0 0.61491237
Link 619 48 4270 0 1.39090236
Link 6 620 4272 0 0.29606020
Link 620 44 4273 0 -1.24387787
Link 455 107 4325 0 1.07153679
Link 340 215 4397 0 -2.33636488
Link 239 639 4479 0 0.22872837
Link 639 215 4480 0 2.68344804
Link 8 640 4483 0 1.34159072
Link 640 239 4484 0 1.54869533
Link 39 641 4497 1 -0.57084742
Link 641 39 4498 1 -2.38098232
Link 378 378 4536 1 -0.08166459
Link 378 30 4594 0 -3.44416631
Link 29 26 4621 0 -2.31259268
Link 107 665 4690 1 0.66281545
Link 665 88 4691 1 -0.01090042
Link 670 88 4719 0 -1.57184076
Link 101 674 4742 0 -0.44395007
Link 674 18 4743 0 -2.23265748
Link 316 294 4848 0 0.16697879
Link 4 700 5045 0 2.01524289
Link 700 10 5046 0 0.07824105
Link 448 704 5099 1 1.42672803
Link 704 48 5100 1 -1.69667893
Link 174 706 5105 0 2.26229770
Link 201 215 5163 0 -0.77374760
Link 239 197 5447 0 2.18933526
Link 63 765 5592 0 1.20940869
Link 765 11 5593 0 2.59796160
Link 28 787 5817 0 0.87156413
Link 787 13 5818 0 -2.06750340
Link 4 215 5835 0 2.24395584
Link 11 820 6052 1 3.14035728
Link 18 19 6186 0 1.47287046
Link 34 840 6225 0 2.25328608
Link 840 10 6226 0 -1.15932186
Link 19 29 6257 0 -4.20503665
Link 41 448 6516 0 -1.16818916
Link 204 509 6721 0 0.58135207
Link 4 907 6771 0 1.54026056
Link 907 16 6772 0 1.80959037
Link 101 66 6802 0 -0.58331867
Link 47 412 6829 0 -1.42542916
Link 455 48 6851 0 -0.33342979
Link 509 24 6972 0 -0.77219681
Link 294 56 6997 1 0.36073789
Link 926 21 7010 0 -0.11043547
Link 7 933 7053 0 1.42482790
Link 933 99 7054 0 2.30168673
Link 1 948 7147 0 0.37995654
Link 948 272 7148 0 3.24518414
Link 620 265 7305 0 1.89436582
Link 440 63 7480 0 -3.50286717
Link 48 108 7495 0 3.41455425
Link 272 998 7552 0 0.46168789
Link 998 926 7553 0 0.89917442
Link 820 1005 7601 1 0.62830284
Link 1005 412 7602 1 1.15253309
Link 1026 670 7756 0 -3.14361854
Link 700 33 7953 0 5.25252866
Link 440 1056 8040 0 0.76288487
Link 10 350 8043 1 3.26985807
Link 11 1069 8116 1 1.08752202
Link 1069 28 8117 1 -0.38425732
Link 440 440 8150 1 0.69402718
Link 39 1020 8177 0 0.33795213
Link 706 1091 8327 0 1.56068139
Link 1091 13 8328 0 -0.72754456
Link 700 13 8550 0 -2.26687111
Link 1020 50 8613 0 -0.21018571
Link 52 197 8640 1 -0.13191493
Link 526 1020 8715 0 0.62012612
Link 378 1134 8744 0 0.31094092
Link 1134 56 8745 0 3.67144212
Link 412 1144 8815 0 1.06812744
Link 1144 706 8816 0 -1.07011288
Link 272 706 8904 0 1.22842888
Link 1020 1173 9050 0 -0.41445224
Link 1173 52 9051 0 -0.47513911
Link 41 1182 9121 0 1.78624580
Link 1182 1020 9122 0 0.10381670
Link 99 112 9189 0 -0.04702439
Link 68 20 9345 0 0.63880886
Link 1206 526 9393 0 2.23919976
Link 132 700 9408 0 -5.44585442
Link 48 215 9687 0 -2.25627171
Link 704 704 9702 1 0.31025639
Link 433 425 9725 1 -1.05836634
Link 706 1267 9860 1 1.00000000
Link 1267 321 9861 1 1.39557789
Link 185 22 9959 0 -0.04782331
Link 69 28 10109 0 -0.57784706
Link 2 1318 10247 0 0.26489740
Link 1318 1206 10248 0 1.35780278
Link 449 275 10521 0 -0.86819466
Link 926 1383 10765 1 0.74819031
Link 1383 948 10766 1 2.13202738
Link 99 1395 10848 0 1.83063991
Link 1395 186 10849 0 0.01841440
Link 1056 1416 11046 0 1.40745689
Link 1416 200 11047 0 2.92152273
Link 272 284 11184 0 -3.04834854
Link 57 704 11254 0 -0.77844152
Link 112 1451 11370 1 1.43609063
Link 1451 350 11371 1 -0.15040340
Link 85 674 11504 1 1.10806862
Link 423 933 11541 1 0.67734605
Link 457 457 11623 1 1.73254729
Link 620 11 11905 0 3.37418979
Link 500 174 12032 0 3.28686590
Link 700 31 12212 0 -0.88862062
Link 303 474 12257 0 -1.70097977
Link 99 48 12595 0 0.61823030
Link 425 1589 12620 0 1.00000000
Link 1589 1026 12621 0 0.29913411
Link 127 296 12624 1 -1.94525092
Link 38 12 12647 0 -0.73632742
Link 330 330 12896 1 0.67685905
GenomeEnd

