GenomeStart 83830
Neuron 1 1 0.00000000 1 0.00000000 0.00000000 0.00000000 0.00000000
Neuron 2 1 0.00000000 1 0.00000000 0.00000000 0.00000000 0.00000000
Neuron 3 1 0.00000000 1 0.00000000 0.00000000 0.00000000 0.00000000
Neuron 4 1 0.00000000 1 0.00000000 0.00000000 0.00000000 0.00000000
Neuron 5 1 0.00000000 1 0.00000000 0.00000000 0.00000000 0.00000000
Neuron 6 1 0.00000000 1 0.00000000 0.00000000 0.00000000 0.00000000
Neuron 7 1 0.00000000 1 0.00000000 0.00000000 0.00000000 0.00000000
Neuron 8 1 0.00000000 1 0.00000000 0.00000000 0.00000000 0.00000000
Neuron 9 2 0.00000000 1 0.00000000 0.00000000 0.00000000 0.00000000
Neuron 10 4 1.00000000 0 1.00000000 0.00000000 0.00000000 0.00000000
Neuron 11 4 1.00000000 0 1.00000000 0.00000000 0.00000000 0.00000000
Neuron 12 4 1.00000000 0 1.00000000 0.00000000 0.00000000 0.00000000
Neuron 13 4 1.00000000 0 1.00000000 0.00000000 0.00000000 0.00000000
Neuron 14 4 1.00000000 0 1.00000000 0.00000000 0.00000000 0.00000000
Neuron 15 4 1.00000000 0 1.00000000 0.00000000 0.00000000 0.00000000
Neuron 16 4 1.00000000 0 1.00000000 0.00000000 0.00000000 0.00000000
Neuron 17 3 0.50000000 1 1.00000000 0.00000000 0.00000000 0.00000000
Neuron 18 3 0.50000000 1 1.00000000 0.00000000 0.00000000 0.00000000
Neuron 19 3 0.50000000 1 1.00000000 0.00000000 0.00000000 0.00000000
Neuron 20 3 0.50000000 1 1.00000000 0.00000000 0.00000000 0.00000000
Neuron 21 3 0.50000000 1 1.00000000 0.00000000 0.00000000 0.00000000
Neuron 22 3 0.50000000 1 1.00000000 0.00000000 0.00000000 0.00000000
Neuron 24 3 0.50000000 1 1.00000000 0.00000000 0.00000000 0.00000000
Neuron 25 3 0.50000000 1 1.00000000 0.00000000 0.00000000 0.00000000
Neuron 26 3 0.50000000 1 1.00000000 0.00000000 0.00000000 0.00000000
Neuron 27 3 0.50000000 1 1.00000000 0.00000000 0.00000000 0.00000000
Neuron 28 3 0.50000000 1 1.00000000 0.00000000 0.00000000 0.00000000
Neuron 29 3 0.50000000 1 1.00000000 0.00000000 0.00000000 0.00000000
Neuron 30 3 0.50000000 1 1.00000000 0.00000000 0.00000000 0.00000000
Neuron 31 3 0.50000000 1 1.00000000 0.00000000 0.00000000 0.00000000
Neuron 33 3 0.50000000 1 1.00000000 0.00000000 0.00000000 0.00000000
Neuron 34 3 0.50000000 1 1.00000000 0.00000000 0.00000000 0.00000000
Neuron 35 3 0.50000000 1 1.00000000 0.00000000 0.00000000 0.00000000
Neuron 36 3 0.50000000 1 1.00000000 0.00000000 0.00000000 0.00000000
Neuron 38 3 0.50000000 1 1.00000000 0.00000000 0.00000000 0.00000000
Neuron 39 3 0.50000000 1 1.00000000 0.00000000 0.00000000 0.00000000
Neuron 41 3 0.50000000 1 1.00000000 0.00000000 0.00000000 0.00000000
Neuron 44 3 0.50000000 1 1.00000000 0.00000000 0.00000000 0.00000000
Neuron 45 3 0.50000000 1 1.00000000 0.00000000 0.00000000 0.00000000
Neuron 46 3 0.50000000 1 1.00000000 0.00000000 0.00000000 0.00000000
Neuron 47 3 0.50000000 1 1.00000000 0.00000000 0.00000000 0.00000000
Neuron 48 3 0.50000000 1 1.00000000 0.00000000 0.00000000 0.00000000
Neuron 50 3 0.50000000 1 1.00000000 0.00000000 0.00000000 0.00000000
Neuron 51 3 0.50000000 1 1.00000000 0.00000000 0.00000000 0.00000000
Neuron 52 3 0.50000000 1 1.00000000 0.00000000 0.00000000 0.00000000
Neuron 53 3 0.50000000 1 1.00000000 0.00000000 0.00000000 0.00000000
Neuron 56 3 0.50000000 1 1.00000000 0.00000000 0.00000000 0.00000000
Neuron 57 3 0.50000000 1 1.00000000 0.00000000 0.00000000 0.00000000
Neuron 59 3 0.50000000 1 1.00000000 0.00000000 0.00000000 0.00000000
Neuron 60 3 0.50000000 1 1.00000000 0.00000000 0.00000000 0.00000000
Neuron 62 3 0.50000000 1 1.00000000 0.00000000 0.00000000 0.00000000
Neuron 63 3 0.50000000 1 1.00000000 0.00000000 0.00000000 0.00000000
Neuron 65 3 0.50000000 1 1.00000000 0.00000000 0.00000000 0.00000000
Neuron 66 3 0.75000000 1 1.00000000 0.00000000 0.00000000 0.00000000
Neuron 68 3 0.50000000 1 1.00000000 0.00000000 0.00000000 0.00000000
Neuron 69 3 0.25000000 1 1.00000000 0.00000000 0.00000000 0.00000000
Neuron 85 3 0.75000000 1 1.00000000 0.00000000 0.00000000 0.00000000
Neuron 86 3 0.25000000 1 1.00000000 0.00000000 0.00000000 0.00000000
Neuron 88 3 0.50000000 1 1.00000000 0.00000000 0.00000000 0.00000000
Neuron 89 3 0.25000000 1 1.00000000 0.00000000 0.00000000 0.00000000
Neuron 94 3 0.75000000 1 1.00000000 0.00000000 0.00000000 0.00000000
Neuron 99 3 0.25000000 1 1.00000000 0.00000000 0.00000000 0.00000000
Neuron 101 3 0.25000000 1 1.00000000 0.00000000 0.00000000 0.00000000
Neuron 107 3 0.75000000 1 1.00000000 0.00000000 0.00000000 0.00000000
Neuron 108 3 0.75000000 1 1.00000000 0.00000000 0.00000000 0.00000000
Neuron 112 3 0.87500000 1 1.00000000 0.00000000 0.00000000 0.00000000
Neuron 132 3 0.25000000 1 1.00000000 0.00000000 0.00000000 0.00000000
Neuron 171 3 0.25000000 1 1.00000000 0.00000000 0.00000000 0.00000000
Neuron 174 3 0.75000000 1 1.00000000 0.00000000 0.00000000 0.00000000
Neuron 182 3 0.25000000 1 1.00000000 0.00000000 0.00000000 0.00000000
Neuron 185 3 0.25000000 1 1.00000000 0.00000000 0.00000000 0.00000000
Neuron 186 3 0.50000000 1 1.00000000 0.00000000 0.00000000 0.00000000
Neuron 194 3 0.50000000 1 1.00000000 0.00000000 0.00000000 0.00000000
Neuron 196 3 0.75000000 1 1.00000000 0.00000000 0.00000000 0.00000000
Neuron 197 3 0.25000000 1 1.00000000 0.00000000 0.00000000 0.00000000
Neuron 200 3 0.25000000 1 1.00000000 0.00000000 0.00000000 0.00000000
Neuron 201 3 0.25000000 1 1.00000000 0.00000000 0.00000000 0.00000000
Neuron 204 3 0.25000000 1 1.00000000 0.00000000 0.00000000 0.00000000
Neuron 213 3 0.62500000 1 1.00000000 0.00000000 0.00000000 0.00000000
Neuron 215 3 0.50000000 1 1.00000000 0.00000000 0.00000000 0.00000000
Neuron 239 3 0.25000000 1 1.00000000 0.00000000 0.00000000 0.00000000
Neuron 245 3 0.25000000 1 1.00000000 0.00000000 0.00000000 0.00000000
Neuron 246 3 0.75000000 1 1.00000000 0.00000000 0.00000000 0.00000000
Neuron 261 3 0.75000000 1 1.00000000 0.00000000 0.00000000 0.00000000
Neuron 265 3 0.25000000 1 1.00000000 0.00000000 0.00000000 0.00000000
Neuron 272 3 0.25000000 1 1.00000000 0.00000000 0.00000000 0.00000000
Neuron 275 3 0.75000000 1 1.00000000 0.00000000 0.00000000 0.00000000
Neuron 276 3 0.75000000 1 1.00000000 0.00000000 0.00000000 0.00000000
Neuron 284 3 0.87500000 1 1.00000000 0.00000000 0.00000000 0.00000000
Neuron 289 3 0.37500000 1 1.00000000 0.00000000 0.00000000 0.00000000
Neuron 294 3 0.75000000 1 1.00000000 0.00000000 0.00000000 0.00000000
Neuron 302 3 0.50000000 1 1.00000000 0.00000000 0.00000000 0.00000000
Neuron 303 3 0.50000000 1 1.00000000 0.00000000 0.00000000 0.00000000
Neuron 316 3 0.62500000 1 1.00000000 0.00000000 0.00000000 0.00000000
Neuron 321 3 0.75000000 1 1.00000000 0.00000000 0.00000000 0.00000000
Neuron 324 3 0.50000000 1 1.00000000 0.00000000 0.00000000 0.00000000
Neuron 330 3 0.25000000 1 1.00000000 0.00000000 0.00000000 0.00000000
Neuron 337 3 0.12500000 1 1.00000000 0.00000000 0.00000000 0.00000000
Neuron 340 3 0.50000000 1 1.00000000 0.00000000 0.00000000 0.00000000
Neuron 350 3 0.50000000 1 1.00000000 0.00000000 0.00000000 0.00000000
Neuron 377 3 0.75000000 1 1.00000000 0.00000000 0.00000000 0.00000000
Neuron 378 3 0.25000000 1 1.00000000 0.00000000 0.00000000 0.00000000
Neuron 394 3 0.75000000 1 1.00000000 0.00000000 0.00000000 0.00000000
Neuron 409 3 0.25000000 1 1.00000000 0.00000000 0.00000000 0.00000000
Neuron 412 3 0.75000000 1 1.00000000 0.00000000 0.00000000 0.00000000
Neuron 416 3 0.50000000 1 1.00000000 0.00000000 0.00000000 0.00000000
Neuron 424 3 0.50000000 1 1.00000000 0.00000000 0.00000000 0.00000000
Neuron 425 3 0.50000000 1 1.00000000 0.00000000 0.00000000 0.00000000
Neuron 433 3 0.81250000 1 1.00000000 0.00000000 0.00000000 0.00000000
Neuron 440 3 0.12500000 1 1.00000000 0.00000000 0.00000000 0.00000000
Neuron 442 3 0.93750000 1 1.00000000 0.00000000 0.00000000 0.00000000
Neuron 448 3 0.56250000 1 1.00000000 0.00000000 0.00000000 0.00000000
Neuron 449 3 0.50000000 1 1.00000000 0.00000000 0.00000000 0.00000000
Neuron 455 3 0.50000000 1 1.00000000 0.00000000 0.00000000 0.00000000
Neuron 461 3 0.75000000 1 1.00000000 0.00000000 0.00000000 0.00000000
Neuron 475 3 0.25000000 1 1.00000000 0.00000000 0.00000000 0.00000000
Neuron 500 3 0.75000000 1 1.00000000 0.00000000 0.00000000 0.00000000
Neuron 501 3 0.84375000 1 1.00000000 0.00000000 0.00000000 0.00000000
Neuron 509 3 0.50000000 1 1.00000000 0.00000000 0.00000000 0.00000000
Neuron 515 3 0.50000000 1 1.00000000 0.00000000 0.00000000 0.00000000
Neuron 516 3 0.75000000 1 1.00000000 0.00000000 0.00000000 0.00000000
Neuron 517 3 0.37500000 1 1.00000000 0.00000000 0.00000000 0.00000000
Neuron 520 3 0.75000000 1 1.00000000 0.00000000 0.00000000 0.00000000
Neuron 525 3 0.87500000 1 1.00000000 0.00000000 0.00000000 0.00000000
Neuron 526 3 0.50000000 1 1.00000000 0.00000000 0.00000000 0.00000000
Neuron 538 3 0.50000000 1 1.00000000 0.00000000 0.00000000 0.00000000
Neuron 539 3 0.37500000 1 1.00000000 0.00000000 0.00000000 0.00000000
Neuron 577 3 0.62500000 1 1.00000000 0.00000000 0.00000000 0.00000000
Neuron 594 3 0.50000000 1 1.00000000 0.00000000 0.00000000 0.00000000
Neuron 613 3 0.37500000 1 1.00000000 0.00000000 0.00000000 0.00000000
Neuron 619 3 0.50000000 1 1.00000000 0.00000000 0.00000000 0.00000000
Neuron 620 3 0.25000000 1 1.00000000 0.00000000 0.00000000 0.00000000
Neuron 639 3 0.37500000 1 1.00000000 0.00000000 0.00000000 0.00000000
Neuron 641 3 0.50000000 1 1.00000000 0.00000000 0.00000000 0.00000000
Neuron 642 3 0.62500000 1 1.00000000 0.00000000 0.00000000 0.00000000
Neuron 665 3 0.62500000 1 1.00000000 0.00000000 0.00000000 0.00000000
Neuron 670 3 0.50000000 1 1.00000000 0.00000000 0.00000000 0.00000000
Neuron 674 3 0.37500000 1 1.00000000 0.00000000 0.00000000 0.00000000
Neuron 700 3 0.50000000 1 1.00000000 0.00000000 0.00000000 0.00000000
Neuron 704 3 0.53125000 1 1.00000000 0.00000000 0.00000000 0.00000000
Neuron 706 3 0.87500000 1 1.00000000 0.00000000 0.00000000 0.00000000
Neuron 710 3 0.53125000 1 1.00000000 0.00000000 0.00000000 0.00000000
Neuron 715 3 0.50000000 1 1.00000000 0.00000000 0.00000000 0.00000000
Neuron 720 3 0.37500000 1 1.00000000 0.00000000 0.00000000 0.00000000
Neuron 758 3 0.87500000 1 1.00000000 0.00000000 0.00000000 0.00000000
Neuron 765 3 0.75000000 1 1.00000000 0.00000000 0.00000000 0.00000000
Neuron 820 3 0.87500000 1 1.00000000 0.00000000 0.00000000 0.00000000
Neuron 840 3 0.75000000 1 1.00000000 0.00000000 0.00000000 0.00000000
Neuron 926 3 0.37500000 1 1.00000000 0.00000000 0.00000000 0.00000000
Neuron 933 3 0.12500000 1 1.00000000 0.00000000 0.00000000 0.00000000
Neuron 948 3 0.12500000 1 1.00000000 0.00000000 0.00000000 0.00000000
Neuron 957 3 0.37500000 1 1.00000000 0.00000000 0.00000000 0.00000000
Neuron 1005 3 0.81250000 1 1.00000000 0.00000000 0.00000000 0.00000000
Neuron 1020 3 0.50000000 1 1.00000000 0.00000000 0.00000000 0.00000000
Neuron 1069 3 0.75000000 1 1.00000000 0.00000000 0.00000000 0.00000000
Neuron 1091 3 0.93750000 1 1.00000000 0.00000000 0.00000000 0.00000000
Neuron 1161 3 0.87500000 1 1.00000000 0.00000000 0.00000000 0.00000000
Neuron 1173 3 0.50000000 1 1.00000000 0.00000000 0.00000000 0.00000000
Neuron 1182 3 0.50000000 1 1.00000000 0.00000000 0.00000000 0.00000000
Neuron 1206 3 0.25000000 1 1.00000000 0.00000000 0.00000000 0.00000000
Neuron 1249 3 0.06250000 1 1.00000000 0.00000000 0.00000000 0.00000000
Neuron 1318 3 0.12500000 1 1.00000000 0.00000000 0.00000000 0.00000000
Neuron 1340 3 0.25000000 1 1.00000000 0.00000000 0.00000000 0.00000000
Neuron 1411 3 0.50000000 1 1.00000000 0.00000000 0.00000000 0.00000000
Neuron 1415 3 0.50000000 1 1.00000000 0.00000000 0.00000000 0.00000000
Neuron 1435 3 0.50000000 1 1.00000000 0.00000000 0.00000000 0.00000000
Neuron 1444 3 0.50000000 1 1.00000000 0.00000000 0.00000000 0.00000000
Neuron 1632 3 0.25000000 1 1.00000000 0.00000000 0.00000000 0.00000000
Link 1 10 1 0 -2.99618105
Link 2 10 2 0 -0.56854143
Link 3 10 3 0 -2.55887448
Link 5 10 5 0 1.31976616
Link 6 10 6 0 -1.62970109
Link 7 10 7 0 -3.79111553
Link 9 10 9 0 -2.04966098
Link 1 11 10 0 -4.79600350
Link 2 11 11 0 -0.00489281
Link 3 11 12 0 -2.65059424
Link 4 11 13 0 0.42200581
Link 5 11 14 0 1.67911122
Link 6 11 15 0 -1.09896041
Link 7 11 16 0 -2.00101786
Link 8 11 17 0 1.40168973
Link 9 11 18 0 1.63468751
Link 2 12 20 0 2.61010981
Link 3 12 21 0 -2.74957836
Link 4 12 22 0 -1.35259920
Link 5 12 23 0 -3.34589365
Link 7 12 25 0 -0.50338219
Link 8 12 26 0 0.15497315
Link 9 12 27 0 -1.24954316
Link 1 13 28 0 2.06269719
Link 2 13 29 0 0.79721954
Link 4 13 31 0 -0.05487388
Link 5 13 32 0 0.68032474
Link 6 13 33 0 0.68189278
Link 7 13 34 0 -0.86338989
Link 9 13 36 0 -0.53049919
Link 1 14 37 0 1.34298102
Link 3 14 39 0 0.77640015
Link 4 14 40 0 5.16490176
Link 5 14 41 0 0.10736108
Link 6 14 42 0 1.83836204
Link 7 14 43 0 -4.06791143
Link 8 14 44 0 4.09046118
Link 9 14 45 0 -0.41460817
Link 1 15 46 0 -0.94351298
Link 2 15 47 0 1.57918705
Link 3 15 48 0 0.95108441
Link 4 15 49 0 1.00121553
Link 6 15 51 0 -1.21226578
Link 7 15 52 0 1.28722105
Link 8 15 53 0 1.06859422
Link 9 15 54 0 -2.34320503
Link 1 16 55 0 -4.11853404
Link 2 16 56 0 -1.85878953
Link 3 16 57 0 -1.41168276
Link 4 16 58 0 1.15357884
Link 5 16 59 0 -1.15032213
Link 6 16 60 0 -3.49443759
Link 7 16 61 0 -1.93593720
Link 8 16 62 0 -0.77892406
Link 9 16 63 0 -0.42837992
Link 7 17 65 0 2.07972467
Link 17 15 66 0 -1.85188594
Link 4 18 68 0 -2.41740666
Link 18 12 69 0 -3.09469282
Link 20 14 75 0 2.10639916
Link 8 21 77 0 2.51767326
Link 22 10 81 0 0.32275507
Link 24 14 87 0 4.35723948
Link 7 25 89 0 3.64226379
Link 26 13 93 0 -2.95236789
Link 1 27 95 0 1.78013224
Link 27 12 96 0 2.58170917
Link 3 28 98 0 1.01176845
Link 28 13 99 0 -2.03014748
Link 29 13 102 0 1.83030187
Link 8 30 104 0 6.77676356
Link 30 10 105 0 -0.74632801
Link 2 31 107 0 -5.95793192
Link 8 33 113 0 -3.21173200
Link 33 14 114 0 3.19712482
Link 6 34 117 0 -2.30850814
Link 1 35 120 0 -0.43046773
Link 2 36 123 0 -4.93179932
Link 36 13 124 0 1.81320608
Link 2 38 129 0 0.15855230
Link 38 16 130 0 0.18879254
Link 4 41 138 0 5.21194091
Link 41 15 139 0 4.34248527
Link 44 12 148 0 2.05989051
Link 7 45 150 0 -2.74394415
Link 45 16 151 0 -0.72162936
Link 1 46 153 0 2.28685811
Link 5 47 156 0 2.02908993
Link 47 15 157 0 5.42606540
Link 2 48 159 0 -1.04893519
Link 48 11 160 0 -2.30863059
Link 50 11 167 0 1.18431997
Link 4 51 174 0 0.46121768
Link 51 16 175 0 2.47956102
Link 5 52 177 0 0.98304682
Link 52 14 178 0 -2.12458334
Link 2 53 181 0 2.74669055
Link 9 44 191 0 0.03511355
Link 5 56 196 0 1.17117724
Link 56 13 197 0 2.34365075
Link 8 57 200 0 4.12412216
Link 57 15 201 0 -2.98624552
Link 60 10 214 0 1.64153180
Link 62 10 223 0 -1.72938480
Link 29 16 230 0 2.33991956
Link 63 10 237 0 2.32412064
Link 1 65 250 0 0.09111461
Link 65 16 251 0 1.60172412
Link 2 17 258 0 2.23413718
Link 59 66 260 0 -0.07109845
Link 66 10 261 0 -5.72126887
Link 10 57 263 1 -4.37917686
Link 3 68 279 0 1.78384059
Link 68 10 280 0 3.77557439
Link 8 69 297 0 3.03468649
Link 69 29 298 0 -4.71392165
Link 3 56 315 0 4.34731800
Link 19 85 424 0 2.79721167
Link 4 86 427 0 1.21085327
Link 6 88 442 0 -5.12415298
Link 88 15 443 0 7.21808576
Link 4 89 450 0 1.45777937
Link 89 19 451 0 2.89256086
Link 94 15 482 0 -1.33506315
Link 13 21 492 1 4.37504389
Link 99 26 515 0 -4.24115717
Link 17 11 532 0 -2.88368869
Link 62 62 534 1 -2.09115007
Link 1 101 542 0 1.40363795
Link 35 107 595 0 0.66649519
Link 107 11 596 0 -2.83281176
Link 31 108 609 0 -0.44521234
Link 108 12 610 0 -1.16762027
Link 25 25 653 1 0.32695320
Link 3 19 655 0 -3.27699127
Link 2 41 688 0 1.09110557
Link 29 29 719 1 -1.91383002
Link 8 22 765 0 -1.69715458
Link 5 132 787 0 -3.32688565
Link 132 39 788 0 -2.99075306
Link 4 63 930 0 -1.52549788
Link 14 85 948 1 -3.90304021
Link 2 171 1054 0 1.22113680
Link 171 24 1055 0 3.34823046
Link 28 174 1070 0 2.16097170
Link 6 182 1115 0 3.39298536
Link 22 22 1134 1 5.95774712
Link 5 185 1153 0 -3.50421946
Link 185 59 1154 0 -2.54160379
Link 62 186 1156 0 -1.80034030
Link 186 50 1157 0 4.83334035
Link 17 194 1226 0 -0.94421229
Link 17 196 1237 0 4.30444736
Link 196 13 1238 0 -2.23753914
Link 1 197 1242 0 0.84159522
Link 197 63 1243 0 3.51095000
Link 52 52 1245 1 1.75599050
Link 200 60 1262 0 0.74999242
Link 3 201 1264 0 -4.69836802
Link 6 204 1276 0 0.09250122
Link 204 41 1277 0 -1.55257771
Link 41 213 1353 0 1.89609674
Link 213 94 1354 0 0.43738421
Link 8 215 1363 0 -2.11036176
Link 215 13 1364 0 -1.76566117
Link 200 15 1406 0 3.21677415
Link 8 239 1498 0 -0.01932742
Link 3 245 1525 0 2.18136688
Link 245 20 1526 0 -4.24878507
Link 53 246 1533 0 1.15865081
Link 9 26 1567 0 -2.45123634
Link 9 200 1609 0 -3.67853226
Link 25 261 1629 0 2.64382746
Link 261 14 1630 0 1.39943370
Link 5 265 1668 0 4.24648129
Link 265 65 1669 0 -4.92272706
Link 6 200 1687 0 0.62699752
Link 4 21 1707 0 2.33520783
Link 275 68 1723 1 0.15249210
Link 21 276 1736 0 1.31285980
Link 276 12 1737 0 -0.30551126
Link 45 45 1824 1 -1.74729929
Link 246 284 1829 0 2.07283408
Link 284 10 1830 0 1.24639435
Link 19 289 1857 1 0.86455487
Link 289 200 1858 1 -1.23693470
Link 26 302 1931 0 -0.54061450
Link 302 18 1932 0 -5.63134125
Link 6 197 1933 0 -3.47588034
Link 44 303 1936 1 -1.29211896
Link 303 44 1937 1 0.61906229
Link 46 45 1952 0 -0.38645928
Link 21 51 1988 0 2.13728988
Link 294 316 2008 1 4.84806131
Link 316 48 2009 1 1.63233470
Link 12 321 2026 1 -4.68082359
Link 44 324 2043 0 -0.87545996
Link 6 330 2087 0 2.53367845
Link 14 26 2114 1 6.80393235
Link 4 337 2131 0 1.32892114
Link 337 200 2132 0 1.45846381
Link 25 340 2150 1 0.16324909
Link 340 25 2151 1 -1.21601528
Link 5 350 2248 0 -0.64856584
Link 350 13 2249 0 6.03723197
Link 10 65 2317 1 -2.24258996
Link 2 294 2380 0 -0.39274086
Link 85 68 2385 1 1.09079394
Link 377 12 2420 0 4.19657503
Link 8 378 2428 0 0.87949523
Link 378 18 2429 0 3.61819218
Link 15 34 2489 1 -2.64481558
Link 12 394 2532 1 0.82425918
Link 394 41 2533 1 0.19399660
Link 7 294 2573 0 -1.44416362
Link 63 29 2633 0 -0.28929938
Link 65 19 2641 0 -1.40920058
Link 7 409 2643 0 0.49088112
Link 409 62 2644 0 0.15180338
Link 412 30 2666 1 -0.06770025
Link 15 68 2668 1 -3.26196312
Link 6 416 2688 0 0.35592094
Link 416 15 2689 0 2.67440479
Link 46 11 2696 0 -5.66374907
Link 48 424 2744 0 2.19432203
Link 424 63 2745 0 2.01011557
Link 26 65 2784 0 1.58604082
Link 28 28 2808 1 1.98363094
Link 85 433 2819 0 1.71848793
Link 132 34 2852 0 4.68384604
Link 39 50 2853 0 -5.14756180
Link 101 101 2866 1 0.60990408
Link 5 440 2871 0 0.93085961
Link 440 200 2872 0 3.99142922
Link 112 442 2878 0 0.30837763
Link 442 14 2879 0 -3.60631638
Link 12 28 2913 1 -1.08716272
Link 448 316 2923 0 2.43137411
Link 53 449 2925 1 4.38579970
Link 449 53 2926 1 3.29038341
Link 19 68 2956 0 3.52102576
Link 14 28 2962 1 -2.70839764
Link 5 204 2972 0 -2.66265073
Link 324 455 2985 0 4.67207690
Link 455 25 2986 0 1.98586964
Link 461 26 3024 1 0.99158736
Link 101 302 3070 0 -1.31556366
Link 416 33 3085 0 2.34447945
Link 6 475 3112 0 -0.31699241
Link 29 215 3162 0 5.58446626
Link 204 20 3207 0 -1.80079012
Link 200 68 3212 0 -2.49375298
Link 11 38 3234 1 2.13562974
Link 2 350 3251 0 0.98304010
Link 215 33 3285 0 1.02575834
Link 448 294 3295 0 -1.95915307
Link 18 500 3303 0 1.12339683
Link 500 13 3304 0 -0.41589931
Link 433 501 3312 0 2.05467801
Link 501 112 3313 0 0.36049069
Link 455 15 3390 0 -2.00692890
Link 20 509 3407 0 1.49917991
Link 509 33 3408 0 4.31507128
Link 44 515 3469 0 1.30784676
Link 515 26 3470 0 -4.43792229
Link 88 516 3474 0 0.33757401
Link 516 11 3475 0 -1.87644642
Link 330 517 3480 0 1.62669677
Link 517 44 3481 0 4.53383832
Link 56 520 3511 0 1.10779903
Link 520 14 3512 0 -0.58944367
Link 16 525 3536 1 -0.42209400
Link 525 461 3537 1 0.03912110
Link 526 14 3542 0 -0.51767114
Link 62 215 3591 0 -1.73005480
Link 17 538 3618 1 0.44046056
Link 538 17 3619 1 -1.56688997
Link 86 539 3624 0 2.43639438
Link 539 41 3625 0 0.66068021
Link 7 86 3652 0 2.56745682
Link 200 11 3660 0 -0.29670288
Link 66 19 3716 1 -0.31472514
Link 8 200 3721 0 1.88821247
Link 21 30 3794 0 3.67569960
Link 416 416 3921 1 0.96481254
Link 39 577 3934 0 0.81135485
Link 577 377 3935 0 -4.49337893
Link 194 455 3938 0 -1.38082835
Link 302 378 3956 1 0.79341725
Link 60 46 3986 0 -4.54956879
Link 194 594 4044 0 2.31889128
Link 594 18 4045 0 -2.71097132
Link 107 20 4069 1 -0.60957302
Link 86 509 4102 0 -0.84595301
Link 36 302 4145 0 3.58973853
Link 182 613 4222 0 1.08617527
Link 613 22 4223 0 -1.90412616
Link 60 302 4262 0 -2.07009977
Link 63 619 4269 0 1.29270489
Link 619 48 4270 0 2.24689899
Link 6 620 4272 0 1.04037581
Link 455 107 4325 0 1.19874733
Link 340 215 4397 0 -3.04986292
Link 239 639 4479 0 2.35827077
Link 639 215 4480 0 3.13060633
Link 39 641 4497 1 -2.35698835
Link 641 39 4498 1 -3.75705365
Link 321 642 4501 1 0.56531247
Link 642 48 4502 1 1.99193828
Link 378 378 4536 1 -1.52308668
Link 378 30 4594 0 -3.78533472
Link 29 26 4621 0 -3.08955737
Link 107 665 4690 1 -0.58736775
Link 665 88 4691 1 -1.82984170
Link 425 670 4718 0 -2.90159434
Link 670 88 4719 0 -2.24977770
Link 101 674 4742 0 0.68242576
Link 674 18 4743 0 -1.82823809
Link 316 294 4848 0 2.04957854
Link 4 700 5045 0 0.46252754
Link 700 10 5046 0 -0.83760634
Link 448 704 5099 1 2.42041815
Link 704 48 5100 1 -2.25041336
Link 174 706 5105 0 0.53189457
Link 45 710 5124 0 0.29507014
Link 710 448 5125 0 2.22185200
Link 52 715 5158 0 1.81892300
Link 715 425 5159 0 1.15622561
Link 201 215 5163 0 -2.71496478
Link 475 720 5188 0 2.05025755
Link 720 215 5189 0 6.19459325
Link 16 758 5542 1 -0.12933469
Link 758 275 5543 1 -1.62497963
Link 63 765 5592 0 2.88952582
Link 765 11 5593 0 2.76703955
Link 4 215 5835 0 0.67492841
Link 11 820 6052 1 2.97082051
Link 18 19 6186 0 0.66581147
Link 34 840 6225 0 2.42225745
Link 19 29 6257 0 -3.84612241
Link 41 448 6516 0 -3.78548985
Link 378 56 6652 0 3.70581274
Link 475 416 6671 0 -0.83331983
Link 101 66 6802 0 0.35870871
Link 47 412 6829 0 0.14826511
Link 455 48 6851 0 0.11495828
Link 509 24 6972 0 -2.39892031
Link 294 56 6997 1 -0.55438607
Link 272 926 7009 0 0.81954751
Link 926 21 7010 0 -0.15004634
Link 7 933 7053 0 0.64995466
Link 933 99 7054 0 0.97075349
Link 948 272 7148 0 2.72690873
Link 620 957 7226 0 1.71135705
Link 957 44 7227 0 -1.80166698
Link 620 265 7305 0 -0.03049160
Link 440 63 7480 0 -3.35954537
Link 48 108 7495 0 3.84657170
Link 820 1005 7601 1 0.27123633
Link 1005 412 7602 1 1.00154923
Link 700 33 7953 0 2.05368970
Link 10 350 8043 1 3.20165674
Link 11 1069 8116 1 2.26598146
Link 1069 28 8117 1 1.79732869
Link 440 440 8150 1 -0.91083163
Link 39 1020 8177 0 -0.89888420
Link 706 321 8245 1 2.21023727
Link 412 706 8270 0 -1.21014217
Link 1091 13 8328 0 0.03588644
Link 107 174 8391 0 -1.33384631
Link 700 13 8550 0 0.39824735
Link 324 539 8623 1 0.80825322
Link 52 197 8640 1 -0.94072567
Link 526 1020 8715 0 3.09935699
Link 272 706 8904 0 -0.94103728
Link 65 38 8959 0 -0.39231004
Link 13 1161 8984 1 1.54008711
Link 1161 294 8985 1 2.16314824
Link 1020 1173 9050 0 0.73458661
Link 41 1182 9121 0 0.02930622
Link 1182 1020 9122 0 0.06676866
Link 68 20 9345 0 0.60546245
Link 1206 526 9393 0 3.54322773
Link 132 700 9408 0 -4.05321807
Link 112 350 9491 1 -1.14844725
Link 704 704 9702 1 0.68549483
Link 433 425 9725 1 -0.21836498
Link 1 1249 9728 0 -1.87033851
Link 1249 948 9729 0 2.20005726
Link 99 186 9839 0 1.16480987
Link 185 22 9959 0 0.10867780
Link 69 28 10109 0 0.34508682
Link 16 194 10140 1 2.91070456
Link 2 1318 10247 0 1.39747625
Link 1318 1206 10248 0 1.62332591
Link 239 1340 10444 0 1.52640823
Link 1340 197 10445 0 1.64382746
Link 449 275 10521 0 -2.55575711
Link 66 53 10679 1 1.13071342
Link 1173 1411 11005 0 1.59707303
Link 1411 52 11006 0 -0.53885945
Link 44 1415 11043 1 1.45163665
Link 1415 44 11044 1 -3.13254732
Link 1020 1435 11223 0 -0.55726156
Link 1435 50 11224 0 -0.24342374
Link 594 1444 11323 0 2.18866196
Link 1444 34 11324 0 -0.53683013
Link 840 1182 11352 1 3.65495014
Link 1415 24 11418 0 0.22065502
Link 957 1091 11457 0 0.19344801
Link 185 132 11903 0 3.81844929
Link 440 715 11926 0 -2.23349955
Link 424 28 12442 0 2.76895367
Link 196 186 12643 1 -0.85278744
Link 4 1182 12786 0 1.46048221
Link 25 1020 13091 0 0.59906239
Link 620 1632 13167 1 0.65193150
Link 1632 620 13168 1 2.46468310
Link 619 539 13626 1 -1.75337807
Link 433 409 13701 1 -0.42359806
Link 1091 1091 13712 1 0.63278447
Link 520 201 13947 1 0.92706236
Link 101 517 14116 0 -0.04441551
Link 933 112 14187 0 0.95680992
Link 24 321 14230 0 0.63005599
Link 48 1206 14425 1 -2.34186506
Link 197 31 14699 0 2.60000023
GenomeEnd

