GenomeStart 42802
Neuron 1 1 0.00000000 1 0.00000000 0.00000000 0.00000000 0.00000000
Neuron 2 1 0.00000000 1 0.00000000 0.00000000 0.00000000 0.00000000
Neuron 3 1 0.00000000 1 0.00000000 0.00000000 0.00000000 0.00000000
Neuron 4 1 0.00000000 1 0.00000000 0.00000000 0.00000000 0.00000000
Neuron 5 1 0.00000000 1 0.00000000 0.00000000 0.00000000 0.00000000
Neuron 6 1 0.00000000 1 0.00000000 0.00000000 0.00000000 0.00000000
Neuron 7 1 0.00000000 1 0.00000000 0.00000000 0.00000000 0.00000000
Neuron 8 1 0.00000000 1 0.00000000 0.00000000 0.00000000 0.00000000
Neuron 9 2 0.00000000 1 0.00000000 0.00000000 0.00000000 0.00000000
Neuron 10 4 1.00000000 0 1.00000000 0.00000000 0.00000000 0.00000000
Neuron 11 4 1.00000000 0 1.00000000 0.00000000 0.00000000 0.00000000
Neuron 12 4 1.00000000 0 1.00000000 0.00000000 0.00000000 0.00000000
Neuron 13 4 1.00000000 0 1.00000000 0.00000000 0.00000000 0.00000000
Neuron 14 4 1.00000000 0 1.00000000 0.00000000 0.00000000 0.00000000
Neuron 15 4 1.00000000 0 1.00000000 0.00000000 0.00000000 0.00000000
Neuron 16 4 1.00000000 0 1.00000000 0.00000000 0.00000000 0.00000000
Neuron 17 3 0.50000000 1 1.00000000 0.00000000 0.00000000 0.00000000
Neuron 18 3 0.50000000 1 1.00000000 0.00000000 0.00000000 0.00000000
Neuron 19 3 0.50000000 1 1.00000000 0.00000000 0.00000000 0.00000000
Neuron 20 3 0.50000000 1 1.00000000 0.00000000 0.00000000 0.00000000
Neuron 21 3 0.50000000 1 1.00000000 0.00000000 0.00000000 0.00000000
Neuron 22 3 0.50000000 1 1.00000000 0.00000000 0.00000000 0.00000000
Neuron 24 3 0.50000000 1 1.00000000 0.00000000 0.00000000 0.00000000
Neuron 25 3 0.50000000 1 1.00000000 0.00000000 0.00000000 0.00000000
Neuron 26 3 0.50000000 1 1.00000000 0.00000000 0.00000000 0.00000000
Neuron 28 3 0.50000000 1 1.00000000 0.00000000 0.00000000 0.00000000
Neuron 29 3 0.50000000 1 1.00000000 0.00000000 0.00000000 0.00000000
Neuron 30 3 0.50000000 1 1.00000000 0.00000000 0.00000000 0.00000000
Neuron 31 3 0.50000000 1 1.00000000 0.00000000 0.00000000 0.00000000
Neuron 33 3 0.50000000 1 1.00000000 0.00000000 0.00000000 0.00000000
Neuron 34 3 0.50000000 1 1.00000000 0.00000000 0.00000000 0.00000000
Neuron 35 3 0.50000000 1 1.00000000 0.00000000 0.00000000 0.00000000
Neuron 36 3 0.50000000 1 1.00000000 0.00000000 0.00000000 0.00000000
Neuron 38 3 0.50000000 1 1.00000000 0.00000000 0.00000000 0.00000000
Neuron 39 3 0.50000000 1 1.00000000 0.00000000 0.00000000 0.00000000
Neuron 41 3 0.50000000 1 1.00000000 0.00000000 0.00000000 0.00000000
Neuron 44 3 0.50000000 1 1.00000000 0.00000000 0.00000000 0.00000000
Neuron 45 3 0.50000000 1 1.00000000 0.00000000 0.00000000 0.00000000
Neuron 46 3 0.50000000 1 1.00000000 0.00000000 0.00000000 0.00000000
Neuron 47 3 0.50000000 1 1.00000000 0.00000000 0.00000000 0.00000000
Neuron 48 3 0.50000000 1 1.00000000 0.00000000 0.00000000 0.00000000
Neuron 50 3 0.50000000 1 1.00000000 0.00000000 0.00000000 0.00000000
Neuron 51 3 0.50000000 1 1.00000000 0.00000000 0.00000000 0.00000000
Neuron 52 3 0.50000000 1 1.00000000 0.00000000 0.00000000 0.00000000
Neuron 53 3 0.50000000 1 1.00000000 0.00000000 0.00000000 0.00000000
Neuron 56 3 0.50000000 1 1.00000000 0.00000000 0.00000000 0.00000000
Neuron 57 3 0.50000000 1 1.00000000 0.00000000 0.00000000 0.00000000
Neuron 59 3 0.50000000 1 1.00000000 0.00000000 0.00000000 0.00000000
Neuron 60 3 0.50000000 1 1.00000000 0.00000000 0.00000000 0.00000000
Neuron 62 3 0.50000000 1 1.00000000 0.00000000 0.00000000 0.00000000
Neuron 63 3 0.50000000 1 1.00000000 0.00000000 0.00000000 0.00000000
Neuron 65 3 0.50000000 1 1.00000000 0.00000000 0.00000000 0.00000000
Neuron 66 3 0.75000000 1 1.00000000 0.00000000 0.00000000 0.00000000
Neuron 68 3 0.50000000 1 1.00000000 0.00000000 0.00000000 0.00000000
Neuron 85 3 0.75000000 1 1.00000000 0.00000000 0.00000000 0.00000000
Neuron 86 3 0.25000000 1 1.00000000 0.00000000 0.00000000 0.00000000
Neuron 88 3 0.50000000 1 1.00000000 0.00000000 0.00000000 0.00000000
Neuron 94 3 0.75000000 1 1.00000000 0.00000000 0.00000000 0.00000000
Neuron 99 3 0.25000000 1 1.00000000 0.00000000 0.00000000 0.00000000
Neuron 101 3 0.25000000 1 1.00000000 0.00000000 0.00000000 0.00000000
Neuron 107 3 0.75000000 1 1.00000000 0.00000000 0.00000000 0.00000000
Neuron 108 3 0.75000000 1 1.00000000 0.00000000 0.00000000 0.00000000
Neuron 112 3 0.87500000 1 1.00000000 0.00000000 0.00000000 0.00000000
Neuron 132 3 0.25000000 1 1.00000000 0.00000000 0.00000000 0.00000000
Neuron 174 3 0.75000000 1 1.00000000 0.00000000 0.00000000 0.00000000
Neuron 182 3 0.25000000 1 1.00000000 0.00000000 0.00000000 0.00000000
Neuron 185 3 0.25000000 1 1.00000000 0.00000000 0.00000000 0.00000000
Neuron 194 3 0.50000000 1 1.00000000 0.00000000 0.00000000 0.00000000
Neuron 196 3 0.75000000 1 1.00000000 0.00000000 0.00000000 0.00000000
Neuron 197 3 0.25000000 1 1.00000000 0.00000000 0.00000000 0.00000000
Neuron 200 3 0.25000000 1 1.00000000 0.00000000 0.00000000 0.00000000
Neuron 201 3 0.25000000 1 1.00000000 0.00000000 0.00000000 0.00000000
Neuron 204 3 0.25000000 1 1.00000000 0.00000000 0.00000000 0.00000000
Neuron 215 3 0.50000000 1 1.00000000 0.00000000 0.00000000 0.00000000
Neuron 239 3 0.25000000 1 1.00000000 0.00000000 0.00000000 0.00000000
Neuron 246 3 0.75000000 1 1.00000000 0.00000000 0.00000000 0.00000000
Neuron 261 3 0.75000000 1 1.00000000 0.00000000 0.00000000 0.00000000
Neuron 265 3 0.25000000 1 1.00000000 0.00000000 0.00000000 0.00000000
Neuron 272 3 0.25000000 1 1.00000000 0.00000000 0.00000000 0.00000000
Neuron 284 3 0.87500000 1 1.00000000 0.00000000 0.00000000 0.00000000
Neuron 294 3 0.75000000 1 1.00000000 0.00000000 0.00000000 0.00000000
Neuron 302 3 0.50000000 1 1.00000000 0.00000000 0.00000000 0.00000000
Neuron 303 3 0.50000000 1 1.00000000 0.00000000 0.00000000 0.00000000
Neuron 316 3 0.62500000 1 1.00000000 0.00000000 0.00000000 0.00000000
Neuron 321 3 0.75000000 1 1.00000000 0.00000000 0.00000000 0.00000000
Neuron 324 3 0.50000000 1 1.00000000 0.00000000 0.00000000 0.00000000
Neuron 330 3 0.25000000 1 1.00000000 0.00000000 0.00000000 0.00000000
Neuron 340 3 0.50000000 1 1.00000000 0.00000000 0.00000000 0.00000000
Neuron 350 3 0.50000000 1 1.00000000 0.00000000 0.00000000 0.00000000
Neuron 377 3 0.75000000 1 1.00000000 0.00000000 0.00000000 0.00000000
Neuron 378 3 0.25000000 1 1.00000000 0.00000000 0.00000000 0.00000000
Neuron 412 3 0.75000000 1 1.00000000 0.00000000 0.00000000 0.00000000
Neuron 416 3 0.50000000 1 1.00000000 0.00000000 0.00000000 0.00000000
Neuron 425 3 0.50000000 1 1.00000000 0.00000000 0.00000000 0.00000000
Neuron 433 3 0.81250000 1 1.00000000 0.00000000 0.00000000 0.00000000
Neuron 440 3 0.12500000 1 1.00000000 0.00000000 0.00000000 0.00000000
Neuron 448 3 0.56250000 1 1.00000000 0.00000000 0.00000000 0.00000000
Neuron 449 3 0.50000000 1 1.00000000 0.00000000 0.00000000 0.00000000
Neuron 455 3 0.50000000 1 1.00000000 0.00000000 0.00000000 0.00000000
Neuron 461 3 0.75000000 1 1.00000000 0.00000000 0.00000000 0.00000000
Neuron 475 3 0.25000000 1 1.00000000 0.00000000 0.00000000 0.00000000
Neuron 500 3 0.75000000 1 1.00000000 0.00000000 0.00000000 0.00000000
Neuron 509 3 0.50000000 1 1.00000000 0.00000000 0.00000000 0.00000000
Neuron 525 3 0.87500000 1 1.00000000 0.00000000 0.00000000 0.00000000
Neuron 594 3 0.50000000 1 1.00000000 0.00000000 0.00000000 0.00000000
Neuron 619 3 0.50000000 1 1.00000000 0.00000000 0.00000000 0.00000000
Neuron 620 3 0.25000000 1 1.00000000 0.00000000 0.00000000 0.00000000
Neuron 641 3 0.50000000 1 1.00000000 0.00000000 0.00000000 0.00000000
Neuron 665 3 0.62500000 1 1.00000000 0.00000000 0.00000000 0.00000000
Neuron 670 3 0.50000000 1 1.00000000 0.00000000 0.00000000 0.00000000
Neuron 820 3 0.87500000 1 1.00000000 0.00000000 0.00000000 0.00000000
Neuron 840 3 0.75000000 1 1.00000000 0.00000000 0.00000000 0.00000000
Link 1 10 1 0 -0.79815484
Link 2 10 2 0 -0.43367422
Link 3 10 3 0 -3.84788630
Link 4 10 4 0 1.09906845
Link 5 10 5 0 2.97270175
Link 6 10 6 0 -0.18301557
Link 7 10 7 0 -4.27081154
Link 9 10 9 0 1.27517844
Link 1 11 10 0 -3.14881580
Link 2 11 11 0 0.48575972
Link 3 11 12 0 -0.98750451
Link 4 11 13 0 0.35892723
Link 5 11 14 0 1.29374541
Link 6 11 15 0 0.04235021
Link 7 11 16 0 -1.45073499
Link 8 11 17 0 2.25953071
Link 9 11 18 0 1.01078732
Link 1 12 19 0 0.79680766
Link 2 12 20 0 -0.82083584
Link 3 12 21 0 -3.19981732
Link 4 12 22 0 0.30363819
Link 5 12 23 0 -3.38269981
Link 6 12 24 0 4.15889376
Link 7 12 25 0 1.66907618
Link 8 12 26 0 -1.25642874
Link 9 12 27 0 -3.22224142
Link 1 13 28 0 -0.20707323
Link 2 13 29 0 0.17497660
Link 4 13 31 0 1.84711228
Link 5 13 32 0 -0.17471811
Link 6 13 33 0 1.46118598
Link 7 13 34 0 -0.70480895
Link 9 13 36 0 -0.85978736
Link 1 14 37 0 -1.44113753
Link 2 14 38 0 -1.47637833
Link 3 14 39 0 -0.86560158
Link 4 14 40 0 3.90222227
Link 5 14 41 0 -2.21568975
Link 6 14 42 0 1.98609247
Link 7 14 43 0 -3.54198305
Link 8 14 44 0 2.79384047
Link 9 14 45 0 0.96241325
Link 1 15 46 0 -1.10494391
Link 2 15 47 0 1.99600844
Link 3 15 48 0 0.23667354
Link 4 15 49 0 -0.32975241
Link 5 15 50 0 -0.94812405
Link 6 15 51 0 -2.65464450
Link 7 15 52 0 2.96943793
Link 8 15 53 0 1.26709015
Link 9 15 54 0 0.68275701
Link 1 16 55 0 -3.71496887
Link 2 16 56 0 -0.79123625
Link 3 16 57 0 -0.33695647
Link 4 16 58 0 2.58467631
Link 5 16 59 0 2.69611643
Link 6 16 60 0 -1.48550515
Link 7 16 61 0 0.05978878
Link 8 16 62 0 -3.33463188
Link 9 16 63 0 1.07194411
Link 7 17 65 0 0.22803137
Link 17 15 66 0 -2.46661137
Link 4 18 68 0 0.25993900
Link 18 12 69 0 0.52374948
Link 4 19 71 0 3.13245931
Link 3 20 74 0 -1.68569823
Link 20 14 75 0 1.20208165
Link 8 21 77 0 0.45509278
Link 21 12 78 0 -0.05562808
Link 22 10 81 0 -0.32420737
Link 2 24 86 0 1.72233282
Link 24 14 87 0 3.74426429
Link 7 25 89 0 1.01338452
Link 26 13 93 0 -3.26667531
Link 3 28 98 0 -0.11062439
Link 28 13 99 0 -0.98242908
Link 8 29 101 0 -2.81488161
Link 29 13 102 0 1.14938845
Link 8 30 104 0 4.85466999
Link 30 10 105 0 -0.13200210
Link 2 31 107 0 -1.90006725
Link 8 33 113 0 -0.25320609
Link 33 14 114 0 1.80658170
Link 6 34 117 0 -3.85071900
Link 34 14 118 0 1.78101466
Link 1 35 120 0 1.02288348
Link 2 36 123 0 -2.97632407
Link 36 13 124 0 2.06268007
Link 2 38 129 0 -2.68517690
Link 38 16 130 0 -1.48907272
Link 4 41 138 0 1.67091278
Link 41 15 139 0 1.94305823
Link 44 12 148 0 2.22432159
Link 7 45 150 0 -1.26240846
Link 45 16 151 0 -1.58628280
Link 1 46 153 0 1.60925599
Link 5 47 156 0 2.28188252
Link 47 15 157 0 2.83160005
Link 2 48 159 0 0.61572662
Link 48 11 160 0 -0.02139857
Link 50 11 167 0 0.60781074
Link 4 51 174 0 -2.61334421
Link 51 16 175 0 1.92711403
Link 5 52 177 0 0.74555167
Link 52 14 178 0 -2.00695945
Link 2 53 181 0 2.74171237
Link 9 44 191 0 0.65025818
Link 5 56 196 0 0.21078583
Link 56 13 197 0 3.47987299
Link 8 57 200 0 1.20756646
Link 57 15 201 0 -1.84794272
Link 60 10 214 0 0.17656537
Link 7 62 222 0 0.09225242
Link 62 10 223 0 -2.32899735
Link 29 16 230 0 3.33203442
Link 63 10 237 0 2.65118030
Link 1 65 250 0 1.03289023
Link 65 16 251 0 0.99058544
Link 2 17 258 0 -0.29804016
Link 59 66 260 0 -0.33715489
Link 66 10 261 0 -3.59274044
Link 10 57 263 1 -4.40071334
Link 3 68 279 0 0.16019100
Link 68 10 280 0 2.41286181
Link 19 85 424 0 1.68913746
Link 4 86 427 0 0.58007856
Link 86 41 428 0 -1.12707948
Link 6 88 442 0 -5.37769451
Link 88 15 443 0 2.47805931
Link 41 94 481 0 2.26433211
Link 94 15 482 0 -0.88804357
Link 13 21 492 1 3.10955414
Link 7 99 514 0 1.04217061
Link 99 26 515 0 -3.45204021
Link 12 41 530 1 -0.52785048
Link 17 11 532 0 -0.49823521
Link 62 62 534 1 -0.74137587
Link 1 101 542 0 2.13135303
Link 101 18 543 0 -0.49763563
Link 35 107 595 0 0.45735337
Link 107 11 596 0 -0.15694634
Link 31 108 609 0 1.10552768
Link 108 12 610 0 -1.23506208
Link 62 50 623 0 4.58917447
Link 112 14 640 0 -4.13313838
Link 25 25 653 1 0.68004628
Link 3 19 655 0 0.75751654
Link 2 41 688 0 1.62210495
Link 29 29 719 1 -2.99587424
Link 8 22 765 0 0.18382443
Link 5 132 787 0 -1.07605136
Link 132 39 788 0 -1.50261764
Link 4 63 930 0 -0.37966394
Link 14 85 948 1 -2.10954443
Link 28 174 1070 0 1.59252964
Link 174 13 1071 0 0.20984062
Link 6 182 1115 0 2.33403665
Link 182 22 1116 0 0.42799975
Link 22 22 1134 1 3.52318942
Link 5 185 1153 0 -3.86970588
Link 185 59 1154 0 -0.21576551
Link 17 194 1226 0 -0.29155954
Link 17 196 1237 0 -0.33749289
Link 196 13 1238 0 -3.63406915
Link 1 197 1242 0 -0.67943341
Link 197 63 1243 0 3.18324655
Link 52 52 1245 1 0.20311195
Link 4 200 1261 0 2.35450177
Link 200 60 1262 0 1.44353779
Link 3 201 1264 0 -3.04222954
Link 6 204 1276 0 -0.78136016
Link 204 41 1277 0 2.42438201
Link 19 200 1314 1 -0.26171611
Link 44 26 1348 0 -3.39287388
Link 8 215 1363 0 -2.41740623
Link 215 13 1364 0 -1.98774592
Link 200 15 1406 0 -0.38774095
Link 16 68 1426 1 1.84734324
Link 8 239 1498 0 2.02363893
Link 239 215 1499 0 1.21873424
Link 53 246 1533 0 2.28772108
Link 9 26 1567 0 1.91066763
Link 9 200 1609 0 -2.37701278
Link 25 261 1629 0 0.74878432
Link 261 14 1630 0 2.89993578
Link 5 265 1668 0 2.53233010
Link 265 65 1669 0 -1.91240066
Link 6 200 1687 0 -0.12760562
Link 4 21 1707 0 2.34790806
Link 1 272 1709 0 1.03032447
Link 272 21 1710 0 0.06166786
Link 45 45 1824 1 -0.21785916
Link 246 284 1829 0 1.20514787
Link 284 10 1830 0 -1.63001105
Link 56 14 1877 0 -1.34106943
Link 13 294 1883 1 1.54342350
Link 26 302 1931 0 0.33238544
Link 302 18 1932 0 -2.99798679
Link 6 197 1933 0 -0.09195519
Link 44 303 1936 1 0.46031683
Link 303 44 1937 1 3.16777042
Link 46 45 1952 0 0.04256723
Link 21 51 1988 0 3.44402035
Link 294 316 2008 1 3.30212748
Link 316 48 2009 1 4.28568143
Link 12 321 2026 1 0.28823874
Link 321 48 2027 1 -0.00300398
Link 44 324 2043 0 -0.30924709
Link 6 330 2087 0 3.86714753
Link 330 44 2088 0 2.75150205
Link 14 26 2114 1 4.69228804
Link 25 340 2150 1 -0.10764250
Link 340 25 2151 1 1.26714623
Link 17 17 2210 1 -0.38225790
Link 88 11 2232 0 -2.22578843
Link 5 350 2248 0 -0.77072592
Link 350 13 2249 0 4.72015144
Link 85 68 2385 1 0.86569023
Link 39 377 2419 0 -1.07894749
Link 377 12 2420 0 4.99060464
Link 8 378 2428 0 -0.65785298
Link 378 18 2429 0 1.76531206
Link 48 63 2452 0 1.72844185
Link 15 34 2489 1 -0.32620758
Link 7 294 2573 0 -2.99245426
Link 63 29 2633 0 -1.47492247
Link 65 19 2641 0 2.77513428
Link 412 30 2666 1 -1.18990966
Link 15 68 2668 1 0.26407874
Link 6 416 2688 0 -0.89644788
Link 416 15 2689 0 1.65048180
Link 46 11 2696 0 -3.87564407
Link 63 11 2746 0 1.91975315
Link 52 425 2756 0 0.27449186
Link 26 65 2784 0 0.35546779
Link 28 28 2808 1 2.89838662
Link 85 433 2819 0 -2.05565751
Link 433 112 2820 0 -0.09623832
Link 132 34 2852 0 3.05437366
Link 39 50 2853 0 -4.58581134
Link 101 101 2866 1 -0.69736604
Link 5 440 2871 0 1.63810378
Link 440 200 2872 0 2.38314303
Link 12 28 2913 1 -0.66889496
Link 45 448 2922 0 1.10028006
Link 448 316 2923 0 2.39991170
Link 53 449 2925 1 2.42634893
Link 449 53 2926 1 1.59029580
Link 36 36 2947 1 -1.27674196
Link 19 68 2956 0 1.74841715
Link 14 28 2962 1 -1.63426248
Link 5 204 2972 0 -3.99851072
Link 324 455 2985 0 3.67990136
Link 455 25 2986 0 2.43626442
Link 461 26 3024 1 -0.48878517
Link 101 302 3070 0 -0.13096709
Link 416 33 3085 0 1.13939543
Link 6 475 3112 0 -0.78354926
Link 475 215 3113 0 3.53070659
Link 29 215 3162 0 5.73240718
Link 204 20 3207 0 -1.04847242
Link 200 68 3212 0 -2.89004709
Link 11 38 3234 1 1.78438404
Link 2 350 3251 0 1.47435046
Link 215 33 3285 0 -0.26748635
Link 448 294 3295 0 -2.67395491
Link 18 500 3303 0 1.32668993
Link 500 13 3304 0 0.18592818
Link 455 15 3390 0 -3.22269937
Link 20 509 3407 0 2.94773798
Link 509 33 3408 0 4.04477447
Link 16 525 3536 1 0.79005915
Link 525 461 3537 1 -1.34045884
Link 62 215 3591 0 -0.47724719
Link 7 86 3652 0 0.49119312
Link 66 19 3716 1 0.00224484
Link 8 200 3721 0 -0.94572703
Link 21 30 3794 0 1.57826006
Link 194 455 3938 0 -1.59881480
Link 302 378 3956 1 0.30539154
Link 60 46 3986 0 -0.58408190
Link 194 594 4044 0 0.18738104
Link 594 18 4045 0 -1.42511507
Link 107 20 4069 1 2.36850156
Link 86 509 4102 0 -1.30885700
Link 60 302 4262 0 -2.46145693
Link 63 619 4269 0 0.36249659
Link 619 48 4270 0 1.99403974
Link 6 620 4272 0 0.42196049
Link 620 44 4273 0 -0.09970659
Link 11 28 4313 1 0.97652186
Link 455 107 4325 0 0.85972049
Link 340 215 4397 0 -2.73429940
Link 448 48 4406 1 -3.06523699
Link 39 641 4497 1 -2.84085609
Link 641 39 4498 1 -0.66196934
Link 378 378 4536 1 -2.69195572
Link 378 30 4594 0 -1.01102783
Link 29 26 4621 0 -1.90778550
Link 107 665 4690 1 -0.90251149
Link 665 88 4691 1 -0.33326272
Link 425 670 4718 0 -1.62095385
Link 670 88 4719 0 -1.07371659
Link 316 294 4848 0 1.63865298
Link 201 215 5163 0 -3.91550195
Link 41 52 5428 0 -0.90456148
Link 4 215 5835 0 -1.50296518
Link 11 820 6052 1 1.46461223
Link 820 412 6053 1 0.92335021
Link 18 19 6186 0 2.30221084
Link 34 840 6225 0 0.80851652
Link 840 10 6226 0 -1.77564732
Link 19 29 6257 0 -4.23223597
Link 41 448 6516 0 -3.08381575
Link 378 56 6652 0 1.37110572
Link 19 619 6799 0 -0.73456760
Link 201 194 6828 0 -2.52788126
GenomeEnd

