GenomeStart 113088
Neuron 1 1 0.00000000 1 0.00000000 0.00000000 0.00000000 0.00000000
Neuron 2 1 0.00000000 1 0.00000000 0.00000000 0.00000000 0.00000000
Neuron 3 1 0.00000000 1 0.00000000 0.00000000 0.00000000 0.00000000
Neuron 4 1 0.00000000 1 0.00000000 0.00000000 0.00000000 0.00000000
Neuron 5 1 0.00000000 1 0.00000000 0.00000000 0.00000000 0.00000000
Neuron 6 1 0.00000000 1 0.00000000 0.00000000 0.00000000 0.00000000
Neuron 7 1 0.00000000 1 0.00000000 0.00000000 0.00000000 0.00000000
Neuron 8 1 0.00000000 1 0.00000000 0.00000000 0.00000000 0.00000000
Neuron 9 2 0.00000000 1 0.00000000 0.00000000 0.00000000 0.00000000
Neuron 10 4 1.00000000 0 1.00000000 0.00000000 0.00000000 0.00000000
Neuron 11 4 1.00000000 0 1.00000000 0.00000000 0.00000000 0.00000000
Neuron 12 4 1.00000000 0 1.00000000 0.00000000 0.00000000 0.00000000
Neuron 13 4 1.00000000 0 1.00000000 0.00000000 0.00000000 0.00000000
Neuron 14 4 1.00000000 0 1.00000000 0.00000000 0.00000000 0.00000000
Neuron 15 4 1.00000000 0 1.00000000 0.00000000 0.00000000 0.00000000
Neuron 16 4 1.00000000 0 1.00000000 0.00000000 0.00000000 0.00000000
Neuron 17 3 0.50000000 1 1.00000000 0.00000000 0.00000000 0.00000000
Neuron 18 3 0.50000000 1 1.00000000 0.00000000 0.00000000 0.00000000
Neuron 19 3 0.50000000 1 1.00000000 0.00000000 0.00000000 0.00000000
Neuron 20 3 0.50000000 1 1.00000000 0.00000000 0.00000000 0.00000000
Neuron 21 3 0.50000000 1 1.00000000 0.00000000 0.00000000 0.00000000
Neuron 22 3 0.50000000 1 1.00000000 0.00000000 0.00000000 0.00000000
Neuron 23 3 0.50000000 1 1.00000000 0.00000000 0.00000000 0.00000000
Neuron 24 3 0.50000000 1 1.00000000 0.00000000 0.00000000 0.00000000
Neuron 25 3 0.50000000 1 1.00000000 0.00000000 0.00000000 0.00000000
Neuron 26 3 0.50000000 1 1.00000000 0.00000000 0.00000000 0.00000000
Neuron 27 3 0.50000000 1 1.00000000 0.00000000 0.00000000 0.00000000
Neuron 28 3 0.50000000 1 1.00000000 0.00000000 0.00000000 0.00000000
Neuron 29 3 0.50000000 1 1.00000000 0.00000000 0.00000000 0.00000000
Neuron 30 3 0.50000000 1 1.00000000 0.00000000 0.00000000 0.00000000
Neuron 31 3 0.50000000 1 1.00000000 0.00000000 0.00000000 0.00000000
Neuron 32 3 0.50000000 1 1.00000000 0.00000000 0.00000000 0.00000000
Neuron 33 3 0.50000000 1 1.00000000 0.00000000 0.00000000 0.00000000
Neuron 34 3 0.50000000 1 1.00000000 0.00000000 0.00000000 0.00000000
Neuron 35 3 0.50000000 1 1.00000000 0.00000000 0.00000000 0.00000000
Neuron 36 3 0.50000000 1 1.00000000 0.00000000 0.00000000 0.00000000
Neuron 37 3 0.50000000 1 1.00000000 0.00000000 0.00000000 0.00000000
Neuron 38 3 0.50000000 1 1.00000000 0.00000000 0.00000000 0.00000000
Neuron 39 3 0.50000000 1 1.00000000 0.00000000 0.00000000 0.00000000
Neuron 41 3 0.50000000 1 1.00000000 0.00000000 0.00000000 0.00000000
Neuron 42 3 0.50000000 1 1.00000000 0.00000000 0.00000000 0.00000000
Neuron 43 3 0.50000000 1 1.00000000 0.00000000 0.00000000 0.00000000
Neuron 44 3 0.50000000 1 1.00000000 0.00000000 0.00000000 0.00000000
Neuron 45 3 0.50000000 1 1.00000000 0.00000000 0.00000000 0.00000000
Neuron 46 3 0.50000000 1 1.00000000 0.00000000 0.00000000 0.00000000
Neuron 47 3 0.50000000 1 1.00000000 0.00000000 0.00000000 0.00000000
Neuron 48 3 0.50000000 1 1.00000000 0.00000000 0.00000000 0.00000000
Neuron 50 3 0.50000000 1 1.00000000 0.00000000 0.00000000 0.00000000
Neuron 51 3 0.50000000 1 1.00000000 0.00000000 0.00000000 0.00000000
Neuron 52 3 0.50000000 1 1.00000000 0.00000000 0.00000000 0.00000000
Neuron 53 3 0.50000000 1 1.00000000 0.00000000 0.00000000 0.00000000
Neuron 55 3 0.50000000 1 1.00000000 0.00000000 0.00000000 0.00000000
Neuron 56 3 0.50000000 1 1.00000000 0.00000000 0.00000000 0.00000000
Neuron 57 3 0.50000000 1 1.00000000 0.00000000 0.00000000 0.00000000
Neuron 58 3 0.50000000 1 1.00000000 0.00000000 0.00000000 0.00000000
Neuron 59 3 0.50000000 1 1.00000000 0.00000000 0.00000000 0.00000000
Neuron 60 3 0.50000000 1 1.00000000 0.00000000 0.00000000 0.00000000
Neuron 61 3 0.50000000 1 1.00000000 0.00000000 0.00000000 0.00000000
Neuron 62 3 0.50000000 1 1.00000000 0.00000000 0.00000000 0.00000000
Neuron 63 3 0.50000000 1 1.00000000 0.00000000 0.00000000 0.00000000
Neuron 64 3 0.25000000 1 1.00000000 0.00000000 0.00000000 0.00000000
Neuron 65 3 0.50000000 1 1.00000000 0.00000000 0.00000000 0.00000000
Neuron 66 3 0.75000000 1 1.00000000 0.00000000 0.00000000 0.00000000
Neuron 68 3 0.50000000 1 1.00000000 0.00000000 0.00000000 0.00000000
Neuron 69 3 0.25000000 1 1.00000000 0.00000000 0.00000000 0.00000000
Neuron 70 3 0.50000000 1 1.00000000 0.00000000 0.00000000 0.00000000
Neuron 71 3 0.75000000 1 1.00000000 0.00000000 0.00000000 0.00000000
Neuron 78 3 0.50000000 1 1.00000000 0.00000000 0.00000000 0.00000000
Neuron 83 3 0.25000000 1 1.00000000 0.00000000 0.00000000 0.00000000
Neuron 85 3 0.75000000 1 1.00000000 0.00000000 0.00000000 0.00000000
Neuron 86 3 0.25000000 1 1.00000000 0.00000000 0.00000000 0.00000000
Neuron 87 3 0.50000000 1 1.00000000 0.00000000 0.00000000 0.00000000
Neuron 88 3 0.50000000 1 1.00000000 0.00000000 0.00000000 0.00000000
Neuron 89 3 0.25000000 1 1.00000000 0.00000000 0.00000000 0.00000000
Neuron 90 3 0.25000000 1 1.00000000 0.00000000 0.00000000 0.00000000
Neuron 94 3 0.75000000 1 1.00000000 0.00000000 0.00000000 0.00000000
Neuron 95 3 0.25000000 1 1.00000000 0.00000000 0.00000000 0.00000000
Neuron 97 3 0.50000000 1 1.00000000 0.00000000 0.00000000 0.00000000
Neuron 99 3 0.25000000 1 1.00000000 0.00000000 0.00000000 0.00000000
Neuron 101 3 0.25000000 1 1.00000000 0.00000000 0.00000000 0.00000000
Neuron 107 3 0.75000000 1 1.00000000 0.00000000 0.00000000 0.00000000
Neuron 108 3 0.75000000 1 1.00000000 0.00000000 0.00000000 0.00000000
Neuron 112 3 0.87500000 1 1.00000000 0.00000000 0.00000000 0.00000000
Neuron 116 3 0.25000000 1 1.00000000 0.00000000 0.00000000 0.00000000
Neuron 124 3 0.75000000 1 1.00000000 0.00000000 0.00000000 0.00000000
Neuron 126 3 0.75000000 1 1.00000000 0.00000000 0.00000000 0.00000000
Neuron 128 3 0.75000000 1 1.00000000 0.00000000 0.00000000 0.00000000
Neuron 132 3 0.25000000 1 1.00000000 0.00000000 0.00000000 0.00000000
Neuron 138 3 0.25000000 1 1.00000000 0.00000000 0.00000000 0.00000000
Neuron 139 3 0.75000000 1 1.00000000 0.00000000 0.00000000 0.00000000
Neuron 140 3 0.25000000 1 1.00000000 0.00000000 0.00000000 0.00000000
Neuron 143 3 0.75000000 1 1.00000000 0.00000000 0.00000000 0.00000000
Neuron 156 3 0.25000000 1 1.00000000 0.00000000 0.00000000 0.00000000
Neuron 164 3 0.25000000 1 1.00000000 0.00000000 0.00000000 0.00000000
Neuron 165 3 0.62500000 1 1.00000000 0.00000000 0.00000000 0.00000000
Neuron 167 3 0.25000000 1 1.00000000 0.00000000 0.00000000 0.00000000
Neuron 169 3 0.25000000 1 1.00000000 0.00000000 0.00000000 0.00000000
Neuron 171 3 0.25000000 1 1.00000000 0.00000000 0.00000000 0.00000000
Neuron 174 3 0.75000000 1 1.00000000 0.00000000 0.00000000 0.00000000
Neuron 177 3 0.75000000 1 1.00000000 0.00000000 0.00000000 0.00000000
Neuron 181 3 0.25000000 1 1.00000000 0.00000000 0.00000000 0.00000000
Neuron 182 3 0.25000000 1 1.00000000 0.00000000 0.00000000 0.00000000
Neuron 185 3 0.25000000 1 1.00000000 0.00000000 0.00000000 0.00000000
Neuron 186 3 0.50000000 1 1.00000000 0.00000000 0.00000000 0.00000000
Neuron 194 3 0.50000000 1 1.00000000 0.00000000 0.00000000 0.00000000
Neuron 196 3 0.75000000 1 1.00000000 0.00000000 0.00000000 0.00000000
Neuron 197 3 0.25000000 1 1.00000000 0.00000000 0.00000000 0.00000000
Neuron 200 3 0.25000000 1 1.00000000 0.00000000 0.00000000 0.00000000
Neuron 201 3 0.25000000 1 1.00000000 0.00000000 0.00000000 0.00000000
Neuron 204 3 0.25000000 1 1.00000000 0.00000000 0.00000000 0.00000000
Neuron 213 3 0.62500000 1 1.00000000 0.00000000 0.00000000 0.00000000
Neuron 215 3 0.50000000 1 1.00000000 0.00000000 0.00000000 0.00000000
Neuron 229 3 0.25000000 1 1.00000000 0.00000000 0.00000000 0.00000000
Neuron 230 3 0.37500000 1 1.00000000 0.00000000 0.00000000 0.00000000
Neuron 234 3 0.87500000 1 1.00000000 0.00000000 0.00000000 0.00000000
Neuron 236 3 0.25000000 1 1.00000000 0.00000000 0.00000000 0.00000000
Neuron 239 3 0.25000000 1 1.00000000 0.00000000 0.00000000 0.00000000
Neuron 242 3 0.75000000 1 1.00000000 0.00000000 0.00000000 0.00000000
Neuron 243 3 0.75000000 1 1.00000000 0.00000000 0.00000000 0.00000000
Neuron 245 3 0.25000000 1 1.00000000 0.00000000 0.00000000 0.00000000
Neuron 246 3 0.75000000 1 1.00000000 0.00000000 0.00000000 0.00000000
Neuron 261 3 0.75000000 1 1.00000000 0.00000000 0.00000000 0.00000000
Neuron 265 3 0.25000000 1 1.00000000 0.00000000 0.00000000 0.00000000
Neuron 272 3 0.25000000 1 1.00000000 0.00000000 0.00000000 0.00000000
Neuron 275 3 0.75000000 1 1.00000000 0.00000000 0.00000000 0.00000000
Neuron 276 3 0.75000000 1 1.00000000 0.00000000 0.00000000 0.00000000
Neuron 277 3 0.12500000 1 1.00000000 0.00000000 0.00000000 0.00000000
Neuron 282 3 0.25000000 1 1.00000000 0.00000000 0.00000000 0.00000000
Neuron 284 3 0.87500000 1 1.00000000 0.00000000 0.00000000 0.00000000
Neuron 289 3 0.37500000 1 1.00000000 0.00000000 0.00000000 0.00000000
Neuron 294 3 0.75000000 1 1.00000000 0.00000000 0.00000000 0.00000000
Neuron 295 3 0.50000000 1 1.00000000 0.00000000 0.00000000 0.00000000
Neuron 302 3 0.50000000 1 1.00000000 0.00000000 0.00000000 0.00000000
Neuron 303 3 0.50000000 1 1.00000000 0.00000000 0.00000000 0.00000000
Neuron 304 3 0.50000000 1 1.00000000 0.00000000 0.00000000 0.00000000
Neuron 308 3 0.12500000 1 1.00000000 0.00000000 0.00000000 0.00000000
Neuron 311 3 0.75000000 1 1.00000000 0.00000000 0.00000000 0.00000000
Neuron 316 3 0.62500000 1 1.00000000 0.00000000 0.00000000 0.00000000
Neuron 320 3 0.12500000 1 1.00000000 0.00000000 0.00000000 0.00000000
Neuron 321 3 0.75000000 1 1.00000000 0.00000000 0.00000000 0.00000000
Neuron 323 3 0.25000000 1 1.00000000 0.00000000 0.00000000 0.00000000
Neuron 324 3 0.50000000 1 1.00000000 0.00000000 0.00000000 0.00000000
Neuron 326 3 0.75000000 1 1.00000000 0.00000000 0.00000000 0.00000000
Neuron 330 3 0.25000000 1 1.00000000 0.00000000 0.00000000 0.00000000
Neuron 337 3 0.12500000 1 1.00000000 0.00000000 0.00000000 0.00000000
Neuron 339 3 0.25000000 1 1.00000000 0.00000000 0.00000000 0.00000000
Neuron 340 3 0.50000000 1 1.00000000 0.00000000 0.00000000 0.00000000
Neuron 344 3 0.25000000 1 1.00000000 0.00000000 0.00000000 0.00000000
Neuron 350 3 0.50000000 1 1.00000000 0.00000000 0.00000000 0.00000000
Neuron 352 3 0.50000000 1 1.00000000 0.00000000 0.00000000 0.00000000
Neuron 361 3 0.75000000 1 1.00000000 0.00000000 0.00000000 0.00000000
Neuron 363 3 0.62500000 1 1.00000000 0.00000000 0.00000000 0.00000000
Neuron 365 3 0.25000000 1 1.00000000 0.00000000 0.00000000 0.00000000
Neuron 366 3 0.50000000 1 1.00000000 0.00000000 0.00000000 0.00000000
Neuron 377 3 0.75000000 1 1.00000000 0.00000000 0.00000000 0.00000000
Neuron 378 3 0.25000000 1 1.00000000 0.00000000 0.00000000 0.00000000
Neuron 385 3 0.75000000 1 1.00000000 0.00000000 0.00000000 0.00000000
Neuron 390 3 0.50000000 1 1.00000000 0.00000000 0.00000000 0.00000000
Neuron 392 3 0.87500000 1 1.00000000 0.00000000 0.00000000 0.00000000
Neuron 394 3 0.75000000 1 1.00000000 0.00000000 0.00000000 0.00000000
Neuron 397 3 0.87500000 1 1.00000000 0.00000000 0.00000000 0.00000000
Neuron 398 3 0.37500000 1 1.00000000 0.00000000 0.00000000 0.00000000
Neuron 409 3 0.25000000 1 1.00000000 0.00000000 0.00000000 0.00000000
Neuron 412 3 0.75000000 1 1.00000000 0.00000000 0.00000000 0.00000000
Neuron 416 3 0.50000000 1 1.00000000 0.00000000 0.00000000 0.00000000
Neuron 422 3 0.50000000 1 1.00000000 0.00000000 0.00000000 0.00000000
Neuron 424 3 0.50000000 1 1.00000000 0.00000000 0.00000000 0.00000000
Neuron 425 3 0.50000000 1 1.00000000 0.00000000 0.00000000 0.00000000
Neuron 431 3 0.62500000 1 1.00000000 0.00000000 0.00000000 0.00000000
Neuron 433 3 0.81250000 1 1.00000000 0.00000000 0.00000000 0.00000000
Neuron 435 3 0.87500000 1 1.00000000 0.00000000 0.00000000 0.00000000
Neuron 439 3 0.50000000 1 1.00000000 0.00000000 0.00000000 0.00000000
Neuron 440 3 0.12500000 1 1.00000000 0.00000000 0.00000000 0.00000000
Neuron 442 3 0.93750000 1 1.00000000 0.00000000 0.00000000 0.00000000
Neuron 446 3 0.25000000 1 1.00000000 0.00000000 0.00000000 0.00000000
Neuron 448 3 0.56250000 1 1.00000000 0.00000000 0.00000000 0.00000000
Neuron 449 3 0.50000000 1 1.00000000 0.00000000 0.00000000 0.00000000
Neuron 454 3 0.50000000 1 1.00000000 0.00000000 0.00000000 0.00000000
Neuron 455 3 0.50000000 1 1.00000000 0.00000000 0.00000000 0.00000000
Neuron 458 3 0.50000000 1 1.00000000 0.00000000 0.00000000 0.00000000
Neuron 461 3 0.75000000 1 1.00000000 0.00000000 0.00000000 0.00000000
Neuron 467 3 0.37500000 1 1.00000000 0.00000000 0.00000000 0.00000000
Neuron 470 3 0.50000000 1 1.00000000 0.00000000 0.00000000 0.00000000
Neuron 471 3 0.25000000 1 1.00000000 0.00000000 0.00000000 0.00000000
Neuron 473 3 0.50000000 1 1.00000000 0.00000000 0.00000000 0.00000000
Neuron 475 3 0.25000000 1 1.00000000 0.00000000 0.00000000 0.00000000
Neuron 477 3 0.81250000 1 1.00000000 0.00000000 0.00000000 0.00000000
Neuron 478 3 0.56250000 1 1.00000000 0.00000000 0.00000000 0.00000000
Neuron 486 3 0.62500000 1 1.00000000 0.00000000 0.00000000 0.00000000
Neuron 495 3 0.75000000 1 1.00000000 0.00000000 0.00000000 0.00000000
Neuron 499 3 0.37500000 1 1.00000000 0.00000000 0.00000000 0.00000000
Neuron 500 3 0.75000000 1 1.00000000 0.00000000 0.00000000 0.00000000
Neuron 501 3 0.84375000 1 1.00000000 0.00000000 0.00000000 0.00000000
Neuron 502 3 0.50000000 1 1.00000000 0.00000000 0.00000000 0.00000000
Neuron 507 3 0.50000000 1 1.00000000 0.00000000 0.00000000 0.00000000
Neuron 508 3 0.25000000 1 1.00000000 0.00000000 0.00000000 0.00000000
Neuron 509 3 0.50000000 1 1.00000000 0.00000000 0.00000000 0.00000000
Neuron 511 3 0.50000000 1 1.00000000 0.00000000 0.00000000 0.00000000
Neuron 513 3 0.87500000 1 1.00000000 0.00000000 0.00000000 0.00000000
Neuron 515 3 0.50000000 1 1.00000000 0.00000000 0.00000000 0.00000000
Neuron 516 3 0.75000000 1 1.00000000 0.00000000 0.00000000 0.00000000
Neuron 517 3 0.37500000 1 1.00000000 0.00000000 0.00000000 0.00000000
Neuron 519 3 0.75000000 1 1.00000000 0.00000000 0.00000000 0.00000000
Neuron 520 3 0.75000000 1 1.00000000 0.00000000 0.00000000 0.00000000
Neuron 523 3 0.50000000 1 1.00000000 0.00000000 0.00000000 0.00000000
Neuron 524 3 0.12500000 1 1.00000000 0.00000000 0.00000000 0.00000000
Neuron 525 3 0.87500000 1 1.00000000 0.00000000 0.00000000 0.00000000
Neuron 526 3 0.50000000 1 1.00000000 0.00000000 0.00000000 0.00000000
Neuron 530 3 0.50000000 1 1.00000000 0.00000000 0.00000000 0.00000000
Neuron 531 3 0.50000000 1 1.00000000 0.00000000 0.00000000 0.00000000
Neuron 533 3 0.87500000 1 1.00000000 0.00000000 0.00000000 0.00000000
Neuron 534 3 0.25000000 1 1.00000000 0.00000000 0.00000000 0.00000000
Neuron 538 3 0.50000000 1 1.00000000 0.00000000 0.00000000 0.00000000
Neuron 539 3 0.37500000 1 1.00000000 0.00000000 0.00000000 0.00000000
Neuron 541 3 0.75000000 1 1.00000000 0.00000000 0.00000000 0.00000000
Neuron 544 3 0.50000000 1 1.00000000 0.00000000 0.00000000 0.00000000
Neuron 551 3 0.50000000 1 1.00000000 0.00000000 0.00000000 0.00000000
Neuron 558 3 0.75000000 1 1.00000000 0.00000000 0.00000000 0.00000000
Neuron 560 3 0.62500000 1 1.00000000 0.00000000 0.00000000 0.00000000
Neuron 562 3 0.50000000 1 1.00000000 0.00000000 0.00000000 0.00000000
Neuron 573 3 0.50000000 1 1.00000000 0.00000000 0.00000000 0.00000000
Neuron 577 3 0.62500000 1 1.00000000 0.00000000 0.00000000 0.00000000
Neuron 587 3 0.25000000 1 1.00000000 0.00000000 0.00000000 0.00000000
Neuron 588 3 0.31250000 1 1.00000000 0.00000000 0.00000000 0.00000000
Neuron 590 3 0.75000000 1 1.00000000 0.00000000 0.00000000 0.00000000
Neuron 594 3 0.50000000 1 1.00000000 0.00000000 0.00000000 0.00000000
Neuron 597 3 0.50000000 1 1.00000000 0.00000000 0.00000000 0.00000000
Neuron 600 3 0.50000000 1 1.00000000 0.00000000 0.00000000 0.00000000
Neuron 605 3 0.50000000 1 1.00000000 0.00000000 0.00000000 0.00000000
Neuron 608 3 0.62500000 1 1.00000000 0.00000000 0.00000000 0.00000000
Neuron 609 3 0.50000000 1 1.00000000 0.00000000 0.00000000 0.00000000
Neuron 612 3 0.75000000 1 1.00000000 0.00000000 0.00000000 0.00000000
Neuron 613 3 0.37500000 1 1.00000000 0.00000000 0.00000000 0.00000000
Neuron 616 3 0.37500000 1 1.00000000 0.00000000 0.00000000 0.00000000
Neuron 619 3 0.50000000 1 1.00000000 0.00000000 0.00000000 0.00000000
Neuron 620 3 0.25000000 1 1.00000000 0.00000000 0.00000000 0.00000000
Neuron 621 3 0.81250000 1 1.00000000 0.00000000 0.00000000 0.00000000
Neuron 622 3 0.37500000 1 1.00000000 0.00000000 0.00000000 0.00000000
Neuron 630 3 0.50000000 1 1.00000000 0.00000000 0.00000000 0.00000000
Neuron 631 3 0.68750000 1 1.00000000 0.00000000 0.00000000 0.00000000
Neuron 632 3 0.62500000 1 1.00000000 0.00000000 0.00000000 0.00000000
Neuron 638 3 0.62500000 1 1.00000000 0.00000000 0.00000000 0.00000000
Neuron 639 3 0.37500000 1 1.00000000 0.00000000 0.00000000 0.00000000
Neuron 641 3 0.50000000 1 1.00000000 0.00000000 0.00000000 0.00000000
Neuron 642 3 0.62500000 1 1.00000000 0.00000000 0.00000000 0.00000000
Neuron 644 3 0.25000000 1 1.00000000 0.00000000 0.00000000 0.00000000
Neuron 649 3 0.25000000 1 1.00000000 0.00000000 0.00000000 0.00000000
Neuron 650 3 0.75000000 1 1.00000000 0.00000000 0.00000000 0.00000000
Neuron 654 3 0.37500000 1 1.00000000 0.00000000 0.00000000 0.00000000
Neuron 656 3 0.12500000 1 1.00000000 0.00000000 0.00000000 0.00000000
Neuron 664 3 0.50000000 1 1.00000000 0.00000000 0.00000000 0.00000000
Neuron 665 3 0.62500000 1 1.00000000 0.00000000 0.00000000 0.00000000
Neuron 666 3 0.25000000 1 1.00000000 0.00000000 0.00000000 0.00000000
Neuron 670 3 0.50000000 1 1.00000000 0.00000000 0.00000000 0.00000000
Neuron 674 3 0.37500000 1 1.00000000 0.00000000 0.00000000 0.00000000
Neuron 676 3 0.62500000 1 1.00000000 0.00000000 0.00000000 0.00000000
Neuron 680 3 0.37500000 1 1.00000000 0.00000000 0.00000000 0.00000000
Neuron 683 3 0.37500000 1 1.00000000 0.00000000 0.00000000 0.00000000
Neuron 686 3 0.37500000 1 1.00000000 0.00000000 0.00000000 0.00000000
Neuron 689 3 0.93750000 1 1.00000000 0.00000000 0.00000000 0.00000000
Neuron 690 3 0.37500000 1 1.00000000 0.00000000 0.00000000 0.00000000
Neuron 695 3 0.84375000 1 1.00000000 0.00000000 0.00000000 0.00000000
Neuron 696 3 0.87500000 1 1.00000000 0.00000000 0.00000000 0.00000000
Neuron 699 3 0.25000000 1 1.00000000 0.00000000 0.00000000 0.00000000
Neuron 700 3 0.50000000 1 1.00000000 0.00000000 0.00000000 0.00000000
Neuron 704 3 0.53125000 1 1.00000000 0.00000000 0.00000000 0.00000000
Neuron 706 3 0.87500000 1 1.00000000 0.00000000 0.00000000 0.00000000
Neuron 707 3 0.62500000 1 1.00000000 0.00000000 0.00000000 0.00000000
Neuron 710 3 0.53125000 1 1.00000000 0.00000000 0.00000000 0.00000000
Neuron 712 3 0.06250000 1 1.00000000 0.00000000 0.00000000 0.00000000
Neuron 715 3 0.50000000 1 1.00000000 0.00000000 0.00000000 0.00000000
Neuron 716 3 0.25000000 1 1.00000000 0.00000000 0.00000000 0.00000000
Neuron 720 3 0.37500000 1 1.00000000 0.00000000 0.00000000 0.00000000
Neuron 727 3 0.25000000 1 1.00000000 0.00000000 0.00000000 0.00000000
Neuron 728 3 0.68750000 1 1.00000000 0.00000000 0.00000000 0.00000000
Neuron 734 3 0.37500000 1 1.00000000 0.00000000 0.00000000 0.00000000
Neuron 735 3 0.06250000 1 1.00000000 0.00000000 0.00000000 0.00000000
Neuron 744 3 0.50000000 1 1.00000000 0.00000000 0.00000000 0.00000000
Neuron 745 3 0.87500000 1 1.00000000 0.00000000 0.00000000 0.00000000
Neuron 752 3 0.50000000 1 1.00000000 0.00000000 0.00000000 0.00000000
Neuron 757 3 0.50000000 1 1.00000000 0.00000000 0.00000000 0.00000000
Neuron 758 3 0.87500000 1 1.00000000 0.00000000 0.00000000 0.00000000
Neuron 765 3 0.75000000 1 1.00000000 0.00000000 0.00000000 0.00000000
Neuron 769 3 0.50000000 1 1.00000000 0.00000000 0.00000000 0.00000000
Neuron 771 3 0.56250000 1 1.00000000 0.00000000 0.00000000 0.00000000
Neuron 776 3 0.25000000 1 1.00000000 0.00000000 0.00000000 0.00000000
Neuron 782 3 0.75000000 1 1.00000000 0.00000000 0.00000000 0.00000000
Neuron 783 3 0.75000000 1 1.00000000 0.00000000 0.00000000 0.00000000
Neuron 785 3 0.25000000 1 1.00000000 0.00000000 0.00000000 0.00000000
Neuron 787 3 0.75000000 1 1.00000000 0.00000000 0.00000000 0.00000000
Neuron 790 3 0.62500000 1 1.00000000 0.00000000 0.00000000 0.00000000
Neuron 794 3 0.37500000 1 1.00000000 0.00000000 0.00000000 0.00000000
Neuron 800 3 0.87500000 1 1.00000000 0.00000000 0.00000000 0.00000000
Neuron 803 3 0.50000000 1 1.00000000 0.00000000 0.00000000 0.00000000
Neuron 804 3 0.37500000 1 1.00000000 0.00000000 0.00000000 0.00000000
Neuron 810 3 0.37500000 1 1.00000000 0.00000000 0.00000000 0.00000000
Neuron 812 3 0.84375000 1 1.00000000 0.00000000 0.00000000 0.00000000
Neuron 817 3 0.31250000 1 1.00000000 0.00000000 0.00000000 0.00000000
Neuron 820 3 0.87500000 1 1.00000000 0.00000000 0.00000000 0.00000000
Neuron 830 3 0.62500000 1 1.00000000 0.00000000 0.00000000 0.00000000
Neuron 834 3 0.37500000 1 1.00000000 0.00000000 0.00000000 0.00000000
Neuron 836 3 0.50000000 1 1.00000000 0.00000000 0.00000000 0.00000000
Neuron 837 3 0.50000000 1 1.00000000 0.00000000 0.00000000 0.00000000
Neuron 838 3 0.75000000 1 1.00000000 0.00000000 0.00000000 0.00000000
Neuron 840 3 0.75000000 1 1.00000000 0.00000000 0.00000000 0.00000000
Neuron 843 3 0.59375000 1 1.00000000 0.00000000 0.00000000 0.00000000
Neuron 846 3 0.31250000 1 1.00000000 0.00000000 0.00000000 0.00000000
Neuron 852 3 0.37500000 1 1.00000000 0.00000000 0.00000000 0.00000000
Neuron 853 3 0.62500000 1 1.00000000 0.00000000 0.00000000 0.00000000
Neuron 859 3 0.68750000 1 1.00000000 0.00000000 0.00000000 0.00000000
Neuron 860 3 0.43750000 1 1.00000000 0.00000000 0.00000000 0.00000000
Neuron 867 3 0.50000000 1 1.00000000 0.00000000 0.00000000 0.00000000
Neuron 869 3 0.25000000 1 1.00000000 0.00000000 0.00000000 0.00000000
Neuron 878 3 0.87500000 1 1.00000000 0.00000000 0.00000000 0.00000000
Neuron 898 3 0.50000000 1 1.00000000 0.00000000 0.00000000 0.00000000
Neuron 902 3 0.87500000 1 1.00000000 0.00000000 0.00000000 0.00000000
Neuron 906 3 0.50000000 1 1.00000000 0.00000000 0.00000000 0.00000000
Neuron 917 3 0.75000000 1 1.00000000 0.00000000 0.00000000 0.00000000
Neuron 923 3 0.90625000 1 1.00000000 0.00000000 0.00000000 0.00000000
Neuron 926 3 0.37500000 1 1.00000000 0.00000000 0.00000000 0.00000000
Neuron 933 3 0.12500000 1 1.00000000 0.00000000 0.00000000 0.00000000
Neuron 945 3 0.75000000 1 1.00000000 0.00000000 0.00000000 0.00000000
Neuron 948 3 0.12500000 1 1.00000000 0.00000000 0.00000000 0.00000000
Neuron 953 3 0.50000000 1 1.00000000 0.00000000 0.00000000 0.00000000
Neuron 957 3 0.37500000 1 1.00000000 0.00000000 0.00000000 0.00000000
Neuron 962 3 0.25000000 1 1.00000000 0.00000000 0.00000000 0.00000000
Neuron 963 3 0.68750000 1 1.00000000 0.00000000 0.00000000 0.00000000
Neuron 967 3 0.93750000 1 1.00000000 0.00000000 0.00000000 0.00000000
Neuron 969 3 0.75000000 1 1.00000000 0.00000000 0.00000000 0.00000000
Neuron 979 3 0.93750000 1 1.00000000 0.00000000 0.00000000 0.00000000
Neuron 982 3 0.37500000 1 1.00000000 0.00000000 0.00000000 0.00000000
Neuron 984 3 0.50000000 1 1.00000000 0.00000000 0.00000000 0.00000000
Neuron 995 3 0.50000000 1 1.00000000 0.00000000 0.00000000 0.00000000
Neuron 1000 3 0.25000000 1 1.00000000 0.00000000 0.00000000 0.00000000
Neuron 1003 3 0.37500000 1 1.00000000 0.00000000 0.00000000 0.00000000
Neuron 1005 3 0.81250000 1 1.00000000 0.00000000 0.00000000 0.00000000
Neuron 1011 3 0.12500000 1 1.00000000 0.00000000 0.00000000 0.00000000
Neuron 1012 3 0.50000000 1 1.00000000 0.00000000 0.00000000 0.00000000
Neuron 1015 3 0.43750000 1 1.00000000 0.00000000 0.00000000 0.00000000
Neuron 1020 3 0.50000000 1 1.00000000 0.00000000 0.00000000 0.00000000
Neuron 1021 3 0.50000000 1 1.00000000 0.00000000 0.00000000 0.00000000
Neuron 1046 3 0.50000000 1 1.00000000 0.00000000 0.00000000 0.00000000
Neuron 1048 3 0.25000000 1 1.00000000 0.00000000 0.00000000 0.00000000
Neuron 1052 3 0.50000000 1 1.00000000 0.00000000 0.00000000 0.00000000
Neuron 1056 3 0.18750000 1 1.00000000 0.00000000 0.00000000 0.00000000
Neuron 1057 3 0.37500000 1 1.00000000 0.00000000 0.00000000 0.00000000
Neuron 1058 3 0.50000000 1 1.00000000 0.00000000 0.00000000 0.00000000
Neuron 1060 3 0.50000000 1 1.00000000 0.00000000 0.00000000 0.00000000
Neuron 1061 3 0.62500000 1 1.00000000 0.00000000 0.00000000 0.00000000
Neuron 1069 3 0.75000000 1 1.00000000 0.00000000 0.00000000 0.00000000
Neuron 1074 3 0.81250000 1 1.00000000 0.00000000 0.00000000 0.00000000
Neuron 1089 3 0.18750000 1 1.00000000 0.00000000 0.00000000 0.00000000
Neuron 1091 3 0.93750000 1 1.00000000 0.00000000 0.00000000 0.00000000
Neuron 1092 3 0.62500000 1 1.00000000 0.00000000 0.00000000 0.00000000
Neuron 1093 3 0.75000000 1 1.00000000 0.00000000 0.00000000 0.00000000
Neuron 1095 3 0.50000000 1 1.00000000 0.00000000 0.00000000 0.00000000
Neuron 1116 3 0.62500000 1 1.00000000 0.00000000 0.00000000 0.00000000
Neuron 1126 3 0.62500000 1 1.00000000 0.00000000 0.00000000 0.00000000
Neuron 1127 3 0.40625000 1 1.00000000 0.00000000 0.00000000 0.00000000
Neuron 1128 3 0.62500000 1 1.00000000 0.00000000 0.00000000 0.00000000
Neuron 1132 3 0.25000000 1 1.00000000 0.00000000 0.00000000 0.00000000
Neuron 1133 3 0.50000000 1 1.00000000 0.00000000 0.00000000 0.00000000
Neuron 1141 3 0.25000000 1 1.00000000 0.00000000 0.00000000 0.00000000
Neuron 1143 3 0.50000000 1 1.00000000 0.00000000 0.00000000 0.00000000
Neuron 1144 3 0.81250000 1 1.00000000 0.00000000 0.00000000 0.00000000
Neuron 1160 3 0.87500000 1 1.00000000 0.00000000 0.00000000 0.00000000
Neuron 1161 3 0.87500000 1 1.00000000 0.00000000 0.00000000 0.00000000
Neuron 1168 3 0.87500000 1 1.00000000 0.00000000 0.00000000 0.00000000
Neuron 1170 3 0.65625000 1 1.00000000 0.00000000 0.00000000 0.00000000
Neuron 1173 3 0.50000000 1 1.00000000 0.00000000 0.00000000 0.00000000
Neuron 1181 3 0.25000000 1 1.00000000 0.00000000 0.00000000 0.00000000
Neuron 1182 3 0.50000000 1 1.00000000 0.00000000 0.00000000 0.00000000
Neuron 1202 3 0.25000000 1 1.00000000 0.00000000 0.00000000 0.00000000
Neuron 1206 3 0.25000000 1 1.00000000 0.00000000 0.00000000 0.00000000
Neuron 1208 3 0.50000000 1 1.00000000 0.00000000 0.00000000 0.00000000
Neuron 1211 3 0.50000000 1 1.00000000 0.00000000 0.00000000 0.00000000
Neuron 1218 3 0.62500000 1 1.00000000 0.00000000 0.00000000 0.00000000
Neuron 1220 3 0.50000000 1 1.00000000 0.00000000 0.00000000 0.00000000
Neuron 1247 3 0.50000000 1 1.00000000 0.00000000 0.00000000 0.00000000
Neuron 1249 3 0.06250000 1 1.00000000 0.00000000 0.00000000 0.00000000
Neuron 1251 3 0.75000000 1 1.00000000 0.00000000 0.00000000 0.00000000
Neuron 1252 3 0.31250000 1 1.00000000 0.00000000 0.00000000 0.00000000
Neuron 1261 3 0.53125000 1 1.00000000 0.00000000 0.00000000 0.00000000
Neuron 1289 3 0.87500000 1 1.00000000 0.00000000 0.00000000 0.00000000
Neuron 1313 3 0.37500000 1 1.00000000 0.00000000 0.00000000 0.00000000
Neuron 1318 3 0.12500000 1 1.00000000 0.00000000 0.00000000 0.00000000
Neuron 1320 3 0.25000000 1 1.00000000 0.00000000 0.00000000 0.00000000
Neuron 1328 3 0.50000000 1 1.00000000 0.00000000 0.00000000 0.00000000
Neuron 1332 3 0.06250000 1 1.00000000 0.00000000 0.00000000 0.00000000
Neuron 1336 3 0.50000000 1 1.00000000 0.00000000 0.00000000 0.00000000
Neuron 1337 3 0.31250000 1 1.00000000 0.00000000 0.00000000 0.00000000
Neuron 1340 3 0.25000000 1 1.00000000 0.00000000 0.00000000 0.00000000
Neuron 1341 3 0.50000000 1 1.00000000 0.00000000 0.00000000 0.00000000
Neuron 1345 3 0.50000000 1 1.00000000 0.00000000 0.00000000 0.00000000
Neuron 1346 3 0.81250000 1 1.00000000 0.00000000 0.00000000 0.00000000
Neuron 1347 3 0.50000000 1 1.00000000 0.00000000 0.00000000 0.00000000
Neuron 1349 3 0.31250000 1 1.00000000 0.00000000 0.00000000 0.00000000
Neuron 1351 3 0.62500000 1 1.00000000 0.00000000 0.00000000 0.00000000
Neuron 1357 3 0.50000000 1 1.00000000 0.00000000 0.00000000 0.00000000
Neuron 1366 3 0.56250000 1 1.00000000 0.00000000 0.00000000 0.00000000
Neuron 1370 3 0.50000000 1 1.00000000 0.00000000 0.00000000 0.00000000
Neuron 1373 3 0.96875000 1 1.00000000 0.00000000 0.00000000 0.00000000
Neuron 1385 3 0.50000000 1 1.00000000 0.00000000 0.00000000 0.00000000
Neuron 1388 3 0.50000000 1 1.00000000 0.00000000 0.00000000 0.00000000
Neuron 1395 3 0.37500000 1 1.00000000 0.00000000 0.00000000 0.00000000
Neuron 1399 3 0.50000000 1 1.00000000 0.00000000 0.00000000 0.00000000
Neuron 1402 3 0.50000000 1 1.00000000 0.00000000 0.00000000 0.00000000
Neuron 1405 3 0.62500000 1 1.00000000 0.00000000 0.00000000 0.00000000
Neuron 1411 3 0.50000000 1 1.00000000 0.00000000 0.00000000 0.00000000
Neuron 1415 3 0.50000000 1 1.00000000 0.00000000 0.00000000 0.00000000
Neuron 1422 3 0.18750000 1 1.00000000 0.00000000 0.00000000 0.00000000
Neuron 1426 3 0.50000000 1 1.00000000 0.00000000 0.00000000 0.00000000
Neuron 1430 3 0.37500000 1 1.00000000 0.00000000 0.00000000 0.00000000
Neuron 1435 3 0.50000000 1 1.00000000 0.00000000 0.00000000 0.00000000
Neuron 1436 3 0.84375000 1 1.00000000 0.00000000 0.00000000 0.00000000
Neuron 1442 3 0.50000000 1 1.00000000 0.00000000 0.00000000 0.00000000
Neuron 1444 3 0.50000000 1 1.00000000 0.00000000 0.00000000 0.00000000
Neuron 1448 3 0.25000000 1 1.00000000 0.00000000 0.00000000 0.00000000
Neuron 1451 3 0.68750000 1 1.00000000 0.00000000 0.00000000 0.00000000
Neuron 1453 3 0.43750000 1 1.00000000 0.00000000 0.00000000 0.00000000
Neuron 1457 3 0.68750000 1 1.00000000 0.00000000 0.00000000 0.00000000
Neuron 1465 3 0.25000000 1 1.00000000 0.00000000 0.00000000 0.00000000
Neuron 1469 3 0.50000000 1 1.00000000 0.00000000 0.00000000 0.00000000
Neuron 1477 3 0.56250000 1 1.00000000 0.00000000 0.00000000 0.00000000
Neuron 1481 3 0.87500000 1 1.00000000 0.00000000 0.00000000 0.00000000
Neuron 1483 3 0.37500000 1 1.00000000 0.00000000 0.00000000 0.00000000
Neuron 1497 3 0.75000000 1 1.00000000 0.00000000 0.00000000 0.00000000
Neuron 1502 3 0.90625000 1 1.00000000 0.00000000 0.00000000 0.00000000
Neuron 1508 3 0.50000000 1 1.00000000 0.00000000 0.00000000 0.00000000
Neuron 1513 3 0.78125000 1 1.00000000 0.00000000 0.00000000 0.00000000
Neuron 1529 3 0.03125000 1 1.00000000 0.00000000 0.00000000 0.00000000
Neuron 1538 3 0.93750000 1 1.00000000 0.00000000 0.00000000 0.00000000
Neuron 1540 3 0.50000000 1 1.00000000 0.00000000 0.00000000 0.00000000
Neuron 1552 3 0.50000000 1 1.00000000 0.00000000 0.00000000 0.00000000
Neuron 1563 3 0.25000000 1 1.00000000 0.00000000 0.00000000 0.00000000
Neuron 1568 3 0.50000000 1 1.00000000 0.00000000 0.00000000 0.00000000
Neuron 1587 3 0.50000000 1 1.00000000 0.00000000 0.00000000 0.00000000
Neuron 1588 3 0.50000000 1 1.00000000 0.00000000 0.00000000 0.00000000
Neuron 1606 3 0.56250000 1 1.00000000 0.00000000 0.00000000 0.00000000
Neuron 1610 3 0.50000000 1 1.00000000 0.00000000 0.00000000 0.00000000
Neuron 1615 3 0.62500000 1 1.00000000 0.00000000 0.00000000 0.00000000
Neuron 1617 3 0.25000000 1 1.00000000 0.00000000 0.00000000 0.00000000
Neuron 1624 3 0.37500000 1 1.00000000 0.00000000 0.00000000 0.00000000
Neuron 1625 3 0.50000000 1 1.00000000 0.00000000 0.00000000 0.00000000
Neuron 1632 3 0.25000000 1 1.00000000 0.00000000 0.00000000 0.00000000
Neuron 1638 3 0.50000000 1 1.00000000 0.00000000 0.00000000 0.00000000
Neuron 1639 3 0.31250000 1 1.00000000 0.00000000 0.00000000 0.00000000
Neuron 1643 3 0.31250000 1 1.00000000 0.00000000 0.00000000 0.00000000
Neuron 1657 3 0.81250000 1 1.00000000 0.00000000 0.00000000 0.00000000
Neuron 1682 3 0.75000000 1 1.00000000 0.00000000 0.00000000 0.00000000
Neuron 1694 3 0.31250000 1 1.00000000 0.00000000 0.00000000 0.00000000
Neuron 1698 3 0.18750000 1 1.00000000 0.00000000 0.00000000 0.00000000
Neuron 1716 3 0.75000000 1 1.00000000 0.00000000 0.00000000 0.00000000
Neuron 1717 3 0.50000000 1 1.00000000 0.00000000 0.00000000 0.00000000
Neuron 1723 3 0.81250000 1 1.00000000 0.00000000 0.00000000 0.00000000
Neuron 1729 3 0.37500000 1 1.00000000 0.00000000 0.00000000 0.00000000
Neuron 1732 3 0.43750000 1 1.00000000 0.00000000 0.00000000 0.00000000
Neuron 1737 3 0.75000000 1 1.00000000 0.00000000 0.00000000 0.00000000
Neuron 1760 3 0.50000000 1 1.00000000 0.00000000 0.00000000 0.00000000
Neuron 1763 3 0.68750000 1 1.00000000 0.00000000 0.00000000 0.00000000
Neuron 1774 3 0.62500000 1 1.00000000 0.00000000 0.00000000 0.00000000
Neuron 1792 3 0.09375000 1 1.00000000 0.00000000 0.00000000 0.00000000
Neuron 1799 3 0.50000000 1 1.00000000 0.00000000 0.00000000 0.00000000
Neuron 1801 3 0.62500000 1 1.00000000 0.00000000 0.00000000 0.00000000
Neuron 1814 3 0.89062500 1 1.00000000 0.00000000 0.00000000 0.00000000
Neuron 1820 3 0.56250000 1 1.00000000 0.00000000 0.00000000 0.00000000
Neuron 1824 3 0.37500000 1 1.00000000 0.00000000 0.00000000 0.00000000
Neuron 1835 3 0.37500000 1 1.00000000 0.00000000 0.00000000 0.00000000
Neuron 1839 3 0.50000000 1 1.00000000 0.00000000 0.00000000 0.00000000
Neuron 1841 3 0.37500000 1 1.00000000 0.00000000 0.00000000 0.00000000
Neuron 1849 3 0.50000000 1 1.00000000 0.00000000 0.00000000 0.00000000
Neuron 1850 3 0.50000000 1 1.00000000 0.00000000 0.00000000 0.00000000
Neuron 1851 3 0.50000000 1 1.00000000 0.00000000 0.00000000 0.00000000
Neuron 1883 3 0.62500000 1 1.00000000 0.00000000 0.00000000 0.00000000
Neuron 1901 3 0.75000000 1 1.00000000 0.00000000 0.00000000 0.00000000
Neuron 1910 3 0.50000000 1 1.00000000 0.00000000 0.00000000 0.00000000
Neuron 1972 3 0.93750000 1 1.00000000 0.00000000 0.00000000 0.00000000
Neuron 1987 3 0.12500000 1 1.00000000 0.00000000 0.00000000 0.00000000
Neuron 1999 3 0.51562500 1 1.00000000 0.00000000 0.00000000 0.00000000
Neuron 2014 3 0.50000000 1 1.00000000 0.00000000 0.00000000 0.00000000
Neuron 2085 3 0.84375000 1 1.00000000 0.00000000 0.00000000 0.00000000
Neuron 2120 3 0.65625000 1 1.00000000 0.00000000 0.00000000 0.00000000
Link 1 10 1 0 -3.43819628
Link 2 10 2 0 -2.96688850
Link 3 10 3 0 0.34877878
Link 4 10 4 0 1.29087311
Link 5 10 5 0 2.30861109
Link 6 10 6 0 -1.11669933
Link 7 10 7 0 0.70787933
Link 9 10 9 0 1.13036908
Link 1 11 10 0 -3.31697830
Link 2 11 11 0 1.94953369
Link 3 11 12 0 0.09839125
Link 4 11 13 0 0.78623300
Link 5 11 14 0 1.27309357
Link 6 11 15 0 0.48752025
Link 7 11 16 0 -0.21422084
Link 8 11 17 0 -1.08167341
Link 9 11 18 0 1.73931813
Link 1 12 19 0 -1.83003839
Link 2 12 20 0 2.15466216
Link 3 12 21 0 -0.59338438
Link 4 12 22 0 -1.79167085
Link 5 12 23 0 -1.16267130
Link 6 12 24 0 0.07927299
Link 7 12 25 0 0.97495928
Link 8 12 26 0 -1.32650327
Link 9 12 27 0 -1.76502079
Link 1 13 28 0 2.64135323
Link 2 13 29 0 -0.81468212
Link 3 13 30 0 -1.85205532
Link 4 13 31 0 0.41355005
Link 5 13 32 0 -0.93621398
Link 6 13 33 0 -0.95344092
Link 7 13 34 0 1.48433041
Link 9 13 36 0 -1.43634661
Link 1 14 37 0 0.04059233
Link 2 14 38 0 0.85911389
Link 3 14 39 0 -3.95073297
Link 4 14 40 0 1.31615859
Link 5 14 41 0 2.75590181
Link 6 14 42 0 1.85550984
Link 7 14 43 0 -0.71414928
Link 8 14 44 0 2.64578018
Link 9 14 45 0 -2.10008351
Link 1 15 46 0 -2.38952612
Link 2 15 47 0 0.46679509
Link 3 15 48 0 -0.66819262
Link 4 15 49 0 1.70663938
Link 5 15 50 0 1.09008419
Link 6 15 51 0 0.06042721
Link 7 15 52 0 -0.75142738
Link 8 15 53 0 -1.78358161
Link 9 15 54 0 -0.25810061
Link 1 16 55 0 -2.63568317
Link 2 16 56 0 0.30002221
Link 3 16 57 0 -0.82298309
Link 4 16 58 0 -0.67366084
Link 5 16 59 0 0.64800872
Link 6 16 60 0 0.08621797
Link 7 16 61 0 -3.04819211
Link 8 16 62 0 0.57196388
Link 9 16 63 0 2.38681225
Link 7 17 65 0 -2.76906648
Link 17 15 66 0 0.73930224
Link 4 18 68 0 -1.33993663
Link 18 12 69 0 -0.55228316
Link 4 19 71 0 -1.87185424
Link 3 20 74 0 -3.68396275
Link 20 14 75 0 -0.65123152
Link 8 21 77 0 0.00502787
Link 21 12 78 0 -1.51008117
Link 22 10 81 0 4.38303723
Link 6 23 83 0 -1.18253465
Link 23 16 84 0 -0.21357369
Link 2 24 86 0 -0.03287607
Link 24 14 87 0 2.81486003
Link 7 25 89 0 1.14664905
Link 25 14 90 0 0.77558816
Link 7 26 92 0 -0.51329761
Link 26 13 93 0 1.40263527
Link 1 27 95 0 -0.03824745
Link 27 12 96 0 1.42748919
Link 3 28 98 0 -0.88354494
Link 8 29 101 0 -1.42080498
Link 29 13 102 0 -0.24547714
Link 8 30 104 0 -0.08282148
Link 30 10 105 0 -1.64536809
Link 2 31 107 0 0.01664485
Link 31 12 108 0 -1.14385855
Link 3 32 110 0 1.57084229
Link 32 15 111 0 1.35522964
Link 8 33 113 0 0.56991305
Link 33 14 114 0 2.34256178
Link 14 14 115 1 -3.52735979
Link 6 34 117 0 -2.43013121
Link 34 14 118 0 -0.59394932
Link 1 35 120 0 1.60671514
Link 35 11 121 0 -1.08857022
Link 2 36 123 0 3.61197388
Link 36 13 124 0 1.06163586
Link 3 37 126 0 -4.16602073
Link 37 11 127 0 -1.64388048
Link 2 38 129 0 1.49491327
Link 38 16 130 0 0.96352079
Link 39 12 133 0 1.43782471
Link 4 41 138 0 -1.49097737
Link 41 15 139 0 -5.36216677
Link 8 42 141 0 -0.71719848
Link 42 16 142 0 1.73711513
Link 3 43 144 0 -1.76529451
Link 43 16 145 0 1.38326811
Link 6 44 147 0 0.44047610
Link 44 12 148 0 0.61200367
Link 7 45 150 0 -1.54760935
Link 45 16 151 0 -3.65520340
Link 1 46 153 0 -0.94060058
Link 46 14 154 0 -0.24535188
Link 5 47 156 0 -2.60507181
Link 47 15 157 0 2.08822069
Link 2 48 159 0 2.07342250
Link 48 11 160 0 1.01856740
Link 50 11 167 0 -1.43076548
Link 13 13 170 1 -1.30576665
Link 4 51 174 0 -0.53250075
Link 51 16 175 0 -4.15064295
Link 5 52 177 0 0.83062863
Link 52 14 178 0 -0.38974211
Link 2 53 181 0 0.34670623
Link 55 11 190 0 2.65418853
Link 9 44 191 0 -0.41711562
Link 7 46 193 0 -0.94438282
Link 5 56 196 0 2.38308277
Link 56 13 197 0 -1.40701701
Link 57 15 201 0 -3.88042142
Link 58 11 206 0 1.54456749
Link 4 60 213 0 -2.52447315
Link 5 61 219 0 0.57629023
Link 61 11 220 0 1.60030948
Link 7 62 222 0 -2.72416160
Link 62 10 223 0 3.90465624
Link 29 16 230 0 1.76784788
Link 63 10 237 0 0.18794928
Link 8 64 240 0 0.65252096
Link 64 21 241 0 1.66619429
Link 1 65 250 0 -1.55791140
Link 65 16 251 0 0.94137064
Link 2 17 258 0 1.66567950
Link 59 66 260 0 0.68171929
Link 66 10 261 0 -0.66008216
Link 10 57 263 1 1.46313743
Link 3 68 279 0 0.81260213
Link 68 10 280 0 0.49394847
Link 47 47 293 1 -2.60735754
Link 8 69 297 0 -2.82466811
Link 69 29 298 0 -2.88666535
Link 8 55 305 0 2.62534368
Link 4 70 307 0 0.67375456
Link 46 71 310 0 1.98003089
Link 71 14 311 0 -2.68360788
Link 12 43 314 1 0.53556804
Link 3 56 315 0 -1.38301778
Link 7 78 367 0 -4.63580370
Link 78 11 368 0 -0.77050445
Link 17 13 371 0 0.89038264
Link 5 65 374 0 0.04580997
Link 27 11 387 0 -4.78547103
Link 5 83 415 0 -0.81397330
Link 83 56 416 0 -1.53141482
Link 19 85 424 0 0.40717166
Link 4 86 427 0 -2.36153052
Link 86 41 428 0 0.53422870
Link 2 87 438 0 -2.56920351
Link 87 15 439 0 2.89424911
Link 6 88 442 0 -0.71464175
Link 88 15 443 0 -2.72819380
Link 4 89 450 0 -0.72943399
Link 89 19 451 0 0.58972217
Link 4 90 453 0 -0.07006294
Link 90 51 454 0 -2.67353790
Link 41 94 481 0 -3.33179190
Link 94 15 482 0 -1.96713466
Link 3 95 490 0 2.46796131
Link 95 43 491 0 -1.96686705
Link 13 21 492 1 0.30051889
Link 7 97 507 0 -3.00325952
Link 97 12 508 0 0.43997478
Link 7 99 514 0 1.43406942
Link 99 26 515 0 -1.44626429
Link 12 41 530 1 -2.74433650
Link 17 11 532 0 -1.01951719
Link 62 62 534 1 0.89047439
Link 1 101 542 0 -4.00521781
Link 101 18 543 0 0.99822170
Link 50 10 554 0 3.28090895
Link 35 107 595 0 -1.67792376
Link 107 11 596 0 0.39431654
Link 4 33 603 0 -2.07786506
Link 31 108 609 0 -0.25882132
Link 108 12 610 0 -2.30499890
Link 62 50 623 0 0.24144773
Link 85 112 639 0 1.58620219
Link 112 14 640 0 -0.51363341
Link 25 25 653 1 2.18124576
Link 3 19 655 0 2.66405050
Link 8 116 671 0 1.93939646
Link 116 33 672 0 -2.88682828
Link 2 41 688 0 -1.38285853
Link 88 124 711 0 -0.36582669
Link 124 15 712 0 3.13528595
Link 29 29 719 1 0.41556580
Link 22 126 730 0 -1.57772462
Link 126 10 731 0 -1.11550630
Link 18 13 739 0 -3.44275315
Link 62 128 750 0 3.00516921
Link 128 10 751 0 -0.41183537
Link 8 22 765 0 0.83231641
Link 5 132 787 0 2.10892869
Link 132 39 788 0 2.27046927
Link 7 47 806 0 -3.93147777
Link 2 138 820 0 -0.71426806
Link 30 139 824 0 1.20704449
Link 139 10 825 0 -0.17986425
Link 6 140 836 0 -2.22297899
Link 140 88 837 0 0.36799531
Link 24 143 853 0 0.26779402
Link 143 14 854 0 1.40920427
Link 60 11 894 0 1.97739260
Link 57 39 910 0 3.05239928
Link 4 63 930 0 -1.03719017
Link 34 60 940 0 -0.97547262
Link 14 85 948 1 -3.01641173
Link 8 156 956 0 1.47873158
Link 156 57 957 0 1.68631043
Link 5 164 1005 0 -1.09292979
Link 164 52 1006 0 -1.98058965
Link 165 85 1011 0 -0.00338763
Link 1 167 1024 0 0.00343617
Link 167 35 1025 0 -1.38073338
Link 5 44 1029 0 2.31840979
Link 2 169 1046 0 -0.54958911
Link 169 36 1047 0 -0.88658154
Link 2 171 1054 0 -1.48115900
Link 171 24 1055 0 2.16550763
Link 28 174 1070 0 1.08061655
Link 174 13 1071 0 -1.05827462
Link 60 177 1092 0 -0.89980084
Link 177 10 1093 0 -0.09696855
Link 7 181 1112 0 -0.60213746
Link 181 25 1113 0 2.12834764
Link 6 182 1115 0 2.83236595
Link 182 22 1116 0 -2.09498550
Link 52 88 1124 0 -0.11296859
Link 22 22 1134 1 1.58932524
Link 5 185 1153 0 1.12247571
Link 185 59 1154 0 2.17862990
Link 62 186 1156 0 0.17729736
Link 186 50 1157 0 1.14548203
Link 11 30 1223 1 -0.06286845
Link 17 194 1226 0 0.47945603
Link 194 18 1227 0 -1.98416524
Link 17 196 1237 0 0.27814165
Link 196 13 1238 0 -1.04764257
Link 1 197 1242 0 -3.71109908
Link 197 63 1243 0 3.01423456
Link 4 200 1261 0 -0.64097116
Link 200 60 1262 0 -1.48172882
Link 3 201 1264 0 1.00603604
Link 6 204 1276 0 3.06373923
Link 204 41 1277 0 1.01643553
Link 29 88 1284 0 0.10575089
Link 43 43 1294 1 -0.45475665
Link 19 200 1314 1 -2.97437934
Link 4 56 1327 0 -0.15096937
Link 44 26 1348 0 1.11846240
Link 41 213 1353 0 -0.86306016
Link 213 94 1354 0 -0.14934207
Link 8 215 1363 0 3.52964655
Link 215 13 1364 0 1.97574723
Link 200 15 1406 0 1.47921574
Link 16 68 1426 1 1.84523343
Link 7 229 1437 0 0.05198707
Link 229 45 1438 0 -1.23910009
Link 197 230 1443 0 1.07716358
Link 230 63 1444 0 -2.16186760
Link 124 234 1468 0 1.19424600
Link 4 236 1481 0 -0.82492536
Link 236 70 1482 0 1.21597208
Link 20 33 1496 0 -2.97986022
Link 8 239 1498 0 -0.92975318
Link 239 215 1499 0 -0.89574290
Link 68 242 1511 0 1.20404537
Link 52 243 1514 0 -1.27216723
Link 243 14 1515 0 1.82094850
Link 3 245 1525 0 2.63468958
Link 245 20 1526 0 -2.41093286
Link 53 246 1533 0 -0.82494910
Link 246 10 1534 0 -0.51301686
Link 9 26 1567 0 0.87190299
Link 9 200 1609 0 1.38295227
Link 25 261 1629 0 1.83419068
Link 261 14 1630 0 -0.83813958
Link 5 265 1668 0 -1.74905747
Link 265 65 1669 0 -1.97173329
Link 6 200 1687 0 -1.07561499
Link 4 21 1707 0 -0.97885786
Link 1 272 1709 0 1.77077202
Link 272 21 1710 0 -4.20837021
Link 16 275 1722 1 1.23785197
Link 275 68 1723 1 -2.41150797
Link 44 44 1734 1 -1.03592588
Link 21 276 1736 0 1.57080175
Link 276 12 1737 0 0.06598003
Link 4 277 1751 0 -2.62681168
Link 277 86 1752 0 0.26435802
Link 8 282 1813 0 -1.41943023
Link 282 22 1814 0 0.90478635
Link 45 45 1824 1 1.34060552
Link 246 284 1829 0 -0.37608387
Link 284 10 1830 0 1.64908429
Link 19 289 1857 1 -2.06056144
Link 289 200 1858 1 -2.79439825
Link 56 14 1877 0 -1.05790368
Link 13 294 1883 1 -0.70451888
Link 39 15 1892 0 -1.18070141
Link 3 295 1899 0 3.02081578
Link 295 14 1900 0 -0.96307894
Link 26 302 1931 0 -1.55200653
Link 302 18 1932 0 -0.17718011
Link 6 197 1933 0 -2.11012730
Link 44 303 1936 1 -1.22376634
Link 303 44 1937 1 0.10884388
Link 304 12 1941 0 0.72469554
Link 46 45 1952 0 3.40707256
Link 6 308 1961 0 -1.61410704
Link 308 200 1962 0 0.92024762
Link 56 311 1973 0 4.16431454
Link 311 13 1974 0 0.53444607
Link 21 51 1988 0 -2.52895673
Link 294 316 2008 1 1.12552874
Link 316 48 2009 1 -0.22000683
Link 1 320 2023 0 1.10169058
Link 320 101 2024 0 2.05005412
Link 12 321 2026 1 -0.86396616
Link 321 48 2027 1 0.68315683
Link 5 323 2040 0 -0.95875984
Link 323 47 2041 0 -2.52211480
Link 44 324 2043 0 -0.98762905
Link 324 25 2044 0 1.66892253
Link 39 326 2058 0 -2.45432558
Link 326 15 2059 0 0.84661747
Link 88 50 2084 0 0.07969908
Link 6 330 2087 0 0.67486308
Link 330 44 2088 0 -4.34117782
Link 14 26 2114 1 0.73329069
Link 4 337 2131 0 1.90007406
Link 337 200 2132 0 -1.17587662
Link 5 200 2139 0 -1.98516901
Link 2 339 2143 0 -1.02601093
Link 339 53 2144 0 -1.23292215
Link 25 340 2150 1 -2.10680868
Link 340 25 2151 1 0.77018042
Link 39 14 2187 0 0.45670094
Link 4 344 2193 0 2.50360227
Link 344 56 2194 0 -1.94603438
Link 17 17 2210 1 0.55209946
Link 88 11 2232 0 -1.78312942
Link 5 350 2248 0 0.96712773
Link 350 13 2249 0 -0.27294966
Link 46 30 2258 0 0.91850085
Link 2 352 2266 0 -0.28668004
Link 352 13 2267 0 0.91551507
Link 58 361 2311 0 1.17224762
Link 361 11 2312 0 1.01573982
Link 10 65 2317 1 1.87256436
Link 88 363 2336 0 1.32391080
Link 363 124 2337 0 -1.04634733
Link 8 365 2343 0 4.07306573
Link 365 58 2344 0 1.98114015
Link 26 366 2349 0 -0.59781481
Link 366 302 2350 0 -1.56132501
Link 2 294 2380 0 -2.21940652
Link 85 68 2385 1 1.08174041
Link 39 377 2419 0 -0.73946534
Link 377 12 2420 0 -0.17201107
Link 8 378 2428 0 2.39427291
Link 378 18 2429 0 3.66048587
Link 65 21 2449 0 -2.53855283
Link 48 63 2452 0 2.38179058
Link 385 57 2474 1 1.95586300
Link 15 34 2489 1 -0.20807138
Link 6 390 2501 0 -0.37313445
Link 390 11 2502 0 0.04113271
Link 377 392 2514 0 -2.32544984
Link 392 12 2515 0 -1.02859604
Link 12 394 2532 1 -0.64685829
Link 394 41 2533 1 -2.02163239
Link 126 397 2558 0 0.70941185
Link 397 10 2559 0 -1.87724260
Link 200 398 2562 0 1.51703578
Link 398 60 2563 0 0.11262963
Link 7 294 2573 0 -0.83563123
Link 63 29 2633 0 1.23081847
Link 65 19 2641 0 1.01596073
Link 7 409 2643 0 0.00657529
Link 409 62 2644 0 -0.93613842
Link 63 48 2657 0 0.25792772
Link 412 30 2666 1 -1.51894308
Link 15 68 2668 1 -1.36910500
Link 6 416 2688 0 1.24962320
Link 416 15 2689 0 1.50167528
Link 46 11 2696 0 -1.09691748
Link 29 422 2723 1 -0.85602660
Link 422 29 2724 1 -0.97702666
Link 65 44 2740 0 -0.92578371
Link 48 424 2744 0 -1.27671287
Link 424 63 2745 0 -0.14490403
Link 63 11 2746 0 -0.31103132
Link 425 88 2757 0 0.74364460
Link 26 65 2784 0 1.54215937
Link 85 431 2804 1 -3.19468228
Link 431 68 2805 1 1.51688864
Link 28 28 2808 1 -2.02297231
Link 85 433 2819 0 0.53639619
Link 433 112 2820 0 -0.31650675
Link 14 435 2833 1 -0.23725359
Link 435 85 2834 1 1.40259797
Link 132 34 2852 0 -0.57334044
Link 39 50 2853 0 1.84295864
Link 101 101 2866 1 0.06250336
Link 3 439 2868 0 -1.10392449
Link 439 10 2869 0 -1.56937816
Link 5 440 2871 0 2.80160787
Link 440 200 2872 0 -2.35343094
Link 112 442 2878 0 1.68776424
Link 442 14 2879 0 -3.39420136
Link 5 446 2908 0 1.68932030
Link 446 350 2909 0 1.89512168
Link 12 28 2913 1 0.71297983
Link 45 448 2922 0 -0.20210718
Link 448 316 2923 0 -1.09903534
Link 53 449 2925 1 5.16616212
Link 449 53 2926 1 2.72859180
Link 68 11 2934 0 -0.08871343
Link 36 36 2947 1 -2.25591582
Link 19 68 2956 0 -0.09222791
Link 14 28 2962 1 -0.95262308
Link 5 204 2972 0 -0.39002132
Link 454 13 2976 0 -0.59807035
Link 324 455 2985 0 -2.16012901
Link 455 25 2986 0 -0.80363260
Link 5 385 2992 0 -1.23231322
Link 458 65 2998 0 -3.03715552
Link 16 461 3023 1 -0.48474072
Link 461 26 3024 1 1.07845564
Link 378 467 3050 0 -0.37399731
Link 467 18 3051 0 2.44571856
Link 101 302 3070 0 0.92626735
Link 22 470 3073 1 2.01361817
Link 470 22 3074 1 -1.08259605
Link 6 471 3082 0 -2.95747175
Link 471 416 3083 0 -4.67662217
Link 416 33 3085 0 -1.43483467
Link 6 473 3090 0 -0.16358871
Link 473 12 3091 0 0.00519791
Link 30 30 3094 1 3.26571465
Link 6 475 3112 0 -1.87434408
Link 475 215 3113 0 -0.03375813
Link 435 477 3119 1 -1.24652901
Link 477 85 3120 1 0.62381407
Link 19 478 3122 0 0.12988054
Link 478 165 3123 0 3.41247007
Link 29 215 3162 0 1.72238888
Link 385 486 3175 1 0.99458355
Link 486 57 3176 1 -2.19696768
Link 182 182 3183 1 1.72442322
Link 204 20 3207 0 1.96183779
Link 5 194 3208 0 -1.11038550
Link 200 68 3212 0 0.77999128
Link 11 38 3234 1 -2.49836746
Link 14 495 3242 1 -3.55400207
Link 495 26 3243 1 2.19908537
Link 2 350 3251 0 1.95147928
Link 215 33 3285 0 1.93938480
Link 265 499 3292 0 1.60680843
Link 499 65 3293 0 -2.14114187
Link 448 294 3295 0 -0.74934140
Link 18 500 3303 0 -0.29940097
Link 500 13 3304 0 2.93523183
Link 433 501 3312 0 -1.60006260
Link 501 112 3313 0 2.18804190
Link 33 340 3318 0 2.05446290
Link 53 502 3329 1 1.55109963
Link 502 449 3330 1 1.05771762
Link 35 17 3354 0 -1.18144034
Link 435 62 3359 1 0.82884570
Link 455 15 3390 0 -0.52870710
Link 52 507 3401 1 -1.10376330
Link 507 52 3402 1 5.57427417
Link 2 508 3404 0 3.19526951
Link 508 38 3405 0 -2.42951760
Link 20 509 3407 0 -2.85919476
Link 509 33 3408 0 -0.83067136
Link 461 350 3422 1 2.44429139
Link 44 511 3432 1 1.34205791
Link 511 303 3433 1 1.66569065
Link 10 513 3449 1 -0.40473603
Link 513 385 3450 1 -1.53786805
Link 44 515 3469 0 1.21904972
Link 515 26 3470 0 -3.02065019
Link 88 516 3474 0 0.82212103
Link 516 11 3475 0 -0.94563631
Link 330 517 3480 0 0.03650261
Link 517 44 3481 0 -1.30123041
Link 215 519 3488 0 -0.32016970
Link 519 13 3489 0 1.89586304
Link 11 454 3490 1 -3.41413926
Link 56 520 3511 0 -0.27123241
Link 520 14 3512 0 -0.07037248
Link 416 523 3527 0 0.00015978
Link 523 33 3528 0 2.39182570
Link 5 524 3533 0 0.30872348
Link 524 204 3534 0 -0.19943633
Link 16 525 3536 1 1.58488045
Link 525 461 3537 1 -0.18824499
Link 526 14 3542 0 1.03372652
Link 19 132 3549 1 1.23831054
Link 18 18 3562 1 1.17467578
Link 33 324 3566 0 2.57019074
Link 530 36 3569 1 -2.35069839
Link 62 531 3573 0 2.35709261
Link 531 186 3574 0 -2.13249465
Link 101 516 3588 0 -0.79425872
Link 62 215 3591 0 0.33579549
Link 38 38 3599 1 -3.12839231
Link 500 533 3601 0 -2.82385603
Link 533 13 3602 0 0.47673688
Link 4 534 3604 0 -0.89259716
Link 534 55 3605 0 -1.89666412
Link 17 538 3618 1 -2.57548291
Link 538 17 3619 1 0.94406937
Link 18 14 3621 0 -1.24992072
Link 86 539 3624 0 -0.51481388
Link 539 41 3625 0 1.78956502
Link 38 541 3632 0 0.70076643
Link 541 16 3633 0 1.06442804
Link 10 38 3635 1 -1.78577517
Link 7 86 3652 0 -0.88969598
Link 455 544 3654 0 -0.32575472
Link 544 25 3655 0 1.32218397
Link 200 11 3660 0 2.10724692
Link 3 265 3661 0 -3.43386765
Link 88 507 3678 0 -2.24799451
Link 44 551 3699 0 -1.07308649
Link 551 324 3700 0 2.70894048
Link 66 19 3716 1 0.57187884
Link 8 200 3721 0 -0.14045467
Link 35 36 3748 0 3.82770205
Link 70 558 3772 0 -0.56229363
Link 558 13 3773 0 2.55343999
Link 461 560 3792 1 2.32490973
Link 560 26 3793 1 -1.95606196
Link 21 30 3794 0 1.17674393
Link 35 60 3808 0 -2.93414306
Link 302 562 3810 0 -0.50507390
Link 562 18 3811 0 1.88450122
Link 8 43 3814 0 1.14282943
Link 5 573 3898 0 -2.12643301
Link 573 15 3899 0 -4.04932278
Link 200 200 3900 1 0.60855295
Link 461 11 3905 0 2.55194006
Link 416 416 3921 1 0.42590568
Link 215 416 3925 0 -1.32114336
Link 507 378 3926 1 -1.89715972
Link 39 577 3934 0 -2.03896847
Link 577 377 3935 0 -0.10784583
Link 194 455 3938 0 -3.57893491
Link 302 378 3956 1 -1.91531769
Link 60 46 3986 0 0.26201943
Link 8 587 3998 0 -0.01047376
Link 587 43 3999 0 -1.06345874
Link 378 588 4007 0 0.23081928
Link 588 467 4008 0 -0.68612405
Link 29 590 4026 0 -3.09590944
Link 590 16 4027 0 -0.82431325
Link 194 594 4044 0 -0.60073364
Link 594 18 4045 0 1.04206721
Link 107 20 4069 1 1.23286419
Link 46 597 4072 0 1.44861519
Link 597 45 4073 0 -2.88205727
Link 562 600 4090 0 0.91030581
Link 600 18 4091 0 1.14350988
Link 86 509 4102 0 -0.22144521
Link 22 324 4135 0 0.53196266
Link 35 605 4138 0 -0.90815295
Link 605 36 4139 0 -3.84341874
Link 36 302 4145 0 -1.40145737
Link 35 608 4165 0 3.76004873
Link 58 101 4172 1 2.17092902
Link 88 609 4180 0 0.47109767
Link 609 507 4181 0 0.50681989
Link 11 612 4205 1 1.20842299
Link 612 38 4206 1 -2.91412841
Link 182 613 4222 0 1.04360199
Link 613 22 4223 0 -2.01203700
Link 6 507 4228 0 -0.51419352
Link 194 60 4245 0 1.00722532
Link 164 616 4252 0 2.22737125
Link 616 52 4253 0 0.03297928
Link 60 302 4262 0 -3.15685463
Link 63 619 4269 0 1.76879013
Link 619 48 4270 0 -0.01361665
Link 6 620 4272 0 -0.86348570
Link 620 44 4273 0 -1.54543389
Link 56 60 4280 0 1.37632879
Link 10 43 4285 1 2.08225759
Link 621 385 4294 1 -3.46369414
Link 26 107 4298 0 0.44445645
Link 302 622 4300 1 -0.78263776
Link 622 378 4301 1 3.24244763
Link 11 28 4313 1 -0.88195886
Link 43 47 4321 0 -2.39718468
Link 455 107 4325 0 -2.05430822
Link 6 243 4335 0 -2.73993893
Link 132 30 4376 0 -0.86018351
Link 324 630 4382 0 2.73285337
Link 630 455 4383 0 0.04443702
Link 416 324 4384 0 -1.37064260
Link 340 215 4397 0 -0.58318981
Link 448 48 4406 1 2.19905288
Link 165 631 4415 0 1.85388841
Link 631 85 4416 0 2.29694555
Link 107 632 4429 1 -1.60389049
Link 632 20 4430 1 -2.69845848
Link 461 638 4476 1 -1.25964561
Link 638 350 4477 1 -0.44906406
Link 239 639 4479 0 1.98079309
Link 639 215 4480 0 0.98112930
Link 39 641 4497 1 -1.52042844
Link 641 39 4498 1 -1.81659289
Link 321 642 4501 1 -1.87303646
Link 642 48 4502 1 -1.11803936
Link 6 644 4518 0 1.91332148
Link 644 88 4519 0 -2.17790027
Link 194 243 4522 0 1.85914740
Link 26 44 4528 0 -0.97523815
Link 378 378 4536 1 0.40235338
Link 2 649 4558 0 -3.23278981
Link 649 87 4559 0 -0.61292497
Link 50 650 4561 0 -0.72050789
Link 650 10 4562 0 0.24130913
Link 378 30 4594 0 2.59774430
Link 138 654 4603 0 0.16417239
Link 654 31 4604 0 0.54359450
Link 5 656 4610 0 -1.50960734
Link 656 185 4611 0 3.66026935
Link 10 21 4620 1 0.76228686
Link 29 26 4621 0 0.79716680
Link 8 664 4676 0 -2.70846387
Link 664 12 4677 0 3.34732605
Link 29 478 4687 0 -3.59076041
Link 107 665 4690 1 -4.04483930
Link 665 88 4691 1 1.27414929
Link 3 666 4700 0 -0.18966720
Link 666 28 4701 0 0.70939678
Link 425 670 4718 0 -0.24780906
Link 670 88 4719 0 -2.78872321
Link 47 196 4722 0 -1.42234624
Link 101 674 4742 0 -0.71673224
Link 101 60 4752 0 -1.89030977
Link 52 676 4783 0 -1.62986940
Link 676 243 4784 0 -1.35910770
Link 58 680 4820 1 -0.06206386
Link 680 101 4821 1 -0.20821055
Link 38 165 4828 0 -1.07557452
Link 85 41 4829 1 3.95895098
Link 43 683 4843 1 1.54053386
Link 683 132 4844 1 0.03729436
Link 316 294 4848 0 -2.51350405
Link 185 686 4880 0 -0.04136141
Link 686 59 4881 0 -0.17387140
Link 12 340 4916 1 1.70576907
Link 8 590 4925 0 -2.12054260
Link 196 132 4935 1 -0.12191577
Link 10 689 4944 1 0.50259268
Link 689 513 4945 1 -0.06787265
Link 378 690 4951 0 0.02676033
Link 690 18 4952 0 -2.40992232
Link 34 29 4972 0 -3.37527150
Link 435 695 5015 1 -0.54940336
Link 695 477 5016 1 2.13588138
Link 16 696 5021 1 2.82783307
Link 696 461 5022 1 2.80701836
Link 6 699 5035 0 -2.89935970
Link 699 507 5036 0 2.28169604
Link 700 10 5046 0 -0.15971793
Link 57 55 5076 0 0.83106620
Link 448 704 5099 1 -2.16089364
Link 704 48 5100 1 0.43332845
Link 174 706 5105 0 3.49288922
Link 29 707 5109 0 -0.36986480
Link 707 590 5110 0 1.02965332
Link 710 448 5125 0 0.89523668
Link 4 712 5144 0 -2.43723510
Link 712 277 5145 0 -1.20025480
Link 302 62 5153 0 0.38048877
Link 52 715 5158 0 1.18210930
Link 715 425 5159 0 0.49474655
Link 378 716 5161 1 0.96138732
Link 716 378 5162 1 -2.45560515
Link 201 215 5163 0 -1.92066424
Link 475 720 5188 0 1.71385241
Link 720 215 5189 0 0.65202490
Link 275 13 5191 0 -0.10838348
Link 4 727 5229 0 -1.87249267
Link 727 41 5230 0 1.75407431
Link 608 728 5232 0 1.58559489
Link 728 107 5233 0 -1.46967717
Link 34 87 5299 0 -1.61117339
Link 89 734 5312 0 -1.79325116
Link 734 19 5313 0 -0.26398794
Link 4 735 5315 0 1.47198907
Link 735 337 5316 0 4.03278389
Link 455 562 5333 0 -0.15212436
Link 435 435 5392 1 0.46825315
Link 744 215 5415 0 -0.23326733
Link 107 745 5418 0 -0.71016260
Link 745 11 5419 0 -1.17452677
Link 41 52 5428 0 -1.57037643
Link 239 197 5447 0 0.72544676
Link 33 215 5465 0 0.01434934
Link 2 25 5473 0 -0.96810056
Link 534 752 5497 0 -0.07070185
Link 752 385 5498 0 2.36704616
Link 132 62 5521 0 -1.83760562
Link 340 757 5538 0 1.00000000
Link 757 744 5539 0 -0.27100016
Link 16 758 5542 1 0.64354946
Link 26 478 5565 0 -2.02427700
Link 539 378 5570 1 1.20055519
Link 63 765 5592 0 2.30347947
Link 765 11 5593 0 -0.78144737
Link 20 507 5608 0 0.74880067
Link 52 769 5678 1 0.45400703
Link 769 52 5679 1 -3.29493034
Link 665 771 5693 1 3.15863598
Link 771 88 5694 1 -1.95362257
Link 8 776 5730 0 3.76134727
Link 776 664 5731 0 1.27328710
Link 467 467 5753 1 -2.77329968
Link 52 782 5776 0 -0.95297140
Link 782 14 5777 0 3.57905051
Link 10 783 5781 1 1.53843477
Link 783 38 5782 1 -0.03508074
Link 101 785 5790 1 -1.66262068
Link 785 101 5791 1 -1.19281973
Link 28 787 5817 0 0.77883858
Link 787 13 5818 0 -0.24183090
Link 4 215 5835 0 -3.80497511
Link 30 34 5838 0 -0.05003492
Link 47 790 5845 0 0.27301442
Link 790 196 5846 0 4.89717305
Link 29 31 5855 0 3.43122981
Link 323 644 5868 0 2.03492225
Link 6 794 5888 0 0.17776718
Link 794 243 5889 0 -2.09534450
Link 186 58 5895 0 -0.99351347
Link 435 800 5931 1 -1.59059113
Link 800 435 5932 1 -0.72789869
Link 350 507 5939 0 4.60545375
Link 62 803 5946 0 0.61373917
Link 803 531 5947 0 -3.28620718
Link 86 804 5950 0 -1.70639956
Link 804 509 5951 0 1.33550617
Link 810 35 5985 0 0.16999569
Link 140 140 5986 1 0.50319819
Link 513 812 5998 1 -0.61474417
Link 812 621 5999 1 0.68862417
Link 68 112 6009 0 -4.00540631
Link 156 361 6014 0 -2.05885324
Link 289 817 6029 1 -2.59213080
Link 817 200 6030 1 2.62599525
Link 509 43 6046 0 -0.94553907
Link 11 820 6052 1 1.52604625
Link 820 412 6053 1 2.17901848
Link 530 243 6065 0 3.15653206
Link 455 830 6120 0 -0.99220998
Link 830 107 6121 0 -2.40698921
Link 324 834 6146 1 -0.30209601
Link 834 140 6147 1 1.60877318
Link 587 416 6155 0 2.55645230
Link 22 836 6182 0 0.39955911
Link 836 324 6183 0 1.14349541
Link 18 19 6186 0 -3.15672727
Link 65 837 6194 0 1.32825962
Link 837 21 6195 0 -2.98813230
Link 10 838 6200 1 2.69650988
Link 838 43 6201 1 0.56696571
Link 34 840 6225 0 -2.85492540
Link 840 10 6226 0 1.35052746
Link 478 843 6249 0 -2.08996907
Link 843 165 6250 0 0.28610148
Link 19 29 6257 0 -2.13109247
Link 86 846 6276 0 -1.13817329
Link 846 539 6277 0 -1.86507641
Link 478 385 6289 0 2.46562321
Link 22 14 6303 0 4.09008982
Link 302 544 6336 0 0.36005330
Link 116 852 6338 0 -0.22548634
Link 852 33 6339 0 -2.62658051
Link 57 853 6350 0 -1.25571310
Link 744 57 6364 0 -0.54056575
Link 107 859 6391 1 2.10895590
Link 859 665 6392 1 2.63400297
Link 674 860 6394 0 1.41573000
Link 860 18 6395 0 0.83489323
Link 60 853 6440 0 -1.15227201
Link 8 867 6449 0 -1.74758030
Link 867 11 6450 0 2.93328269
Link 350 50 6462 0 -0.03211184
Link 4 869 6475 0 -1.23827972
Link 869 215 6476 0 -0.98488387
Link 101 19 6495 0 -1.85889570
Link 330 275 6515 0 2.45857654
Link 41 448 6516 0 2.29553734
Link 71 878 6535 0 -2.35703925
Link 878 14 6536 0 0.06105469
Link 302 14 6544 0 0.91576193
Link 531 531 6549 1 -2.10385369
Link 17 246 6574 0 0.78384677
Link 378 56 6652 0 2.87951797
Link 475 416 6671 0 0.29505722
Link 509 898 6682 0 -0.14516671
Link 898 43 6683 0 -0.56533996
Link 242 902 6707 0 0.93128869
Link 902 10 6708 0 -0.51287861
Link 2 812 6741 0 -0.45396487
Link 390 44 6751 0 0.03447857
Link 57 461 6752 0 -1.65857507
Link 39 906 6759 1 -0.67036871
Link 906 641 6760 1 2.65133564
Link 101 66 6802 0 -0.54676798
Link 47 412 6829 0 0.20790932
Link 455 48 6851 0 -2.59825506
Link 455 917 6878 0 1.97205369
Link 917 15 6879 0 2.02292404
Link 167 42 6914 0 -0.76532838
Link 7 649 6931 0 0.73840273
Link 509 24 6972 0 -1.85663774
Link 689 923 6992 1 1.29665712
Link 294 56 6997 1 -1.45325359
Link 9 385 7007 0 -1.72307971
Link 272 926 7009 0 -1.77810030
Link 926 21 7010 0 0.58589285
Link 385 236 7022 1 -1.30912901
Link 6 790 7050 0 -0.00817015
Link 7 933 7053 0 -1.04426123
Link 933 99 7054 0 1.14856545
Link 594 594 7095 1 4.09011703
Link 16 945 7127 1 -1.50547183
Link 945 68 7128 1 1.96313971
Link 1 948 7147 0 0.83010325
Link 948 272 7148 0 -0.02932442
Link 1 619 7167 0 0.48686870
Link 26 953 7177 0 -0.60539550
Link 953 44 7178 0 -0.89949720
Link 486 728 7182 0 0.28007259
Link 45 89 7203 1 -0.05287578
Link 440 435 7218 0 0.68356691
Link 620 957 7226 0 0.82930082
Link 957 44 7227 0 0.45909847
Link 486 10 7259 0 3.26919054
Link 620 71 7264 0 0.90378958
Link 2 962 7275 0 1.41499159
Link 962 304 7276 0 -2.31715874
Link 853 963 7281 0 -0.90622329
Link 963 275 7282 0 0.16910324
Link 284 967 7319 0 -0.78308550
Link 967 10 7320 0 0.14694781
Link 41 969 7344 0 2.15350320
Link 969 15 7345 0 -0.11261985
Link 234 979 7419 0 0.79903955
Link 979 15 7420 0 -1.09259942
Link 620 246 7445 0 0.04778254
Link 534 982 7447 0 0.07546999
Link 982 752 7448 0 -3.07554517
Link 60 984 7457 0 -2.18584871
Link 984 46 7458 0 2.41124527
Link 440 63 7480 0 -3.27356334
Link 88 656 7490 1 -3.81308703
Link 48 108 7495 0 -2.45771269
Link 324 656 7530 1 2.24043748
Link 55 995 7535 0 -1.72062394
Link 995 46 7536 0 2.53565932
Link 70 29 7566 0 -0.74949547
Link 620 1000 7569 0 1.01540837
Link 1000 265 7570 0 -0.10193500
Link 594 33 7590 0 2.46865293
Link 644 1003 7592 0 -2.11872214
Link 1003 88 7593 0 -0.94311128
Link 820 1005 7601 1 -0.90398020
Link 1005 412 7602 1 -1.66348317
Link 246 670 7635 1 -1.79567995
Link 2 1011 7640 0 -2.11321680
Link 1011 138 7641 0 -2.52622382
Link 43 1012 7655 0 1.34660649
Link 1012 47 7656 0 0.12320874
Link 1015 18 7677 0 2.00824442
Link 41 1020 7703 0 0.32847720
Link 1020 52 7704 0 2.41161080
Link 60 1021 7707 0 -1.19292957
Link 1021 302 7708 0 -2.28728972
Link 245 641 7709 0 -1.59940133
Link 340 26 7721 0 -1.95025919
Link 425 57 7724 0 -2.30405036
Link 197 531 7748 0 -2.06788492
Link 86 132 7751 0 0.16412067
Link 21 620 7846 1 1.82393121
Link 16 85 7856 1 -2.28349867
Link 19 1046 7923 0 -0.39719565
Link 1046 29 7924 0 0.54651205
Link 454 126 7932 0 0.94009640
Link 700 33 7953 0 0.55271603
Link 323 1048 7957 0 -2.53726523
Link 1048 644 7958 0 -0.98072208
Link 186 196 7973 0 0.39662735
Link 562 282 7992 1 -0.36456273
Link 53 1052 8000 1 4.17394198
Link 1052 502 8001 1 -0.80343333
Link 440 1056 8040 0 -4.31852267
Link 1056 200 8041 0 -0.51656650
Link 10 350 8043 1 -2.84605358
Link 727 1057 8047 0 0.10366057
Link 1057 41 8048 0 0.91602313
Link 47 1058 8056 0 2.50162646
Link 1058 70 8057 0 1.83342587
Link 21 449 8069 0 -0.03799545
Link 594 1060 8079 0 -3.35877809
Link 1060 18 8080 0 -1.39857923
Link 200 1061 8082 0 -1.13088609
Link 1061 11 8083 0 0.21306969
Link 11 1069 8116 1 -1.49066997
Link 1069 28 8117 1 -0.61333539
Link 656 30 8119 0 0.82879208
Link 440 440 8150 1 0.62443946
Link 758 1074 8174 1 1.00000000
Link 1074 275 8175 1 1.22195717
Link 39 1020 8177 0 -0.67941622
Link 324 34 8210 0 2.58859714
Link 377 57 8224 1 2.24760572
Link 17 31 8227 0 0.05653417
Link 706 321 8245 1 -0.26093078
Link 412 706 8270 0 -1.18893864
Link 277 1089 8300 0 -2.17468252
Link 1089 86 8301 0 0.21234867
Link 706 1091 8327 0 1.15051760
Link 1091 13 8328 0 2.83004498
Link 752 1092 8330 0 0.05839510
Link 1092 385 8331 0 -3.49793699
Link 31 1093 8350 0 -1.77377500
Link 1093 12 8351 0 2.51402163
Link 58 53 8370 0 -0.49271852
Link 62 1095 8389 0 -1.37890854
Link 1095 50 8390 0 1.55550146
Link 107 174 8391 0 1.57786772
Link 727 302 8395 0 -1.97779478
Link 513 475 8441 1 -0.95144850
Link 609 609 8539 1 -0.81208280
Link 700 13 8550 0 1.77871401
Link 47 1116 8591 0 3.63054195
Link 1116 412 8592 0 1.16684774
Link 140 143 8596 0 1.30264447
Link 1020 50 8613 0 1.44310505
Link 324 539 8623 1 1.86941780
Link 185 15 8627 0 1.81942004
Link 52 197 8640 1 3.07488964
Link 945 433 8663 0 1.67170718
Link 245 261 8674 0 -3.29560360
Link 530 1126 8686 0 0.52375308
Link 1126 243 8687 0 0.64136908
Link 690 1127 8689 0 -2.94960531
Link 1127 1015 8690 0 -0.02149312
Link 294 1128 8693 1 4.84820848
Link 1128 56 8694 1 -4.14355093
Link 526 1020 8715 0 0.99442789
Link 303 65 8729 0 1.71104282
Link 8 1132 8737 0 0.06334888
Link 1132 57 8738 0 0.72901717
Link 60 1133 8740 0 -0.23448799
Link 1133 984 8741 0 2.10412320
Link 4 783 8764 0 -1.28438781
Link 8 1141 8789 0 0.10203269
Link 1141 68 8790 0 -2.20519155
Link 245 433 8793 0 -2.94647277
Link 302 1143 8811 0 3.03401177
Link 1143 62 8812 0 -1.26668206
Link 412 1144 8815 0 3.47583482
Link 1144 706 8816 0 0.87433239
Link 65 108 8822 0 -1.87790709
Link 239 303 8857 0 0.32939638
Link 377 378 8879 1 -0.09424334
Link 272 197 8883 0 0.59862314
Link 272 706 8904 0 -0.78451562
Link 16 1160 8948 1 3.42701801
Link 1160 85 8949 1 -0.27151188
Link 65 38 8959 0 -1.20328956
Link 55 352 8974 0 -1.42191007
Link 13 1161 8984 1 -1.66736775
Link 1161 294 8985 1 -2.71207736
Link 261 1168 9018 0 -2.15679987
Link 1168 14 9019 0 1.35684476
Link 448 1170 9027 0 4.02932131
Link 1170 294 9028 0 -4.03722210
Link 42 42 9031 1 1.19484637
Link 1020 1173 9050 0 2.00837582
Link 1173 52 9051 0 -0.27276661
Link 50 516 9085 0 0.75309999
Link 4 1181 9115 0 -0.31314068
Link 1181 70 9116 0 1.41549303
Link 41 1182 9121 0 -1.01217680
Link 1182 1020 9122 0 1.52443048
Link 236 236 9134 1 -3.28223584
Link 99 112 9189 0 -1.56160745
Link 458 12 9235 0 1.15016619
Link 433 853 9236 1 -2.01104384
Link 594 34 9284 0 -1.07508526
Link 6 1202 9337 0 -1.56875991
Link 1202 215 9338 0 -1.62998510
Link 68 20 9345 0 2.06226103
Link 34 454 9373 0 0.65246691
Link 2 1206 9392 0 -0.19461340
Link 1206 526 9393 0 -0.31853290
Link 132 700 9408 0 -2.42917725
Link 44 1208 9413 0 -1.75630795
Link 1208 26 9414 0 -1.65066529
Link 24 44 9434 0 0.29499108
Link 7 1211 9436 0 0.81139381
Link 1211 13 9437 0 1.66879991
Link 385 1218 9484 1 4.13501265
Link 1218 57 9485 1 -3.47816919
Link 112 350 9491 1 -1.57066037
Link 594 1220 9505 1 -1.38292625
Link 1220 594 9506 1 1.69718152
Link 69 112 9611 0 1.34674978
Link 728 289 9632 1 -1.41804991
Link 48 215 9687 0 -2.37886271
Link 704 704 9702 1 -0.14725891
Link 62 1247 9717 0 -1.02405627
Link 1247 186 9718 0 1.18141114
Link 87 43 9720 0 -0.40207712
Link 433 425 9725 1 -1.06105970
Link 1 1249 9728 0 -1.41099465
Link 1249 948 9729 0 -1.98409808
Link 12 1251 9738 1 -0.98568539
Link 1251 41 9739 1 -3.56564883
Link 378 1252 9741 0 0.28557944
Link 1252 690 9742 0 -1.21665858
Link 36 89 9760 1 3.66468374
Link 448 1261 9817 1 -0.83406966
Link 1261 48 9818 1 -1.55822647
Link 99 186 9839 0 0.35146526
Link 1020 820 9844 0 0.51345821
Link 416 458 9896 0 0.11031653
Link 156 620 9937 0 3.85084505
Link 185 22 9959 0 -0.53561895
Link 323 186 9977 0 1.81081630
Link 5 361 9988 0 0.71798668
Link 128 1289 10005 0 1.33864803
Link 1289 10 10006 0 0.11881277
Link 344 622 10045 0 -1.08090168
Link 186 321 10074 0 -2.08301234
Link 390 458 10086 0 0.93813469
Link 69 28 10109 0 0.25617743
Link 16 194 10140 1 0.52294053
Link 1060 245 10146 1 2.73297262
Link 52 1313 10192 1 0.50187746
Link 1313 197 10193 1 -1.86658369
Link 412 412 10195 1 -0.03776873
Link 33 700 10206 0 3.97710802
Link 1058 18 10221 0 -0.36781076
Link 2 1318 10247 0 -1.98970078
Link 1318 1206 10248 0 -0.05339912
Link 2 1320 10261 0 -0.18654846
Link 1320 87 10262 0 -4.41091585
Link 236 88 10303 0 -1.30476754
Link 2 1328 10326 0 -0.37344583
Link 1328 14 10327 0 -0.88283806
Link 539 458 10367 0 -2.05811097
Link 7 1332 10372 0 -1.22987419
Link 1332 933 10373 0 -3.03351892
Link 304 1336 10403 1 0.69241666
Link 1336 304 10404 1 -0.50748727
Link 551 516 10406 0 0.46375012
Link 539 1337 10429 1 -0.68733276
Link 1337 378 10430 1 -2.65131209
Link 477 477 10431 1 1.96571277
Link 239 1340 10444 0 1.43181648
Link 1340 197 10445 0 -2.64765304
Link 39 1341 10447 0 1.59188125
Link 1341 1020 10448 0 -0.50355852
Link 562 1345 10483 0 -1.66367337
Link 1345 18 10484 0 -0.36400603
Link 435 1346 10486 1 0.30678271
Link 1346 85 10487 1 -0.55226382
Link 39 1347 10489 1 -0.50898827
Link 440 1349 10506 0 -0.26855721
Link 1349 63 10507 0 -0.82492805
Link 449 275 10521 0 1.99460213
Link 455 1351 10525 0 -1.91420363
Link 1351 107 10526 0 -0.90670100
Link 165 167 10544 1 -0.08682235
Link 340 1357 10599 0 0.34701133
Link 1357 26 10600 0 -1.06777488
Link 89 523 10648 0 -1.29454038
Link 41 1366 10660 0 1.60001849
Link 1366 213 10661 0 -0.07770371
Link 66 53 10679 1 -0.31417134
Link 53 1370 10682 1 -2.61694272
Link 1370 449 10683 1 3.07244275
Link 1091 1373 10708 0 4.45477940
Link 1373 13 10709 0 1.01527118
Link 33 1385 10772 0 0.03993343
Link 52 1388 10796 1 0.60699026
Link 1388 52 10797 1 1.09606569
Link 99 1395 10848 0 2.10268077
Link 1395 186 10849 0 4.87201320
Link 620 1399 10883 0 3.60201471
Link 666 392 10886 0 2.27571982
Link 785 425 10902 0 -1.27746428
Link 1020 1402 10913 0 -0.40963119
Link 1402 1173 10914 0 -0.73477172
Link 164 785 10941 0 0.79055464
Link 783 1405 10951 1 -1.79905635
Link 1405 38 10952 1 4.05064266
Link 320 458 10995 0 -2.30847114
Link 1173 1411 11005 0 -0.79787247
Link 1411 52 11006 0 1.95927832
Link 502 12 11013 0 -2.52100373
Link 69 1141 11032 0 -0.04476357
Link 44 1415 11043 1 -0.85872679
Link 1415 44 11044 1 0.61177039
Link 948 1422 11103 0 3.07125907
Link 1422 272 11104 0 -0.30155952
Link 48 752 11112 0 -0.39053911
Link 36 1426 11135 1 0.93193154
Link 1426 530 11136 1 -3.44836707
Link 330 1247 11137 0 0.10931739
Link 177 544 11140 1 2.21859337
Link 197 1430 11191 0 0.13433866
Link 1430 531 11192 0 0.80627426
Link 1020 1435 11223 0 -0.62168285
Link 1435 50 11224 0 0.30696061
Link 820 1436 11227 1 4.37682571
Link 1436 1005 11228 1 -2.22982401
Link 650 650 11240 1 0.18059211
Link 164 638 11267 0 1.92549409
Link 544 1442 11286 0 3.65856306
Link 1442 25 11287 0 -1.48933109
Link 101 1370 11301 0 1.53171373
Link 594 1444 11323 0 0.92918419
Link 1444 34 11324 0 -1.64701294
Link 272 1448 11341 0 -0.29432811
Link 1448 197 11342 0 -0.56681093
Link 246 126 11344 0 0.17482460
Link 840 1182 11352 1 2.03081770
Link 112 1451 11370 1 1.26544841
Link 1451 350 11371 1 1.91277315
Link 769 29 11374 0 1.45278030
Link 230 1453 11383 0 1.98839573
Link 1453 63 11384 0 -1.39867821
Link 321 1457 11409 1 -1.74531855
Link 1457 642 11410 1 0.76757879
Link 1415 24 11418 0 -2.97988238
Link 744 526 11425 0 -2.04605798
Link 215 39 11440 0 -1.85571129
Link 665 665 11454 1 -3.49901895
Link 957 1091 11457 0 -1.38580290
Link 3 1465 11475 0 1.80449555
Link 1465 28 11476 0 -5.01312890
Link 2 1469 11518 0 -2.88262902
Link 1469 13 11519 0 0.09127547
Link 272 1477 11575 0 -0.09984495
Link 1477 706 11576 0 -1.14113092
Link 475 185 11614 0 0.50254395
Link 1481 11 11630 0 -3.17254151
Link 45 1483 11636 1 -1.61767592
Link 1483 89 11637 1 -0.90833649
Link 810 1133 11642 0 -3.54380754
Link 116 65 11667 0 -2.55038739
Link 107 613 11680 1 1.19214053
Link 185 507 11712 0 -2.95548659
Link 1005 16 11739 0 1.16597863
Link 60 1497 11743 0 0.95262101
Link 1497 10 11744 0 0.71730674
Link 834 21 11756 0 0.49734014
Link 234 1502 11785 0 1.77894834
Link 1502 979 11786 0 0.52936696
Link 502 744 11799 0 -2.81923961
Link 204 984 11801 0 -0.92335427
Link 1020 1508 11830 0 -1.39580700
Link 1508 52 11831 0 1.48617236
Link 1005 1513 11853 1 -4.10664237
Link 1513 412 11854 1 1.23624705
Link 21 344 11861 1 -5.48929645
Link 185 132 11903 0 -2.46986904
Link 440 715 11926 0 1.18483472
Link 1247 108 11956 0 -5.54936829
Link 765 765 11976 1 4.90480025
Link 620 531 11992 0 1.56548955
Link 1 1529 12028 0 -1.06326847
Link 1529 1249 12029 0 1.34374684
Link 785 412 12062 0 0.29221371
Link 5 853 12079 0 -0.00806518
Link 16 1538 12096 1 -0.06762799
Link 1538 1160 12097 1 -1.46477074
Link 1385 1540 12106 0 -1.12106916
Link 1540 340 12107 0 -0.20164434
Link 984 1436 12144 0 -2.83162702
Link 594 1552 12192 0 2.90616239
Link 1552 1060 12193 0 2.84556222
Link 1563 20 12296 0 3.99815203
Link 70 1568 12364 0 -0.93589919
Link 1568 29 12365 0 -0.14435593
Link 1173 1173 12414 1 -0.41134166
Link 201 511 12433 0 0.32637212
Link 424 28 12442 0 -1.30096343
Link 1341 1341 12527 1 -1.66773761
Link 1540 57 12531 0 0.46778216
Link 1435 1587 12598 0 2.07712120
Link 1587 50 12599 0 0.21807752
Link 509 1588 12602 0 2.10927524
Link 1588 30 12603 0 -2.60660834
Link 196 186 12643 1 -2.14604293
Link 620 620 12656 1 2.51205615
Link 690 17 12667 0 -0.39511643
Link 62 230 12715 1 -0.59429776
Link 707 707 12750 1 1.00060665
Link 4 1182 12786 0 0.94357054
Link 608 516 12837 0 0.55685227
Link 302 458 12854 0 -0.92796757
Link 439 1606 12868 0 1.25607836
Link 1606 486 12869 0 0.51584225
Link 33 1610 12904 0 2.70731231
Link 1610 1385 12905 0 2.04055665
Link 57 519 12909 0 2.13940923
Link 186 1615 12957 0 -1.40094324
Link 1615 196 12958 0 0.01223661
Link 7 1617 12971 0 2.20812401
Link 1617 45 12972 0 -0.03053178
Link 167 1003 13022 0 2.55774257
Link 43 42 13039 0 -0.28138711
Link 344 1624 13075 0 -0.58753604
Link 1624 56 13076 0 0.70055767
Link 3 1625 13079 0 -0.45479971
Link 1625 11 13080 0 -0.67172291
Link 25 1020 13091 0 4.31149221
Link 1251 1385 13118 1 2.36256048
Link 620 1632 13167 1 -1.82357793
Link 1632 620 13168 1 -0.53292097
Link 869 330 13179 0 0.71809942
Link 620 1638 13214 0 0.29438627
Link 1638 71 13215 0 -1.25512212
Link 378 1639 13219 0 2.58405345
Link 1639 467 13220 0 -1.79478112
Link 167 1643 13260 0 0.71633639
Link 1643 810 13261 0 1.77573346
Link 165 124 13291 0 0.94556135
Link 239 670 13315 0 2.34405744
Link 101 323 13324 0 -1.08205398
Link 64 99 13379 0 0.19055186
Link 425 94 13387 0 -0.73513010
Link 30 230 13409 1 1.09391844
Link 70 48 13424 0 -1.95953736
Link 1249 21 13426 0 -0.53930625
Link 588 531 13430 0 0.18561903
Link 66 810 13479 1 3.60653721
Link 108 1657 13488 0 0.61143918
Link 1657 525 13489 0 0.63848200
Link 39 1430 13538 1 -2.45174786
Link 156 261 13579 0 -0.87973989
Link 619 539 13626 1 0.96116136
Link 440 394 13657 0 -2.85695587
Link 433 409 13701 1 -3.96959171
Link 25 234 13705 0 1.21974337
Link 1091 1091 13712 1 -1.59262232
Link 107 1682 13724 0 -1.03862205
Link 1682 174 13725 0 -2.05951215
Link 776 650 13766 0 0.73423457
Link 169 680 13796 0 2.63599419
Link 18 475 13838 1 2.56208784
Link 45 715 13857 0 -0.83207040
Link 1483 1694 13898 1 -1.07566724
Link 1694 89 13899 1 0.91687570
Link 520 201 13947 1 -0.36466886
Link 933 1698 13953 0 3.72915826
Link 1698 99 13954 0 1.50836536
Link 810 385 13989 0 -3.53243423
Link 361 261 14000 0 0.30537950
Link 50 1435 14036 0 -2.96010637
Link 1453 108 14063 0 0.73619599
Link 236 38 14066 0 -0.66701790
Link 164 282 14090 0 -1.66947702
Link 17 515 14101 0 -2.30437167
Link 63 1716 14107 0 -1.72916314
Link 1716 11 14108 0 -0.44954063
Link 101 517 14116 0 0.39031965
Link 88 177 14123 0 -2.16177877
Link 53 1717 14130 1 -0.56107603
Link 1717 449 14131 1 -3.68878346
Link 1048 690 14185 0 2.56775229
Link 933 112 14187 0 -0.57035738
Link 765 1723 14204 0 -0.07921120
Link 378 878 14223 0 -0.74833956
Link 24 321 14230 0 -3.85741989
Link 409 425 14263 0 -0.61124333
Link 19 1729 14274 1 0.15654851
Link 1729 164 14275 1 0.61228370
Link 324 1732 14288 1 -1.19672308
Link 1732 539 14289 1 0.49503269
Link 303 525 14306 0 -1.61907115
Link 16 1737 14338 1 2.17741812
Link 1737 194 14339 1 2.26886766
Link 48 1206 14425 1 2.39314936
Link 47 963 14431 0 0.64791430
Link 1643 41 14443 0 -0.18603042
Link 898 324 14462 0 0.49927537
Link 1091 30 14468 1 -2.58747794
Link 18 143 14490 0 2.87505299
Link 425 1370 14572 0 -0.42150479
Link 52 1760 14601 0 1.58534300
Link 1760 425 14602 0 -0.36939786
Link 515 164 14625 1 2.15391089
Link 107 1763 14635 1 0.34784229
Link 366 294 14692 0 -2.05584073
Link 365 140 14708 0 -0.95055975
Link 89 22 14723 0 -4.41429160
Link 340 577 14742 0 2.80537298
Link 24 1774 14769 0 2.19522092
Link 1774 1069 14770 0 -3.01610715
Link 620 107 14864 0 1.45822679
Link 587 66 14925 0 -3.85276420
Link 422 1069 14946 0 -0.19604015
Link 246 642 15013 1 -0.49557621
Link 1249 1792 15049 0 -0.27592259
Link 1792 948 15050 0 0.40039525
Link 846 846 15097 1 0.82650739
Link 272 45 15127 0 -0.00238503
Link 19 56 15145 0 -1.49639870
Link 1347 1799 15147 1 1.48631516
Link 1799 641 15148 1 -1.16372987
Link 758 424 15150 1 -3.14071657
Link 852 230 15160 0 2.94775211
Link 196 1801 15172 1 -0.73590259
Link 90 486 15195 0 -2.34275082
Link 776 923 15208 0 -1.95701878
Link 234 1763 15271 1 -4.33915874
Link 587 1020 15275 0 -1.12007450
Link 230 70 15291 0 -0.96575312
Link 923 1814 15344 1 1.36132759
Link 1814 513 15345 1 -0.33318544
Link 1801 1820 15393 1 1.59723928
Link 1820 186 15394 1 1.68048966
Link 323 690 15402 0 2.53382215
Link 239 35 15406 0 0.95788935
Link 64 979 15420 0 -1.80186741
Link 475 1824 15431 0 3.72068339
Link 1824 416 15432 0 -0.27256423
Link 272 812 15442 0 -3.51053611
Link 239 449 15453 0 -2.41607343
Link 957 186 15504 0 -3.21539551
Link 62 234 15505 0 1.02256603
Link 330 1835 15530 0 2.07621416
Link 1835 1247 15531 0 -0.64175986
Link 1477 1477 15559 1 -0.92622666
Link 7 1839 15592 0 1.73977871
Link 185 1841 15609 0 -3.39088181
Link 1841 507 15610 0 0.02892380
Link 470 696 15617 0 -2.54215033
Link 926 501 15628 0 -0.20294822
Link 1060 60 15664 0 2.61674065
Link 416 700 15681 0 2.87938440
Link 44 1849 15705 1 3.06522755
Link 1849 44 15706 1 -1.77752699
Link 25 17 15712 0 0.93418646
Link 65 1850 15732 0 -0.05353141
Link 1850 837 15733 0 -1.79793307
Link 1020 1851 15744 0 1.07709882
Link 1851 50 15745 0 -0.22210703
Link 311 85 15756 0 2.63555093
Link 4 196 15800 0 0.62981223
Link 1638 1453 15851 1 -0.23172968
Link 517 425 15948 0 -0.61491743
Link 138 201 15951 0 1.29365054
Link 272 11 16013 0 -2.28462261
Link 1399 1883 16022 0 0.42674667
Link 1883 246 16023 0 0.29109205
Link 1318 323 16034 0 1.88922175
Link 486 412 16047 0 3.89463337
Link 377 1824 16057 1 0.84569197
Link 316 425 16083 1 2.22018913
Link 265 11 16092 0 0.53365078
Link 1320 11 16118 0 0.98893736
Link 501 14 16172 0 0.58296723
Link 461 39 16186 1 -1.24384719
Link 294 19 16197 1 0.82606598
Link 1839 1901 16242 0 -1.43053056
Link 1901 13 16243 0 -0.02189194
Link 594 43 16331 0 -2.87343234
Link 511 1910 16333 1 -1.46639968
Link 1910 303 16334 1 0.68195805
Link 277 906 16371 0 -1.56489017
Link 769 867 16440 0 -1.87045366
Link 27 124 16496 0 2.51626183
Link 979 1143 16511 1 1.69597213
Link 609 1133 16629 0 0.10981707
Link 530 128 16703 0 -1.78075228
Link 622 1208 16726 0 1.74339632
Link 321 689 16846 0 3.15396268
Link 398 94 16870 0 -3.60525835
Link 933 1318 16887 0 -1.94460240
Link 534 324 16894 0 -3.09215919
Link 215 715 16923 0 -0.35596858
Link 56 108 16936 0 3.79621819
Link 783 1160 16978 0 -4.11231720
Link 644 455 17046 0 1.03325592
Link 32 45 17060 0 0.07614121
Link 16 1972 17065 1 -1.28678460
Link 1972 696 17066 1 -1.97578109
Link 344 442 17135 0 1.13137397
Link 3 1987 17228 0 2.81991567
Link 1987 1563 17229 0 1.24129141
Link 56 69 17276 1 -0.98242760
Link 1732 295 17316 0 -1.47195647
Link 186 1540 17354 0 -2.66548232
Link 45 1999 17356 0 2.39772812
Link 1999 710 17357 0 -0.89554773
Link 261 1182 17377 1 0.76444293
Link 185 2014 17544 0 2.03577560
Link 2014 500 17545 0 -0.91790412
Link 138 116 18004 0 -3.56930824
Link 1723 2085 18187 0 -0.70012313
Link 2085 1481 18188 0 -0.20419250
Link 431 1208 18275 1 2.88174064
Link 1763 2120 18511 1 0.62760015
Link 2120 665 18512 1 -2.81759071
Link 1061 289 18715 1 -4.31964589
Link 1218 837 18836 1 -3.18454408
Link 1046 97 18946 0 1.42985011
Link 619 1168 19136 0 -5.04363822
Link 507 1415 19423 0 -0.46015907
Link 560 963 19611 0 -2.35908542
Link 1385 1251 19796 0 -3.17340663
GenomeEnd

