GenomeStart 84566
Neuron 1 1 0.00000000 1 0.00000000 0.00000000 0.00000000 0.00000000
Neuron 2 1 0.00000000 1 0.00000000 0.00000000 0.00000000 0.00000000
Neuron 3 1 0.00000000 1 0.00000000 0.00000000 0.00000000 0.00000000
Neuron 4 1 0.00000000 1 0.00000000 0.00000000 0.00000000 0.00000000
Neuron 5 1 0.00000000 1 0.00000000 0.00000000 0.00000000 0.00000000
Neuron 6 1 0.00000000 1 0.00000000 0.00000000 0.00000000 0.00000000
Neuron 7 1 0.00000000 1 0.00000000 0.00000000 0.00000000 0.00000000
Neuron 8 1 0.00000000 1 0.00000000 0.00000000 0.00000000 0.00000000
Neuron 9 2 0.00000000 1 0.00000000 0.00000000 0.00000000 0.00000000
Neuron 10 4 1.00000000 0 1.00000000 0.00000000 0.00000000 0.00000000
Neuron 11 4 1.00000000 0 1.00000000 0.00000000 0.00000000 0.00000000
Neuron 12 4 1.00000000 0 1.00000000 0.00000000 0.00000000 0.00000000
Neuron 13 4 1.00000000 0 1.00000000 0.00000000 0.00000000 0.00000000
Neuron 14 4 1.00000000 0 1.00000000 0.00000000 0.00000000 0.00000000
Neuron 15 4 1.00000000 0 1.00000000 0.00000000 0.00000000 0.00000000
Neuron 16 4 1.00000000 0 1.00000000 0.00000000 0.00000000 0.00000000
Neuron 17 3 0.50000000 1 1.00000000 0.00000000 0.00000000 0.00000000
Neuron 18 3 0.50000000 1 1.00000000 0.00000000 0.00000000 0.00000000
Neuron 19 3 0.50000000 1 1.00000000 0.00000000 0.00000000 0.00000000
Neuron 20 3 0.50000000 1 1.00000000 0.00000000 0.00000000 0.00000000
Neuron 21 3 0.50000000 1 1.00000000 0.00000000 0.00000000 0.00000000
Neuron 22 3 0.50000000 1 1.00000000 0.00000000 0.00000000 0.00000000
Neuron 23 3 0.50000000 1 1.00000000 0.00000000 0.00000000 0.00000000
Neuron 24 3 0.50000000 1 1.00000000 0.00000000 0.00000000 0.00000000
Neuron 25 3 0.50000000 1 1.00000000 0.00000000 0.00000000 0.00000000
Neuron 26 3 0.50000000 1 1.00000000 0.00000000 0.00000000 0.00000000
Neuron 27 3 0.50000000 1 1.00000000 0.00000000 0.00000000 0.00000000
Neuron 28 3 0.50000000 1 1.00000000 0.00000000 0.00000000 0.00000000
Neuron 29 3 0.50000000 1 1.00000000 0.00000000 0.00000000 0.00000000
Neuron 30 3 0.50000000 1 1.00000000 0.00000000 0.00000000 0.00000000
Neuron 31 3 0.50000000 1 1.00000000 0.00000000 0.00000000 0.00000000
Neuron 32 3 0.50000000 1 1.00000000 0.00000000 0.00000000 0.00000000
Neuron 33 3 0.50000000 1 1.00000000 0.00000000 0.00000000 0.00000000
Neuron 34 3 0.50000000 1 1.00000000 0.00000000 0.00000000 0.00000000
Neuron 35 3 0.50000000 1 1.00000000 0.00000000 0.00000000 0.00000000
Neuron 36 3 0.50000000 1 1.00000000 0.00000000 0.00000000 0.00000000
Neuron 38 3 0.50000000 1 1.00000000 0.00000000 0.00000000 0.00000000
Neuron 39 3 0.50000000 1 1.00000000 0.00000000 0.00000000 0.00000000
Neuron 41 3 0.50000000 1 1.00000000 0.00000000 0.00000000 0.00000000
Neuron 42 3 0.50000000 1 1.00000000 0.00000000 0.00000000 0.00000000
Neuron 43 3 0.50000000 1 1.00000000 0.00000000 0.00000000 0.00000000
Neuron 44 3 0.50000000 1 1.00000000 0.00000000 0.00000000 0.00000000
Neuron 45 3 0.50000000 1 1.00000000 0.00000000 0.00000000 0.00000000
Neuron 46 3 0.50000000 1 1.00000000 0.00000000 0.00000000 0.00000000
Neuron 47 3 0.50000000 1 1.00000000 0.00000000 0.00000000 0.00000000
Neuron 48 3 0.50000000 1 1.00000000 0.00000000 0.00000000 0.00000000
Neuron 50 3 0.50000000 1 1.00000000 0.00000000 0.00000000 0.00000000
Neuron 51 3 0.50000000 1 1.00000000 0.00000000 0.00000000 0.00000000
Neuron 52 3 0.50000000 1 1.00000000 0.00000000 0.00000000 0.00000000
Neuron 53 3 0.50000000 1 1.00000000 0.00000000 0.00000000 0.00000000
Neuron 55 3 0.50000000 1 1.00000000 0.00000000 0.00000000 0.00000000
Neuron 56 3 0.50000000 1 1.00000000 0.00000000 0.00000000 0.00000000
Neuron 57 3 0.50000000 1 1.00000000 0.00000000 0.00000000 0.00000000
Neuron 58 3 0.50000000 1 1.00000000 0.00000000 0.00000000 0.00000000
Neuron 59 3 0.50000000 1 1.00000000 0.00000000 0.00000000 0.00000000
Neuron 60 3 0.50000000 1 1.00000000 0.00000000 0.00000000 0.00000000
Neuron 62 3 0.50000000 1 1.00000000 0.00000000 0.00000000 0.00000000
Neuron 63 3 0.50000000 1 1.00000000 0.00000000 0.00000000 0.00000000
Neuron 65 3 0.50000000 1 1.00000000 0.00000000 0.00000000 0.00000000
Neuron 66 3 0.75000000 1 1.00000000 0.00000000 0.00000000 0.00000000
Neuron 68 3 0.50000000 1 1.00000000 0.00000000 0.00000000 0.00000000
Neuron 69 3 0.25000000 1 1.00000000 0.00000000 0.00000000 0.00000000
Neuron 70 3 0.50000000 1 1.00000000 0.00000000 0.00000000 0.00000000
Neuron 71 3 0.75000000 1 1.00000000 0.00000000 0.00000000 0.00000000
Neuron 83 3 0.25000000 1 1.00000000 0.00000000 0.00000000 0.00000000
Neuron 85 3 0.75000000 1 1.00000000 0.00000000 0.00000000 0.00000000
Neuron 86 3 0.25000000 1 1.00000000 0.00000000 0.00000000 0.00000000
Neuron 87 3 0.50000000 1 1.00000000 0.00000000 0.00000000 0.00000000
Neuron 88 3 0.50000000 1 1.00000000 0.00000000 0.00000000 0.00000000
Neuron 89 3 0.25000000 1 1.00000000 0.00000000 0.00000000 0.00000000
Neuron 90 3 0.25000000 1 1.00000000 0.00000000 0.00000000 0.00000000
Neuron 94 3 0.75000000 1 1.00000000 0.00000000 0.00000000 0.00000000
Neuron 99 3 0.25000000 1 1.00000000 0.00000000 0.00000000 0.00000000
Neuron 101 3 0.25000000 1 1.00000000 0.00000000 0.00000000 0.00000000
Neuron 107 3 0.75000000 1 1.00000000 0.00000000 0.00000000 0.00000000
Neuron 108 3 0.75000000 1 1.00000000 0.00000000 0.00000000 0.00000000
Neuron 112 3 0.87500000 1 1.00000000 0.00000000 0.00000000 0.00000000
Neuron 116 3 0.25000000 1 1.00000000 0.00000000 0.00000000 0.00000000
Neuron 124 3 0.75000000 1 1.00000000 0.00000000 0.00000000 0.00000000
Neuron 126 3 0.75000000 1 1.00000000 0.00000000 0.00000000 0.00000000
Neuron 128 3 0.75000000 1 1.00000000 0.00000000 0.00000000 0.00000000
Neuron 132 3 0.25000000 1 1.00000000 0.00000000 0.00000000 0.00000000
Neuron 138 3 0.25000000 1 1.00000000 0.00000000 0.00000000 0.00000000
Neuron 139 3 0.75000000 1 1.00000000 0.00000000 0.00000000 0.00000000
Neuron 140 3 0.25000000 1 1.00000000 0.00000000 0.00000000 0.00000000
Neuron 143 3 0.75000000 1 1.00000000 0.00000000 0.00000000 0.00000000
Neuron 156 3 0.25000000 1 1.00000000 0.00000000 0.00000000 0.00000000
Neuron 164 3 0.25000000 1 1.00000000 0.00000000 0.00000000 0.00000000
Neuron 165 3 0.62500000 1 1.00000000 0.00000000 0.00000000 0.00000000
Neuron 167 3 0.25000000 1 1.00000000 0.00000000 0.00000000 0.00000000
Neuron 171 3 0.25000000 1 1.00000000 0.00000000 0.00000000 0.00000000
Neuron 174 3 0.75000000 1 1.00000000 0.00000000 0.00000000 0.00000000
Neuron 177 3 0.75000000 1 1.00000000 0.00000000 0.00000000 0.00000000
Neuron 182 3 0.25000000 1 1.00000000 0.00000000 0.00000000 0.00000000
Neuron 185 3 0.25000000 1 1.00000000 0.00000000 0.00000000 0.00000000
Neuron 186 3 0.50000000 1 1.00000000 0.00000000 0.00000000 0.00000000
Neuron 194 3 0.50000000 1 1.00000000 0.00000000 0.00000000 0.00000000
Neuron 196 3 0.75000000 1 1.00000000 0.00000000 0.00000000 0.00000000
Neuron 197 3 0.25000000 1 1.00000000 0.00000000 0.00000000 0.00000000
Neuron 200 3 0.25000000 1 1.00000000 0.00000000 0.00000000 0.00000000
Neuron 201 3 0.25000000 1 1.00000000 0.00000000 0.00000000 0.00000000
Neuron 204 3 0.25000000 1 1.00000000 0.00000000 0.00000000 0.00000000
Neuron 213 3 0.62500000 1 1.00000000 0.00000000 0.00000000 0.00000000
Neuron 215 3 0.50000000 1 1.00000000 0.00000000 0.00000000 0.00000000
Neuron 229 3 0.25000000 1 1.00000000 0.00000000 0.00000000 0.00000000
Neuron 230 3 0.37500000 1 1.00000000 0.00000000 0.00000000 0.00000000
Neuron 231 3 0.12500000 1 1.00000000 0.00000000 0.00000000 0.00000000
Neuron 234 3 0.87500000 1 1.00000000 0.00000000 0.00000000 0.00000000
Neuron 236 3 0.25000000 1 1.00000000 0.00000000 0.00000000 0.00000000
Neuron 239 3 0.25000000 1 1.00000000 0.00000000 0.00000000 0.00000000
Neuron 242 3 0.75000000 1 1.00000000 0.00000000 0.00000000 0.00000000
Neuron 243 3 0.75000000 1 1.00000000 0.00000000 0.00000000 0.00000000
Neuron 245 3 0.25000000 1 1.00000000 0.00000000 0.00000000 0.00000000
Neuron 246 3 0.75000000 1 1.00000000 0.00000000 0.00000000 0.00000000
Neuron 261 3 0.75000000 1 1.00000000 0.00000000 0.00000000 0.00000000
Neuron 265 3 0.25000000 1 1.00000000 0.00000000 0.00000000 0.00000000
Neuron 272 3 0.25000000 1 1.00000000 0.00000000 0.00000000 0.00000000
Neuron 275 3 0.75000000 1 1.00000000 0.00000000 0.00000000 0.00000000
Neuron 277 3 0.12500000 1 1.00000000 0.00000000 0.00000000 0.00000000
Neuron 282 3 0.25000000 1 1.00000000 0.00000000 0.00000000 0.00000000
Neuron 284 3 0.87500000 1 1.00000000 0.00000000 0.00000000 0.00000000
Neuron 289 3 0.37500000 1 1.00000000 0.00000000 0.00000000 0.00000000
Neuron 294 3 0.75000000 1 1.00000000 0.00000000 0.00000000 0.00000000
Neuron 302 3 0.50000000 1 1.00000000 0.00000000 0.00000000 0.00000000
Neuron 303 3 0.50000000 1 1.00000000 0.00000000 0.00000000 0.00000000
Neuron 304 3 0.50000000 1 1.00000000 0.00000000 0.00000000 0.00000000
Neuron 308 3 0.12500000 1 1.00000000 0.00000000 0.00000000 0.00000000
Neuron 316 3 0.62500000 1 1.00000000 0.00000000 0.00000000 0.00000000
Neuron 320 3 0.12500000 1 1.00000000 0.00000000 0.00000000 0.00000000
Neuron 321 3 0.75000000 1 1.00000000 0.00000000 0.00000000 0.00000000
Neuron 323 3 0.25000000 1 1.00000000 0.00000000 0.00000000 0.00000000
Neuron 324 3 0.50000000 1 1.00000000 0.00000000 0.00000000 0.00000000
Neuron 330 3 0.25000000 1 1.00000000 0.00000000 0.00000000 0.00000000
Neuron 340 3 0.50000000 1 1.00000000 0.00000000 0.00000000 0.00000000
Neuron 344 3 0.25000000 1 1.00000000 0.00000000 0.00000000 0.00000000
Neuron 350 3 0.50000000 1 1.00000000 0.00000000 0.00000000 0.00000000
Neuron 352 3 0.50000000 1 1.00000000 0.00000000 0.00000000 0.00000000
Neuron 361 3 0.75000000 1 1.00000000 0.00000000 0.00000000 0.00000000
Neuron 363 3 0.62500000 1 1.00000000 0.00000000 0.00000000 0.00000000
Neuron 366 3 0.50000000 1 1.00000000 0.00000000 0.00000000 0.00000000
Neuron 377 3 0.75000000 1 1.00000000 0.00000000 0.00000000 0.00000000
Neuron 378 3 0.25000000 1 1.00000000 0.00000000 0.00000000 0.00000000
Neuron 385 3 0.75000000 1 1.00000000 0.00000000 0.00000000 0.00000000
Neuron 390 3 0.50000000 1 1.00000000 0.00000000 0.00000000 0.00000000
Neuron 392 3 0.87500000 1 1.00000000 0.00000000 0.00000000 0.00000000
Neuron 394 3 0.75000000 1 1.00000000 0.00000000 0.00000000 0.00000000
Neuron 398 3 0.37500000 1 1.00000000 0.00000000 0.00000000 0.00000000
Neuron 412 3 0.75000000 1 1.00000000 0.00000000 0.00000000 0.00000000
Neuron 416 3 0.50000000 1 1.00000000 0.00000000 0.00000000 0.00000000
Neuron 422 3 0.50000000 1 1.00000000 0.00000000 0.00000000 0.00000000
Neuron 424 3 0.50000000 1 1.00000000 0.00000000 0.00000000 0.00000000
Neuron 425 3 0.50000000 1 1.00000000 0.00000000 0.00000000 0.00000000
Neuron 433 3 0.81250000 1 1.00000000 0.00000000 0.00000000 0.00000000
Neuron 435 3 0.87500000 1 1.00000000 0.00000000 0.00000000 0.00000000
Neuron 440 3 0.12500000 1 1.00000000 0.00000000 0.00000000 0.00000000
Neuron 442 3 0.93750000 1 1.00000000 0.00000000 0.00000000 0.00000000
Neuron 446 3 0.25000000 1 1.00000000 0.00000000 0.00000000 0.00000000
Neuron 448 3 0.56250000 1 1.00000000 0.00000000 0.00000000 0.00000000
Neuron 449 3 0.50000000 1 1.00000000 0.00000000 0.00000000 0.00000000
Neuron 454 3 0.50000000 1 1.00000000 0.00000000 0.00000000 0.00000000
Neuron 455 3 0.50000000 1 1.00000000 0.00000000 0.00000000 0.00000000
Neuron 458 3 0.50000000 1 1.00000000 0.00000000 0.00000000 0.00000000
Neuron 461 3 0.75000000 1 1.00000000 0.00000000 0.00000000 0.00000000
Neuron 467 3 0.37500000 1 1.00000000 0.00000000 0.00000000 0.00000000
Neuron 470 3 0.50000000 1 1.00000000 0.00000000 0.00000000 0.00000000
Neuron 473 3 0.50000000 1 1.00000000 0.00000000 0.00000000 0.00000000
Neuron 475 3 0.25000000 1 1.00000000 0.00000000 0.00000000 0.00000000
Neuron 477 3 0.81250000 1 1.00000000 0.00000000 0.00000000 0.00000000
Neuron 478 3 0.56250000 1 1.00000000 0.00000000 0.00000000 0.00000000
Neuron 486 3 0.62500000 1 1.00000000 0.00000000 0.00000000 0.00000000
Neuron 500 3 0.75000000 1 1.00000000 0.00000000 0.00000000 0.00000000
Neuron 502 3 0.50000000 1 1.00000000 0.00000000 0.00000000 0.00000000
Neuron 507 3 0.50000000 1 1.00000000 0.00000000 0.00000000 0.00000000
Neuron 509 3 0.50000000 1 1.00000000 0.00000000 0.00000000 0.00000000
Neuron 511 3 0.50000000 1 1.00000000 0.00000000 0.00000000 0.00000000
Neuron 513 3 0.87500000 1 1.00000000 0.00000000 0.00000000 0.00000000
Neuron 515 3 0.50000000 1 1.00000000 0.00000000 0.00000000 0.00000000
Neuron 516 3 0.75000000 1 1.00000000 0.00000000 0.00000000 0.00000000
Neuron 519 3 0.75000000 1 1.00000000 0.00000000 0.00000000 0.00000000
Neuron 523 3 0.50000000 1 1.00000000 0.00000000 0.00000000 0.00000000
Neuron 525 3 0.87500000 1 1.00000000 0.00000000 0.00000000 0.00000000
Neuron 526 3 0.50000000 1 1.00000000 0.00000000 0.00000000 0.00000000
Neuron 530 3 0.50000000 1 1.00000000 0.00000000 0.00000000 0.00000000
Neuron 531 3 0.50000000 1 1.00000000 0.00000000 0.00000000 0.00000000
Neuron 533 3 0.87500000 1 1.00000000 0.00000000 0.00000000 0.00000000
Neuron 534 3 0.25000000 1 1.00000000 0.00000000 0.00000000 0.00000000
Neuron 539 3 0.37500000 1 1.00000000 0.00000000 0.00000000 0.00000000
Neuron 541 3 0.75000000 1 1.00000000 0.00000000 0.00000000 0.00000000
Neuron 544 3 0.50000000 1 1.00000000 0.00000000 0.00000000 0.00000000
Neuron 562 3 0.50000000 1 1.00000000 0.00000000 0.00000000 0.00000000
Neuron 577 3 0.62500000 1 1.00000000 0.00000000 0.00000000 0.00000000
Neuron 587 3 0.25000000 1 1.00000000 0.00000000 0.00000000 0.00000000
Neuron 588 3 0.31250000 1 1.00000000 0.00000000 0.00000000 0.00000000
Neuron 590 3 0.75000000 1 1.00000000 0.00000000 0.00000000 0.00000000
Neuron 594 3 0.50000000 1 1.00000000 0.00000000 0.00000000 0.00000000
Neuron 600 3 0.50000000 1 1.00000000 0.00000000 0.00000000 0.00000000
Neuron 608 3 0.62500000 1 1.00000000 0.00000000 0.00000000 0.00000000
Neuron 609 3 0.50000000 1 1.00000000 0.00000000 0.00000000 0.00000000
Neuron 613 3 0.37500000 1 1.00000000 0.00000000 0.00000000 0.00000000
Neuron 619 3 0.50000000 1 1.00000000 0.00000000 0.00000000 0.00000000
Neuron 620 3 0.25000000 1 1.00000000 0.00000000 0.00000000 0.00000000
Neuron 621 3 0.81250000 1 1.00000000 0.00000000 0.00000000 0.00000000
Neuron 622 3 0.37500000 1 1.00000000 0.00000000 0.00000000 0.00000000
Neuron 631 3 0.68750000 1 1.00000000 0.00000000 0.00000000 0.00000000
Neuron 638 3 0.62500000 1 1.00000000 0.00000000 0.00000000 0.00000000
Neuron 641 3 0.50000000 1 1.00000000 0.00000000 0.00000000 0.00000000
Neuron 642 3 0.62500000 1 1.00000000 0.00000000 0.00000000 0.00000000
Neuron 644 3 0.25000000 1 1.00000000 0.00000000 0.00000000 0.00000000
Neuron 649 3 0.25000000 1 1.00000000 0.00000000 0.00000000 0.00000000
Neuron 650 3 0.75000000 1 1.00000000 0.00000000 0.00000000 0.00000000
Neuron 656 3 0.12500000 1 1.00000000 0.00000000 0.00000000 0.00000000
Neuron 664 3 0.50000000 1 1.00000000 0.00000000 0.00000000 0.00000000
Neuron 665 3 0.62500000 1 1.00000000 0.00000000 0.00000000 0.00000000
Neuron 666 3 0.25000000 1 1.00000000 0.00000000 0.00000000 0.00000000
Neuron 670 3 0.50000000 1 1.00000000 0.00000000 0.00000000 0.00000000
Neuron 674 3 0.37500000 1 1.00000000 0.00000000 0.00000000 0.00000000
Neuron 689 3 0.93750000 1 1.00000000 0.00000000 0.00000000 0.00000000
Neuron 690 3 0.37500000 1 1.00000000 0.00000000 0.00000000 0.00000000
Neuron 695 3 0.84375000 1 1.00000000 0.00000000 0.00000000 0.00000000
Neuron 700 3 0.50000000 1 1.00000000 0.00000000 0.00000000 0.00000000
Neuron 704 3 0.53125000 1 1.00000000 0.00000000 0.00000000 0.00000000
Neuron 706 3 0.87500000 1 1.00000000 0.00000000 0.00000000 0.00000000
Neuron 712 3 0.06250000 1 1.00000000 0.00000000 0.00000000 0.00000000
Neuron 715 3 0.50000000 1 1.00000000 0.00000000 0.00000000 0.00000000
Neuron 727 3 0.25000000 1 1.00000000 0.00000000 0.00000000 0.00000000
Neuron 728 3 0.68750000 1 1.00000000 0.00000000 0.00000000 0.00000000
Neuron 734 3 0.37500000 1 1.00000000 0.00000000 0.00000000 0.00000000
Neuron 744 3 0.50000000 1 1.00000000 0.00000000 0.00000000 0.00000000
Neuron 752 3 0.50000000 1 1.00000000 0.00000000 0.00000000 0.00000000
Neuron 765 3 0.75000000 1 1.00000000 0.00000000 0.00000000 0.00000000
Neuron 769 3 0.50000000 1 1.00000000 0.00000000 0.00000000 0.00000000
Neuron 776 3 0.25000000 1 1.00000000 0.00000000 0.00000000 0.00000000
Neuron 783 3 0.75000000 1 1.00000000 0.00000000 0.00000000 0.00000000
Neuron 785 3 0.25000000 1 1.00000000 0.00000000 0.00000000 0.00000000
Neuron 790 3 0.62500000 1 1.00000000 0.00000000 0.00000000 0.00000000
Neuron 803 3 0.50000000 1 1.00000000 0.00000000 0.00000000 0.00000000
Neuron 812 3 0.84375000 1 1.00000000 0.00000000 0.00000000 0.00000000
Neuron 820 3 0.87500000 1 1.00000000 0.00000000 0.00000000 0.00000000
Neuron 830 3 0.62500000 1 1.00000000 0.00000000 0.00000000 0.00000000
Neuron 834 3 0.37500000 1 1.00000000 0.00000000 0.00000000 0.00000000
Neuron 837 3 0.50000000 1 1.00000000 0.00000000 0.00000000 0.00000000
Neuron 840 3 0.75000000 1 1.00000000 0.00000000 0.00000000 0.00000000
Neuron 843 3 0.59375000 1 1.00000000 0.00000000 0.00000000 0.00000000
Neuron 846 3 0.31250000 1 1.00000000 0.00000000 0.00000000 0.00000000
Neuron 852 3 0.37500000 1 1.00000000 0.00000000 0.00000000 0.00000000
Neuron 853 3 0.62500000 1 1.00000000 0.00000000 0.00000000 0.00000000
Neuron 859 3 0.68750000 1 1.00000000 0.00000000 0.00000000 0.00000000
Neuron 867 3 0.50000000 1 1.00000000 0.00000000 0.00000000 0.00000000
Neuron 869 3 0.25000000 1 1.00000000 0.00000000 0.00000000 0.00000000
Neuron 878 3 0.87500000 1 1.00000000 0.00000000 0.00000000 0.00000000
Neuron 898 3 0.50000000 1 1.00000000 0.00000000 0.00000000 0.00000000
Neuron 902 3 0.87500000 1 1.00000000 0.00000000 0.00000000 0.00000000
Neuron 906 3 0.50000000 1 1.00000000 0.00000000 0.00000000 0.00000000
Neuron 923 3 0.90625000 1 1.00000000 0.00000000 0.00000000 0.00000000
Neuron 926 3 0.37500000 1 1.00000000 0.00000000 0.00000000 0.00000000
Neuron 933 3 0.12500000 1 1.00000000 0.00000000 0.00000000 0.00000000
Neuron 945 3 0.75000000 1 1.00000000 0.00000000 0.00000000 0.00000000
Neuron 948 3 0.12500000 1 1.00000000 0.00000000 0.00000000 0.00000000
Neuron 962 3 0.25000000 1 1.00000000 0.00000000 0.00000000 0.00000000
Neuron 963 3 0.68750000 1 1.00000000 0.00000000 0.00000000 0.00000000
Neuron 979 3 0.93750000 1 1.00000000 0.00000000 0.00000000 0.00000000
Neuron 984 3 0.50000000 1 1.00000000 0.00000000 0.00000000 0.00000000
Neuron 995 3 0.50000000 1 1.00000000 0.00000000 0.00000000 0.00000000
Neuron 1005 3 0.81250000 1 1.00000000 0.00000000 0.00000000 0.00000000
Neuron 1011 3 0.12500000 1 1.00000000 0.00000000 0.00000000 0.00000000
Neuron 1012 3 0.50000000 1 1.00000000 0.00000000 0.00000000 0.00000000
Neuron 1015 3 0.43750000 1 1.00000000 0.00000000 0.00000000 0.00000000
Neuron 1020 3 0.50000000 1 1.00000000 0.00000000 0.00000000 0.00000000
Neuron 1048 3 0.25000000 1 1.00000000 0.00000000 0.00000000 0.00000000
Neuron 1058 3 0.50000000 1 1.00000000 0.00000000 0.00000000 0.00000000
Neuron 1060 3 0.50000000 1 1.00000000 0.00000000 0.00000000 0.00000000
Neuron 1061 3 0.62500000 1 1.00000000 0.00000000 0.00000000 0.00000000
Neuron 1069 3 0.75000000 1 1.00000000 0.00000000 0.00000000 0.00000000
Neuron 1091 3 0.93750000 1 1.00000000 0.00000000 0.00000000 0.00000000
Neuron 1093 3 0.75000000 1 1.00000000 0.00000000 0.00000000 0.00000000
Neuron 1095 3 0.50000000 1 1.00000000 0.00000000 0.00000000 0.00000000
Neuron 1126 3 0.62500000 1 1.00000000 0.00000000 0.00000000 0.00000000
Neuron 1127 3 0.40625000 1 1.00000000 0.00000000 0.00000000 0.00000000
Neuron 1133 3 0.50000000 1 1.00000000 0.00000000 0.00000000 0.00000000
Neuron 1141 3 0.25000000 1 1.00000000 0.00000000 0.00000000 0.00000000
Neuron 1143 3 0.50000000 1 1.00000000 0.00000000 0.00000000 0.00000000
Neuron 1160 3 0.87500000 1 1.00000000 0.00000000 0.00000000 0.00000000
Neuron 1170 3 0.65625000 1 1.00000000 0.00000000 0.00000000 0.00000000
Neuron 1173 3 0.50000000 1 1.00000000 0.00000000 0.00000000 0.00000000
Neuron 1181 3 0.25000000 1 1.00000000 0.00000000 0.00000000 0.00000000
Neuron 1182 3 0.50000000 1 1.00000000 0.00000000 0.00000000 0.00000000
Neuron 1202 3 0.25000000 1 1.00000000 0.00000000 0.00000000 0.00000000
Neuron 1206 3 0.25000000 1 1.00000000 0.00000000 0.00000000 0.00000000
Neuron 1208 3 0.50000000 1 1.00000000 0.00000000 0.00000000 0.00000000
Neuron 1211 3 0.50000000 1 1.00000000 0.00000000 0.00000000 0.00000000
Neuron 1247 3 0.50000000 1 1.00000000 0.00000000 0.00000000 0.00000000
Neuron 1249 3 0.06250000 1 1.00000000 0.00000000 0.00000000 0.00000000
Neuron 1251 3 0.75000000 1 1.00000000 0.00000000 0.00000000 0.00000000
Neuron 1318 3 0.12500000 1 1.00000000 0.00000000 0.00000000 0.00000000
Neuron 1320 3 0.25000000 1 1.00000000 0.00000000 0.00000000 0.00000000
Neuron 1328 3 0.50000000 1 1.00000000 0.00000000 0.00000000 0.00000000
Neuron 1340 3 0.25000000 1 1.00000000 0.00000000 0.00000000 0.00000000
Neuron 1341 3 0.50000000 1 1.00000000 0.00000000 0.00000000 0.00000000
Neuron 1349 3 0.31250000 1 1.00000000 0.00000000 0.00000000 0.00000000
Neuron 1357 3 0.50000000 1 1.00000000 0.00000000 0.00000000 0.00000000
Neuron 1370 3 0.50000000 1 1.00000000 0.00000000 0.00000000 0.00000000
Neuron 1415 3 0.50000000 1 1.00000000 0.00000000 0.00000000 0.00000000
Neuron 1435 3 0.50000000 1 1.00000000 0.00000000 0.00000000 0.00000000
Neuron 1442 3 0.50000000 1 1.00000000 0.00000000 0.00000000 0.00000000
Neuron 1444 3 0.50000000 1 1.00000000 0.00000000 0.00000000 0.00000000
Neuron 1483 3 0.37500000 1 1.00000000 0.00000000 0.00000000 0.00000000
Neuron 1592 3 0.46875000 1 1.00000000 0.00000000 0.00000000 0.00000000
Neuron 1617 3 0.25000000 1 1.00000000 0.00000000 0.00000000 0.00000000
Neuron 1639 3 0.31250000 1 1.00000000 0.00000000 0.00000000 0.00000000
Neuron 1716 3 0.75000000 1 1.00000000 0.00000000 0.00000000 0.00000000
Link 1 10 1 0 -1.76149737
Link 2 10 2 0 0.70937622
Link 3 10 3 0 -1.95491934
Link 4 10 4 0 1.19347006
Link 5 10 5 0 2.93853644
Link 6 10 6 0 -0.46459518
Link 7 10 7 0 -2.26179500
Link 9 10 9 0 -0.77764063
Link 1 11 10 0 -1.89657151
Link 2 11 11 0 1.79140410
Link 3 11 12 0 0.27125308
Link 4 11 13 0 -1.56722143
Link 5 11 14 0 1.04276434
Link 6 11 15 0 -3.76771598
Link 7 11 16 0 -1.25534060
Link 8 11 17 0 -3.40031931
Link 9 11 18 0 -3.00040541
Link 2 12 20 0 0.72719560
Link 3 12 21 0 2.55996599
Link 4 12 22 0 1.05053316
Link 5 12 23 0 -1.57512042
Link 6 12 24 0 2.68519269
Link 7 12 25 0 0.69142131
Link 8 12 26 0 -0.80368847
Link 9 12 27 0 0.09343679
Link 1 13 28 0 -3.33198273
Link 2 13 29 0 0.11491786
Link 3 13 30 0 2.98643618
Link 4 13 31 0 -1.84203418
Link 5 13 32 0 0.24932609
Link 6 13 33 0 2.98013097
Link 9 13 36 0 0.50672725
Link 1 14 37 0 1.26247007
Link 3 14 39 0 -0.61366131
Link 4 14 40 0 -2.60291045
Link 5 14 41 0 2.65357938
Link 6 14 42 0 0.24243776
Link 7 14 43 0 0.77765270
Link 8 14 44 0 3.92011673
Link 9 14 45 0 -1.23797075
Link 1 15 46 0 -3.98151983
Link 2 15 47 0 -1.40689109
Link 3 15 48 0 -2.00647243
Link 4 15 49 0 0.52392925
Link 5 15 50 0 0.76223225
Link 6 15 51 0 0.02831276
Link 7 15 52 0 -2.42420536
Link 8 15 53 0 2.30264264
Link 9 15 54 0 -0.74190183
Link 1 16 55 0 -2.76119682
Link 2 16 56 0 -0.17342764
Link 3 16 57 0 1.44556930
Link 4 16 58 0 1.11525741
Link 5 16 59 0 -0.92689961
Link 6 16 60 0 3.03956996
Link 7 16 61 0 -1.56080373
Link 8 16 62 0 -0.32066251
Link 9 16 63 0 -0.93414439
Link 7 17 65 0 -0.94414815
Link 17 15 66 0 0.81250387
Link 4 18 68 0 3.47298845
Link 18 12 69 0 -0.08539322
Link 4 19 71 0 -1.61590103
Link 3 20 74 0 -0.29780297
Link 20 14 75 0 1.54678098
Link 8 21 77 0 2.08420063
Link 21 12 78 0 -0.12077442
Link 22 10 81 0 -2.27869290
Link 6 23 83 0 2.27396078
Link 23 16 84 0 -1.02101901
Link 2 24 86 0 -1.84478686
Link 24 14 87 0 -3.90742609
Link 7 25 89 0 -0.39358264
Link 25 14 90 0 -2.10215442
Link 7 26 92 0 -1.99543704
Link 26 13 93 0 5.41276307
Link 1 27 95 0 2.41094542
Link 27 12 96 0 -2.88376153
Link 3 28 98 0 -2.32710295
Link 28 13 99 0 0.42983667
Link 8 29 101 0 -0.73174145
Link 29 13 102 0 -1.67345999
Link 8 30 104 0 0.34840233
Link 30 10 105 0 0.24796124
Link 2 31 107 0 0.63830967
Link 31 12 108 0 2.28092965
Link 3 32 110 0 -1.57706764
Link 32 15 111 0 -1.98206195
Link 8 33 113 0 -3.24727599
Link 33 14 114 0 -2.02612946
Link 6 34 117 0 0.91226225
Link 34 14 118 0 2.00283344
Link 1 35 120 0 -1.39917103
Link 35 11 121 0 -0.68182483
Link 2 36 123 0 -0.84375908
Link 36 13 124 0 -0.46127733
Link 2 38 129 0 -1.29582005
Link 38 16 130 0 0.96167610
Link 39 12 133 0 2.18094515
Link 4 41 138 0 3.57436494
Link 41 15 139 0 -1.69133548
Link 8 42 141 0 1.86235506
Link 42 16 142 0 -2.51276427
Link 3 43 144 0 -1.21361697
Link 43 16 145 0 1.37458617
Link 6 44 147 0 2.22310492
Link 44 12 148 0 0.51864132
Link 45 16 151 0 2.08438796
Link 1 46 153 0 -2.53133428
Link 46 14 154 0 0.75162251
Link 5 47 156 0 1.83419933
Link 47 15 157 0 -1.11281981
Link 2 48 159 0 -0.68670954
Link 48 11 160 0 1.49533834
Link 50 11 167 0 2.02221381
Link 4 51 174 0 -0.48663676
Link 51 16 175 0 -2.08280851
Link 5 52 177 0 0.20696688
Link 52 14 178 0 -4.33278966
Link 2 53 181 0 -1.62649369
Link 55 11 190 0 -2.53339135
Link 9 44 191 0 -0.99957249
Link 7 46 193 0 0.89105174
Link 5 56 196 0 -0.45677243
Link 56 13 197 0 -0.70835044
Link 8 57 200 0 1.76240202
Link 57 15 201 0 0.32198018
Link 8 58 205 0 2.71688803
Link 4 60 213 0 -0.27519629
Link 60 10 214 0 3.21988263
Link 7 62 222 0 2.64656736
Link 62 10 223 0 3.64457273
Link 29 16 230 0 -0.10018277
Link 63 10 237 0 0.09933839
Link 1 65 250 0 4.55614433
Link 65 16 251 0 3.51770867
Link 2 17 258 0 1.21852966
Link 59 66 260 0 0.06269171
Link 66 10 261 0 -2.46853067
Link 10 57 263 1 3.59796515
Link 3 68 279 0 3.03846845
Link 68 10 280 0 -2.16981379
Link 47 47 293 1 1.64195156
Link 69 29 298 0 -0.52518281
Link 8 55 305 0 -1.15334837
Link 70 13 308 0 0.74106970
Link 46 71 310 0 -0.26608784
Link 12 43 314 1 2.08364039
Link 3 56 315 0 -4.39447353
Link 17 13 371 0 1.17813759
Link 5 65 374 0 -0.74041501
Link 27 11 387 0 0.70519144
Link 5 83 415 0 0.47801227
Link 83 56 416 0 -0.40545975
Link 19 85 424 0 1.65466603
Link 4 86 427 0 -1.83803296
Link 86 41 428 0 0.95676303
Link 87 15 439 0 0.47195273
Link 6 88 442 0 0.99848452
Link 88 15 443 0 -0.09599769
Link 4 89 450 0 2.81584046
Link 89 19 451 0 0.54031777
Link 4 90 453 0 -0.72988451
Link 90 51 454 0 -3.57728386
Link 41 94 481 0 1.36405676
Link 94 15 482 0 -0.51705132
Link 13 21 492 1 2.16397763
Link 7 99 514 0 1.64925259
Link 99 26 515 0 0.19521976
Link 12 41 530 1 2.46532468
Link 17 11 532 0 1.53556174
Link 62 62 534 1 -1.95285226
Link 1 101 542 0 2.58296410
Link 101 18 543 0 -1.71551737
Link 50 10 554 0 -0.00743761
Link 35 107 595 0 3.13957410
Link 107 11 596 0 -1.61718565
Link 4 33 603 0 1.64492680
Link 31 108 609 0 1.04641573
Link 108 12 610 0 0.60649881
Link 62 50 623 0 -2.02663556
Link 85 112 639 0 2.92893711
Link 112 14 640 0 0.14219341
Link 25 25 653 1 -2.03643793
Link 3 19 655 0 -3.95401292
Link 8 116 671 0 1.75417392
Link 2 41 688 0 0.90989045
Link 88 124 711 0 0.06364287
Link 124 15 712 0 2.75946701
Link 29 29 719 1 0.89030149
Link 22 126 730 0 0.51351594
Link 126 10 731 0 0.91199790
Link 18 13 739 0 0.35914344
Link 62 128 750 0 0.32325108
Link 128 10 751 0 0.19083166
Link 8 22 765 0 -1.32988208
Link 5 132 787 0 2.22413919
Link 132 39 788 0 2.49367613
Link 7 47 806 0 2.03238791
Link 138 31 821 0 1.06605143
Link 30 139 824 0 0.16589172
Link 139 10 825 0 0.69694629
Link 6 140 836 0 -2.07733692
Link 140 88 837 0 2.51758484
Link 24 143 853 0 -1.98736431
Link 143 14 854 0 0.35476675
Link 60 11 894 0 -0.41977811
Link 57 39 910 0 0.67995337
Link 4 63 930 0 3.73036236
Link 34 60 940 0 -2.18828008
Link 14 85 948 1 0.77571557
Link 8 156 956 0 0.22123509
Link 156 57 957 0 1.21261208
Link 5 164 1005 0 3.31274841
Link 164 52 1006 0 1.37807797
Link 1 167 1024 0 -2.76774407
Link 167 35 1025 0 0.10878726
Link 2 171 1054 0 1.74196258
Link 171 24 1055 0 -1.68280290
Link 28 174 1070 0 0.35599906
Link 174 13 1071 0 1.34586761
Link 60 177 1092 0 -3.29320261
Link 177 10 1093 0 2.19981679
Link 6 182 1115 0 0.35721891
Link 182 22 1116 0 1.88157997
Link 52 88 1124 0 -0.65460125
Link 22 22 1134 1 -4.38964205
Link 5 185 1153 0 -0.46637638
Link 185 59 1154 0 -0.13328544
Link 62 186 1156 0 -0.16466575
Link 186 50 1157 0 0.36012015
Link 11 30 1223 1 1.42802574
Link 17 194 1226 0 1.69870926
Link 194 18 1227 0 0.63094677
Link 17 196 1237 0 1.20702274
Link 196 13 1238 0 -0.75946150
Link 1 197 1242 0 0.93949289
Link 197 63 1243 0 3.50217302
Link 52 52 1245 1 0.50547359
Link 4 200 1261 0 -0.75971333
Link 200 60 1262 0 -2.33385574
Link 3 201 1264 0 0.45244295
Link 6 204 1276 0 2.22439688
Link 204 41 1277 0 -0.99160337
Link 29 88 1284 0 -0.20093279
Link 19 200 1314 1 -2.52197472
Link 4 56 1327 0 3.01009710
Link 41 213 1353 0 1.38597293
Link 213 94 1354 0 0.69052612
Link 8 215 1363 0 -1.16107079
Link 215 13 1364 0 2.10569756
Link 200 15 1406 0 1.75212022
Link 16 68 1426 1 -2.59194246
Link 7 229 1437 0 -2.89107198
Link 229 45 1438 0 0.51828036
Link 197 230 1443 0 0.56926665
Link 230 63 1444 0 -2.91932664
Link 8 231 1447 0 1.00000000
Link 231 69 1448 0 0.44425602
Link 124 234 1468 0 0.38613792
Link 4 236 1481 0 -0.49709323
Link 236 70 1482 0 -1.77013625
Link 20 33 1496 0 -1.32193944
Link 8 239 1498 0 1.11058314
Link 239 215 1499 0 -1.45349349
Link 68 242 1511 0 -0.48284655
Link 52 243 1514 0 1.22845094
Link 243 14 1515 0 0.94800625
Link 3 245 1525 0 1.22640520
Link 245 20 1526 0 -2.03598053
Link 53 246 1533 0 1.03926054
Link 246 10 1534 0 -0.28780977
Link 9 26 1567 0 3.44088429
Link 9 200 1609 0 1.17822974
Link 25 261 1629 0 -1.59881171
Link 261 14 1630 0 2.33540530
Link 5 265 1668 0 0.90170716
Link 265 65 1669 0 -1.29203774
Link 6 200 1687 0 1.70555991
Link 4 21 1707 0 -0.98858944
Link 1 272 1709 0 1.63756502
Link 272 21 1710 0 1.06707816
Link 16 275 1722 1 -2.11635001
Link 275 68 1723 1 -1.33292153
Link 4 277 1751 0 -1.98646886
Link 277 86 1752 0 -1.99873091
Link 8 282 1813 0 0.62611159
Link 282 22 1814 0 1.93554218
Link 45 45 1824 1 1.58187963
Link 246 284 1829 0 0.98979513
Link 284 10 1830 0 -1.16530597
Link 19 289 1857 1 0.23228884
Link 289 200 1858 1 -1.45005192
Link 56 14 1877 0 -3.08602138
Link 13 294 1883 1 2.40080798
Link 39 15 1892 0 4.69024565
Link 26 302 1931 0 2.23723973
Link 302 18 1932 0 -0.17983445
Link 6 197 1933 0 0.08762205
Link 44 303 1936 1 2.51332359
Link 303 44 1937 1 0.83779868
Link 304 12 1941 0 3.05423963
Link 46 45 1952 0 0.06829861
Link 6 308 1961 0 -0.37887982
Link 308 200 1962 0 1.27931971
Link 21 51 1988 0 2.44402789
Link 294 316 2008 1 -2.38727211
Link 316 48 2009 1 0.23705331
Link 1 320 2023 0 -1.61412048
Link 320 101 2024 0 -0.87481070
Link 12 321 2026 1 1.46983215
Link 321 48 2027 1 -1.39270887
Link 5 323 2040 0 -2.96127623
Link 323 47 2041 0 -0.55617676
Link 44 324 2043 0 2.24122222
Link 324 25 2044 0 0.12875306
Link 88 50 2084 0 -0.77490367
Link 6 330 2087 0 -0.02774351
Link 330 44 2088 0 2.72215432
Link 14 26 2114 1 -0.56252173
Link 5 200 2139 0 -2.16349612
Link 25 340 2150 1 -1.25019799
Link 340 25 2151 1 -1.70508121
Link 39 14 2187 0 -1.26799325
Link 4 344 2193 0 -0.92953124
Link 344 56 2194 0 0.84697881
Link 17 17 2210 1 -1.33688501
Link 88 11 2232 0 -3.35368681
Link 350 13 2249 0 1.73914311
Link 46 30 2258 0 -1.30301744
Link 2 352 2266 0 -3.55626300
Link 352 13 2267 0 0.26645423
Link 58 361 2311 0 2.06252709
Link 361 11 2312 0 -0.73571163
Link 10 65 2317 1 -0.16002689
Link 88 363 2336 0 1.33265760
Link 363 124 2337 0 -2.63092038
Link 26 366 2349 0 -2.83459246
Link 366 302 2350 0 -0.46497130
Link 85 68 2385 1 0.83611087
Link 39 377 2419 0 1.06152056
Link 8 378 2428 0 -3.76510869
Link 378 18 2429 0 -2.35107585
Link 48 63 2452 0 3.19885030
Link 385 57 2474 1 -4.32033962
Link 15 34 2489 1 -0.89167586
Link 6 390 2501 0 -1.01500798
Link 390 11 2502 0 -0.74400799
Link 377 392 2514 0 1.05947170
Link 392 12 2515 0 0.84587125
Link 12 394 2532 1 2.26078420
Link 394 41 2533 1 2.12640224
Link 200 398 2562 0 1.77724983
Link 398 60 2563 0 2.19876154
Link 7 294 2573 0 2.38353607
Link 63 29 2633 0 -0.68678745
Link 65 19 2641 0 -1.03388625
Link 63 48 2657 0 1.67244336
Link 412 30 2666 1 -0.63404900
Link 15 68 2668 1 1.45307050
Link 6 416 2688 0 -1.97971154
Link 416 15 2689 0 -1.29862385
Link 46 11 2696 0 0.76049323
Link 29 422 2723 1 -0.23239883
Link 422 29 2724 1 1.66452431
Link 65 44 2740 0 2.57824177
Link 48 424 2744 0 -0.51709293
Link 424 63 2745 0 1.26686445
Link 52 425 2756 0 1.30364050
Link 425 88 2757 0 2.50960208
Link 26 65 2784 0 0.27145260
Link 28 28 2808 1 -1.94328187
Link 85 433 2819 0 2.60476085
Link 433 112 2820 0 2.19962144
Link 14 435 2833 1 -0.51823307
Link 435 85 2834 1 -2.80969087
Link 132 34 2852 0 -0.82401626
Link 39 50 2853 0 -0.30103950
Link 101 101 2866 1 -2.30875351
Link 5 440 2871 0 1.61896083
Link 440 200 2872 0 -0.73755768
Link 112 442 2878 0 -0.02243329
Link 442 14 2879 0 2.63089153
Link 5 446 2908 0 0.91037950
Link 446 350 2909 0 1.01662917
Link 12 28 2913 1 1.28393575
Link 45 448 2922 0 0.94255067
Link 448 316 2923 0 -3.65640157
Link 53 449 2925 1 -0.86341168
Link 449 53 2926 1 1.52653416
Link 68 11 2934 0 4.80545461
Link 36 36 2947 1 -0.19875612
Link 19 68 2956 0 -0.53514457
Link 14 28 2962 1 0.08075249
Link 5 204 2972 0 2.17911055
Link 454 13 2976 0 0.10357754
Link 324 455 2985 0 1.27980615
Link 455 25 2986 0 -1.25955708
Link 5 385 2992 0 2.66982007
Link 458 65 2998 0 -3.40675988
Link 16 461 3023 1 2.14909738
Link 461 26 3024 1 -3.83800729
Link 467 18 3051 0 0.31604071
Link 101 302 3070 0 -1.95066491
Link 22 470 3073 1 1.68581020
Link 470 22 3074 1 -3.69119506
Link 416 33 3085 0 -0.11703578
Link 6 473 3090 0 0.15830708
Link 473 12 3091 0 -1.18607817
Link 30 30 3094 1 1.13569840
Link 6 475 3112 0 0.14114720
Link 475 215 3113 0 -0.22099651
Link 477 85 3120 1 1.05633222
Link 19 478 3122 0 0.73413038
Link 478 165 3123 0 3.00945484
Link 29 215 3162 0 0.23959585
Link 385 486 3175 1 -0.99411107
Link 486 57 3176 1 -3.88420541
Link 43 132 3190 1 -4.02948650
Link 204 20 3207 0 -1.74187197
Link 5 194 3208 0 2.15016661
Link 200 68 3212 0 -3.21119716
Link 11 38 3234 1 -0.35043168
Link 2 350 3251 0 0.45928308
Link 215 33 3285 0 0.02725880
Link 448 294 3295 0 1.94221943
Link 18 500 3303 0 2.75852100
Link 33 340 3318 0 -1.47280294
Link 53 502 3329 1 0.57899431
Link 502 449 3330 1 -0.08597352
Link 35 17 3354 0 2.81339643
Link 435 62 3359 1 2.17022343
Link 455 15 3390 0 0.76454651
Link 52 507 3401 1 3.89078641
Link 507 52 3402 1 1.81673297
Link 20 509 3407 0 -1.50917131
Link 509 33 3408 0 2.94047434
Link 44 511 3432 1 0.82455254
Link 511 303 3433 1 0.83121317
Link 10 513 3449 1 -2.19795890
Link 513 385 3450 1 0.78736204
Link 44 515 3469 0 -0.93467860
Link 515 26 3470 0 0.17391537
Link 88 516 3474 0 -0.88745199
Link 516 11 3475 0 1.12671188
Link 215 519 3488 0 -0.90232255
Link 519 13 3489 0 0.15651428
Link 11 454 3490 1 -1.13558925
Link 416 523 3527 0 -1.78915650
Link 523 33 3528 0 0.47591903
Link 16 525 3536 1 -0.99367020
Link 525 461 3537 1 0.51136721
Link 526 14 3542 0 1.72375453
Link 19 132 3549 1 0.85127298
Link 33 324 3566 0 1.21503932
Link 36 530 3568 1 0.85537467
Link 530 36 3569 1 1.24595251
Link 531 186 3574 0 -0.41275546
Link 101 516 3588 0 3.36855570
Link 62 215 3591 0 -2.53653616
Link 500 533 3601 0 -0.34150594
Link 533 13 3602 0 -0.58315132
Link 4 534 3604 0 3.45210451
Link 534 55 3605 0 0.04359615
Link 18 14 3621 0 -2.33582521
Link 86 539 3624 0 -2.64018193
Link 539 41 3625 0 1.19660439
Link 38 541 3632 0 1.09485056
Link 541 16 3633 0 0.75099474
Link 10 38 3635 1 2.04067762
Link 7 86 3652 0 1.89712380
Link 455 544 3654 0 0.66436474
Link 88 507 3678 0 0.05593511
Link 66 19 3716 1 -0.14508341
Link 8 200 3721 0 2.42394629
Link 35 36 3748 0 2.41791084
Link 21 30 3794 0 0.60211320
Link 35 60 3808 0 -4.43607005
Link 302 562 3810 0 -3.47806303
Link 562 18 3811 0 0.35756576
Link 8 43 3814 0 -0.03953700
Link 461 11 3905 0 3.09674661
Link 416 416 3921 1 -0.09559755
Link 215 416 3925 0 0.69274093
Link 507 378 3926 1 1.19663534
Link 39 577 3934 0 -3.71895558
Link 577 377 3935 0 -2.70840012
Link 194 455 3938 0 -0.38785352
Link 302 378 3956 1 -2.58954296
Link 60 46 3986 0 0.77730492
Link 8 587 3998 0 0.47458777
Link 587 43 3999 0 -1.00724109
Link 378 588 4007 0 1.00945150
Link 588 467 4008 0 0.59944270
Link 29 590 4026 0 0.46929627
Link 590 16 4027 0 -1.03594799
Link 194 594 4044 0 0.65857622
Link 594 18 4045 0 1.77177700
Link 107 20 4069 1 1.40403885
Link 562 600 4090 0 0.10829205
Link 600 18 4091 0 -0.06674548
Link 86 509 4102 0 -0.12183462
Link 22 324 4135 0 -0.44684563
Link 36 302 4145 0 3.65632982
Link 35 608 4165 0 1.17742269
Link 58 101 4172 1 -3.58152921
Link 88 609 4180 0 -2.66652397
Link 609 507 4181 0 -0.18475382
Link 182 613 4222 0 -0.00126623
Link 613 22 4223 0 0.95831868
Link 6 507 4228 0 0.91780583
Link 194 60 4245 0 -2.77393091
Link 60 302 4262 0 -0.25210362
Link 63 619 4269 0 0.94663514
Link 619 48 4270 0 1.14700931
Link 6 620 4272 0 1.67808533
Link 620 44 4273 0 0.24174974
Link 56 60 4280 0 -0.76626951
Link 10 43 4285 1 0.96952719
Link 621 385 4294 1 -0.29052053
Link 26 107 4298 0 -0.69214151
Link 302 622 4300 1 3.01126363
Link 622 378 4301 1 -1.25004317
Link 11 28 4313 1 -2.22713767
Link 43 47 4321 0 -2.46302599
Link 455 107 4325 0 3.49590488
Link 6 243 4335 0 -0.40113985
Link 132 30 4376 0 -2.96319564
Link 416 324 4384 0 0.09822581
Link 340 215 4397 0 0.82972707
Link 448 48 4406 1 -1.04081480
Link 165 631 4415 0 -2.62565511
Link 631 85 4416 0 -2.41459355
Link 461 638 4476 1 -0.62137350
Link 638 350 4477 1 -1.17399593
Link 39 641 4497 1 0.89171536
Link 641 39 4498 1 3.81054599
Link 321 642 4501 1 1.16465006
Link 642 48 4502 1 -1.13234866
Link 6 644 4518 0 -1.12944812
Link 644 88 4519 0 -0.03956949
Link 194 243 4522 0 -1.02403582
Link 26 44 4528 0 3.08964689
Link 378 378 4536 1 -1.09426196
Link 2 649 4558 0 2.43395191
Link 649 87 4559 0 -0.47177153
Link 50 650 4561 0 2.87783188
Link 650 10 4562 0 -0.98068797
Link 378 30 4594 0 -0.55161855
Link 5 656 4610 0 2.89991672
Link 656 185 4611 0 1.15313012
Link 10 21 4620 1 1.30479905
Link 29 26 4621 0 -0.49483835
Link 664 12 4677 0 -1.97572427
Link 29 478 4687 0 4.01152898
Link 107 665 4690 1 -2.20748116
Link 665 88 4691 1 2.04100450
Link 3 666 4700 0 3.49256033
Link 666 28 4701 0 0.97148243
Link 425 670 4718 0 -3.29499617
Link 670 88 4719 0 1.78936821
Link 47 196 4722 0 0.31929388
Link 101 674 4742 0 -1.25982493
Link 674 18 4743 0 2.75832574
Link 101 60 4752 0 -2.68377950
Link 509 30 4763 0 0.20605615
Link 38 165 4828 0 -1.35537069
Link 85 41 4829 1 -0.63473637
Link 316 294 4848 0 -0.89079730
Link 12 340 4916 1 3.23703458
Link 196 132 4935 1 0.31124871
Link 10 689 4944 1 0.15432435
Link 378 690 4951 0 1.69735157
Link 690 18 4952 0 2.22898095
Link 34 29 4972 0 2.07966725
Link 435 695 5015 1 0.48017599
Link 695 477 5016 1 -1.49753652
Link 4 700 5045 0 -2.51706985
Link 700 10 5046 0 2.12690074
Link 57 55 5076 0 -3.30797295
Link 448 704 5099 1 0.91128592
Link 704 48 5100 1 -0.43905812
Link 174 706 5105 0 -0.11545713
Link 4 712 5144 0 -3.27051212
Link 712 277 5145 0 1.62630771
Link 52 715 5158 0 0.33237314
Link 715 425 5159 0 -0.24831005
Link 201 215 5163 0 -2.22845202
Link 275 13 5191 0 0.28635463
Link 4 727 5229 0 2.14957937
Link 727 41 5230 0 1.38923597
Link 608 728 5232 0 2.33948032
Link 728 107 5233 0 -2.39700053
Link 34 87 5299 0 0.71927314
Link 89 734 5312 0 1.44751225
Link 734 19 5313 0 1.57207185
Link 455 562 5333 0 1.85245826
Link 435 435 5392 1 -1.77697271
Link 340 744 5414 0 2.21279016
Link 744 215 5415 0 1.79497517
Link 41 52 5428 0 -1.91711355
Link 33 215 5465 0 1.37891026
Link 2 25 5473 0 2.11726796
Link 534 752 5497 0 -0.78908754
Link 752 385 5498 0 0.88462009
Link 132 62 5521 0 3.76725057
Link 26 478 5565 0 0.46114817
Link 539 378 5570 1 0.13708600
Link 63 765 5592 0 -2.50869598
Link 765 11 5593 0 -1.54362426
Link 20 507 5608 0 -2.22110096
Link 52 769 5678 1 -1.30260802
Link 769 52 5679 1 2.47861838
Link 8 776 5730 0 -3.91388269
Link 776 664 5731 0 0.19610966
Link 10 783 5781 1 1.92199352
Link 783 38 5782 1 1.53052916
Link 101 785 5790 1 1.48759030
Link 785 101 5791 1 -1.24937195
Link 4 215 5835 0 3.85304361
Link 30 34 5838 0 1.55242642
Link 47 790 5845 0 -0.55285362
Link 790 196 5846 0 2.63347318
Link 29 31 5855 0 2.91650430
Link 186 58 5895 0 -0.11976412
Link 350 507 5939 0 -1.76978587
Link 62 803 5946 0 0.83889913
Link 803 531 5947 0 -1.73205434
Link 140 140 5986 1 2.12475415
Link 513 812 5998 1 -1.34715332
Link 812 621 5999 1 1.16758772
Link 68 112 6009 0 -0.66929812
Link 156 361 6014 0 -3.54310589
Link 509 43 6046 0 -0.36114874
Link 11 820 6052 1 -1.50281175
Link 820 412 6053 1 -0.09369651
Link 455 830 6120 0 -0.88351809
Link 830 107 6121 0 -1.06468980
Link 324 834 6146 1 -0.54942681
Link 834 140 6147 1 1.98375751
Link 587 416 6155 0 4.31128781
Link 18 19 6186 0 -2.95420735
Link 65 837 6194 0 -2.11472614
Link 837 21 6195 0 -0.28485054
Link 34 840 6225 0 -1.35755650
Link 840 10 6226 0 -0.67334702
Link 478 843 6249 0 0.69659345
Link 843 165 6250 0 -1.59946752
Link 19 29 6257 0 -0.32571139
Link 86 846 6276 0 -0.93926203
Link 846 539 6277 0 2.12338793
Link 478 385 6289 0 -0.74260307
Link 22 14 6303 0 2.02113541
Link 302 544 6336 0 0.58070827
Link 116 852 6338 0 0.30277543
Link 852 33 6339 0 -0.19287380
Link 57 853 6350 0 -0.52797446
Link 107 859 6391 1 2.62886650
Link 859 665 6392 1 -0.59593623
Link 60 853 6440 0 -1.07009016
Link 8 867 6449 0 2.21189479
Link 867 11 6450 0 -1.37908476
Link 4 869 6475 0 -3.67901133
Link 869 215 6476 0 1.12696910
Link 101 19 6495 0 1.56634724
Link 330 275 6515 0 -0.11883630
Link 41 448 6516 0 -1.59576104
Link 71 878 6535 0 1.10384145
Link 878 14 6536 0 3.03884886
Link 302 14 6544 0 1.80754963
Link 531 531 6549 1 3.01276893
Link 17 246 6574 0 0.02531849
Link 378 56 6652 0 2.23593080
Link 475 416 6671 0 -1.76907387
Link 509 898 6682 0 -2.64427539
Link 898 43 6683 0 1.15741670
Link 242 902 6707 0 1.08786943
Link 902 10 6708 0 3.22902262
Link 2 812 6741 0 2.76056213
Link 57 461 6752 0 0.38284749
Link 39 906 6759 1 -0.36899954
Link 906 641 6760 1 -1.81973919
Link 101 66 6802 0 -0.97413882
Link 47 412 6829 0 -0.34056424
Link 455 48 6851 0 2.66764708
Link 167 42 6914 0 -0.59903706
Link 7 649 6931 0 2.09968778
Link 509 24 6972 0 -1.69483066
Link 689 923 6992 1 0.07940583
Link 923 513 6993 1 1.04552278
Link 294 56 6997 1 -0.92274934
Link 9 385 7007 0 -0.31378482
Link 272 926 7009 0 -1.90303290
Link 926 21 7010 0 0.43329038
Link 385 236 7022 1 -0.77728743
Link 6 790 7050 0 -2.59447646
Link 7 933 7053 0 -4.11687635
Link 933 99 7054 0 -0.75208977
Link 594 594 7095 1 -2.66179665
Link 16 945 7127 1 -0.58890581
Link 945 68 7128 1 0.76304984
Link 1 948 7147 0 0.40217719
Link 948 272 7148 0 -3.89660757
Link 1 619 7167 0 -0.78849688
Link 486 728 7182 0 1.97994355
Link 440 435 7218 0 -0.14643161
Link 486 10 7259 0 -3.02044194
Link 620 71 7264 0 1.07083799
Link 2 962 7275 0 1.00000000
Link 962 304 7276 0 -0.00520408
Link 853 963 7281 0 2.38438358
Link 963 275 7282 0 -0.52731251
Link 620 265 7305 0 1.73329112
Link 234 979 7419 0 -1.24489233
Link 979 15 7420 0 0.47553972
Link 620 246 7445 0 4.46290640
Link 984 46 7458 0 2.99249745
Link 88 656 7490 1 0.94107857
Link 48 108 7495 0 -2.75483977
Link 324 656 7530 1 1.95255105
Link 55 995 7535 0 -0.74957650
Link 995 46 7536 0 0.47573830
Link 70 29 7566 0 1.12489074
Link 594 33 7590 0 0.72740702
Link 820 1005 7601 1 -1.78817054
Link 1005 412 7602 1 3.71829225
Link 246 670 7635 1 -1.11569170
Link 2 1011 7640 0 0.51573439
Link 1011 138 7641 0 2.89237624
Link 43 1012 7655 0 -0.10604592
Link 1012 47 7656 0 1.13356694
Link 41 1020 7703 0 2.71163747
Link 1020 52 7704 0 0.15545139
Link 245 641 7709 0 -0.21258088
Link 425 57 7724 0 -1.58382313
Link 197 531 7748 0 -2.63977362
Link 21 620 7846 1 -0.05767774
Link 454 126 7932 0 1.51094359
Link 700 33 7953 0 -2.08594856
Link 323 1048 7957 0 2.21894961
Link 1048 644 7958 0 -3.13997347
Link 186 196 7973 0 -2.01640557
Link 562 282 7992 1 0.46938535
Link 10 350 8043 1 -2.57596347
Link 47 1058 8056 0 1.30680799
Link 1058 70 8057 0 -3.13780298
Link 21 449 8069 0 0.48864667
Link 594 1060 8079 0 1.21510776
Link 1060 18 8080 0 -1.91124542
Link 200 1061 8082 0 -0.75506669
Link 1061 11 8083 0 1.54652020
Link 11 1069 8116 1 0.82529893
Link 1069 28 8117 1 -2.55473855
Link 656 30 8119 0 2.25128727
Link 440 440 8150 1 2.10768828
Link 324 34 8210 0 0.26924168
Link 377 57 8224 1 1.66567718
Link 17 31 8227 0 0.32298087
Link 706 321 8245 1 1.18946393
Link 412 706 8270 0 -0.61076904
Link 706 1091 8327 0 -1.55471447
Link 1091 13 8328 0 0.20188530
Link 31 1093 8350 0 -0.41354254
Link 1093 12 8351 0 2.71524218
Link 58 53 8370 0 -0.48659757
Link 62 1095 8389 0 -0.58239127
Link 1095 50 8390 0 4.56582150
Link 107 174 8391 0 2.02789898
Link 727 302 8395 0 2.96041126
Link 513 475 8441 1 -3.27616669
Link 700 13 8550 0 1.38761289
Link 140 143 8596 0 3.11335647
Link 185 15 8627 0 0.56822669
Link 52 197 8640 1 2.29623895
Link 945 433 8663 0 0.25242571
Link 245 261 8674 0 -1.63317574
Link 530 1126 8686 0 -1.17243917
Link 1126 243 8687 0 2.20401999
Link 690 1127 8689 0 1.77708988
Link 1127 1015 8690 0 1.50092391
Link 526 1020 8715 0 -0.80061142
Link 303 65 8729 0 -3.53637899
Link 60 1133 8740 0 0.58098277
Link 1133 984 8741 0 -2.41796067
Link 4 783 8764 0 -0.82311642
Link 8 1141 8789 0 -0.13319594
Link 1141 68 8790 0 0.05315000
Link 302 1143 8811 0 0.01448457
Link 1143 62 8812 0 -2.78607464
Link 239 303 8857 0 0.19059077
Link 272 197 8883 0 0.68780582
Link 272 706 8904 0 2.17719526
Link 16 1160 8948 1 -1.60430043
Link 1160 85 8949 1 2.45306096
Link 55 352 8974 0 -0.76573440
Link 448 1170 9027 0 -0.72121194
Link 1170 294 9028 0 -2.62232614
Link 42 42 9031 1 -2.49058327
Link 1020 1173 9050 0 -0.11818709
Link 1173 52 9051 0 -1.23725362
Link 50 516 9085 0 -0.68202838
Link 4 1181 9115 0 -0.13031413
Link 1181 70 9116 0 -1.46301428
Link 41 1182 9121 0 0.01900354
Link 1182 1020 9122 0 -1.06871219
Link 99 112 9189 0 -0.58456519
Link 458 12 9235 0 -4.01167215
Link 433 853 9236 1 0.57101778
Link 6 1202 9337 0 1.38207211
Link 1202 215 9338 0 -0.68823132
Link 68 20 9345 0 1.29029373
Link 1206 526 9393 0 1.51417438
Link 132 700 9408 0 -0.45784678
Link 44 1208 9413 0 1.14595810
Link 1208 26 9414 0 2.12320002
Link 7 1211 9436 0 0.96727758
Link 1211 13 9437 0 2.78768786
Link 112 350 9491 1 -1.76162192
Link 48 215 9687 0 0.76325658
Link 704 704 9702 1 -2.20643445
Link 62 1247 9717 0 -0.18428994
Link 1247 186 9718 0 -0.87590362
Link 433 425 9725 1 -0.56193609
Link 1 1249 9728 0 -0.08475071
Link 1249 948 9729 0 2.28308717
Link 12 1251 9738 1 -0.50842628
Link 1251 41 9739 1 2.66510212
Link 36 89 9760 1 1.76255792
Link 99 186 9839 0 -0.63600663
Link 1020 820 9844 0 -0.45120774
Link 416 458 9896 0 -1.35714809
Link 185 22 9959 0 0.53857465
Link 390 458 10086 0 1.27464414
Link 69 28 10109 0 -3.85590819
Link 16 194 10140 1 2.77688736
Link 1060 245 10146 1 0.98276766
Link 33 700 10206 0 -0.67923260
Link 1058 18 10221 0 -1.30715990
Link 2 1318 10247 0 1.63862007
Link 1318 1206 10248 0 -2.55845706
Link 2 1320 10261 0 2.39904161
Link 1320 87 10262 0 -1.50544617
Link 2 1328 10326 0 0.91212079
Link 1328 14 10327 0 -4.06154025
Link 539 458 10367 0 -4.66550616
Link 239 1340 10444 0 3.37128732
Link 1340 197 10445 0 0.22500059
Link 39 1341 10447 0 0.08446859
Link 1341 1020 10448 0 1.32966120
Link 440 1349 10506 0 0.81964441
Link 1349 63 10507 0 -1.85462870
Link 449 275 10521 0 -2.10873399
Link 165 167 10544 1 -0.25124257
Link 340 1357 10599 0 2.18500404
Link 1357 26 10600 0 -1.83563540
Link 89 523 10648 0 2.40037508
Link 66 53 10679 1 -1.74391671
Link 53 1370 10682 1 -3.27316500
Link 1370 449 10683 1 1.71982060
Link 785 425 10902 0 -0.60291198
Link 164 785 10941 0 -1.53241546
Link 320 458 10995 0 -1.41641275
Link 44 1415 11043 1 -0.75082162
Link 1415 44 11044 1 2.56768558
Link 330 1247 11137 0 -3.39991891
Link 1020 1435 11223 0 -2.45266827
Link 1435 50 11224 0 0.32959560
Link 164 638 11267 0 0.64428872
Link 544 1442 11286 0 1.33209369
Link 1442 25 11287 0 -1.38352132
Link 101 1370 11301 0 1.54584865
Link 594 1444 11323 0 1.00000000
Link 1444 34 11324 0 2.24099282
Link 246 126 11344 0 2.24681601
Link 769 29 11374 0 1.22477679
Link 215 39 11440 0 -1.42903392
Link 665 665 11454 1 2.40896196
Link 45 1483 11636 1 -0.18608306
Link 1483 89 11637 1 0.97761464
Link 107 613 11680 1 1.51502798
Link 185 507 11712 0 3.58587270
Link 24 1069 11751 0 -2.97598617
Link 502 744 11799 0 -3.55305714
Link 21 344 11861 1 -0.42985815
Link 1247 108 11956 0 3.10970663
Link 785 412 12062 0 -2.35814516
Link 5 853 12079 0 -2.51726193
Link 1173 1173 12414 1 2.61214125
Link 201 511 12433 0 2.18736888
Link 1015 1592 12650 0 0.98247940
Link 1592 18 12651 0 -4.18054694
Link 302 458 12854 0 -1.96303885
Link 7 1617 12971 0 0.91430766
Link 1617 45 12972 0 0.36484381
Link 378 1639 13219 0 0.31290347
Link 1639 467 13220 0 2.15995889
Link 165 124 13291 0 -0.63495756
Link 239 670 13315 0 1.31039119
Link 70 48 13424 0 -2.62913007
Link 776 650 13766 0 -0.45810005
Link 361 261 14000 0 1.75639602
Link 164 282 14090 0 -0.59299771
Link 63 1716 14107 0 0.73256635
Link 1716 11 14108 0 0.13098567
Link 715 664 14463 0 -0.03926589
Link 704 246 14610 0 -2.89853981
Link 728 242 14640 0 0.19423832
Link 962 196 14700 0 -3.28851262
Link 277 600 14755 0 -1.55610368
Link 302 1370 14777 0 4.19817114
GenomeEnd

