GenomeStart 19022
Neuron 1 1 0.00000000 1 0.00000000 0.00000000 0.00000000 0.00000000
Neuron 2 1 0.00000000 1 0.00000000 0.00000000 0.00000000 0.00000000
Neuron 3 1 0.00000000 1 0.00000000 0.00000000 0.00000000 0.00000000
Neuron 4 1 0.00000000 1 0.00000000 0.00000000 0.00000000 0.00000000
Neuron 5 1 0.00000000 1 0.00000000 0.00000000 0.00000000 0.00000000
Neuron 6 1 0.00000000 1 0.00000000 0.00000000 0.00000000 0.00000000
Neuron 7 1 0.00000000 1 0.00000000 0.00000000 0.00000000 0.00000000
Neuron 8 1 0.00000000 1 0.00000000 0.00000000 0.00000000 0.00000000
Neuron 9 2 0.00000000 1 0.00000000 0.00000000 0.00000000 0.00000000
Neuron 10 4 1.00000000 0 1.00000000 0.00000000 0.00000000 0.00000000
Neuron 11 4 1.00000000 0 1.00000000 0.00000000 0.00000000 0.00000000
Neuron 12 4 1.00000000 0 1.00000000 0.00000000 0.00000000 0.00000000
Neuron 13 4 1.00000000 0 1.00000000 0.00000000 0.00000000 0.00000000
Neuron 14 4 1.00000000 0 1.00000000 0.00000000 0.00000000 0.00000000
Neuron 15 4 1.00000000 0 1.00000000 0.00000000 0.00000000 0.00000000
Neuron 16 4 1.00000000 0 1.00000000 0.00000000 0.00000000 0.00000000
Neuron 19 3 0.50000000 1 1.00000000 0.00000000 0.00000000 0.00000000
Neuron 26 3 0.50000000 1 1.00000000 0.00000000 0.00000000 0.00000000
Neuron 34 3 0.50000000 1 1.00000000 0.00000000 0.00000000 0.00000000
Neuron 39 3 0.50000000 1 1.00000000 0.00000000 0.00000000 0.00000000
Neuron 41 3 0.50000000 1 1.00000000 0.00000000 0.00000000 0.00000000
Neuron 44 3 0.50000000 1 1.00000000 0.00000000 0.00000000 0.00000000
Neuron 47 3 0.50000000 1 1.00000000 0.00000000 0.00000000 0.00000000
Neuron 50 3 0.50000000 1 1.00000000 0.00000000 0.00000000 0.00000000
Neuron 57 3 0.50000000 1 1.00000000 0.00000000 0.00000000 0.00000000
Neuron 60 3 0.50000000 1 1.00000000 0.00000000 0.00000000 0.00000000
Neuron 62 3 0.50000000 1 1.00000000 0.00000000 0.00000000 0.00000000
Neuron 65 3 0.50000000 1 1.00000000 0.00000000 0.00000000 0.00000000
Neuron 68 3 0.50000000 1 1.00000000 0.00000000 0.00000000 0.00000000
Neuron 85 3 0.75000000 1 1.00000000 0.00000000 0.00000000 0.00000000
Neuron 112 3 0.87500000 1 1.00000000 0.00000000 0.00000000 0.00000000
Neuron 132 3 0.25000000 1 1.00000000 0.00000000 0.00000000 0.00000000
Neuron 200 3 0.25000000 1 1.00000000 0.00000000 0.00000000 0.00000000
Neuron 431 3 0.62500000 1 1.00000000 0.00000000 0.00000000 0.00000000
Link 1 10 1 0 -3.21181272
Link 2 10 2 0 0.41189499
Link 5 10 5 0 -0.43177537
Link 6 10 6 0 -1.84049345
Link 8 10 8 0 -1.78754509
Link 9 10 9 0 2.43786762
Link 1 11 10 0 -0.78685088
Link 2 11 11 0 -3.92484716
Link 3 11 12 0 2.69825023
Link 4 11 13 0 -0.06945726
Link 5 11 14 0 1.32657074
Link 7 11 16 0 0.85740047
Link 8 11 17 0 -3.92760443
Link 1 12 19 0 -3.57423736
Link 2 12 20 0 1.27921197
Link 3 12 21 0 -0.42675916
Link 4 12 22 0 -3.40939613
Link 7 12 25 0 -2.71181649
Link 8 12 26 0 0.69286949
Link 9 12 27 0 0.22208312
Link 1 13 28 0 -1.59341327
Link 2 13 29 0 -3.52760933
Link 3 13 30 0 -3.18265165
Link 4 13 31 0 -2.59805380
Link 5 13 32 0 -2.03431268
Link 8 13 35 0 1.04998937
Link 9 13 36 0 2.07884451
Link 1 14 37 0 -2.05167057
Link 2 14 38 0 -1.45557449
Link 3 14 39 0 -0.94477394
Link 5 14 41 0 0.23779674
Link 7 14 43 0 1.44330072
Link 8 14 44 0 -1.51734130
Link 9 14 45 0 2.17101604
Link 1 15 46 0 -1.74632390
Link 2 15 47 0 -0.12173612
Link 3 15 48 0 0.49342082
Link 6 15 51 0 -4.81494357
Link 7 15 52 0 1.12120298
Link 9 15 54 0 0.91706206
Link 2 16 56 0 1.98076240
Link 3 16 57 0 -1.96654196
Link 4 16 58 0 2.40192069
Link 5 16 59 0 1.24454602
Link 6 16 60 0 -3.69725426
Link 7 16 61 0 -2.85327621
Link 8 16 62 0 -2.33322712
Link 4 19 71 0 2.55867266
Link 7 26 92 0 4.21798058
Link 26 13 93 0 -0.53762944
Link 6 34 117 0 1.21260006
Link 34 14 118 0 0.30689233
Link 39 12 133 0 -1.64655362
Link 4 41 138 0 0.93931993
Link 41 15 139 0 1.17835085
Link 6 44 147 0 0.97195835
Link 44 12 148 0 1.41334131
Link 5 47 156 0 -0.09945646
Link 47 15 157 0 -2.89772501
Link 50 11 167 0 0.44718256
Link 8 57 200 0 0.28677692
Link 57 15 201 0 -0.44126601
Link 60 10 214 0 -4.34813777
Link 7 62 222 0 -2.30102941
Link 62 10 223 0 -3.69415596
Link 1 65 250 0 -3.15294654
Link 65 16 251 0 -2.21065111
Link 10 57 263 1 -1.33732901
Link 3 68 279 0 0.50058382
Link 68 10 280 0 0.59529495
Link 5 65 374 0 0.28975463
Link 19 85 424 0 2.45353031
Link 62 50 623 0 -0.12749236
Link 85 112 639 0 1.00000000
Link 112 14 640 0 1.88413369
Link 3 19 655 0 3.06450466
Link 5 132 787 0 1.27546579
Link 132 39 788 0 3.37331847
Link 14 85 948 1 -1.33818935
Link 4 200 1261 0 -0.75685704
Link 200 60 1262 0 -0.79202772
Link 19 200 1314 1 3.39448098
Link 200 15 1406 0 1.35410232
Link 16 68 1426 1 5.27932890
Link 9 26 1567 0 0.57935721
Link 9 200 1609 0 2.34689423
Link 6 200 1687 0 2.73498604
Link 44 44 1734 1 -0.39164259
Link 5 200 2139 0 -0.40060030
Link 15 34 2489 1 1.05786944
Link 65 19 2641 0 0.83727550
Link 15 68 2668 1 -1.38093256
Link 26 65 2784 0 -2.27678170
Link 85 431 2804 1 1.00000000
Link 431 68 2805 1 -0.15790480
GenomeEnd

