GenomeStart 52
Neuron 1 1 0.00000000 1 0.00000000 0.00000000 0.00000000 0.00000000
Neuron 2 1 0.00000000 1 0.00000000 0.00000000 0.00000000 0.00000000
Neuron 3 1 0.00000000 1 0.00000000 0.00000000 0.00000000 0.00000000
Neuron 4 1 0.00000000 1 0.00000000 0.00000000 0.00000000 0.00000000
Neuron 5 1 0.00000000 1 0.00000000 0.00000000 0.00000000 0.00000000
Neuron 6 1 0.00000000 1 0.00000000 0.00000000 0.00000000 0.00000000
Neuron 7 1 0.00000000 1 0.00000000 0.00000000 0.00000000 0.00000000
Neuron 8 1 0.00000000 1 0.00000000 0.00000000 0.00000000 0.00000000
Neuron 9 2 0.00000000 1 0.00000000 0.00000000 0.00000000 0.00000000
Neuron 10 4 1.00000000 0 1.00000000 0.00000000 0.00000000 0.00000000
Neuron 11 4 1.00000000 0 1.00000000 0.00000000 0.00000000 0.00000000
Neuron 12 4 1.00000000 0 1.00000000 0.00000000 0.00000000 0.00000000
Neuron 13 4 1.00000000 0 1.00000000 0.00000000 0.00000000 0.00000000
Neuron 14 4 1.00000000 0 1.00000000 0.00000000 0.00000000 0.00000000
Neuron 15 4 1.00000000 0 1.00000000 0.00000000 0.00000000 0.00000000
Neuron 16 4 1.00000000 0 1.00000000 0.00000000 0.00000000 0.00000000
Link 1 10 1 0 -0.66285767
Link 2 10 2 0 0.55300218
Link 3 10 3 0 -0.28439890
Link 4 10 4 0 0.30881932
Link 5 10 5 0 -0.04294527
Link 6 10 6 0 0.79433879
Link 7 10 7 0 0.11455573
Link 8 10 8 0 -0.52925613
Link 9 10 9 0 -0.61428437
Link 1 11 10 0 -0.14786933
Link 2 11 11 0 -0.38775918
Link 3 11 12 0 0.34835334
Link 4 11 13 0 0.71812476
Link 5 11 14 0 -0.23482907
Link 6 11 15 0 0.22834681
Link 7 11 16 0 -0.50606671
Link 8 11 17 0 -0.09174752
Link 9 11 18 0 0.16629563
Link 1 12 19 0 -0.14893981
Link 2 12 20 0 0.58093238
Link 3 12 21 0 0.19526451
Link 4 12 22 0 0.01269196
Link 5 12 23 0 0.70974212
Link 6 12 24 0 -0.08365390
Link 7 12 25 0 -0.28377009
Link 8 12 26 0 0.15341249
Link 9 12 27 0 -0.12531742
Link 1 13 28 0 -0.90469214
Link 2 13 29 0 -0.17057481
Link 3 13 30 0 0.42274764
Link 4 13 31 0 -0.01015936
Link 5 13 32 0 0.37626747
Link 6 13 33 0 0.07888530
Link 7 13 34 0 0.77973460
Link 8 13 35 0 -0.64928441
Link 9 13 36 0 0.32348425
Link 1 14 37 0 -0.57904424
Link 2 14 38 0 0.31921414
Link 3 14 39 0 -0.43589523
Link 4 14 40 0 0.80097922
Link 5 14 41 0 0.23199862
Link 6 14 42 0 0.10931587
Link 7 14 43 0 -0.35051550
Link 8 14 44 0 0.61691250
Link 9 14 45 0 0.36129308
Link 1 15 46 0 -0.05685820
Link 2 15 47 0 -0.09566280
Link 3 15 48 0 -0.01779866
Link 4 15 49 0 -0.58805014
Link 5 15 50 0 0.23662406
Link 6 15 51 0 -0.49508001
Link 7 15 52 0 0.44865435
Link 8 15 53 0 -0.12505678
Link 9 15 54 0 0.62149968
Link 1 16 55 0 0.44162307
Link 2 16 56 0 -0.16895837
Link 3 16 57 0 0.19854977
Link 4 16 58 0 -0.31219912
Link 5 16 59 0 0.78473127
Link 6 16 60 0 -0.47279137
Link 7 16 61 0 0.35383811
Link 8 16 62 0 0.05383694
Link 9 16 63 0 -0.22013613
GenomeEnd

