GenomeStart 85736
Neuron 1 1 0.00000000 1 0.00000000 0.00000000 0.00000000 0.00000000
Neuron 2 1 0.00000000 1 0.00000000 0.00000000 0.00000000 0.00000000
Neuron 3 1 0.00000000 1 0.00000000 0.00000000 0.00000000 0.00000000
Neuron 4 1 0.00000000 1 0.00000000 0.00000000 0.00000000 0.00000000
Neuron 5 1 0.00000000 1 0.00000000 0.00000000 0.00000000 0.00000000
Neuron 6 1 0.00000000 1 0.00000000 0.00000000 0.00000000 0.00000000
Neuron 7 1 0.00000000 1 0.00000000 0.00000000 0.00000000 0.00000000
Neuron 8 1 0.00000000 1 0.00000000 0.00000000 0.00000000 0.00000000
Neuron 9 2 0.00000000 1 0.00000000 0.00000000 0.00000000 0.00000000
Neuron 10 4 1.00000000 0 1.00000000 0.00000000 0.00000000 0.00000000
Neuron 11 4 1.00000000 0 1.00000000 0.00000000 0.00000000 0.00000000
Neuron 12 4 1.00000000 0 1.00000000 0.00000000 0.00000000 0.00000000
Neuron 13 4 1.00000000 0 1.00000000 0.00000000 0.00000000 0.00000000
Neuron 14 4 1.00000000 0 1.00000000 0.00000000 0.00000000 0.00000000
Neuron 15 4 1.00000000 0 1.00000000 0.00000000 0.00000000 0.00000000
Neuron 16 4 1.00000000 0 1.00000000 0.00000000 0.00000000 0.00000000
Neuron 17 3 0.50000000 1 1.00000000 0.00000000 0.00000000 0.00000000
Neuron 18 3 0.50000000 1 1.00000000 0.00000000 0.00000000 0.00000000
Neuron 19 3 0.50000000 1 1.00000000 0.00000000 0.00000000 0.00000000
Neuron 20 3 0.50000000 1 1.00000000 0.00000000 0.00000000 0.00000000
Neuron 21 3 0.50000000 1 1.00000000 0.00000000 0.00000000 0.00000000
Neuron 22 3 0.50000000 1 1.00000000 0.00000000 0.00000000 0.00000000
Neuron 24 3 0.50000000 1 1.00000000 0.00000000 0.00000000 0.00000000
Neuron 25 3 0.50000000 1 1.00000000 0.00000000 0.00000000 0.00000000
Neuron 26 3 0.50000000 1 1.00000000 0.00000000 0.00000000 0.00000000
Neuron 27 3 0.50000000 1 1.00000000 0.00000000 0.00000000 0.00000000
Neuron 28 3 0.50000000 1 1.00000000 0.00000000 0.00000000 0.00000000
Neuron 29 3 0.50000000 1 1.00000000 0.00000000 0.00000000 0.00000000
Neuron 30 3 0.50000000 1 1.00000000 0.00000000 0.00000000 0.00000000
Neuron 31 3 0.50000000 1 1.00000000 0.00000000 0.00000000 0.00000000
Neuron 33 3 0.50000000 1 1.00000000 0.00000000 0.00000000 0.00000000
Neuron 34 3 0.50000000 1 1.00000000 0.00000000 0.00000000 0.00000000
Neuron 35 3 0.50000000 1 1.00000000 0.00000000 0.00000000 0.00000000
Neuron 36 3 0.50000000 1 1.00000000 0.00000000 0.00000000 0.00000000
Neuron 38 3 0.50000000 1 1.00000000 0.00000000 0.00000000 0.00000000
Neuron 39 3 0.50000000 1 1.00000000 0.00000000 0.00000000 0.00000000
Neuron 41 3 0.50000000 1 1.00000000 0.00000000 0.00000000 0.00000000
Neuron 44 3 0.50000000 1 1.00000000 0.00000000 0.00000000 0.00000000
Neuron 45 3 0.50000000 1 1.00000000 0.00000000 0.00000000 0.00000000
Neuron 46 3 0.50000000 1 1.00000000 0.00000000 0.00000000 0.00000000
Neuron 47 3 0.50000000 1 1.00000000 0.00000000 0.00000000 0.00000000
Neuron 48 3 0.50000000 1 1.00000000 0.00000000 0.00000000 0.00000000
Neuron 50 3 0.50000000 1 1.00000000 0.00000000 0.00000000 0.00000000
Neuron 51 3 0.50000000 1 1.00000000 0.00000000 0.00000000 0.00000000
Neuron 52 3 0.50000000 1 1.00000000 0.00000000 0.00000000 0.00000000
Neuron 53 3 0.50000000 1 1.00000000 0.00000000 0.00000000 0.00000000
Neuron 56 3 0.50000000 1 1.00000000 0.00000000 0.00000000 0.00000000
Neuron 57 3 0.50000000 1 1.00000000 0.00000000 0.00000000 0.00000000
Neuron 59 3 0.50000000 1 1.00000000 0.00000000 0.00000000 0.00000000
Neuron 60 3 0.50000000 1 1.00000000 0.00000000 0.00000000 0.00000000
Neuron 62 3 0.50000000 1 1.00000000 0.00000000 0.00000000 0.00000000
Neuron 63 3 0.50000000 1 1.00000000 0.00000000 0.00000000 0.00000000
Neuron 65 3 0.50000000 1 1.00000000 0.00000000 0.00000000 0.00000000
Neuron 66 3 0.75000000 1 1.00000000 0.00000000 0.00000000 0.00000000
Neuron 68 3 0.50000000 1 1.00000000 0.00000000 0.00000000 0.00000000
Neuron 69 3 0.25000000 1 1.00000000 0.00000000 0.00000000 0.00000000
Neuron 85 3 0.75000000 1 1.00000000 0.00000000 0.00000000 0.00000000
Neuron 86 3 0.25000000 1 1.00000000 0.00000000 0.00000000 0.00000000
Neuron 88 3 0.50000000 1 1.00000000 0.00000000 0.00000000 0.00000000
Neuron 89 3 0.25000000 1 1.00000000 0.00000000 0.00000000 0.00000000
Neuron 94 3 0.75000000 1 1.00000000 0.00000000 0.00000000 0.00000000
Neuron 99 3 0.25000000 1 1.00000000 0.00000000 0.00000000 0.00000000
Neuron 101 3 0.25000000 1 1.00000000 0.00000000 0.00000000 0.00000000
Neuron 107 3 0.75000000 1 1.00000000 0.00000000 0.00000000 0.00000000
Neuron 108 3 0.75000000 1 1.00000000 0.00000000 0.00000000 0.00000000
Neuron 112 3 0.87500000 1 1.00000000 0.00000000 0.00000000 0.00000000
Neuron 132 3 0.25000000 1 1.00000000 0.00000000 0.00000000 0.00000000
Neuron 171 3 0.25000000 1 1.00000000 0.00000000 0.00000000 0.00000000
Neuron 174 3 0.75000000 1 1.00000000 0.00000000 0.00000000 0.00000000
Neuron 182 3 0.25000000 1 1.00000000 0.00000000 0.00000000 0.00000000
Neuron 185 3 0.25000000 1 1.00000000 0.00000000 0.00000000 0.00000000
Neuron 186 3 0.50000000 1 1.00000000 0.00000000 0.00000000 0.00000000
Neuron 194 3 0.50000000 1 1.00000000 0.00000000 0.00000000 0.00000000
Neuron 196 3 0.75000000 1 1.00000000 0.00000000 0.00000000 0.00000000
Neuron 197 3 0.25000000 1 1.00000000 0.00000000 0.00000000 0.00000000
Neuron 200 3 0.25000000 1 1.00000000 0.00000000 0.00000000 0.00000000
Neuron 201 3 0.25000000 1 1.00000000 0.00000000 0.00000000 0.00000000
Neuron 204 3 0.25000000 1 1.00000000 0.00000000 0.00000000 0.00000000
Neuron 213 3 0.62500000 1 1.00000000 0.00000000 0.00000000 0.00000000
Neuron 215 3 0.50000000 1 1.00000000 0.00000000 0.00000000 0.00000000
Neuron 239 3 0.25000000 1 1.00000000 0.00000000 0.00000000 0.00000000
Neuron 245 3 0.25000000 1 1.00000000 0.00000000 0.00000000 0.00000000
Neuron 246 3 0.75000000 1 1.00000000 0.00000000 0.00000000 0.00000000
Neuron 261 3 0.75000000 1 1.00000000 0.00000000 0.00000000 0.00000000
Neuron 265 3 0.25000000 1 1.00000000 0.00000000 0.00000000 0.00000000
Neuron 272 3 0.25000000 1 1.00000000 0.00000000 0.00000000 0.00000000
Neuron 275 3 0.75000000 1 1.00000000 0.00000000 0.00000000 0.00000000
Neuron 276 3 0.75000000 1 1.00000000 0.00000000 0.00000000 0.00000000
Neuron 284 3 0.87500000 1 1.00000000 0.00000000 0.00000000 0.00000000
Neuron 289 3 0.37500000 1 1.00000000 0.00000000 0.00000000 0.00000000
Neuron 294 3 0.75000000 1 1.00000000 0.00000000 0.00000000 0.00000000
Neuron 302 3 0.50000000 1 1.00000000 0.00000000 0.00000000 0.00000000
Neuron 303 3 0.50000000 1 1.00000000 0.00000000 0.00000000 0.00000000
Neuron 316 3 0.62500000 1 1.00000000 0.00000000 0.00000000 0.00000000
Neuron 321 3 0.75000000 1 1.00000000 0.00000000 0.00000000 0.00000000
Neuron 324 3 0.50000000 1 1.00000000 0.00000000 0.00000000 0.00000000
Neuron 330 3 0.25000000 1 1.00000000 0.00000000 0.00000000 0.00000000
Neuron 337 3 0.12500000 1 1.00000000 0.00000000 0.00000000 0.00000000
Neuron 340 3 0.50000000 1 1.00000000 0.00000000 0.00000000 0.00000000
Neuron 350 3 0.50000000 1 1.00000000 0.00000000 0.00000000 0.00000000
Neuron 377 3 0.75000000 1 1.00000000 0.00000000 0.00000000 0.00000000
Neuron 378 3 0.25000000 1 1.00000000 0.00000000 0.00000000 0.00000000
Neuron 394 3 0.75000000 1 1.00000000 0.00000000 0.00000000 0.00000000
Neuron 409 3 0.25000000 1 1.00000000 0.00000000 0.00000000 0.00000000
Neuron 412 3 0.75000000 1 1.00000000 0.00000000 0.00000000 0.00000000
Neuron 416 3 0.50000000 1 1.00000000 0.00000000 0.00000000 0.00000000
Neuron 424 3 0.50000000 1 1.00000000 0.00000000 0.00000000 0.00000000
Neuron 425 3 0.50000000 1 1.00000000 0.00000000 0.00000000 0.00000000
Neuron 433 3 0.81250000 1 1.00000000 0.00000000 0.00000000 0.00000000
Neuron 440 3 0.12500000 1 1.00000000 0.00000000 0.00000000 0.00000000
Neuron 442 3 0.93750000 1 1.00000000 0.00000000 0.00000000 0.00000000
Neuron 448 3 0.56250000 1 1.00000000 0.00000000 0.00000000 0.00000000
Neuron 449 3 0.50000000 1 1.00000000 0.00000000 0.00000000 0.00000000
Neuron 455 3 0.50000000 1 1.00000000 0.00000000 0.00000000 0.00000000
Neuron 461 3 0.75000000 1 1.00000000 0.00000000 0.00000000 0.00000000
Neuron 475 3 0.25000000 1 1.00000000 0.00000000 0.00000000 0.00000000
Neuron 500 3 0.75000000 1 1.00000000 0.00000000 0.00000000 0.00000000
Neuron 501 3 0.84375000 1 1.00000000 0.00000000 0.00000000 0.00000000
Neuron 509 3 0.50000000 1 1.00000000 0.00000000 0.00000000 0.00000000
Neuron 515 3 0.50000000 1 1.00000000 0.00000000 0.00000000 0.00000000
Neuron 516 3 0.75000000 1 1.00000000 0.00000000 0.00000000 0.00000000
Neuron 517 3 0.37500000 1 1.00000000 0.00000000 0.00000000 0.00000000
Neuron 520 3 0.75000000 1 1.00000000 0.00000000 0.00000000 0.00000000
Neuron 525 3 0.87500000 1 1.00000000 0.00000000 0.00000000 0.00000000
Neuron 526 3 0.50000000 1 1.00000000 0.00000000 0.00000000 0.00000000
Neuron 538 3 0.50000000 1 1.00000000 0.00000000 0.00000000 0.00000000
Neuron 539 3 0.37500000 1 1.00000000 0.00000000 0.00000000 0.00000000
Neuron 577 3 0.62500000 1 1.00000000 0.00000000 0.00000000 0.00000000
Neuron 594 3 0.50000000 1 1.00000000 0.00000000 0.00000000 0.00000000
Neuron 613 3 0.37500000 1 1.00000000 0.00000000 0.00000000 0.00000000
Neuron 619 3 0.50000000 1 1.00000000 0.00000000 0.00000000 0.00000000
Neuron 620 3 0.25000000 1 1.00000000 0.00000000 0.00000000 0.00000000
Neuron 639 3 0.37500000 1 1.00000000 0.00000000 0.00000000 0.00000000
Neuron 641 3 0.50000000 1 1.00000000 0.00000000 0.00000000 0.00000000
Neuron 642 3 0.62500000 1 1.00000000 0.00000000 0.00000000 0.00000000
Neuron 665 3 0.62500000 1 1.00000000 0.00000000 0.00000000 0.00000000
Neuron 670 3 0.50000000 1 1.00000000 0.00000000 0.00000000 0.00000000
Neuron 674 3 0.37500000 1 1.00000000 0.00000000 0.00000000 0.00000000
Neuron 700 3 0.50000000 1 1.00000000 0.00000000 0.00000000 0.00000000
Neuron 704 3 0.53125000 1 1.00000000 0.00000000 0.00000000 0.00000000
Neuron 706 3 0.87500000 1 1.00000000 0.00000000 0.00000000 0.00000000
Neuron 710 3 0.53125000 1 1.00000000 0.00000000 0.00000000 0.00000000
Neuron 715 3 0.50000000 1 1.00000000 0.00000000 0.00000000 0.00000000
Neuron 720 3 0.37500000 1 1.00000000 0.00000000 0.00000000 0.00000000
Neuron 758 3 0.87500000 1 1.00000000 0.00000000 0.00000000 0.00000000
Neuron 765 3 0.75000000 1 1.00000000 0.00000000 0.00000000 0.00000000
Neuron 820 3 0.87500000 1 1.00000000 0.00000000 0.00000000 0.00000000
Neuron 840 3 0.75000000 1 1.00000000 0.00000000 0.00000000 0.00000000
Neuron 926 3 0.37500000 1 1.00000000 0.00000000 0.00000000 0.00000000
Neuron 933 3 0.12500000 1 1.00000000 0.00000000 0.00000000 0.00000000
Neuron 948 3 0.12500000 1 1.00000000 0.00000000 0.00000000 0.00000000
Neuron 957 3 0.37500000 1 1.00000000 0.00000000 0.00000000 0.00000000
Neuron 1005 3 0.81250000 1 1.00000000 0.00000000 0.00000000 0.00000000
Neuron 1020 3 0.50000000 1 1.00000000 0.00000000 0.00000000 0.00000000
Neuron 1069 3 0.75000000 1 1.00000000 0.00000000 0.00000000 0.00000000
Neuron 1091 3 0.93750000 1 1.00000000 0.00000000 0.00000000 0.00000000
Neuron 1116 3 0.62500000 1 1.00000000 0.00000000 0.00000000 0.00000000
Neuron 1161 3 0.87500000 1 1.00000000 0.00000000 0.00000000 0.00000000
Neuron 1173 3 0.50000000 1 1.00000000 0.00000000 0.00000000 0.00000000
Neuron 1182 3 0.50000000 1 1.00000000 0.00000000 0.00000000 0.00000000
Neuron 1206 3 0.25000000 1 1.00000000 0.00000000 0.00000000 0.00000000
Neuron 1249 3 0.06250000 1 1.00000000 0.00000000 0.00000000 0.00000000
Neuron 1318 3 0.12500000 1 1.00000000 0.00000000 0.00000000 0.00000000
Neuron 1340 3 0.25000000 1 1.00000000 0.00000000 0.00000000 0.00000000
Neuron 1411 3 0.50000000 1 1.00000000 0.00000000 0.00000000 0.00000000
Neuron 1415 3 0.50000000 1 1.00000000 0.00000000 0.00000000 0.00000000
Neuron 1435 3 0.50000000 1 1.00000000 0.00000000 0.00000000 0.00000000
Neuron 1444 3 0.50000000 1 1.00000000 0.00000000 0.00000000 0.00000000
Neuron 1513 3 0.78125000 1 1.00000000 0.00000000 0.00000000 0.00000000
Neuron 1632 3 0.25000000 1 1.00000000 0.00000000 0.00000000 0.00000000
Link 1 10 1 0 -3.42749452
Link 2 10 2 0 -0.97035399
Link 3 10 3 0 -2.27799332
Link 5 10 5 0 1.22921759
Link 6 10 6 0 -0.93129477
Link 7 10 7 0 -3.72476872
Link 9 10 9 0 -1.68527471
Link 1 11 10 0 -5.09311764
Link 2 11 11 0 0.66537268
Link 3 11 12 0 -2.18881780
Link 4 11 13 0 0.45701014
Link 5 11 14 0 1.80417318
Link 6 11 15 0 -1.34139831
Link 7 11 16 0 -2.01618360
Link 8 11 17 0 1.19871452
Link 9 11 18 0 2.09398048
Link 2 12 20 0 2.73431342
Link 3 12 21 0 -2.66740310
Link 4 12 22 0 -1.08265917
Link 5 12 23 0 -3.00415399
Link 7 12 25 0 -0.50081793
Link 8 12 26 0 -0.31623107
Link 9 12 27 0 -1.58202810
Link 1 13 28 0 2.36656814
Link 2 13 29 0 1.11070080
Link 4 13 31 0 0.00691299
Link 5 13 32 0 0.66462643
Link 6 13 33 0 0.60781969
Link 7 13 34 0 0.15770697
Link 9 13 36 0 -0.22159701
Link 1 14 37 0 0.62440916
Link 3 14 39 0 0.15845160
Link 4 14 40 0 5.37554163
Link 5 14 41 0 -0.19320745
Link 6 14 42 0 1.97746823
Link 7 14 43 0 -3.86540911
Link 8 14 44 0 4.47060735
Link 9 14 45 0 0.37580435
Link 1 15 46 0 -1.37055768
Link 2 15 47 0 1.05088843
Link 3 15 48 0 1.41854172
Link 4 15 49 0 1.06880872
Link 6 15 51 0 -1.33079707
Link 7 15 52 0 1.35830353
Link 8 15 53 0 1.11710213
Link 9 15 54 0 -2.38918394
Link 1 16 55 0 -3.84665012
Link 2 16 56 0 -2.02421561
Link 3 16 57 0 -1.98690445
Link 4 16 58 0 1.39700977
Link 5 16 59 0 -1.69437352
Link 6 16 60 0 -4.15318766
Link 7 16 61 0 -2.31715941
Link 8 16 62 0 -0.66504027
Link 9 16 63 0 -0.47629472
Link 7 17 65 0 2.11184027
Link 17 15 66 0 -2.32240934
Link 4 18 68 0 -3.07206899
Link 18 12 69 0 -3.23426128
Link 20 14 75 0 2.16011504
Link 8 21 77 0 2.65325171
Link 22 10 81 0 1.05203680
Link 24 14 87 0 4.30927310
Link 7 25 89 0 4.09619652
Link 26 13 93 0 -2.42575059
Link 1 27 95 0 2.21738138
Link 27 12 96 0 2.92810156
Link 3 28 98 0 0.87474184
Link 28 13 99 0 -2.26914873
Link 29 13 102 0 1.32718564
Link 8 30 104 0 6.68911258
Link 30 10 105 0 -1.40764789
Link 2 31 107 0 -5.74054121
Link 8 33 113 0 -3.79490063
Link 33 14 114 0 3.13507762
Link 6 34 117 0 -1.92716526
Link 1 35 120 0 -0.86835555
Link 2 36 123 0 -5.87271220
Link 36 13 124 0 1.88945532
Link 2 38 129 0 0.08659853
Link 38 16 130 0 0.26746098
Link 4 41 138 0 5.04911180
Link 41 15 139 0 4.30084276
Link 44 12 148 0 2.25935812
Link 7 45 150 0 -3.67657219
Link 45 16 151 0 -0.63172409
Link 1 46 153 0 1.98736915
Link 5 47 156 0 3.17183152
Link 47 15 157 0 5.50548805
Link 2 48 159 0 -0.73069047
Link 48 11 160 0 -2.35292850
Link 50 11 167 0 1.30391343
Link 4 51 174 0 0.50821162
Link 51 16 175 0 3.02952579
Link 5 52 177 0 0.82865661
Link 52 14 178 0 -1.89060800
Link 2 53 181 0 3.19376877
Link 9 44 191 0 0.11012975
Link 5 56 196 0 0.69515335
Link 56 13 197 0 2.42422751
Link 8 57 200 0 3.49661041
Link 57 15 201 0 -2.68926073
Link 60 10 214 0 1.71337348
Link 62 10 223 0 -1.55738983
Link 29 16 230 0 2.36265638
Link 63 10 237 0 1.96686595
Link 1 65 250 0 0.21755173
Link 65 16 251 0 1.62023082
Link 2 17 258 0 1.28314990
Link 59 66 260 0 0.05407673
Link 66 10 261 0 -5.36278159
Link 10 57 263 1 -5.00063398
Link 3 68 279 0 1.77962586
Link 68 10 280 0 4.16495795
Link 8 69 297 0 2.79635855
Link 69 29 298 0 -3.96986531
Link 3 56 315 0 4.42922292
Link 19 85 424 0 2.78205034
Link 4 86 427 0 1.36851609
Link 6 88 442 0 -5.31344054
Link 88 15 443 0 7.41937092
Link 4 89 450 0 1.99642600
Link 89 19 451 0 2.89076394
Link 94 15 482 0 -1.54616066
Link 13 21 492 1 4.61327733
Link 99 26 515 0 -3.89377622
Link 17 11 532 0 -2.28864708
Link 62 62 534 1 -2.04836161
Link 1 101 542 0 1.39387504
Link 35 107 595 0 1.31011835
Link 107 11 596 0 -2.70262650
Link 31 108 609 0 -0.41140437
Link 108 12 610 0 -0.97581109
Link 25 25 653 1 0.77556522
Link 3 19 655 0 -4.20897609
Link 2 41 688 0 1.46933092
Link 29 29 719 1 -1.28521392
Link 8 22 765 0 -1.17744131
Link 5 132 787 0 -2.85397003
Link 132 39 788 0 -2.27990926
Link 4 63 930 0 -1.77057198
Link 14 85 948 1 -3.77292903
Link 2 171 1054 0 0.75587824
Link 171 24 1055 0 3.43883383
Link 28 174 1070 0 2.30632637
Link 6 182 1115 0 2.85753072
Link 22 22 1134 1 6.31168014
Link 5 185 1153 0 -3.38687441
Link 185 59 1154 0 -2.57335878
Link 62 186 1156 0 -2.16851011
Link 186 50 1157 0 4.89431565
Link 17 194 1226 0 -1.11966572
Link 17 196 1237 0 3.88811918
Link 196 13 1238 0 -2.29782345
Link 1 197 1242 0 1.06205071
Link 197 63 1243 0 3.03470461
Link 52 52 1245 1 2.02776205
Link 200 60 1262 0 0.73031330
Link 3 201 1264 0 -4.65821130
Link 6 204 1276 0 -0.09046071
Link 204 41 1277 0 -0.70218120
Link 41 213 1353 0 1.38692272
Link 213 94 1354 0 0.07923987
Link 8 215 1363 0 -2.02302674
Link 215 13 1364 0 -1.14094589
Link 200 15 1406 0 3.49179942
Link 8 239 1498 0 -0.40416622
Link 3 245 1525 0 1.89817643
Link 245 20 1526 0 -4.35457079
Link 53 246 1533 0 1.28850576
Link 9 26 1567 0 -2.49949263
Link 9 200 1609 0 -4.18898466
Link 25 261 1629 0 2.58748036
Link 261 14 1630 0 1.18315183
Link 5 265 1668 0 4.31290056
Link 265 65 1669 0 -4.94208901
Link 6 200 1687 0 0.60260610
Link 4 21 1707 0 1.88607152
Link 275 68 1723 1 0.11352627
Link 21 276 1736 0 2.30003059
Link 276 12 1737 0 -1.01724823
Link 45 45 1824 1 -1.82035545
Link 246 284 1829 0 2.43187289
Link 284 10 1830 0 0.67421746
Link 19 289 1857 1 0.87095623
Link 289 200 1858 1 -1.06838348
Link 26 302 1931 0 -0.20683475
Link 302 18 1932 0 -5.73325097
Link 6 197 1933 0 -3.28456474
Link 44 303 1936 1 -0.90158027
Link 303 44 1937 1 1.30554069
Link 46 45 1952 0 -0.40346707
Link 21 51 1988 0 2.15857394
Link 294 316 2008 1 5.78572894
Link 316 48 2009 1 1.66734157
Link 12 321 2026 1 -4.50167281
Link 44 324 2043 0 -1.16538437
Link 6 330 2087 0 3.09653215
Link 14 26 2114 1 7.52864754
Link 4 337 2131 0 1.02167498
Link 337 200 2132 0 1.03239628
Link 25 340 2150 1 0.58549664
Link 340 25 2151 1 -1.29190449
Link 5 350 2248 0 -0.32387863
Link 350 13 2249 0 6.10891294
Link 10 65 2317 1 -2.38453595
Link 2 294 2380 0 0.02977542
Link 85 68 2385 1 1.58768472
Link 377 12 2420 0 4.14417127
Link 8 378 2428 0 0.78110877
Link 378 18 2429 0 3.92617520
Link 15 34 2489 1 -2.74912556
Link 12 394 2532 1 0.39957006
Link 394 41 2533 1 0.06224846
Link 7 294 2573 0 -1.55619429
Link 63 29 2633 0 -0.09962677
Link 65 19 2641 0 -1.96219519
Link 7 409 2643 0 0.09731255
Link 409 62 2644 0 0.40317382
Link 412 30 2666 1 -0.02190294
Link 15 68 2668 1 -3.68896448
Link 6 416 2688 0 1.27578120
Link 416 15 2689 0 2.49017221
Link 46 11 2696 0 -5.71542175
Link 48 424 2744 0 2.36270569
Link 424 63 2745 0 2.41224111
Link 26 65 2784 0 1.48512126
Link 28 28 2808 1 1.48166075
Link 85 433 2819 0 1.76731597
Link 132 34 2852 0 4.75479851
Link 39 50 2853 0 -5.48861244
Link 101 101 2866 1 0.81818345
Link 5 440 2871 0 0.55931641
Link 440 200 2872 0 3.83714375
Link 112 442 2878 0 0.30837763
Link 442 14 2879 0 -3.12046366
Link 12 28 2913 1 -1.42925129
Link 448 316 2923 0 2.57253896
Link 53 449 2925 1 3.91155601
Link 449 53 2926 1 2.59180399
Link 19 68 2956 0 3.69239069
Link 14 28 2962 1 -2.77548644
Link 5 204 2972 0 -2.35895177
Link 324 455 2985 0 4.91206262
Link 455 25 2986 0 1.97244606
Link 461 26 3024 1 0.53749116
Link 101 302 3070 0 -1.46709189
Link 416 33 3085 0 2.04277429
Link 6 475 3112 0 -0.42980371
Link 29 215 3162 0 5.55862697
Link 204 20 3207 0 -0.93101592
Link 200 68 3212 0 -3.58264718
Link 11 38 3234 1 2.25343538
Link 2 350 3251 0 2.12890144
Link 215 33 3285 0 1.03281183
Link 448 294 3295 0 -1.30449427
Link 18 500 3303 0 1.43004318
Link 500 13 3304 0 -0.31645765
Link 433 501 3312 0 2.05224970
Link 501 112 3313 0 0.07613848
Link 455 15 3390 0 -2.79827848
Link 20 509 3407 0 1.42945949
Link 509 33 3408 0 3.63469193
Link 44 515 3469 0 1.36872263
Link 515 26 3470 0 -4.53528955
Link 88 516 3474 0 0.50488740
Link 516 11 3475 0 -2.34230331
Link 330 517 3480 0 1.31165892
Link 517 44 3481 0 4.42663026
Link 56 520 3511 0 0.26828509
Link 520 14 3512 0 -0.68747497
Link 16 525 3536 1 -0.15683681
Link 525 461 3537 1 -0.00437553
Link 526 14 3542 0 -0.41991136
Link 62 215 3591 0 -2.22700615
Link 17 538 3618 1 -0.80854898
Link 538 17 3619 1 -2.21069468
Link 86 539 3624 0 2.45221630
Link 539 41 3625 0 0.11332876
Link 7 86 3652 0 3.29359480
Link 200 11 3660 0 -0.35515801
Link 66 19 3716 1 -0.52378940
Link 8 200 3721 0 1.72401767
Link 21 30 3794 0 2.97988946
Link 416 416 3921 1 0.60011818
Link 39 577 3934 0 1.62508283
Link 577 377 3935 0 -5.31622701
Link 194 455 3938 0 -1.00083237
Link 302 378 3956 1 0.44006823
Link 60 46 3986 0 -4.47090452
Link 194 594 4044 0 1.51297972
Link 594 18 4045 0 -2.45976008
Link 107 20 4069 1 -0.35187364
Link 86 509 4102 0 -0.95385833
Link 36 302 4145 0 3.98736748
Link 182 613 4222 0 0.78443550
Link 613 22 4223 0 -1.35629131
Link 60 302 4262 0 -2.02338358
Link 63 619 4269 0 2.31484467
Link 619 48 4270 0 2.38701828
Link 6 620 4272 0 0.89160760
Link 455 107 4325 0 0.67179959
Link 340 215 4397 0 -2.91015708
Link 239 639 4479 0 1.65057287
Link 639 215 4480 0 3.06273852
Link 39 641 4497 1 -2.51619683
Link 641 39 4498 1 -3.31853700
Link 321 642 4501 1 -0.10904913
Link 642 48 4502 1 2.05216107
Link 378 378 4536 1 -1.86702362
Link 378 30 4594 0 -3.92316336
Link 29 26 4621 0 -3.19956082
Link 107 665 4690 1 -0.57254727
Link 665 88 4691 1 -1.03914582
Link 425 670 4718 0 -3.30605772
Link 670 88 4719 0 -2.25993398
Link 101 674 4742 0 0.71225686
Link 674 18 4743 0 -1.57997906
Link 316 294 4848 0 2.37560342
Link 4 700 5045 0 0.69820067
Link 700 10 5046 0 -0.74282529
Link 448 704 5099 1 2.41453139
Link 704 48 5100 1 -2.02217392
Link 174 706 5105 0 0.02775303
Link 45 710 5124 0 0.61005074
Link 710 448 5125 0 2.73706719
Link 52 715 5158 0 1.46637241
Link 715 425 5159 0 1.01758010
Link 201 215 5163 0 -3.17612300
Link 475 720 5188 0 2.02270541
Link 720 215 5189 0 6.51741450
Link 16 758 5542 1 0.06260317
Link 758 275 5543 1 -1.80996209
Link 63 765 5592 0 2.96018948
Link 765 11 5593 0 2.68231858
Link 4 215 5835 0 0.56962425
Link 11 820 6052 1 3.03673733
Link 18 19 6186 0 0.37768509
Link 34 840 6225 0 2.20400297
Link 19 29 6257 0 -4.11449790
Link 41 448 6516 0 -3.71113884
Link 378 56 6652 0 3.85511676
Link 475 416 6671 0 -0.55758811
Link 101 66 6802 0 0.75942029
Link 455 48 6851 0 -0.15133441
Link 509 24 6972 0 -2.06019819
Link 294 56 6997 1 -0.77252093
Link 272 926 7009 0 0.74696354
Link 926 21 7010 0 -0.70729235
Link 7 933 7053 0 1.09659617
Link 933 99 7054 0 0.92782434
Link 948 272 7148 0 3.29614334
Link 620 957 7226 0 1.45847981
Link 957 44 7227 0 -1.49740501
Link 620 265 7305 0 -0.67748071
Link 440 63 7480 0 -3.22903110
Link 48 108 7495 0 3.92102674
Link 820 1005 7601 1 0.46813501
Link 700 33 7953 0 1.69716055
Link 10 350 8043 1 2.85890727
Link 11 1069 8116 1 2.39203646
Link 1069 28 8117 1 1.98382507
Link 440 440 8150 1 -1.15147642
Link 39 1020 8177 0 -1.05899094
Link 706 321 8245 1 1.91604955
Link 412 706 8270 0 -0.99823414
Link 1091 13 8328 0 0.26612328
Link 107 174 8391 0 -1.09750800
Link 700 13 8550 0 0.39137273
Link 47 1116 8591 0 1.00000000
Link 1116 412 8592 0 0.21107407
Link 324 539 8623 1 0.88229452
Link 52 197 8640 1 -1.35287107
Link 526 1020 8715 0 3.02981206
Link 272 706 8904 0 -0.07676412
Link 185 196 8957 0 -0.66254134
Link 65 38 8959 0 0.05922918
Link 13 1161 8984 1 1.24035388
Link 1161 294 8985 1 2.68890923
Link 1020 1173 9050 0 1.12227297
Link 41 1182 9121 0 0.09730107
Link 1182 1020 9122 0 -0.00507234
Link 68 20 9345 0 1.08316830
Link 1206 526 9393 0 3.77969301
Link 132 700 9408 0 -4.45681304
Link 112 350 9491 1 -1.49729427
Link 704 704 9702 1 0.36188410
Link 433 425 9725 1 -0.75656929
Link 1 1249 9728 0 -1.56630049
Link 1249 948 9729 0 2.40281686
Link 99 186 9839 0 0.65428227
Link 185 22 9959 0 -0.07636990
Link 69 28 10109 0 0.92029435
Link 16 194 10140 1 3.87396632
Link 2 1318 10247 0 1.22806450
Link 1318 1206 10248 0 1.76968284
Link 239 1340 10444 0 1.18436453
Link 1340 197 10445 0 1.26971249
Link 449 275 10521 0 -2.08725083
Link 66 53 10679 1 -0.19643077
Link 1173 1411 11005 0 1.95161976
Link 1411 52 11006 0 -0.96390371
Link 44 1415 11043 1 1.51480908
Link 1415 44 11044 1 -3.62664004
Link 1020 1435 11223 0 -0.69085930
Link 1435 50 11224 0 -0.16885854
Link 594 1444 11323 0 2.09434860
Link 1444 34 11324 0 -0.46893233
Link 840 1182 11352 1 4.14979367
Link 1415 24 11418 0 0.32688398
Link 957 1091 11457 0 0.03748433
Link 1005 1513 11853 1 1.00000000
Link 1513 412 11854 1 1.70639794
Link 185 132 11903 0 3.39178897
Link 440 715 11926 0 -2.75913721
Link 424 28 12442 0 2.93936645
Link 196 186 12643 1 -0.53813757
Link 4 1182 12786 0 1.10772928
Link 25 1020 13091 0 0.70499101
Link 620 1632 13167 1 0.46310628
Link 1632 620 13168 1 2.06792865
Link 619 539 13626 1 -1.77581731
Link 433 409 13701 1 -0.90477119
Link 1091 1091 13712 1 1.22970381
Link 520 201 13947 1 1.43772867
Link 101 517 14116 0 -0.49256323
Link 933 112 14187 0 1.42849450
Link 24 321 14230 0 1.44550670
Link 48 1206 14425 1 -2.74362648
Link 19 35 15012 0 -0.93158117
GenomeEnd

