GenomeStart 1696
Neuron 1 1 0.00000000 1 0.00000000 0.00000000 0.00000000 0.00000000
Neuron 2 1 0.00000000 1 0.00000000 0.00000000 0.00000000 0.00000000
Neuron 3 1 0.00000000 1 0.00000000 0.00000000 0.00000000 0.00000000
Neuron 4 1 0.00000000 1 0.00000000 0.00000000 0.00000000 0.00000000
Neuron 5 1 0.00000000 1 0.00000000 0.00000000 0.00000000 0.00000000
Neuron 6 1 0.00000000 1 0.00000000 0.00000000 0.00000000 0.00000000
Neuron 7 1 0.00000000 1 0.00000000 0.00000000 0.00000000 0.00000000
Neuron 8 1 0.00000000 1 0.00000000 0.00000000 0.00000000 0.00000000
Neuron 9 2 0.00000000 1 0.00000000 0.00000000 0.00000000 0.00000000
Neuron 10 4 1.00000000 0 1.00000000 0.00000000 0.00000000 0.00000000
Neuron 11 4 1.00000000 0 1.00000000 0.00000000 0.00000000 0.00000000
Neuron 12 4 1.00000000 0 1.00000000 0.00000000 0.00000000 0.00000000
Neuron 13 4 1.00000000 0 1.00000000 0.00000000 0.00000000 0.00000000
Neuron 14 4 1.00000000 0 1.00000000 0.00000000 0.00000000 0.00000000
Neuron 15 4 1.00000000 0 1.00000000 0.00000000 0.00000000 0.00000000
Neuron 16 4 1.00000000 0 1.00000000 0.00000000 0.00000000 0.00000000
Neuron 29 3 0.50000000 1 1.00000000 0.00000000 0.00000000 0.00000000
Neuron 46 3 0.50000000 1 1.00000000 0.00000000 0.00000000 0.00000000
Link 1 10 1 0 -2.87928450
Link 2 10 2 0 -1.38700751
Link 3 10 3 0 0.33774688
Link 4 10 4 0 1.60384946
Link 5 10 5 0 0.14878195
Link 6 10 6 0 -0.18781890
Link 7 10 7 0 1.28994096
Link 8 10 8 0 -2.82236816
Link 9 10 9 0 0.53325543
Link 1 11 10 0 -1.18666952
Link 2 11 11 0 2.69929962
Link 3 11 12 0 4.49322581
Link 4 11 13 0 0.19947478
Link 5 11 14 0 0.21990738
Link 6 11 15 0 -4.62797879
Link 7 11 16 0 0.73471565
Link 8 11 17 0 -1.41450111
Link 9 11 18 0 0.63060747
Link 1 12 19 0 -1.21986449
Link 2 12 20 0 -0.98031934
Link 3 12 21 0 0.60968310
Link 4 12 22 0 2.36533451
Link 5 12 23 0 0.01996786
Link 6 12 24 0 2.73579941
Link 7 12 25 0 -1.86810881
Link 8 12 26 0 0.05334289
Link 9 12 27 0 -0.32453338
Link 1 13 28 0 -2.41760198
Link 2 13 29 0 -1.16701815
Link 3 13 30 0 -3.31533560
Link 4 13 31 0 -1.68786351
Link 5 13 32 0 0.01438173
Link 6 13 33 0 -1.60121329
Link 7 13 34 0 0.04001020
Link 9 13 36 0 -0.62933118
Link 2 14 38 0 2.84211575
Link 3 14 39 0 -2.79209739
Link 4 14 40 0 0.44674991
Link 5 14 41 0 -0.59452861
Link 6 14 42 0 0.18166174
Link 7 14 43 0 1.00746448
Link 8 14 44 0 0.82522641
Link 9 14 45 0 2.33260621
Link 1 15 46 0 -3.68557253
Link 2 15 47 0 0.64955037
Link 3 15 48 0 -1.25139259
Link 4 15 49 0 1.00259500
Link 5 15 50 0 2.44369431
Link 6 15 51 0 -0.71099447
Link 7 15 52 0 1.66664486
Link 8 15 53 0 1.88132350
Link 9 15 54 0 2.51368696
Link 1 16 55 0 -1.28942381
Link 2 16 56 0 -2.19931841
Link 3 16 57 0 0.88039332
Link 4 16 58 0 0.53965663
Link 5 16 59 0 -0.41651365
Link 6 16 60 0 2.35803479
Link 7 16 61 0 -1.93679821
Link 8 16 62 0 -0.73875372
Link 9 16 63 0 -0.70722991
Link 8 29 101 0 0.48384899
Link 29 13 102 0 0.37792600
Link 1 46 153 0 1.54330052
Link 46 14 154 0 -1.15103861
Link 7 46 193 0 -4.43683227
GenomeEnd

