GenomeStart 50101
Neuron 1 1 0.00000000 1 0.00000000 0.00000000 0.00000000 0.00000000
Neuron 2 1 0.00000000 1 0.00000000 0.00000000 0.00000000 0.00000000
Neuron 3 1 0.00000000 1 0.00000000 0.00000000 0.00000000 0.00000000
Neuron 4 1 0.00000000 1 0.00000000 0.00000000 0.00000000 0.00000000
Neuron 5 1 0.00000000 1 0.00000000 0.00000000 0.00000000 0.00000000
Neuron 6 1 0.00000000 1 0.00000000 0.00000000 0.00000000 0.00000000
Neuron 7 1 0.00000000 1 0.00000000 0.00000000 0.00000000 0.00000000
Neuron 8 1 0.00000000 1 0.00000000 0.00000000 0.00000000 0.00000000
Neuron 9 2 0.00000000 1 0.00000000 0.00000000 0.00000000 0.00000000
Neuron 10 4 1.00000000 0 1.00000000 0.00000000 0.00000000 0.00000000
Neuron 11 4 1.00000000 0 1.00000000 0.00000000 0.00000000 0.00000000
Neuron 12 4 1.00000000 0 1.00000000 0.00000000 0.00000000 0.00000000
Neuron 13 4 1.00000000 0 1.00000000 0.00000000 0.00000000 0.00000000
Neuron 14 4 1.00000000 0 1.00000000 0.00000000 0.00000000 0.00000000
Neuron 15 4 1.00000000 0 1.00000000 0.00000000 0.00000000 0.00000000
Neuron 16 4 1.00000000 0 1.00000000 0.00000000 0.00000000 0.00000000
Neuron 19 3 0.50000000 1 1.00000000 0.00000000 0.00000000 0.00000000
Neuron 21 3 0.50000000 1 1.00000000 0.00000000 0.00000000 0.00000000
Neuron 26 3 0.50000000 1 1.00000000 0.00000000 0.00000000 0.00000000
Neuron 29 3 0.50000000 1 1.00000000 0.00000000 0.00000000 0.00000000
Neuron 30 3 0.50000000 1 1.00000000 0.00000000 0.00000000 0.00000000
Neuron 34 3 0.50000000 1 1.00000000 0.00000000 0.00000000 0.00000000
Neuron 39 3 0.50000000 1 1.00000000 0.00000000 0.00000000 0.00000000
Neuron 41 3 0.50000000 1 1.00000000 0.00000000 0.00000000 0.00000000
Neuron 43 3 0.50000000 1 1.00000000 0.00000000 0.00000000 0.00000000
Neuron 44 3 0.50000000 1 1.00000000 0.00000000 0.00000000 0.00000000
Neuron 45 3 0.50000000 1 1.00000000 0.00000000 0.00000000 0.00000000
Neuron 46 3 0.50000000 1 1.00000000 0.00000000 0.00000000 0.00000000
Neuron 47 3 0.50000000 1 1.00000000 0.00000000 0.00000000 0.00000000
Neuron 50 3 0.50000000 1 1.00000000 0.00000000 0.00000000 0.00000000
Neuron 52 3 0.50000000 1 1.00000000 0.00000000 0.00000000 0.00000000
Neuron 55 3 0.50000000 1 1.00000000 0.00000000 0.00000000 0.00000000
Neuron 57 3 0.50000000 1 1.00000000 0.00000000 0.00000000 0.00000000
Neuron 60 3 0.50000000 1 1.00000000 0.00000000 0.00000000 0.00000000
Neuron 62 3 0.50000000 1 1.00000000 0.00000000 0.00000000 0.00000000
Neuron 65 3 0.50000000 1 1.00000000 0.00000000 0.00000000 0.00000000
Neuron 68 3 0.50000000 1 1.00000000 0.00000000 0.00000000 0.00000000
Neuron 71 3 0.75000000 1 1.00000000 0.00000000 0.00000000 0.00000000
Neuron 85 3 0.75000000 1 1.00000000 0.00000000 0.00000000 0.00000000
Neuron 86 3 0.25000000 1 1.00000000 0.00000000 0.00000000 0.00000000
Neuron 87 3 0.50000000 1 1.00000000 0.00000000 0.00000000 0.00000000
Neuron 88 3 0.50000000 1 1.00000000 0.00000000 0.00000000 0.00000000
Neuron 112 3 0.87500000 1 1.00000000 0.00000000 0.00000000 0.00000000
Neuron 132 3 0.25000000 1 1.00000000 0.00000000 0.00000000 0.00000000
Neuron 156 3 0.25000000 1 1.00000000 0.00000000 0.00000000 0.00000000
Neuron 164 3 0.25000000 1 1.00000000 0.00000000 0.00000000 0.00000000
Neuron 165 3 0.62500000 1 1.00000000 0.00000000 0.00000000 0.00000000
Neuron 186 3 0.50000000 1 1.00000000 0.00000000 0.00000000 0.00000000
Neuron 200 3 0.25000000 1 1.00000000 0.00000000 0.00000000 0.00000000
Neuron 242 3 0.75000000 1 1.00000000 0.00000000 0.00000000 0.00000000
Neuron 275 3 0.75000000 1 1.00000000 0.00000000 0.00000000 0.00000000
Neuron 289 3 0.37500000 1 1.00000000 0.00000000 0.00000000 0.00000000
Neuron 330 3 0.25000000 1 1.00000000 0.00000000 0.00000000 0.00000000
Neuron 385 3 0.75000000 1 1.00000000 0.00000000 0.00000000 0.00000000
Neuron 435 3 0.87500000 1 1.00000000 0.00000000 0.00000000 0.00000000
Neuron 478 3 0.56250000 1 1.00000000 0.00000000 0.00000000 0.00000000
Neuron 513 3 0.87500000 1 1.00000000 0.00000000 0.00000000 0.00000000
Neuron 534 3 0.25000000 1 1.00000000 0.00000000 0.00000000 0.00000000
Neuron 616 3 0.37500000 1 1.00000000 0.00000000 0.00000000 0.00000000
Neuron 621 3 0.81250000 1 1.00000000 0.00000000 0.00000000 0.00000000
Neuron 649 3 0.25000000 1 1.00000000 0.00000000 0.00000000 0.00000000
Neuron 689 3 0.93750000 1 1.00000000 0.00000000 0.00000000 0.00000000
Neuron 752 3 0.50000000 1 1.00000000 0.00000000 0.00000000 0.00000000
Neuron 812 3 0.84375000 1 1.00000000 0.00000000 0.00000000 0.00000000
Neuron 843 3 0.59375000 1 1.00000000 0.00000000 0.00000000 0.00000000
Neuron 853 3 0.62500000 1 1.00000000 0.00000000 0.00000000 0.00000000
Neuron 902 3 0.87500000 1 1.00000000 0.00000000 0.00000000 0.00000000
Neuron 910 3 0.37500000 1 1.00000000 0.00000000 0.00000000 0.00000000
Neuron 996 3 0.50000000 1 1.00000000 0.00000000 0.00000000 0.00000000
Neuron 1013 3 0.42187500 1 1.00000000 0.00000000 0.00000000 0.00000000
Neuron 1023 3 0.53125000 1 1.00000000 0.00000000 0.00000000 0.00000000
Link 1 10 1 0 -2.64107519
Link 2 10 2 0 -1.09512054
Link 5 10 5 0 4.20197769
Link 6 10 6 0 -1.43479478
Link 9 10 9 0 0.43149037
Link 1 11 10 0 -1.66164164
Link 3 11 12 0 -0.60627700
Link 5 11 14 0 1.59453436
Link 7 11 16 0 -2.30778192
Link 8 11 17 0 0.84251743
Link 1 12 19 0 -1.50267363
Link 2 12 20 0 -1.92338422
Link 3 12 21 0 -3.80742029
Link 4 12 22 0 2.28374526
Link 7 12 25 0 -0.86565948
Link 9 12 27 0 2.14680591
Link 1 13 28 0 -3.24762978
Link 3 13 30 0 1.05166996
Link 4 13 31 0 -0.40315016
Link 5 13 32 0 2.34861940
Link 9 13 36 0 0.38929205
Link 2 14 38 0 -2.13223939
Link 3 14 39 0 2.90893441
Link 7 14 43 0 -0.11983178
Link 8 14 44 0 -1.56115404
Link 9 14 45 0 0.64617536
Link 1 15 46 0 2.44465049
Link 3 15 48 0 0.73852101
Link 7 15 52 0 -0.29811045
Link 9 15 54 0 0.28455703
Link 2 16 56 0 0.99475473
Link 4 16 58 0 0.37758838
Link 5 16 59 0 -0.40396661
Link 6 16 60 0 0.15934403
Link 8 16 62 0 1.72098617
Link 4 19 71 0 -1.36409440
Link 8 21 77 0 -2.09616725
Link 21 12 78 0 0.36384271
Link 7 26 92 0 1.52671284
Link 26 13 93 0 0.48843542
Link 8 29 101 0 0.52684381
Link 29 13 102 0 -1.00774828
Link 8 30 104 0 -0.36262888
Link 30 10 105 0 1.64007549
Link 6 34 117 0 0.85645171
Link 39 12 133 0 -1.25379313
Link 41 15 139 0 0.43021920
Link 43 16 145 0 -0.77437973
Link 44 12 148 0 0.71614414
Link 7 45 150 0 -1.33612875
Link 45 16 151 0 0.96763697
Link 1 46 153 0 -0.14644061
Link 5 47 156 0 -0.07016101
Link 47 15 157 0 3.02824586
Link 50 11 167 0 -1.48756838
Link 52 14 178 0 -0.34611085
Link 55 11 190 0 2.39583065
Link 7 46 193 0 -2.50837171
Link 57 15 201 0 0.79160791
Link 60 10 214 0 -3.21288404
Link 7 62 222 0 -2.01765363
Link 62 10 223 0 -4.04389518
Link 1 65 250 0 -2.46027527
Link 65 16 251 0 2.79840593
Link 3 68 279 0 -1.91520286
Link 47 47 293 1 0.22707194
Link 46 71 310 0 -0.15141661
Link 71 14 311 0 -0.84224980
Link 12 43 314 1 -0.62021457
Link 4 86 427 0 4.02013724
Link 86 41 428 0 1.38452692
Link 87 15 439 0 -3.14043098
Link 6 88 442 0 1.64956330
Link 88 15 443 0 -0.34543932
Link 50 10 554 0 -3.45867091
Link 85 112 639 0 0.56294312
Link 112 14 640 0 0.03878757
Link 3 19 655 0 1.73646546
Link 5 132 787 0 -1.45935338
Link 132 39 788 0 2.12037070
Link 2 47 863 0 0.90301392
Link 34 60 940 0 -2.73461435
Link 8 156 956 0 2.01240574
Link 156 57 957 0 -1.69081470
Link 5 164 1005 0 1.53934284
Link 165 85 1011 0 1.47545992
Link 62 186 1156 0 -0.89669433
Link 186 50 1157 0 -1.02718604
Link 4 200 1261 0 1.85469562
Link 200 60 1262 0 -1.60322551
Link 200 15 1406 0 -2.27799132
Link 68 242 1511 0 0.51664095
Link 9 26 1567 0 -2.55787156
Link 9 200 1609 0 1.87025706
Link 6 200 1687 0 -0.20174967
Link 16 275 1722 1 1.50855044
Link 275 68 1723 1 2.54155079
Link 19 289 1857 1 0.86414706
Link 289 200 1858 1 0.14254591
Link 88 50 2084 0 -0.16167744
Link 6 330 2087 0 0.58221997
Link 330 44 2088 0 -3.41805576
Link 5 200 2139 0 2.70770370
Link 65 21 2449 0 -1.96544223
Link 385 57 2474 1 1.18303357
Link 65 19 2641 0 -1.82871344
Link 15 68 2668 1 1.03569183
Link 26 65 2784 0 -0.55475730
Link 14 435 2833 1 2.42407988
Link 435 85 2834 1 -1.59029328
Link 5 385 2992 0 1.00833051
Link 19 478 3122 0 2.94364279
Link 43 132 3190 1 4.01919522
Link 435 62 3359 1 0.50711301
Link 44 112 3395 0 -0.79946822
Link 19 132 3549 1 6.45875630
Link 4 534 3604 0 3.44014459
Link 534 55 3605 0 -3.51642766
Link 164 616 4252 0 1.00000000
Link 616 52 4253 0 -1.39505504
Link 621 385 4294 1 -0.17863247
Link 132 30 4376 0 -0.85351116
Link 2 649 4558 0 1.43506311
Link 10 21 4620 1 -0.16168608
Link 29 478 4687 0 -1.08486824
Link 85 41 4829 1 2.17108857
Link 10 689 4944 1 0.64363316
Link 689 513 4945 1 3.79779443
Link 57 55 5076 0 -0.63693342
Link 275 13 5191 0 0.31300070
Link 34 87 5299 0 -0.35562871
Link 435 435 5392 1 0.55887163
Link 534 752 5497 0 1.10981441
Link 752 385 5498 0 3.61587870
Link 132 62 5521 0 -0.23780485
Link 30 34 5838 0 1.11417438
Link 513 812 5998 1 0.93376067
Link 812 621 5999 1 -0.26832489
Link 55 46 6239 0 -0.80715067
Link 478 843 6249 0 3.01503661
Link 843 165 6250 0 -0.07870962
Link 478 385 6289 0 -0.79570268
Link 57 853 6350 0 0.67339299
Link 853 275 6351 0 -0.78581130
Link 60 853 6440 0 1.00257265
Link 242 902 6707 0 1.99467418
Link 902 10 6708 0 1.45649135
Link 649 910 6797 0 1.01493496
Link 910 87 6798 0 -1.03043668
Link 7 649 6931 0 1.40990423
Link 9 385 7007 0 -1.11864944
Link 2 621 7208 0 0.56479199
Link 330 996 7539 0 1.34358094
Link 996 275 7540 0 -3.09337046
Link 2 1013 7660 0 0.57382704
Link 1013 812 7661 0 1.92101599
Link 65 910 7691 1 1.58479808
Link 26 1023 7731 0 0.86684876
Link 1023 478 7732 0 2.29054629
Link 29 649 7784 1 2.20458930
GenomeEnd

