GenomeStart 19547
Neuron 1 1 0.00000000 1 0.00000000 0.00000000 0.00000000 0.00000000
Neuron 2 1 0.00000000 1 0.00000000 0.00000000 0.00000000 0.00000000
Neuron 3 1 0.00000000 1 0.00000000 0.00000000 0.00000000 0.00000000
Neuron 4 1 0.00000000 1 0.00000000 0.00000000 0.00000000 0.00000000
Neuron 5 1 0.00000000 1 0.00000000 0.00000000 0.00000000 0.00000000
Neuron 6 1 0.00000000 1 0.00000000 0.00000000 0.00000000 0.00000000
Neuron 7 1 0.00000000 1 0.00000000 0.00000000 0.00000000 0.00000000
Neuron 8 1 0.00000000 1 0.00000000 0.00000000 0.00000000 0.00000000
Neuron 9 2 0.00000000 1 0.00000000 0.00000000 0.00000000 0.00000000
Neuron 10 4 1.00000000 0 1.00000000 0.00000000 0.00000000 0.00000000
Neuron 11 4 1.00000000 0 1.00000000 0.00000000 0.00000000 0.00000000
Neuron 12 4 1.00000000 0 1.00000000 0.00000000 0.00000000 0.00000000
Neuron 13 4 1.00000000 0 1.00000000 0.00000000 0.00000000 0.00000000
Neuron 14 4 1.00000000 0 1.00000000 0.00000000 0.00000000 0.00000000
Neuron 15 4 1.00000000 0 1.00000000 0.00000000 0.00000000 0.00000000
Neuron 16 4 1.00000000 0 1.00000000 0.00000000 0.00000000 0.00000000
Neuron 23 3 0.50000000 1 1.00000000 0.00000000 0.00000000 0.00000000
Neuron 26 3 0.50000000 1 1.00000000 0.00000000 0.00000000 0.00000000
Neuron 31 3 0.50000000 1 1.00000000 0.00000000 0.00000000 0.00000000
Neuron 32 3 0.50000000 1 1.00000000 0.00000000 0.00000000 0.00000000
Neuron 34 3 0.50000000 1 1.00000000 0.00000000 0.00000000 0.00000000
Neuron 41 3 0.50000000 1 1.00000000 0.00000000 0.00000000 0.00000000
Neuron 43 3 0.50000000 1 1.00000000 0.00000000 0.00000000 0.00000000
Neuron 49 3 0.50000000 1 1.00000000 0.00000000 0.00000000 0.00000000
Neuron 51 3 0.50000000 1 1.00000000 0.00000000 0.00000000 0.00000000
Neuron 52 3 0.50000000 1 1.00000000 0.00000000 0.00000000 0.00000000
Neuron 57 3 0.50000000 1 1.00000000 0.00000000 0.00000000 0.00000000
Neuron 58 3 0.50000000 1 1.00000000 0.00000000 0.00000000 0.00000000
Neuron 61 3 0.50000000 1 1.00000000 0.00000000 0.00000000 0.00000000
Neuron 62 3 0.50000000 1 1.00000000 0.00000000 0.00000000 0.00000000
Neuron 76 3 0.75000000 1 1.00000000 0.00000000 0.00000000 0.00000000
Neuron 78 3 0.50000000 1 1.00000000 0.00000000 0.00000000 0.00000000
Neuron 335 3 0.50000000 1 1.00000000 0.00000000 0.00000000 0.00000000
Neuron 386 3 0.50000000 1 1.00000000 0.00000000 0.00000000 0.00000000
Link 1 10 1 0 2.02940814
Link 2 10 2 0 0.46152330
Link 3 10 3 0 -4.10761077
Link 4 10 4 0 -1.08158817
Link 8 10 8 0 2.67698950
Link 9 10 9 0 -1.84805781
Link 1 11 10 0 0.76788075
Link 2 11 11 0 3.02848342
Link 3 11 12 0 1.19723763
Link 4 11 13 0 -0.29622096
Link 6 11 15 0 0.59425318
Link 9 11 18 0 1.70267362
Link 1 12 19 0 3.63063720
Link 3 12 21 0 0.23833180
Link 4 12 22 0 -0.98496945
Link 5 12 23 0 -0.43586256
Link 6 12 24 0 0.93505635
Link 7 12 25 0 1.49453916
Link 8 12 26 0 -0.61898415
Link 9 12 27 0 0.87711692
Link 2 13 29 0 1.71714982
Link 3 13 30 0 1.35230236
Link 4 13 31 0 -0.11818710
Link 5 13 32 0 -0.55247000
Link 6 13 33 0 3.54665618
Link 8 13 35 0 -3.50052745
Link 9 13 36 0 0.14318590
Link 1 14 37 0 -0.87203537
Link 2 14 38 0 2.56434975
Link 3 14 39 0 1.86721179
Link 4 14 40 0 0.58032601
Link 7 14 43 0 2.58709133
Link 8 14 44 0 -3.77934486
Link 9 14 45 0 -0.28077215
Link 1 15 46 0 -1.18641203
Link 2 15 47 0 1.01665635
Link 5 15 50 0 -0.35539282
Link 6 15 51 0 -1.54870797
Link 7 15 52 0 -0.89726857
Link 9 15 54 0 0.78792988
Link 1 16 55 0 -1.11855036
Link 2 16 56 0 -3.21162839
Link 5 16 59 0 0.05607903
Link 7 16 61 0 0.48964379
Link 8 16 62 0 1.18680862
Link 9 16 63 0 -0.98277037
Link 6 23 83 0 -3.26526538
Link 23 16 84 0 0.77937290
Link 7 26 92 0 1.29618864
Link 2 31 107 0 1.43535838
Link 31 12 108 0 -2.42010571
Link 3 32 110 0 0.67273621
Link 32 15 111 0 -1.35878175
Link 6 34 117 0 -2.57452926
Link 34 14 118 0 -0.77176738
Link 4 41 138 0 1.45235473
Link 41 15 139 0 1.61667695
Link 3 43 144 0 1.05226687
Link 43 16 145 0 1.11820907
Link 1 49 162 0 1.33916252
Link 49 13 163 0 1.78425265
Link 4 51 174 0 -0.08525362
Link 51 16 175 0 3.09243226
Link 5 52 177 0 0.59887774
Link 52 14 178 0 -3.07981319
Link 8 57 200 0 -1.72196047
Link 57 15 201 0 0.00183148
Link 8 58 205 0 -0.87480901
Link 58 11 206 0 -2.07835292
Link 5 61 219 0 1.41807224
Link 61 11 220 0 -0.30237691
Link 7 62 222 0 0.52857426
Link 62 10 223 0 0.43230097
Link 26 76 357 0 -0.96156948
Link 76 13 358 0 0.07548665
Link 7 78 367 0 2.91285525
Link 78 11 368 0 0.96076492
Link 6 43 381 0 -0.37263214
Link 10 76 517 1 -2.18827127
Link 62 62 534 1 -2.23435811
Link 32 76 557 0 -2.24204693
Link 6 62 833 0 -0.61312144
Link 51 62 908 0 0.96282154
Link 14 62 1098 1 -4.20220303
Link 32 23 1119 0 0.83850961
Link 23 32 1125 0 -1.61684301
Link 58 13 1247 0 -1.84491184
Link 58 26 1321 0 -3.23246042
Link 76 14 1370 0 0.87242974
Link 62 76 1405 0 0.82953423
Link 34 32 1891 0 1.22573096
Link 43 15 1977 0 -0.33905503
Link 32 62 2073 0 -4.04428768
Link 23 57 2092 0 1.69560567
Link 7 335 2121 0 0.51551588
Link 335 11 2122 0 -0.02337205
Link 34 386 2477 0 0.50249032
Link 386 43 2478 0 0.94920058
Link 51 335 2671 0 0.02407666
Link 51 12 2857 0 -0.14128195
GenomeEnd

