GenomeStart 109165
Neuron 1 1 0.00000000 1 0.00000000 0.00000000 0.00000000 0.00000000
Neuron 2 1 0.00000000 1 0.00000000 0.00000000 0.00000000 0.00000000
Neuron 3 1 0.00000000 1 0.00000000 0.00000000 0.00000000 0.00000000
Neuron 4 1 0.00000000 1 0.00000000 0.00000000 0.00000000 0.00000000
Neuron 5 1 0.00000000 1 0.00000000 0.00000000 0.00000000 0.00000000
Neuron 6 1 0.00000000 1 0.00000000 0.00000000 0.00000000 0.00000000
Neuron 7 1 0.00000000 1 0.00000000 0.00000000 0.00000000 0.00000000
Neuron 8 1 0.00000000 1 0.00000000 0.00000000 0.00000000 0.00000000
Neuron 9 2 0.00000000 1 0.00000000 0.00000000 0.00000000 0.00000000
Neuron 10 4 1.00000000 0 1.00000000 0.00000000 0.00000000 0.00000000
Neuron 11 4 1.00000000 0 1.00000000 0.00000000 0.00000000 0.00000000
Neuron 12 4 1.00000000 0 1.00000000 0.00000000 0.00000000 0.00000000
Neuron 13 4 1.00000000 0 1.00000000 0.00000000 0.00000000 0.00000000
Neuron 14 4 1.00000000 0 1.00000000 0.00000000 0.00000000 0.00000000
Neuron 15 4 1.00000000 0 1.00000000 0.00000000 0.00000000 0.00000000
Neuron 16 4 1.00000000 0 1.00000000 0.00000000 0.00000000 0.00000000
Neuron 17 3 0.50000000 1 1.00000000 0.00000000 0.00000000 0.00000000
Neuron 18 3 0.50000000 1 1.00000000 0.00000000 0.00000000 0.00000000
Neuron 19 3 0.50000000 1 1.00000000 0.00000000 0.00000000 0.00000000
Neuron 20 3 0.50000000 1 1.00000000 0.00000000 0.00000000 0.00000000
Neuron 21 3 0.50000000 1 1.00000000 0.00000000 0.00000000 0.00000000
Neuron 22 3 0.50000000 1 1.00000000 0.00000000 0.00000000 0.00000000
Neuron 23 3 0.50000000 1 1.00000000 0.00000000 0.00000000 0.00000000
Neuron 24 3 0.50000000 1 1.00000000 0.00000000 0.00000000 0.00000000
Neuron 25 3 0.50000000 1 1.00000000 0.00000000 0.00000000 0.00000000
Neuron 26 3 0.50000000 1 1.00000000 0.00000000 0.00000000 0.00000000
Neuron 27 3 0.50000000 1 1.00000000 0.00000000 0.00000000 0.00000000
Neuron 28 3 0.50000000 1 1.00000000 0.00000000 0.00000000 0.00000000
Neuron 29 3 0.50000000 1 1.00000000 0.00000000 0.00000000 0.00000000
Neuron 30 3 0.50000000 1 1.00000000 0.00000000 0.00000000 0.00000000
Neuron 31 3 0.50000000 1 1.00000000 0.00000000 0.00000000 0.00000000
Neuron 32 3 0.50000000 1 1.00000000 0.00000000 0.00000000 0.00000000
Neuron 33 3 0.50000000 1 1.00000000 0.00000000 0.00000000 0.00000000
Neuron 34 3 0.50000000 1 1.00000000 0.00000000 0.00000000 0.00000000
Neuron 35 3 0.50000000 1 1.00000000 0.00000000 0.00000000 0.00000000
Neuron 36 3 0.50000000 1 1.00000000 0.00000000 0.00000000 0.00000000
Neuron 37 3 0.50000000 1 1.00000000 0.00000000 0.00000000 0.00000000
Neuron 38 3 0.50000000 1 1.00000000 0.00000000 0.00000000 0.00000000
Neuron 39 3 0.50000000 1 1.00000000 0.00000000 0.00000000 0.00000000
Neuron 41 3 0.50000000 1 1.00000000 0.00000000 0.00000000 0.00000000
Neuron 42 3 0.50000000 1 1.00000000 0.00000000 0.00000000 0.00000000
Neuron 43 3 0.50000000 1 1.00000000 0.00000000 0.00000000 0.00000000
Neuron 44 3 0.50000000 1 1.00000000 0.00000000 0.00000000 0.00000000
Neuron 45 3 0.50000000 1 1.00000000 0.00000000 0.00000000 0.00000000
Neuron 46 3 0.50000000 1 1.00000000 0.00000000 0.00000000 0.00000000
Neuron 47 3 0.50000000 1 1.00000000 0.00000000 0.00000000 0.00000000
Neuron 48 3 0.50000000 1 1.00000000 0.00000000 0.00000000 0.00000000
Neuron 50 3 0.50000000 1 1.00000000 0.00000000 0.00000000 0.00000000
Neuron 51 3 0.50000000 1 1.00000000 0.00000000 0.00000000 0.00000000
Neuron 52 3 0.50000000 1 1.00000000 0.00000000 0.00000000 0.00000000
Neuron 53 3 0.50000000 1 1.00000000 0.00000000 0.00000000 0.00000000
Neuron 55 3 0.50000000 1 1.00000000 0.00000000 0.00000000 0.00000000
Neuron 56 3 0.50000000 1 1.00000000 0.00000000 0.00000000 0.00000000
Neuron 57 3 0.50000000 1 1.00000000 0.00000000 0.00000000 0.00000000
Neuron 58 3 0.50000000 1 1.00000000 0.00000000 0.00000000 0.00000000
Neuron 59 3 0.50000000 1 1.00000000 0.00000000 0.00000000 0.00000000
Neuron 60 3 0.50000000 1 1.00000000 0.00000000 0.00000000 0.00000000
Neuron 62 3 0.50000000 1 1.00000000 0.00000000 0.00000000 0.00000000
Neuron 63 3 0.50000000 1 1.00000000 0.00000000 0.00000000 0.00000000
Neuron 64 3 0.25000000 1 1.00000000 0.00000000 0.00000000 0.00000000
Neuron 65 3 0.50000000 1 1.00000000 0.00000000 0.00000000 0.00000000
Neuron 66 3 0.75000000 1 1.00000000 0.00000000 0.00000000 0.00000000
Neuron 68 3 0.50000000 1 1.00000000 0.00000000 0.00000000 0.00000000
Neuron 69 3 0.25000000 1 1.00000000 0.00000000 0.00000000 0.00000000
Neuron 70 3 0.50000000 1 1.00000000 0.00000000 0.00000000 0.00000000
Neuron 71 3 0.75000000 1 1.00000000 0.00000000 0.00000000 0.00000000
Neuron 77 3 0.75000000 1 1.00000000 0.00000000 0.00000000 0.00000000
Neuron 78 3 0.50000000 1 1.00000000 0.00000000 0.00000000 0.00000000
Neuron 83 3 0.25000000 1 1.00000000 0.00000000 0.00000000 0.00000000
Neuron 85 3 0.75000000 1 1.00000000 0.00000000 0.00000000 0.00000000
Neuron 86 3 0.25000000 1 1.00000000 0.00000000 0.00000000 0.00000000
Neuron 87 3 0.50000000 1 1.00000000 0.00000000 0.00000000 0.00000000
Neuron 88 3 0.50000000 1 1.00000000 0.00000000 0.00000000 0.00000000
Neuron 89 3 0.25000000 1 1.00000000 0.00000000 0.00000000 0.00000000
Neuron 90 3 0.25000000 1 1.00000000 0.00000000 0.00000000 0.00000000
Neuron 94 3 0.75000000 1 1.00000000 0.00000000 0.00000000 0.00000000
Neuron 97 3 0.50000000 1 1.00000000 0.00000000 0.00000000 0.00000000
Neuron 99 3 0.25000000 1 1.00000000 0.00000000 0.00000000 0.00000000
Neuron 101 3 0.25000000 1 1.00000000 0.00000000 0.00000000 0.00000000
Neuron 107 3 0.75000000 1 1.00000000 0.00000000 0.00000000 0.00000000
Neuron 108 3 0.75000000 1 1.00000000 0.00000000 0.00000000 0.00000000
Neuron 112 3 0.87500000 1 1.00000000 0.00000000 0.00000000 0.00000000
Neuron 116 3 0.25000000 1 1.00000000 0.00000000 0.00000000 0.00000000
Neuron 124 3 0.75000000 1 1.00000000 0.00000000 0.00000000 0.00000000
Neuron 126 3 0.75000000 1 1.00000000 0.00000000 0.00000000 0.00000000
Neuron 128 3 0.75000000 1 1.00000000 0.00000000 0.00000000 0.00000000
Neuron 132 3 0.25000000 1 1.00000000 0.00000000 0.00000000 0.00000000
Neuron 138 3 0.25000000 1 1.00000000 0.00000000 0.00000000 0.00000000
Neuron 139 3 0.75000000 1 1.00000000 0.00000000 0.00000000 0.00000000
Neuron 140 3 0.25000000 1 1.00000000 0.00000000 0.00000000 0.00000000
Neuron 143 3 0.75000000 1 1.00000000 0.00000000 0.00000000 0.00000000
Neuron 156 3 0.25000000 1 1.00000000 0.00000000 0.00000000 0.00000000
Neuron 164 3 0.25000000 1 1.00000000 0.00000000 0.00000000 0.00000000
Neuron 165 3 0.62500000 1 1.00000000 0.00000000 0.00000000 0.00000000
Neuron 167 3 0.25000000 1 1.00000000 0.00000000 0.00000000 0.00000000
Neuron 169 3 0.25000000 1 1.00000000 0.00000000 0.00000000 0.00000000
Neuron 171 3 0.25000000 1 1.00000000 0.00000000 0.00000000 0.00000000
Neuron 174 3 0.75000000 1 1.00000000 0.00000000 0.00000000 0.00000000
Neuron 177 3 0.75000000 1 1.00000000 0.00000000 0.00000000 0.00000000
Neuron 182 3 0.25000000 1 1.00000000 0.00000000 0.00000000 0.00000000
Neuron 185 3 0.25000000 1 1.00000000 0.00000000 0.00000000 0.00000000
Neuron 186 3 0.50000000 1 1.00000000 0.00000000 0.00000000 0.00000000
Neuron 194 3 0.50000000 1 1.00000000 0.00000000 0.00000000 0.00000000
Neuron 196 3 0.75000000 1 1.00000000 0.00000000 0.00000000 0.00000000
Neuron 197 3 0.25000000 1 1.00000000 0.00000000 0.00000000 0.00000000
Neuron 200 3 0.25000000 1 1.00000000 0.00000000 0.00000000 0.00000000
Neuron 201 3 0.25000000 1 1.00000000 0.00000000 0.00000000 0.00000000
Neuron 204 3 0.25000000 1 1.00000000 0.00000000 0.00000000 0.00000000
Neuron 213 3 0.62500000 1 1.00000000 0.00000000 0.00000000 0.00000000
Neuron 215 3 0.50000000 1 1.00000000 0.00000000 0.00000000 0.00000000
Neuron 229 3 0.25000000 1 1.00000000 0.00000000 0.00000000 0.00000000
Neuron 230 3 0.37500000 1 1.00000000 0.00000000 0.00000000 0.00000000
Neuron 234 3 0.87500000 1 1.00000000 0.00000000 0.00000000 0.00000000
Neuron 236 3 0.25000000 1 1.00000000 0.00000000 0.00000000 0.00000000
Neuron 239 3 0.25000000 1 1.00000000 0.00000000 0.00000000 0.00000000
Neuron 242 3 0.75000000 1 1.00000000 0.00000000 0.00000000 0.00000000
Neuron 243 3 0.75000000 1 1.00000000 0.00000000 0.00000000 0.00000000
Neuron 245 3 0.25000000 1 1.00000000 0.00000000 0.00000000 0.00000000
Neuron 246 3 0.75000000 1 1.00000000 0.00000000 0.00000000 0.00000000
Neuron 261 3 0.75000000 1 1.00000000 0.00000000 0.00000000 0.00000000
Neuron 265 3 0.25000000 1 1.00000000 0.00000000 0.00000000 0.00000000
Neuron 272 3 0.25000000 1 1.00000000 0.00000000 0.00000000 0.00000000
Neuron 275 3 0.75000000 1 1.00000000 0.00000000 0.00000000 0.00000000
Neuron 276 3 0.75000000 1 1.00000000 0.00000000 0.00000000 0.00000000
Neuron 277 3 0.12500000 1 1.00000000 0.00000000 0.00000000 0.00000000
Neuron 282 3 0.25000000 1 1.00000000 0.00000000 0.00000000 0.00000000
Neuron 284 3 0.87500000 1 1.00000000 0.00000000 0.00000000 0.00000000
Neuron 289 3 0.37500000 1 1.00000000 0.00000000 0.00000000 0.00000000
Neuron 294 3 0.75000000 1 1.00000000 0.00000000 0.00000000 0.00000000
Neuron 295 3 0.50000000 1 1.00000000 0.00000000 0.00000000 0.00000000
Neuron 302 3 0.50000000 1 1.00000000 0.00000000 0.00000000 0.00000000
Neuron 303 3 0.50000000 1 1.00000000 0.00000000 0.00000000 0.00000000
Neuron 304 3 0.50000000 1 1.00000000 0.00000000 0.00000000 0.00000000
Neuron 308 3 0.12500000 1 1.00000000 0.00000000 0.00000000 0.00000000
Neuron 316 3 0.62500000 1 1.00000000 0.00000000 0.00000000 0.00000000
Neuron 320 3 0.12500000 1 1.00000000 0.00000000 0.00000000 0.00000000
Neuron 321 3 0.75000000 1 1.00000000 0.00000000 0.00000000 0.00000000
Neuron 323 3 0.25000000 1 1.00000000 0.00000000 0.00000000 0.00000000
Neuron 324 3 0.50000000 1 1.00000000 0.00000000 0.00000000 0.00000000
Neuron 330 3 0.25000000 1 1.00000000 0.00000000 0.00000000 0.00000000
Neuron 337 3 0.12500000 1 1.00000000 0.00000000 0.00000000 0.00000000
Neuron 340 3 0.50000000 1 1.00000000 0.00000000 0.00000000 0.00000000
Neuron 344 3 0.25000000 1 1.00000000 0.00000000 0.00000000 0.00000000
Neuron 350 3 0.50000000 1 1.00000000 0.00000000 0.00000000 0.00000000
Neuron 352 3 0.50000000 1 1.00000000 0.00000000 0.00000000 0.00000000
Neuron 361 3 0.75000000 1 1.00000000 0.00000000 0.00000000 0.00000000
Neuron 363 3 0.62500000 1 1.00000000 0.00000000 0.00000000 0.00000000
Neuron 365 3 0.25000000 1 1.00000000 0.00000000 0.00000000 0.00000000
Neuron 366 3 0.50000000 1 1.00000000 0.00000000 0.00000000 0.00000000
Neuron 377 3 0.75000000 1 1.00000000 0.00000000 0.00000000 0.00000000
Neuron 378 3 0.25000000 1 1.00000000 0.00000000 0.00000000 0.00000000
Neuron 385 3 0.75000000 1 1.00000000 0.00000000 0.00000000 0.00000000
Neuron 390 3 0.50000000 1 1.00000000 0.00000000 0.00000000 0.00000000
Neuron 392 3 0.87500000 1 1.00000000 0.00000000 0.00000000 0.00000000
Neuron 394 3 0.75000000 1 1.00000000 0.00000000 0.00000000 0.00000000
Neuron 398 3 0.37500000 1 1.00000000 0.00000000 0.00000000 0.00000000
Neuron 409 3 0.25000000 1 1.00000000 0.00000000 0.00000000 0.00000000
Neuron 412 3 0.75000000 1 1.00000000 0.00000000 0.00000000 0.00000000
Neuron 416 3 0.50000000 1 1.00000000 0.00000000 0.00000000 0.00000000
Neuron 422 3 0.50000000 1 1.00000000 0.00000000 0.00000000 0.00000000
Neuron 424 3 0.50000000 1 1.00000000 0.00000000 0.00000000 0.00000000
Neuron 425 3 0.50000000 1 1.00000000 0.00000000 0.00000000 0.00000000
Neuron 431 3 0.62500000 1 1.00000000 0.00000000 0.00000000 0.00000000
Neuron 433 3 0.81250000 1 1.00000000 0.00000000 0.00000000 0.00000000
Neuron 435 3 0.87500000 1 1.00000000 0.00000000 0.00000000 0.00000000
Neuron 439 3 0.50000000 1 1.00000000 0.00000000 0.00000000 0.00000000
Neuron 440 3 0.12500000 1 1.00000000 0.00000000 0.00000000 0.00000000
Neuron 441 3 0.75000000 1 1.00000000 0.00000000 0.00000000 0.00000000
Neuron 442 3 0.93750000 1 1.00000000 0.00000000 0.00000000 0.00000000
Neuron 448 3 0.56250000 1 1.00000000 0.00000000 0.00000000 0.00000000
Neuron 449 3 0.50000000 1 1.00000000 0.00000000 0.00000000 0.00000000
Neuron 454 3 0.50000000 1 1.00000000 0.00000000 0.00000000 0.00000000
Neuron 455 3 0.50000000 1 1.00000000 0.00000000 0.00000000 0.00000000
Neuron 458 3 0.50000000 1 1.00000000 0.00000000 0.00000000 0.00000000
Neuron 461 3 0.75000000 1 1.00000000 0.00000000 0.00000000 0.00000000
Neuron 462 3 0.75000000 1 1.00000000 0.00000000 0.00000000 0.00000000
Neuron 467 3 0.37500000 1 1.00000000 0.00000000 0.00000000 0.00000000
Neuron 470 3 0.50000000 1 1.00000000 0.00000000 0.00000000 0.00000000
Neuron 473 3 0.50000000 1 1.00000000 0.00000000 0.00000000 0.00000000
Neuron 475 3 0.25000000 1 1.00000000 0.00000000 0.00000000 0.00000000
Neuron 477 3 0.81250000 1 1.00000000 0.00000000 0.00000000 0.00000000
Neuron 478 3 0.56250000 1 1.00000000 0.00000000 0.00000000 0.00000000
Neuron 486 3 0.62500000 1 1.00000000 0.00000000 0.00000000 0.00000000
Neuron 500 3 0.75000000 1 1.00000000 0.00000000 0.00000000 0.00000000
Neuron 501 3 0.84375000 1 1.00000000 0.00000000 0.00000000 0.00000000
Neuron 502 3 0.50000000 1 1.00000000 0.00000000 0.00000000 0.00000000
Neuron 507 3 0.50000000 1 1.00000000 0.00000000 0.00000000 0.00000000
Neuron 508 3 0.25000000 1 1.00000000 0.00000000 0.00000000 0.00000000
Neuron 509 3 0.50000000 1 1.00000000 0.00000000 0.00000000 0.00000000
Neuron 511 3 0.50000000 1 1.00000000 0.00000000 0.00000000 0.00000000
Neuron 513 3 0.87500000 1 1.00000000 0.00000000 0.00000000 0.00000000
Neuron 515 3 0.50000000 1 1.00000000 0.00000000 0.00000000 0.00000000
Neuron 516 3 0.75000000 1 1.00000000 0.00000000 0.00000000 0.00000000
Neuron 517 3 0.37500000 1 1.00000000 0.00000000 0.00000000 0.00000000
Neuron 519 3 0.75000000 1 1.00000000 0.00000000 0.00000000 0.00000000
Neuron 520 3 0.75000000 1 1.00000000 0.00000000 0.00000000 0.00000000
Neuron 523 3 0.50000000 1 1.00000000 0.00000000 0.00000000 0.00000000
Neuron 524 3 0.12500000 1 1.00000000 0.00000000 0.00000000 0.00000000
Neuron 525 3 0.87500000 1 1.00000000 0.00000000 0.00000000 0.00000000
Neuron 526 3 0.50000000 1 1.00000000 0.00000000 0.00000000 0.00000000
Neuron 530 3 0.50000000 1 1.00000000 0.00000000 0.00000000 0.00000000
Neuron 531 3 0.50000000 1 1.00000000 0.00000000 0.00000000 0.00000000
Neuron 533 3 0.87500000 1 1.00000000 0.00000000 0.00000000 0.00000000
Neuron 534 3 0.25000000 1 1.00000000 0.00000000 0.00000000 0.00000000
Neuron 538 3 0.50000000 1 1.00000000 0.00000000 0.00000000 0.00000000
Neuron 539 3 0.37500000 1 1.00000000 0.00000000 0.00000000 0.00000000
Neuron 541 3 0.75000000 1 1.00000000 0.00000000 0.00000000 0.00000000
Neuron 544 3 0.50000000 1 1.00000000 0.00000000 0.00000000 0.00000000
Neuron 551 3 0.50000000 1 1.00000000 0.00000000 0.00000000 0.00000000
Neuron 560 3 0.62500000 1 1.00000000 0.00000000 0.00000000 0.00000000
Neuron 562 3 0.50000000 1 1.00000000 0.00000000 0.00000000 0.00000000
Neuron 577 3 0.62500000 1 1.00000000 0.00000000 0.00000000 0.00000000
Neuron 587 3 0.25000000 1 1.00000000 0.00000000 0.00000000 0.00000000
Neuron 588 3 0.31250000 1 1.00000000 0.00000000 0.00000000 0.00000000
Neuron 590 3 0.75000000 1 1.00000000 0.00000000 0.00000000 0.00000000
Neuron 594 3 0.50000000 1 1.00000000 0.00000000 0.00000000 0.00000000
Neuron 597 3 0.50000000 1 1.00000000 0.00000000 0.00000000 0.00000000
Neuron 600 3 0.50000000 1 1.00000000 0.00000000 0.00000000 0.00000000
Neuron 605 3 0.50000000 1 1.00000000 0.00000000 0.00000000 0.00000000
Neuron 608 3 0.62500000 1 1.00000000 0.00000000 0.00000000 0.00000000
Neuron 609 3 0.50000000 1 1.00000000 0.00000000 0.00000000 0.00000000
Neuron 613 3 0.37500000 1 1.00000000 0.00000000 0.00000000 0.00000000
Neuron 616 3 0.37500000 1 1.00000000 0.00000000 0.00000000 0.00000000
Neuron 619 3 0.50000000 1 1.00000000 0.00000000 0.00000000 0.00000000
Neuron 620 3 0.25000000 1 1.00000000 0.00000000 0.00000000 0.00000000
Neuron 621 3 0.81250000 1 1.00000000 0.00000000 0.00000000 0.00000000
Neuron 622 3 0.37500000 1 1.00000000 0.00000000 0.00000000 0.00000000
Neuron 631 3 0.68750000 1 1.00000000 0.00000000 0.00000000 0.00000000
Neuron 632 3 0.62500000 1 1.00000000 0.00000000 0.00000000 0.00000000
Neuron 638 3 0.62500000 1 1.00000000 0.00000000 0.00000000 0.00000000
Neuron 639 3 0.37500000 1 1.00000000 0.00000000 0.00000000 0.00000000
Neuron 641 3 0.50000000 1 1.00000000 0.00000000 0.00000000 0.00000000
Neuron 642 3 0.62500000 1 1.00000000 0.00000000 0.00000000 0.00000000
Neuron 644 3 0.25000000 1 1.00000000 0.00000000 0.00000000 0.00000000
Neuron 649 3 0.25000000 1 1.00000000 0.00000000 0.00000000 0.00000000
Neuron 650 3 0.75000000 1 1.00000000 0.00000000 0.00000000 0.00000000
Neuron 652 3 0.87500000 1 1.00000000 0.00000000 0.00000000 0.00000000
Neuron 656 3 0.12500000 1 1.00000000 0.00000000 0.00000000 0.00000000
Neuron 664 3 0.50000000 1 1.00000000 0.00000000 0.00000000 0.00000000
Neuron 665 3 0.62500000 1 1.00000000 0.00000000 0.00000000 0.00000000
Neuron 666 3 0.25000000 1 1.00000000 0.00000000 0.00000000 0.00000000
Neuron 670 3 0.50000000 1 1.00000000 0.00000000 0.00000000 0.00000000
Neuron 674 3 0.37500000 1 1.00000000 0.00000000 0.00000000 0.00000000
Neuron 676 3 0.62500000 1 1.00000000 0.00000000 0.00000000 0.00000000
Neuron 680 3 0.37500000 1 1.00000000 0.00000000 0.00000000 0.00000000
Neuron 686 3 0.37500000 1 1.00000000 0.00000000 0.00000000 0.00000000
Neuron 689 3 0.93750000 1 1.00000000 0.00000000 0.00000000 0.00000000
Neuron 690 3 0.37500000 1 1.00000000 0.00000000 0.00000000 0.00000000
Neuron 695 3 0.84375000 1 1.00000000 0.00000000 0.00000000 0.00000000
Neuron 696 3 0.87500000 1 1.00000000 0.00000000 0.00000000 0.00000000
Neuron 700 3 0.50000000 1 1.00000000 0.00000000 0.00000000 0.00000000
Neuron 704 3 0.53125000 1 1.00000000 0.00000000 0.00000000 0.00000000
Neuron 706 3 0.87500000 1 1.00000000 0.00000000 0.00000000 0.00000000
Neuron 707 3 0.62500000 1 1.00000000 0.00000000 0.00000000 0.00000000
Neuron 710 3 0.53125000 1 1.00000000 0.00000000 0.00000000 0.00000000
Neuron 712 3 0.06250000 1 1.00000000 0.00000000 0.00000000 0.00000000
Neuron 715 3 0.50000000 1 1.00000000 0.00000000 0.00000000 0.00000000
Neuron 720 3 0.37500000 1 1.00000000 0.00000000 0.00000000 0.00000000
Neuron 721 3 0.75000000 1 1.00000000 0.00000000 0.00000000 0.00000000
Neuron 727 3 0.25000000 1 1.00000000 0.00000000 0.00000000 0.00000000
Neuron 728 3 0.68750000 1 1.00000000 0.00000000 0.00000000 0.00000000
Neuron 734 3 0.37500000 1 1.00000000 0.00000000 0.00000000 0.00000000
Neuron 735 3 0.06250000 1 1.00000000 0.00000000 0.00000000 0.00000000
Neuron 744 3 0.50000000 1 1.00000000 0.00000000 0.00000000 0.00000000
Neuron 752 3 0.50000000 1 1.00000000 0.00000000 0.00000000 0.00000000
Neuron 758 3 0.87500000 1 1.00000000 0.00000000 0.00000000 0.00000000
Neuron 765 3 0.75000000 1 1.00000000 0.00000000 0.00000000 0.00000000
Neuron 769 3 0.50000000 1 1.00000000 0.00000000 0.00000000 0.00000000
Neuron 771 3 0.56250000 1 1.00000000 0.00000000 0.00000000 0.00000000
Neuron 776 3 0.25000000 1 1.00000000 0.00000000 0.00000000 0.00000000
Neuron 783 3 0.75000000 1 1.00000000 0.00000000 0.00000000 0.00000000
Neuron 785 3 0.25000000 1 1.00000000 0.00000000 0.00000000 0.00000000
Neuron 790 3 0.62500000 1 1.00000000 0.00000000 0.00000000 0.00000000
Neuron 794 3 0.37500000 1 1.00000000 0.00000000 0.00000000 0.00000000
Neuron 800 3 0.87500000 1 1.00000000 0.00000000 0.00000000 0.00000000
Neuron 804 3 0.37500000 1 1.00000000 0.00000000 0.00000000 0.00000000
Neuron 810 3 0.37500000 1 1.00000000 0.00000000 0.00000000 0.00000000
Neuron 812 3 0.84375000 1 1.00000000 0.00000000 0.00000000 0.00000000
Neuron 820 3 0.87500000 1 1.00000000 0.00000000 0.00000000 0.00000000
Neuron 830 3 0.62500000 1 1.00000000 0.00000000 0.00000000 0.00000000
Neuron 834 3 0.37500000 1 1.00000000 0.00000000 0.00000000 0.00000000
Neuron 836 3 0.50000000 1 1.00000000 0.00000000 0.00000000 0.00000000
Neuron 837 3 0.50000000 1 1.00000000 0.00000000 0.00000000 0.00000000
Neuron 840 3 0.75000000 1 1.00000000 0.00000000 0.00000000 0.00000000
Neuron 843 3 0.59375000 1 1.00000000 0.00000000 0.00000000 0.00000000
Neuron 846 3 0.31250000 1 1.00000000 0.00000000 0.00000000 0.00000000
Neuron 852 3 0.37500000 1 1.00000000 0.00000000 0.00000000 0.00000000
Neuron 853 3 0.62500000 1 1.00000000 0.00000000 0.00000000 0.00000000
Neuron 859 3 0.68750000 1 1.00000000 0.00000000 0.00000000 0.00000000
Neuron 867 3 0.50000000 1 1.00000000 0.00000000 0.00000000 0.00000000
Neuron 869 3 0.25000000 1 1.00000000 0.00000000 0.00000000 0.00000000
Neuron 878 3 0.87500000 1 1.00000000 0.00000000 0.00000000 0.00000000
Neuron 882 3 0.37500000 1 1.00000000 0.00000000 0.00000000 0.00000000
Neuron 898 3 0.50000000 1 1.00000000 0.00000000 0.00000000 0.00000000
Neuron 902 3 0.87500000 1 1.00000000 0.00000000 0.00000000 0.00000000
Neuron 906 3 0.50000000 1 1.00000000 0.00000000 0.00000000 0.00000000
Neuron 923 3 0.90625000 1 1.00000000 0.00000000 0.00000000 0.00000000
Neuron 926 3 0.37500000 1 1.00000000 0.00000000 0.00000000 0.00000000
Neuron 933 3 0.12500000 1 1.00000000 0.00000000 0.00000000 0.00000000
Neuron 942 3 0.50000000 1 1.00000000 0.00000000 0.00000000 0.00000000
Neuron 945 3 0.75000000 1 1.00000000 0.00000000 0.00000000 0.00000000
Neuron 948 3 0.12500000 1 1.00000000 0.00000000 0.00000000 0.00000000
Neuron 953 3 0.50000000 1 1.00000000 0.00000000 0.00000000 0.00000000
Neuron 957 3 0.37500000 1 1.00000000 0.00000000 0.00000000 0.00000000
Neuron 963 3 0.68750000 1 1.00000000 0.00000000 0.00000000 0.00000000
Neuron 967 3 0.93750000 1 1.00000000 0.00000000 0.00000000 0.00000000
Neuron 979 3 0.93750000 1 1.00000000 0.00000000 0.00000000 0.00000000
Neuron 982 3 0.37500000 1 1.00000000 0.00000000 0.00000000 0.00000000
Neuron 984 3 0.50000000 1 1.00000000 0.00000000 0.00000000 0.00000000
Neuron 995 3 0.50000000 1 1.00000000 0.00000000 0.00000000 0.00000000
Neuron 1003 3 0.37500000 1 1.00000000 0.00000000 0.00000000 0.00000000
Neuron 1005 3 0.81250000 1 1.00000000 0.00000000 0.00000000 0.00000000
Neuron 1011 3 0.12500000 1 1.00000000 0.00000000 0.00000000 0.00000000
Neuron 1012 3 0.50000000 1 1.00000000 0.00000000 0.00000000 0.00000000
Neuron 1015 3 0.43750000 1 1.00000000 0.00000000 0.00000000 0.00000000
Neuron 1020 3 0.50000000 1 1.00000000 0.00000000 0.00000000 0.00000000
Neuron 1021 3 0.50000000 1 1.00000000 0.00000000 0.00000000 0.00000000
Neuron 1048 3 0.25000000 1 1.00000000 0.00000000 0.00000000 0.00000000
Neuron 1053 3 0.75000000 1 1.00000000 0.00000000 0.00000000 0.00000000
Neuron 1056 3 0.18750000 1 1.00000000 0.00000000 0.00000000 0.00000000
Neuron 1057 3 0.37500000 1 1.00000000 0.00000000 0.00000000 0.00000000
Neuron 1058 3 0.50000000 1 1.00000000 0.00000000 0.00000000 0.00000000
Neuron 1060 3 0.50000000 1 1.00000000 0.00000000 0.00000000 0.00000000
Neuron 1061 3 0.62500000 1 1.00000000 0.00000000 0.00000000 0.00000000
Neuron 1069 3 0.75000000 1 1.00000000 0.00000000 0.00000000 0.00000000
Neuron 1089 3 0.18750000 1 1.00000000 0.00000000 0.00000000 0.00000000
Neuron 1091 3 0.93750000 1 1.00000000 0.00000000 0.00000000 0.00000000
Neuron 1092 3 0.62500000 1 1.00000000 0.00000000 0.00000000 0.00000000
Neuron 1093 3 0.75000000 1 1.00000000 0.00000000 0.00000000 0.00000000
Neuron 1095 3 0.50000000 1 1.00000000 0.00000000 0.00000000 0.00000000
Neuron 1116 3 0.62500000 1 1.00000000 0.00000000 0.00000000 0.00000000
Neuron 1126 3 0.62500000 1 1.00000000 0.00000000 0.00000000 0.00000000
Neuron 1127 3 0.40625000 1 1.00000000 0.00000000 0.00000000 0.00000000
Neuron 1128 3 0.62500000 1 1.00000000 0.00000000 0.00000000 0.00000000
Neuron 1133 3 0.50000000 1 1.00000000 0.00000000 0.00000000 0.00000000
Neuron 1141 3 0.25000000 1 1.00000000 0.00000000 0.00000000 0.00000000
Neuron 1143 3 0.50000000 1 1.00000000 0.00000000 0.00000000 0.00000000
Neuron 1160 3 0.87500000 1 1.00000000 0.00000000 0.00000000 0.00000000
Neuron 1161 3 0.87500000 1 1.00000000 0.00000000 0.00000000 0.00000000
Neuron 1165 3 0.50000000 1 1.00000000 0.00000000 0.00000000 0.00000000
Neuron 1168 3 0.87500000 1 1.00000000 0.00000000 0.00000000 0.00000000
Neuron 1170 3 0.65625000 1 1.00000000 0.00000000 0.00000000 0.00000000
Neuron 1173 3 0.50000000 1 1.00000000 0.00000000 0.00000000 0.00000000
Neuron 1181 3 0.25000000 1 1.00000000 0.00000000 0.00000000 0.00000000
Neuron 1182 3 0.50000000 1 1.00000000 0.00000000 0.00000000 0.00000000
Neuron 1202 3 0.25000000 1 1.00000000 0.00000000 0.00000000 0.00000000
Neuron 1206 3 0.25000000 1 1.00000000 0.00000000 0.00000000 0.00000000
Neuron 1208 3 0.50000000 1 1.00000000 0.00000000 0.00000000 0.00000000
Neuron 1211 3 0.50000000 1 1.00000000 0.00000000 0.00000000 0.00000000
Neuron 1247 3 0.50000000 1 1.00000000 0.00000000 0.00000000 0.00000000
Neuron 1249 3 0.06250000 1 1.00000000 0.00000000 0.00000000 0.00000000
Neuron 1251 3 0.75000000 1 1.00000000 0.00000000 0.00000000 0.00000000
Neuron 1318 3 0.12500000 1 1.00000000 0.00000000 0.00000000 0.00000000
Neuron 1320 3 0.25000000 1 1.00000000 0.00000000 0.00000000 0.00000000
Neuron 1337 3 0.31250000 1 1.00000000 0.00000000 0.00000000 0.00000000
Neuron 1340 3 0.25000000 1 1.00000000 0.00000000 0.00000000 0.00000000
Neuron 1341 3 0.50000000 1 1.00000000 0.00000000 0.00000000 0.00000000
Neuron 1346 3 0.81250000 1 1.00000000 0.00000000 0.00000000 0.00000000
Neuron 1347 3 0.50000000 1 1.00000000 0.00000000 0.00000000 0.00000000
Neuron 1349 3 0.31250000 1 1.00000000 0.00000000 0.00000000 0.00000000
Neuron 1351 3 0.62500000 1 1.00000000 0.00000000 0.00000000 0.00000000
Neuron 1355 3 0.50000000 1 1.00000000 0.00000000 0.00000000 0.00000000
Neuron 1357 3 0.50000000 1 1.00000000 0.00000000 0.00000000 0.00000000
Neuron 1358 3 0.87500000 1 1.00000000 0.00000000 0.00000000 0.00000000
Neuron 1366 3 0.56250000 1 1.00000000 0.00000000 0.00000000 0.00000000
Neuron 1370 3 0.50000000 1 1.00000000 0.00000000 0.00000000 0.00000000
Neuron 1385 3 0.50000000 1 1.00000000 0.00000000 0.00000000 0.00000000
Neuron 1405 3 0.62500000 1 1.00000000 0.00000000 0.00000000 0.00000000
Neuron 1411 3 0.50000000 1 1.00000000 0.00000000 0.00000000 0.00000000
Neuron 1415 3 0.50000000 1 1.00000000 0.00000000 0.00000000 0.00000000
Neuron 1418 3 0.62500000 1 1.00000000 0.00000000 0.00000000 0.00000000
Neuron 1421 3 0.50000000 1 1.00000000 0.00000000 0.00000000 0.00000000
Neuron 1430 3 0.37500000 1 1.00000000 0.00000000 0.00000000 0.00000000
Neuron 1435 3 0.50000000 1 1.00000000 0.00000000 0.00000000 0.00000000
Neuron 1436 3 0.84375000 1 1.00000000 0.00000000 0.00000000 0.00000000
Neuron 1444 3 0.50000000 1 1.00000000 0.00000000 0.00000000 0.00000000
Neuron 1448 3 0.25000000 1 1.00000000 0.00000000 0.00000000 0.00000000
Neuron 1453 3 0.43750000 1 1.00000000 0.00000000 0.00000000 0.00000000
Neuron 1457 3 0.68750000 1 1.00000000 0.00000000 0.00000000 0.00000000
Neuron 1477 3 0.56250000 1 1.00000000 0.00000000 0.00000000 0.00000000
Neuron 1481 3 0.87500000 1 1.00000000 0.00000000 0.00000000 0.00000000
Neuron 1483 3 0.37500000 1 1.00000000 0.00000000 0.00000000 0.00000000
Neuron 1502 3 0.90625000 1 1.00000000 0.00000000 0.00000000 0.00000000
Neuron 1508 3 0.50000000 1 1.00000000 0.00000000 0.00000000 0.00000000
Neuron 1513 3 0.78125000 1 1.00000000 0.00000000 0.00000000 0.00000000
Neuron 1515 3 0.50000000 1 1.00000000 0.00000000 0.00000000 0.00000000
Neuron 1523 3 0.75000000 1 1.00000000 0.00000000 0.00000000 0.00000000
Neuron 1540 3 0.50000000 1 1.00000000 0.00000000 0.00000000 0.00000000
Neuron 1568 3 0.50000000 1 1.00000000 0.00000000 0.00000000 0.00000000
Neuron 1610 3 0.50000000 1 1.00000000 0.00000000 0.00000000 0.00000000
Neuron 1617 3 0.25000000 1 1.00000000 0.00000000 0.00000000 0.00000000
Neuron 1624 3 0.37500000 1 1.00000000 0.00000000 0.00000000 0.00000000
Neuron 1625 3 0.50000000 1 1.00000000 0.00000000 0.00000000 0.00000000
Neuron 1632 3 0.25000000 1 1.00000000 0.00000000 0.00000000 0.00000000
Neuron 1638 3 0.50000000 1 1.00000000 0.00000000 0.00000000 0.00000000
Neuron 1639 3 0.31250000 1 1.00000000 0.00000000 0.00000000 0.00000000
Neuron 1643 3 0.31250000 1 1.00000000 0.00000000 0.00000000 0.00000000
Neuron 1668 3 0.89062500 1 1.00000000 0.00000000 0.00000000 0.00000000
Neuron 1682 3 0.75000000 1 1.00000000 0.00000000 0.00000000 0.00000000
Neuron 1694 3 0.31250000 1 1.00000000 0.00000000 0.00000000 0.00000000
Neuron 1718 3 0.59375000 1 1.00000000 0.00000000 0.00000000 0.00000000
Neuron 1732 3 0.43750000 1 1.00000000 0.00000000 0.00000000 0.00000000
Neuron 1740 3 0.90625000 1 1.00000000 0.00000000 0.00000000 0.00000000
Neuron 1824 3 0.37500000 1 1.00000000 0.00000000 0.00000000 0.00000000
Neuron 1829 3 0.18750000 1 1.00000000 0.00000000 0.00000000 0.00000000
Neuron 1835 3 0.37500000 1 1.00000000 0.00000000 0.00000000 0.00000000
Neuron 1839 3 0.50000000 1 1.00000000 0.00000000 0.00000000 0.00000000
Neuron 1841 3 0.37500000 1 1.00000000 0.00000000 0.00000000 0.00000000
Neuron 1850 3 0.50000000 1 1.00000000 0.00000000 0.00000000 0.00000000
Neuron 1900 3 0.37500000 1 1.00000000 0.00000000 0.00000000 0.00000000
Neuron 1901 3 0.75000000 1 1.00000000 0.00000000 0.00000000 0.00000000
Neuron 1910 3 0.50000000 1 1.00000000 0.00000000 0.00000000 0.00000000
Neuron 1931 3 0.68750000 1 1.00000000 0.00000000 0.00000000 0.00000000
Neuron 1975 3 0.28125000 1 1.00000000 0.00000000 0.00000000 0.00000000
Neuron 2035 3 0.37500000 1 1.00000000 0.00000000 0.00000000 0.00000000
Neuron 2101 3 0.37500000 1 1.00000000 0.00000000 0.00000000 0.00000000
Neuron 2121 3 0.68750000 1 1.00000000 0.00000000 0.00000000 0.00000000
Neuron 2205 3 0.28125000 1 1.00000000 0.00000000 0.00000000 0.00000000
Link 1 10 1 0 0.05227653
Link 2 10 2 0 -1.65418468
Link 3 10 3 0 0.33163743
Link 4 10 4 0 -1.08422527
Link 5 10 5 0 -2.51605604
Link 6 10 6 0 1.56651544
Link 7 10 7 0 0.02482957
Link 9 10 9 0 1.37705271
Link 1 11 10 0 2.27934725
Link 2 11 11 0 -1.89140847
Link 3 11 12 0 0.38690795
Link 4 11 13 0 1.58305019
Link 5 11 14 0 1.20453518
Link 6 11 15 0 -0.71191665
Link 7 11 16 0 -0.24609500
Link 8 11 17 0 1.35059971
Link 9 11 18 0 -0.02587094
Link 1 12 19 0 -1.40178248
Link 2 12 20 0 -1.02538736
Link 3 12 21 0 -0.96122456
Link 4 12 22 0 -0.71447916
Link 5 12 23 0 0.20282015
Link 6 12 24 0 1.67127177
Link 7 12 25 0 -1.92726802
Link 8 12 26 0 0.66146347
Link 9 12 27 0 -1.39058338
Link 1 13 28 0 -3.19309301
Link 2 13 29 0 -0.12251155
Link 3 13 30 0 -2.13301314
Link 4 13 31 0 -1.92504873
Link 5 13 32 0 3.47164493
Link 6 13 33 0 1.09905709
Link 7 13 34 0 -1.31095670
Link 9 13 36 0 1.10091969
Link 1 14 37 0 -1.80228001
Link 2 14 38 0 1.03062586
Link 3 14 39 0 1.70442939
Link 4 14 40 0 0.89814540
Link 5 14 41 0 -1.60625579
Link 6 14 42 0 2.49886566
Link 7 14 43 0 -0.25385763
Link 8 14 44 0 0.13225737
Link 9 14 45 0 1.35857466
Link 1 15 46 0 -1.64221044
Link 2 15 47 0 -1.21463953
Link 3 15 48 0 1.45059360
Link 4 15 49 0 0.78125878
Link 5 15 50 0 -0.16906758
Link 6 15 51 0 -3.60757456
Link 7 15 52 0 -0.89575180
Link 8 15 53 0 -1.21088011
Link 9 15 54 0 -0.01925614
Link 1 16 55 0 -3.33284809
Link 2 16 56 0 -2.25501696
Link 3 16 57 0 1.93752469
Link 4 16 58 0 -2.13608143
Link 5 16 59 0 -2.06344590
Link 6 16 60 0 3.98134937
Link 7 16 61 0 -0.71784603
Link 8 16 62 0 -0.65781305
Link 9 16 63 0 0.21412907
Link 7 17 65 0 -1.38790512
Link 17 15 66 0 0.27316557
Link 4 18 68 0 0.46187414
Link 18 12 69 0 -0.99650345
Link 4 19 71 0 -1.03944816
Link 3 20 74 0 1.60354345
Link 8 21 77 0 -2.04726131
Link 21 12 78 0 -2.64912951
Link 22 10 81 0 -2.89852338
Link 6 23 83 0 3.38548532
Link 23 16 84 0 0.25220369
Link 2 24 86 0 -1.38137898
Link 24 14 87 0 -0.08306643
Link 7 25 89 0 -1.08845376
Link 25 14 90 0 -0.78179218
Link 7 26 92 0 -2.34861267
Link 26 13 93 0 1.15736383
Link 1 27 95 0 0.14706613
Link 27 12 96 0 1.58859114
Link 3 28 98 0 3.86246098
Link 28 13 99 0 0.82405725
Link 8 29 101 0 -0.78832341
Link 29 13 102 0 -2.13280350
Link 8 30 104 0 -0.08359937
Link 30 10 105 0 -0.60177126
Link 2 31 107 0 0.59227481
Link 31 12 108 0 -2.66155556
Link 3 32 110 0 -0.82605009
Link 32 15 111 0 -2.14237278
Link 8 33 113 0 -0.06582432
Link 33 14 114 0 -2.67884378
Link 6 34 117 0 -0.86598187
Link 34 14 118 0 -1.39611657
Link 1 35 120 0 1.72976472
Link 35 11 121 0 0.43197612
Link 2 36 123 0 1.93621061
Link 36 13 124 0 3.40259828
Link 3 37 126 0 0.82813964
Link 37 11 127 0 0.05075347
Link 2 38 129 0 -2.65939632
Link 38 16 130 0 -1.03053179
Link 39 12 133 0 1.03647083
Link 4 41 138 0 0.23969386
Link 41 15 139 0 -1.73022331
Link 8 42 141 0 -0.88340049
Link 42 16 142 0 -0.98230091
Link 3 43 144 0 1.40458917
Link 43 16 145 0 -1.48043172
Link 6 44 147 0 -0.26122991
Link 44 12 148 0 0.84127236
Link 7 45 150 0 -0.08120800
Link 45 16 151 0 0.38041129
Link 1 46 153 0 -0.42074929
Link 46 14 154 0 -1.70276820
Link 5 47 156 0 -1.26299284
Link 47 15 157 0 -1.32316698
Link 2 48 159 0 2.80658662
Link 48 11 160 0 -0.15868559
Link 50 11 167 0 1.70675534
Link 13 13 170 1 -3.31000667
Link 4 51 174 0 -1.13549277
Link 51 16 175 0 -0.51264353
Link 5 52 177 0 0.87308123
Link 52 14 178 0 -0.42693119
Link 2 53 181 0 1.90551731
Link 55 11 190 0 0.45904126
Link 9 44 191 0 -1.09419555
Link 7 46 193 0 -0.48903463
Link 5 56 196 0 -1.09664586
Link 56 13 197 0 1.24107138
Link 8 57 200 0 0.83257461
Link 57 15 201 0 -0.03126992
Link 8 58 205 0 -1.28520791
Link 58 11 206 0 -0.76945754
Link 4 60 213 0 1.52289512
Link 60 10 214 0 1.31138814
Link 7 62 222 0 2.12055944
Link 62 10 223 0 0.83300840
Link 29 16 230 0 0.54003495
Link 63 10 237 0 -2.12983930
Link 8 64 240 0 -0.29962487
Link 64 21 241 0 0.61985123
Link 1 65 250 0 -2.03325740
Link 65 16 251 0 -1.22235829
Link 2 17 258 0 0.04254856
Link 59 66 260 0 0.82573992
Link 66 10 261 0 -0.81745768
Link 10 57 263 1 0.21824844
Link 3 68 279 0 0.55022153
Link 68 10 280 0 0.63790771
Link 47 47 293 1 2.81756645
Link 8 69 297 0 0.54179846
Link 69 29 298 0 1.65224449
Link 8 55 305 0 -1.26994302
Link 4 70 307 0 -1.03491525
Link 70 13 308 0 -0.53501328
Link 46 71 310 0 -1.79619341
Link 71 14 311 0 -1.22341672
Link 12 43 314 1 -0.29393112
Link 3 56 315 0 -1.40731400
Link 29 77 364 0 0.76643678
Link 77 13 365 0 -0.52472920
Link 7 78 367 0 -0.69496609
Link 78 11 368 0 1.73092350
Link 17 13 371 0 3.09213931
Link 5 65 374 0 0.42627400
Link 27 11 387 0 -1.42693252
Link 5 83 415 0 0.28916572
Link 83 56 416 0 0.36180341
Link 19 85 424 0 -2.40103587
Link 4 86 427 0 -3.05074922
Link 86 41 428 0 -1.86109598
Link 2 87 438 0 -2.27119443
Link 87 15 439 0 -0.27456007
Link 6 88 442 0 -0.84419492
Link 88 15 443 0 2.38793421
Link 4 89 450 0 0.10496923
Link 89 19 451 0 1.53938206
Link 4 90 453 0 1.25465122
Link 90 51 454 0 0.47379850
Link 41 94 481 0 0.58540424
Link 94 15 482 0 3.75144092
Link 13 21 492 1 -0.53434352
Link 7 97 507 0 2.41805872
Link 97 12 508 0 -0.97576332
Link 7 99 514 0 0.25658626
Link 99 26 515 0 0.92267265
Link 12 41 530 1 -1.04080417
Link 17 11 532 0 -1.99909299
Link 62 62 534 1 -0.05671578
Link 1 101 542 0 0.80297863
Link 101 18 543 0 0.32924970
Link 50 10 554 0 -0.48951269
Link 35 107 595 0 0.31533623
Link 107 11 596 0 -1.32370118
Link 4 33 603 0 -2.20101787
Link 31 108 609 0 -1.76946918
Link 108 12 610 0 -0.32691446
Link 62 50 623 0 1.42674225
Link 85 112 639 0 0.02655764
Link 112 14 640 0 1.05062230
Link 25 25 653 1 -0.83823986
Link 3 19 655 0 -1.15610679
Link 8 116 671 0 1.53746805
Link 116 33 672 0 0.36774012
Link 2 41 688 0 -0.51378177
Link 88 124 711 0 1.04601075
Link 124 15 712 0 -1.77905692
Link 29 29 719 1 -1.44438014
Link 22 126 730 0 -0.27999083
Link 126 10 731 0 1.46688436
Link 18 13 739 0 -0.61670337
Link 62 128 750 0 0.35777067
Link 128 10 751 0 0.22252952
Link 8 22 765 0 0.90766064
Link 5 132 787 0 0.05359810
Link 132 39 788 0 1.23903362
Link 7 47 806 0 -0.13369171
Link 2 138 820 0 1.63980809
Link 138 31 821 0 0.84834492
Link 30 139 824 0 -1.31772437
Link 139 10 825 0 -3.42688933
Link 6 140 836 0 -1.36525785
Link 140 88 837 0 1.48719617
Link 24 143 853 0 -0.16989935
Link 143 14 854 0 -2.81110327
Link 60 11 894 0 -1.72104341
Link 57 39 910 0 0.16380087
Link 4 63 930 0 -1.65642884
Link 34 60 940 0 0.28236713
Link 14 85 948 1 -2.53684071
Link 8 156 956 0 0.49597652
Link 156 57 957 0 1.72742287
Link 5 164 1005 0 1.08461366
Link 165 85 1011 0 -1.78605543
Link 1 167 1024 0 2.34268949
Link 167 35 1025 0 -2.10245059
Link 5 44 1029 0 -1.61494185
Link 2 169 1046 0 2.11751169
Link 169 36 1047 0 2.32495866
Link 2 171 1054 0 -1.18121968
Link 171 24 1055 0 -0.16175247
Link 28 174 1070 0 0.68331634
Link 174 13 1071 0 1.59019066
Link 60 177 1092 0 0.38632441
Link 177 10 1093 0 -0.77257318
Link 6 182 1115 0 0.91065074
Link 182 22 1116 0 -0.83382282
Link 52 88 1124 0 -2.25871572
Link 22 22 1134 1 1.46243574
Link 5 185 1153 0 0.31782526
Link 185 59 1154 0 0.71487453
Link 62 186 1156 0 0.08366898
Link 186 50 1157 0 -3.06639924
Link 11 30 1223 1 -1.47834958
Link 17 194 1226 0 1.10581920
Link 194 18 1227 0 3.15181761
Link 17 196 1237 0 -2.30464155
Link 196 13 1238 0 0.37622843
Link 1 197 1242 0 -2.33555304
Link 197 63 1243 0 -0.53705527
Link 52 52 1245 1 0.38093014
Link 4 200 1261 0 -1.61289727
Link 200 60 1262 0 1.03812580
Link 3 201 1264 0 1.16290165
Link 6 204 1276 0 -0.90909053
Link 204 41 1277 0 -1.98328100
Link 29 88 1284 0 0.63494227
Link 43 43 1294 1 -0.37299921
Link 19 200 1314 1 -1.50615341
Link 4 56 1327 0 -0.37641998
Link 44 26 1348 0 -0.65777642
Link 41 213 1353 0 -1.18879801
Link 213 94 1354 0 -1.30987861
Link 8 215 1363 0 -1.79703292
Link 215 13 1364 0 0.75798303
Link 200 15 1406 0 0.86331717
Link 16 68 1426 1 0.64823215
Link 7 229 1437 0 1.97542846
Link 229 45 1438 0 1.65162033
Link 197 230 1443 0 1.22767434
Link 230 63 1444 0 -0.86101038
Link 124 234 1468 0 -1.22976137
Link 4 236 1481 0 -0.10385232
Link 236 70 1482 0 4.62460709
Link 20 33 1496 0 -1.74189932
Link 8 239 1498 0 -0.61338551
Link 239 215 1499 0 -0.14782374
Link 68 242 1511 0 -2.09053628
Link 52 243 1514 0 1.39934792
Link 243 14 1515 0 -0.79294534
Link 3 245 1525 0 -2.48734610
Link 245 20 1526 0 -2.75520847
Link 53 246 1533 0 -0.20161264
Link 246 10 1534 0 -0.63520294
Link 9 26 1567 0 -0.55421696
Link 9 200 1609 0 -0.43246529
Link 25 261 1629 0 1.33250957
Link 261 14 1630 0 0.53470512
Link 5 265 1668 0 0.93876047
Link 265 65 1669 0 -0.66127640
Link 6 200 1687 0 -1.91392747
Link 4 21 1707 0 -0.39992576
Link 1 272 1709 0 -1.12481993
Link 272 21 1710 0 0.42780624
Link 16 275 1722 1 0.47761815
Link 275 68 1723 1 -0.56551590
Link 44 44 1734 1 0.92306478
Link 21 276 1736 0 -0.51610904
Link 276 12 1737 0 -1.72151519
Link 4 277 1751 0 -2.68448813
Link 277 86 1752 0 1.11506985
Link 8 282 1813 0 1.42373201
Link 282 22 1814 0 -1.91498365
Link 45 45 1824 1 0.76582968
Link 246 284 1829 0 -0.42800915
Link 284 10 1830 0 2.09049235
Link 19 289 1857 1 0.89506798
Link 289 200 1858 1 -1.50973616
Link 56 14 1877 0 0.59755028
Link 13 294 1883 1 -1.11821135
Link 39 15 1892 0 -1.74849190
Link 3 295 1899 0 -0.58178069
Link 295 14 1900 0 2.38938326
Link 26 302 1931 0 -2.55516500
Link 302 18 1932 0 0.87529570
Link 6 197 1933 0 0.35856618
Link 44 303 1936 1 1.25903906
Link 303 44 1937 1 -2.56604331
Link 2 304 1940 0 -0.07690356
Link 304 12 1941 0 -0.71554639
Link 46 45 1952 0 0.24407167
Link 6 308 1961 0 0.29820100
Link 308 200 1962 0 -1.62185849
Link 21 51 1988 0 -1.01722633
Link 294 316 2008 1 1.60182955
Link 316 48 2009 1 -2.87649018
Link 1 320 2023 0 1.94298462
Link 320 101 2024 0 -1.24093921
Link 12 321 2026 1 -0.88043706
Link 321 48 2027 1 0.19100509
Link 5 323 2040 0 0.90266670
Link 323 47 2041 0 -0.82224145
Link 44 324 2043 0 3.84597130
Link 324 25 2044 0 0.46185740
Link 88 50 2084 0 -1.08682063
Link 6 330 2087 0 -1.28213406
Link 330 44 2088 0 -1.41202792
Link 14 26 2114 1 1.03790991
Link 337 200 2132 0 -2.15454545
Link 5 200 2139 0 -1.62039266
Link 25 340 2150 1 -1.34519095
Link 340 25 2151 1 -1.27968465
Link 39 14 2187 0 -1.29647060
Link 4 344 2193 0 1.17846619
Link 344 56 2194 0 -0.89425534
Link 17 17 2210 1 -0.77882359
Link 88 11 2232 0 -0.78155212
Link 5 350 2248 0 0.99964840
Link 350 13 2249 0 -0.08900895
Link 46 30 2258 0 0.62502364
Link 2 352 2266 0 1.40610520
Link 352 13 2267 0 -1.49334188
Link 58 361 2311 0 0.61745519
Link 361 11 2312 0 0.42914419
Link 10 65 2317 1 -0.53998441
Link 88 363 2336 0 2.17967667
Link 363 124 2337 0 -2.73698876
Link 8 365 2343 0 1.65256278
Link 365 58 2344 0 0.40305233
Link 26 366 2349 0 -0.68761838
Link 366 302 2350 0 0.71573554
Link 2 294 2380 0 -3.91105322
Link 85 68 2385 1 0.66730217
Link 39 377 2419 0 1.75320903
Link 377 12 2420 0 0.32877682
Link 8 378 2428 0 1.93430390
Link 378 18 2429 0 2.43013739
Link 65 21 2449 0 -0.91846164
Link 48 63 2452 0 -0.81065173
Link 385 57 2474 1 -0.12199112
Link 15 34 2489 1 1.15555487
Link 6 390 2501 0 -1.37390365
Link 390 11 2502 0 -0.25491341
Link 377 392 2514 0 0.36845881
Link 392 12 2515 0 1.28343461
Link 12 394 2532 1 2.65480601
Link 394 41 2533 1 -0.27083703
Link 200 398 2562 0 2.23148791
Link 398 60 2563 0 -0.74642544
Link 7 294 2573 0 1.74093939
Link 63 29 2633 0 -2.89071129
Link 65 19 2641 0 0.98608123
Link 7 409 2643 0 0.27986338
Link 409 62 2644 0 1.17497040
Link 63 48 2657 0 0.19643573
Link 412 30 2666 1 -0.70520668
Link 15 68 2668 1 -0.00900687
Link 6 416 2688 0 0.14699475
Link 416 15 2689 0 -0.58384741
Link 46 11 2696 0 -0.02469445
Link 29 422 2723 1 -1.94273563
Link 422 29 2724 1 0.43683970
Link 65 44 2740 0 -0.26004126
Link 48 424 2744 0 -0.60094912
Link 424 63 2745 0 1.04713681
Link 63 11 2746 0 -0.47180578
Link 52 425 2756 0 0.91387851
Link 425 88 2757 0 1.43171305
Link 26 65 2784 0 1.93003760
Link 85 431 2804 1 1.38199045
Link 431 68 2805 1 0.38480448
Link 28 28 2808 1 -1.00453440
Link 85 433 2819 0 0.35821838
Link 433 112 2820 0 1.60160205
Link 14 435 2833 1 -0.25229393
Link 132 34 2852 0 1.40632716
Link 39 50 2853 0 0.34162157
Link 101 101 2866 1 2.47459894
Link 3 439 2868 0 2.43929321
Link 439 10 2869 0 0.68917247
Link 5 440 2871 0 0.69883744
Link 440 200 2872 0 -0.21508111
Link 15 441 2874 1 1.79731600
Link 441 68 2875 1 2.55119570
Link 112 442 2878 0 -1.68613165
Link 442 14 2879 0 -4.33016564
Link 12 28 2913 1 0.90458587
Link 45 448 2922 0 2.71232999
Link 448 316 2923 0 -0.32783871
Link 53 449 2925 1 0.24208942
Link 449 53 2926 1 -2.42280831
Link 68 11 2934 0 0.47614484
Link 36 36 2947 1 1.85853370
Link 19 68 2956 0 0.19200977
Link 14 28 2962 1 -2.13998125
Link 5 204 2972 0 2.46901665
Link 454 13 2976 0 0.80672678
Link 324 455 2985 0 -0.50584744
Link 455 25 2986 0 -3.17347917
Link 5 385 2992 0 -1.47942264
Link 458 65 2998 0 -0.60857171
Link 16 461 3023 1 1.47786237
Link 461 26 3024 1 -0.60726987
Link 20 462 3026 0 1.43265070
Link 462 14 3027 0 2.75595676
Link 378 467 3050 0 -1.90706640
Link 467 18 3051 0 1.29335209
Link 101 302 3070 0 -2.84504616
Link 22 470 3073 1 -2.15947707
Link 470 22 3074 1 -2.80859987
Link 416 33 3085 0 -2.78143199
Link 6 473 3090 0 1.92168026
Link 473 12 3091 0 -0.48797816
Link 30 30 3094 1 1.75158381
Link 6 475 3112 0 0.65157301
Link 475 215 3113 0 0.63366023
Link 435 477 3119 1 -1.51506478
Link 477 85 3120 1 0.45687071
Link 19 478 3122 0 -0.82943238
Link 478 165 3123 0 1.60898793
Link 29 215 3162 0 -1.84225785
Link 385 486 3175 1 3.92655996
Link 486 57 3176 1 -0.48744236
Link 43 132 3190 1 -0.67261686
Link 204 20 3207 0 -0.38206000
Link 5 194 3208 0 -1.89620711
Link 200 68 3212 0 1.50664880
Link 11 38 3234 1 0.64415680
Link 2 350 3251 0 -1.43083969
Link 215 33 3285 0 -0.91786012
Link 448 294 3295 0 0.17923981
Link 18 500 3303 0 0.32066677
Link 500 13 3304 0 0.68729987
Link 433 501 3312 0 -0.52622858
Link 501 112 3313 0 -1.33222979
Link 33 340 3318 0 -1.74017335
Link 53 502 3329 1 -2.69357633
Link 502 449 3330 1 -1.17683551
Link 35 17 3354 0 1.08091485
Link 435 62 3359 1 0.99261761
Link 455 15 3390 0 1.91126569
Link 52 507 3401 1 2.02118281
Link 507 52 3402 1 -1.27481617
Link 2 508 3404 0 -0.29144948
Link 508 38 3405 0 -0.42523111
Link 20 509 3407 0 1.11326852
Link 509 33 3408 0 -0.03533714
Link 44 511 3432 1 1.40442249
Link 10 513 3449 1 1.78952685
Link 513 385 3450 1 0.87444034
Link 44 515 3469 0 -0.89448151
Link 515 26 3470 0 0.45399954
Link 88 516 3474 0 1.65171772
Link 516 11 3475 0 -0.48133086
Link 330 517 3480 0 -1.06706585
Link 517 44 3481 0 3.29316431
Link 215 519 3488 0 -1.61382010
Link 519 13 3489 0 0.11985009
Link 11 454 3490 1 2.11429218
Link 56 520 3511 0 1.30317975
Link 520 14 3512 0 1.90365242
Link 416 523 3527 0 0.24855626
Link 523 33 3528 0 -1.03573881
Link 5 524 3533 0 -0.65996879
Link 524 204 3534 0 1.08943068
Link 16 525 3536 1 -1.00521177
Link 525 461 3537 1 2.03835598
Link 526 14 3542 0 0.41826484
Link 19 132 3549 1 -0.37747828
Link 18 18 3562 1 -1.72307412
Link 33 324 3566 0 0.45552483
Link 36 530 3568 1 2.87448099
Link 530 36 3569 1 -1.17169605
Link 62 531 3573 0 -1.46170859
Link 531 186 3574 0 0.97968950
Link 101 516 3588 0 -0.35394730
Link 62 215 3591 0 0.60488558
Link 500 533 3601 0 -0.28387783
Link 533 13 3602 0 0.99608875
Link 4 534 3604 0 -0.35724326
Link 534 55 3605 0 -2.11687316
Link 17 538 3618 1 0.42374023
Link 538 17 3619 1 -0.85076457
Link 86 539 3624 0 -4.09676475
Link 539 41 3625 0 1.54217842
Link 38 541 3632 0 -0.09886229
Link 541 16 3633 0 1.73765967
Link 10 38 3635 1 -0.24857634
Link 7 86 3652 0 -0.21788155
Link 455 544 3654 0 0.40024494
Link 544 25 3655 0 -0.02990576
Link 200 11 3660 0 -0.17606718
Link 3 265 3661 0 -0.77134413
Link 88 507 3678 0 1.13076951
Link 44 551 3699 0 -2.07797783
Link 66 19 3716 1 1.94939265
Link 8 200 3721 0 0.40767443
Link 35 36 3748 0 -0.09808572
Link 461 560 3792 1 0.28557240
Link 560 26 3793 1 2.16081283
Link 21 30 3794 0 -3.53096964
Link 35 60 3808 0 1.12288756
Link 302 562 3810 0 0.79030828
Link 562 18 3811 0 1.98312173
Link 8 43 3814 0 0.68106215
Link 416 416 3921 1 -3.65337268
Link 215 416 3925 0 -2.73227294
Link 507 378 3926 1 2.36327813
Link 39 577 3934 0 -0.40615781
Link 577 377 3935 0 1.70004188
Link 194 455 3938 0 -0.82289246
Link 302 378 3956 1 1.03138849
Link 60 46 3986 0 1.88312634
Link 8 587 3998 0 1.99683542
Link 587 43 3999 0 -1.04515747
Link 378 588 4007 0 -0.21504816
Link 588 467 4008 0 -0.29170547
Link 29 590 4026 0 1.59485214
Link 590 16 4027 0 -2.23354784
Link 194 594 4044 0 0.94511197
Link 594 18 4045 0 -0.29640938
Link 107 20 4069 1 -0.02618223
Link 46 597 4072 0 -2.28693395
Link 597 45 4073 0 -2.20817212
Link 562 600 4090 0 0.57586667
Link 600 18 4091 0 -0.02177043
Link 86 509 4102 0 1.93131540
Link 22 324 4135 0 0.50373385
Link 35 605 4138 0 0.97938488
Link 605 36 4139 0 -1.24323745
Link 36 302 4145 0 -1.21738115
Link 35 608 4165 0 -1.57053322
Link 58 101 4172 1 1.04691043
Link 88 609 4180 0 1.08413753
Link 609 507 4181 0 2.51842310
Link 182 613 4222 0 0.83731758
Link 613 22 4223 0 0.66899047
Link 6 507 4228 0 0.38010648
Link 194 60 4245 0 2.32572523
Link 164 616 4252 0 -0.42054402
Link 616 52 4253 0 -3.59345260
Link 60 302 4262 0 -3.37002054
Link 63 619 4269 0 0.09289388
Link 619 48 4270 0 -0.51464342
Link 6 620 4272 0 2.60769578
Link 620 44 4273 0 3.80774336
Link 56 60 4280 0 1.94080485
Link 10 43 4285 1 -0.76026885
Link 621 385 4294 1 -0.35167217
Link 26 107 4298 0 2.87607420
Link 302 622 4300 1 -1.11774729
Link 622 378 4301 1 1.44499663
Link 11 28 4313 1 1.34126992
Link 43 47 4321 0 0.00986522
Link 455 107 4325 0 -0.74262263
Link 6 243 4335 0 0.57413178
Link 132 30 4376 0 -2.29654651
Link 416 324 4384 0 0.74256706
Link 340 215 4397 0 -0.72022217
Link 448 48 4406 1 1.53379172
Link 165 631 4415 0 0.71787135
Link 631 85 4416 0 0.34434269
Link 107 632 4429 1 1.15212165
Link 632 20 4430 1 1.29390805
Link 461 638 4476 1 -0.67843967
Link 638 350 4477 1 -0.81153686
Link 239 639 4479 0 0.31220585
Link 639 215 4480 0 0.24257763
Link 39 641 4497 1 -0.66246242
Link 641 39 4498 1 2.67667084
Link 321 642 4501 1 -0.37609248
Link 642 48 4502 1 1.83382418
Link 6 644 4518 0 -2.34434893
Link 644 88 4519 0 0.20539070
Link 194 243 4522 0 1.09597336
Link 26 44 4528 0 -0.31408664
Link 378 378 4536 1 0.99524677
Link 2 649 4558 0 -1.25208594
Link 649 87 4559 0 -1.57839789
Link 50 650 4561 0 0.36674344
Link 650 10 4562 0 -0.25066696
Link 461 652 4591 0 1.94241055
Link 652 11 4592 0 -2.35662766
Link 378 30 4594 0 1.13404198
Link 5 656 4610 0 -0.32766899
Link 656 185 4611 0 1.33929949
Link 10 21 4620 1 -0.79326716
Link 29 26 4621 0 2.90673873
Link 8 664 4676 0 -3.81728525
Link 664 12 4677 0 1.22400280
Link 29 478 4687 0 -0.27589385
Link 107 665 4690 1 -0.78157294
Link 665 88 4691 1 0.05795352
Link 3 666 4700 0 1.36368222
Link 666 28 4701 0 1.60866531
Link 425 670 4718 0 1.98983189
Link 670 88 4719 0 0.95773307
Link 47 196 4722 0 -0.46432360
Link 101 674 4742 0 2.41915015
Link 674 18 4743 0 2.12567263
Link 101 60 4752 0 0.98393497
Link 509 30 4763 0 -0.20828982
Link 52 676 4783 0 0.24617621
Link 676 243 4784 0 -2.86905840
Link 58 680 4820 1 0.58392549
Link 680 101 4821 1 1.50996804
Link 38 165 4828 0 -1.63657303
Link 85 41 4829 1 -0.06755262
Link 316 294 4848 0 1.40581944
Link 185 686 4880 0 0.59071128
Link 686 59 4881 0 -0.48219174
Link 12 340 4916 1 0.51351652
Link 8 590 4925 0 2.47764375
Link 196 132 4935 1 1.83291797
Link 10 689 4944 1 -0.30113591
Link 689 513 4945 1 2.74628695
Link 378 690 4951 0 0.64430126
Link 690 18 4952 0 -0.76055801
Link 34 29 4972 0 1.55576626
Link 435 695 5015 1 1.49056977
Link 695 477 5016 1 -1.28461411
Link 16 696 5021 1 0.70562603
Link 696 461 5022 1 3.70679148
Link 4 700 5045 0 0.54175288
Link 700 10 5046 0 0.69052729
Link 57 55 5076 0 -0.23660988
Link 448 704 5099 1 3.73693627
Link 704 48 5100 1 -1.07647816
Link 174 706 5105 0 1.88718517
Link 29 707 5109 0 1.98814000
Link 707 590 5110 0 -0.98173571
Link 45 710 5124 0 0.91168001
Link 710 448 5125 0 -0.16599905
Link 4 712 5144 0 -0.51200573
Link 712 277 5145 0 1.54447399
Link 302 62 5153 0 0.72529458
Link 52 715 5158 0 -0.20687864
Link 715 425 5159 0 -0.43898886
Link 201 215 5163 0 0.76350135
Link 475 720 5188 0 -0.98538239
Link 720 215 5189 0 2.00617203
Link 275 13 5191 0 1.75573293
Link 18 721 5197 0 -0.02284590
Link 721 14 5198 0 1.30231490
Link 4 727 5229 0 0.50630567
Link 727 41 5230 0 -0.06155562
Link 608 728 5232 0 -0.16110960
Link 728 107 5233 0 0.12386611
Link 34 87 5299 0 1.19459129
Link 89 734 5312 0 -2.03424643
Link 734 19 5313 0 -1.21005581
Link 4 735 5315 0 0.52474476
Link 735 337 5316 0 -2.26933287
Link 455 562 5333 0 0.25982050
Link 340 744 5414 0 0.71284234
Link 744 215 5415 0 0.34908945
Link 41 52 5428 0 1.59878993
Link 239 197 5447 0 -5.25918199
Link 33 215 5465 0 0.51263697
Link 2 25 5473 0 -0.11902696
Link 752 385 5498 0 1.15392885
Link 132 62 5521 0 2.16012497
Link 16 758 5542 1 1.56243036
Link 758 275 5543 1 -1.35648052
Link 26 478 5565 0 -1.15356458
Link 539 378 5570 1 0.32277779
Link 63 765 5592 0 2.97639106
Link 765 11 5593 0 -0.30572338
Link 20 507 5608 0 0.43902468
Link 52 769 5678 1 -0.30981054
Link 769 52 5679 1 0.33137660
Link 665 771 5693 1 -3.01592930
Link 771 88 5694 1 1.97989927
Link 8 776 5730 0 -0.82757982
Link 776 664 5731 0 0.15198356
Link 467 467 5753 1 -4.47439572
Link 10 783 5781 1 -3.20841982
Link 783 38 5782 1 -1.19734811
Link 101 785 5790 1 -0.22993733
Link 785 101 5791 1 1.33761141
Link 4 215 5835 0 1.38792112
Link 30 34 5838 0 1.31520762
Link 47 790 5845 0 0.21124297
Link 790 196 5846 0 -1.13101744
Link 29 31 5855 0 -0.07962289
Link 323 644 5868 0 -0.71362374
Link 6 794 5888 0 4.40453523
Link 794 243 5889 0 -0.03629051
Link 186 58 5895 0 2.72330534
Link 435 800 5931 1 0.91047188
Link 800 435 5932 1 0.37333597
Link 350 507 5939 0 0.21380133
Link 86 804 5950 0 1.60024051
Link 804 509 5951 0 -0.33752773
Link 810 35 5985 0 -2.15409343
Link 140 140 5986 1 3.53463650
Link 513 812 5998 1 -3.29433116
Link 812 621 5999 1 1.76619919
Link 68 112 6009 0 1.06386037
Link 156 361 6014 0 0.38652240
Link 509 43 6046 0 2.55760459
Link 11 820 6052 1 0.35673496
Link 820 412 6053 1 1.34268719
Link 530 243 6065 0 1.24725386
Link 455 830 6120 0 1.48398596
Link 830 107 6121 0 -2.80344176
Link 324 834 6146 1 -2.02062736
Link 834 140 6147 1 -2.60737967
Link 587 416 6155 0 -2.80102386
Link 22 836 6182 0 -0.80300856
Link 836 324 6183 0 0.15270064
Link 18 19 6186 0 0.77510703
Link 837 21 6195 0 -0.17724683
Link 34 840 6225 0 0.78116706
Link 840 10 6226 0 2.13825743
Link 478 843 6249 0 0.63795633
Link 843 165 6250 0 2.43774165
Link 19 29 6257 0 0.31040405
Link 86 846 6276 0 -1.39292483
Link 846 539 6277 0 1.26609304
Link 478 385 6289 0 -1.14734641
Link 22 14 6303 0 -0.44898407
Link 302 544 6336 0 2.73965778
Link 116 852 6338 0 -3.45861981
Link 852 33 6339 0 -0.80914552
Link 744 57 6364 0 -0.51849841
Link 107 859 6391 1 2.06530199
Link 859 665 6392 1 -0.55370566
Link 60 853 6440 0 1.29062522
Link 8 867 6449 0 1.77907738
Link 867 11 6450 0 -1.27711430
Link 350 50 6462 0 -1.41964398
Link 4 869 6475 0 -0.29754127
Link 869 215 6476 0 -1.37166263
Link 101 19 6495 0 1.48935788
Link 330 275 6515 0 0.10645366
Link 41 448 6516 0 -0.23741979
Link 71 878 6535 0 -2.08893022
Link 878 14 6536 0 -1.10939666
Link 302 14 6544 0 -1.24879443
Link 531 531 6549 1 1.49698066
Link 236 882 6564 0 0.50964238
Link 882 70 6565 0 2.41235537
Link 17 246 6574 0 0.39584695
Link 378 56 6652 0 -6.11920514
Link 475 416 6671 0 -1.68758282
Link 509 898 6682 0 -0.49681110
Link 898 43 6683 0 -1.29762974
Link 242 902 6707 0 0.58662390
Link 902 10 6708 0 -1.26850490
Link 2 812 6741 0 -2.44566676
Link 390 44 6751 0 0.16457114
Link 57 461 6752 0 0.27556121
Link 39 906 6759 1 -0.07664358
Link 906 641 6760 1 -0.08904641
Link 101 66 6802 0 -1.90620959
Link 47 412 6829 0 0.15640859
Link 455 48 6851 0 0.44660341
Link 167 42 6914 0 -1.30003858
Link 7 649 6931 0 1.24938785
Link 509 24 6972 0 -0.21909448
Link 689 923 6992 1 2.74781826
Link 923 513 6993 1 1.25202771
Link 294 56 6997 1 0.71072483
Link 9 385 7007 0 1.82866551
Link 272 926 7009 0 2.94903305
Link 926 21 7010 0 0.71469170
Link 6 790 7050 0 -0.45868277
Link 7 933 7053 0 -0.39704830
Link 594 594 7095 1 0.76323505
Link 62 942 7112 0 1.80548192
Link 942 215 7113 0 -0.94034713
Link 16 945 7127 1 2.25176704
Link 945 68 7128 1 -0.73166525
Link 1 948 7147 0 -0.63120957
Link 948 272 7148 0 0.70450639
Link 1 619 7167 0 2.74606782
Link 26 953 7177 0 -0.77156785
Link 953 44 7178 0 0.68055047
Link 486 728 7182 0 1.11555405
Link 45 89 7203 1 0.33039433
Link 440 435 7218 0 2.97239851
Link 620 957 7226 0 0.32112521
Link 957 44 7227 0 1.62167463
Link 486 10 7259 0 0.77509850
Link 620 71 7264 0 2.62656536
Link 853 963 7281 0 -0.31320563
Link 963 275 7282 0 -1.60184670
Link 620 265 7305 0 -3.57709888
Link 284 967 7319 0 -0.01917636
Link 967 10 7320 0 -1.82337726
Link 234 979 7419 0 -0.03739325
Link 979 15 7420 0 -1.60369610
Link 620 246 7445 0 -1.62617796
Link 534 982 7447 0 -1.70638086
Link 982 752 7448 0 1.19210182
Link 60 984 7457 0 1.77505007
Link 984 46 7458 0 0.32718896
Link 440 63 7480 0 1.47106905
Link 88 656 7490 1 -1.19865802
Link 48 108 7495 0 -0.50571831
Link 324 656 7530 1 -1.56902959
Link 55 995 7535 0 1.64609623
Link 995 46 7536 0 1.43458239
Link 594 33 7590 0 0.50843128
Link 644 1003 7592 0 2.41841339
Link 1003 88 7593 0 1.74469913
Link 820 1005 7601 1 0.25159934
Link 1005 412 7602 1 1.24200704
Link 246 670 7635 1 -0.54532903
Link 2 1011 7640 0 -0.92104607
Link 1011 138 7641 0 -0.32056105
Link 43 1012 7655 0 -0.67113129
Link 1012 47 7656 0 2.97058278
Link 1015 18 7677 0 0.40685722
Link 41 1020 7703 0 -2.11996129
Link 1020 52 7704 0 2.56361083
Link 60 1021 7707 0 2.59538929
Link 1021 302 7708 0 -0.30856306
Link 245 641 7709 0 1.39459125
Link 340 26 7721 0 -2.58979194
Link 425 57 7724 0 1.63756728
Link 197 531 7748 0 -1.42648406
Link 21 620 7846 1 -1.09009999
Link 16 85 7856 1 -4.48092614
Link 454 126 7932 0 -0.00672559
Link 323 1048 7957 0 -0.19222770
Link 1048 644 7958 0 1.13449140
Link 186 196 7973 0 -0.77395802
Link 562 282 7992 1 0.46024370
Link 304 1053 8005 0 -1.17736699
Link 1053 12 8006 0 0.39794981
Link 440 1056 8040 0 -0.31716436
Link 1056 200 8041 0 -2.10338956
Link 10 350 8043 1 0.90232702
Link 727 1057 8047 0 0.02432168
Link 1057 41 8048 0 1.48314588
Link 47 1058 8056 0 -1.58332336
Link 1058 70 8057 0 0.79231245
Link 21 449 8069 0 1.79019579
Link 594 1060 8079 0 0.23377112
Link 1060 18 8080 0 -0.61227369
Link 200 1061 8082 0 0.52850519
Link 1061 11 8083 0 0.24530577
Link 11 1069 8116 1 -0.38050462
Link 1069 28 8117 1 2.43763289
Link 656 30 8119 0 0.44694080
Link 440 440 8150 1 -1.30089640
Link 39 1020 8177 0 0.31736914
Link 324 34 8210 0 1.29036103
Link 17 31 8227 0 1.12069021
Link 706 321 8245 1 2.85427788
Link 412 706 8270 0 0.60113574
Link 277 1089 8300 0 -1.47611760
Link 1089 86 8301 0 -2.43868411
Link 706 1091 8327 0 -2.15770322
Link 1091 13 8328 0 0.02859664
Link 752 1092 8330 0 -1.72059805
Link 1092 385 8331 0 4.09999994
Link 31 1093 8350 0 -1.54243646
Link 1093 12 8351 0 -0.50701324
Link 58 53 8370 0 1.70114276
Link 62 1095 8389 0 0.22692201
Link 1095 50 8390 0 -1.66607452
Link 107 174 8391 0 -2.58458377
Link 727 302 8395 0 -1.37428719
Link 513 475 8441 1 0.99056198
Link 609 609 8539 1 -0.85378008
Link 700 13 8550 0 -1.27354148
Link 47 1116 8591 0 -0.78058330
Link 1116 412 8592 0 3.81712512
Link 140 143 8596 0 1.45147181
Link 1020 50 8613 0 -1.17288303
Link 185 15 8627 0 0.10581028
Link 52 197 8640 1 1.35512678
Link 945 433 8663 0 0.01844498
Link 245 261 8674 0 -2.12603002
Link 530 1126 8686 0 -1.98283728
Link 1126 243 8687 0 1.55284400
Link 690 1127 8689 0 0.48167218
Link 1127 1015 8690 0 -0.47388838
Link 294 1128 8693 1 -1.05135661
Link 1128 56 8694 1 0.50857601
Link 526 1020 8715 0 0.16813317
Link 303 65 8729 0 0.71492373
Link 60 1133 8740 0 -0.74737477
Link 1133 984 8741 0 -0.97486799
Link 4 783 8764 0 0.90018302
Link 8 1141 8789 0 -2.20243973
Link 1141 68 8790 0 0.36209614
Link 245 433 8793 0 -2.54632416
Link 302 1143 8811 0 -0.84823847
Link 1143 62 8812 0 0.04618968
Link 239 303 8857 0 3.36694029
Link 377 378 8879 1 -0.78331384
Link 272 706 8904 0 2.20018993
Link 16 1160 8948 1 -0.31684442
Link 1160 85 8949 1 -2.85971303
Link 65 38 8959 0 0.41222978
Link 55 352 8974 0 -1.80395804
Link 13 1161 8984 1 0.65815379
Link 1161 294 8985 1 -1.50908205
Link 30 1165 9006 1 -1.09510561
Link 1165 30 9007 1 -4.54407256
Link 261 1168 9018 0 -2.29107811
Link 1168 14 9019 0 1.43121360
Link 448 1170 9027 0 -2.63101468
Link 1170 294 9028 0 0.55249431
Link 108 525 9029 0 0.03766500
Link 42 42 9031 1 -1.88053304
Link 1020 1173 9050 0 -0.23174169
Link 1173 52 9051 0 -1.17213903
Link 50 516 9085 0 1.10363391
Link 4 1181 9115 0 1.53166814
Link 1181 70 9116 0 0.02590447
Link 41 1182 9121 0 -2.34788842
Link 1182 1020 9122 0 -0.02224614
Link 99 112 9189 0 -0.69441795
Link 458 12 9235 0 0.87962292
Link 594 34 9284 0 1.21074576
Link 6 1202 9337 0 -2.55201911
Link 1202 215 9338 0 -2.80404612
Link 68 20 9345 0 0.45737962
Link 34 454 9373 0 -0.37206915
Link 2 1206 9392 0 -1.03217546
Link 1206 526 9393 0 1.62897187
Link 132 700 9408 0 -2.24503220
Link 44 1208 9413 0 -0.73065123
Link 1208 26 9414 0 -0.42570521
Link 24 44 9434 0 1.97060365
Link 7 1211 9436 0 -0.07262114
Link 1211 13 9437 0 -0.14685378
Link 112 350 9491 1 -2.68277064
Link 69 112 9611 0 0.85206085
Link 728 289 9632 1 0.23741322
Link 48 215 9687 0 1.42371735
Link 704 704 9702 1 -1.77411154
Link 62 1247 9717 0 0.07937572
Link 1247 186 9718 0 0.19407396
Link 87 43 9720 0 0.99138799
Link 433 425 9725 1 -0.44420807
Link 1 1249 9728 0 -1.25650194
Link 1249 948 9729 0 -1.58256396
Link 12 1251 9738 1 0.52047862
Link 1251 41 9739 1 1.99482734
Link 36 89 9760 1 -0.03126855
Link 99 186 9839 0 2.31776006
Link 1020 820 9844 0 1.82282642
Link 416 458 9896 0 0.57470574
Link 156 620 9937 0 0.95465251
Link 185 22 9959 0 -0.24432871
Link 323 186 9977 0 -0.26736501
Link 5 361 9988 0 -0.44142535
Link 304 304 9992 1 2.04257231
Link 344 622 10045 0 -0.40237913
Link 186 321 10074 0 -0.12246080
Link 390 458 10086 0 0.65764819
Link 69 28 10109 0 0.48798648
Link 16 194 10140 1 -1.82819040
Link 1060 245 10146 1 -3.14157562
Link 1058 18 10221 0 -0.53654201
Link 2 1318 10247 0 -3.45522353
Link 1318 1206 10248 0 -1.12671056
Link 2 1320 10261 0 3.63762134
Link 1320 87 10262 0 -0.26083379
Link 236 88 10303 0 -0.76255100
Link 539 458 10367 0 -1.31546468
Link 551 516 10406 0 -1.77109954
Link 539 1337 10429 1 -2.86134745
Link 1337 378 10430 1 -2.28608554
Link 477 477 10431 1 -1.11469649
Link 239 1340 10444 0 -1.66653375
Link 1340 197 10445 0 0.04882585
Link 39 1341 10447 0 -1.98641983
Link 1341 1020 10448 0 2.33072527
Link 435 1346 10486 1 1.74392305
Link 1346 85 10487 1 0.03187464
Link 39 1347 10489 1 -0.79180368
Link 1347 641 10490 1 -2.25684927
Link 440 1349 10506 0 -1.97142935
Link 1349 63 10507 0 0.21765352
Link 449 275 10521 0 -0.53578987
Link 455 1351 10525 0 0.49929878
Link 1351 107 10526 0 0.35629553
Link 439 486 10529 0 0.96267829
Link 165 167 10544 1 -0.31273359
Link 385 1355 10584 1 0.82254809
Link 1355 236 10585 1 -1.71508989
Link 340 1357 10599 0 -2.11690110
Link 1357 26 10600 0 0.44111825
Link 10 1358 10607 1 -0.06641150
Link 1358 783 10608 1 0.00666335
Link 89 523 10648 0 -2.24405221
Link 41 1366 10660 0 1.16793250
Link 1366 213 10661 0 -0.47614807
Link 66 53 10679 1 -1.47147133
Link 53 1370 10682 1 -0.64768831
Link 1370 449 10683 1 -0.51622141
Link 666 392 10886 0 -3.13501194
Link 785 425 10902 0 -1.16856468
Link 164 785 10941 0 0.40351062
Link 783 1405 10951 1 0.52205081
Link 1405 38 10952 1 0.47486494
Link 320 458 10995 0 3.47911859
Link 1173 1411 11005 0 -0.88308224
Link 1411 52 11006 0 -1.48688305
Link 502 12 11013 0 0.79184723
Link 69 1141 11032 0 0.54908005
Link 44 1415 11043 1 1.76104185
Link 1415 44 11044 1 1.11954508
Link 377 1418 11061 1 -1.10125712
Link 1418 57 11062 1 -0.70392021
Link 1012 1421 11100 0 -3.35838779
Link 1421 47 11101 0 -0.98719568
Link 48 752 11112 0 -1.07792846
Link 177 544 11140 1 -3.13839475
Link 197 1430 11191 0 0.02729417
Link 1430 531 11192 0 1.37931712
Link 1020 1435 11223 0 0.03792703
Link 1435 50 11224 0 -0.15602910
Link 820 1436 11227 1 -2.73005296
Link 1436 1005 11228 1 0.33237385
Link 650 650 11240 1 4.22910585
Link 164 638 11267 0 -1.18553831
Link 594 1444 11323 0 -0.66114254
Link 1444 34 11324 0 -0.14641333
Link 272 1448 11341 0 -0.90549296
Link 1448 197 11342 0 -0.95023374
Link 246 126 11344 0 -1.81132954
Link 840 1182 11352 1 1.03297301
Link 769 29 11374 0 0.14574721
Link 230 1453 11383 0 -0.56352221
Link 1453 63 11384 0 1.55295650
Link 321 1457 11409 1 -0.47138271
Link 1457 642 11410 1 1.65654239
Link 1415 24 11418 0 2.92748895
Link 744 526 11425 0 0.41008420
Link 215 39 11440 0 -1.13727421
Link 957 1091 11457 0 0.56884469
Link 272 1477 11575 0 -0.50115378
Link 1477 706 11576 0 0.73934867
Link 475 185 11614 0 -2.80168491
Link 765 1481 11629 0 0.80094329
Link 1481 11 11630 0 2.35306850
Link 45 1483 11636 1 -1.53010772
Link 810 1133 11642 0 -0.64461981
Link 116 65 11667 0 0.68726754
Link 107 613 11680 1 -2.05179268
Link 1005 16 11739 0 2.68224908
Link 24 1069 11751 0 0.78203419
Link 834 21 11756 0 2.83716460
Link 234 1502 11785 0 0.39112666
Link 1502 979 11786 0 -1.02190635
Link 502 744 11799 0 0.67671303
Link 204 984 11801 0 1.46421766
Link 1020 1508 11830 0 -0.07126230
Link 1508 52 11831 0 -0.33902298
Link 1005 1513 11853 1 0.84433533
Link 1513 412 11854 1 0.60894847
Link 21 344 11861 1 0.69262814
Link 425 1515 11863 0 -3.63760819
Link 1515 57 11864 0 -2.36370513
Link 185 132 11903 0 -1.83811092
Link 440 715 11926 0 0.40516914
Link 31 1523 11941 0 -4.24622388
Link 1523 12 11942 0 -0.82806397
Link 1247 108 11956 0 -0.36479827
Link 765 765 11976 1 0.96216259
Link 620 531 11992 0 -1.27072135
Link 785 412 12062 0 1.31058747
Link 5 853 12079 0 0.83591206
Link 1385 1540 12106 0 0.13844484
Link 1540 340 12107 0 1.45103041
Link 984 1436 12144 0 -0.80065589
Link 70 1568 12364 0 -0.91304506
Link 1568 29 12365 0 -1.33177940
Link 1173 1173 12414 1 2.12178940
Link 201 511 12433 0 1.62507439
Link 424 28 12442 0 -1.46631062
Link 19 164 12444 1 0.59684345
Link 1341 1341 12527 1 -1.94319423
Link 1540 57 12531 0 1.57757854
Link 196 186 12643 1 2.40023378
Link 690 17 12667 0 0.09163061
Link 62 230 12715 1 0.12730828
Link 4 1182 12786 0 1.02111698
Link 608 516 12837 0 -0.97659562
Link 302 458 12854 0 0.61112867
Link 33 1610 12904 0 -0.89539117
Link 1610 1385 12905 0 1.00762095
Link 7 1617 12971 0 0.74099880
Link 1617 45 12972 0 -0.47868038
Link 167 1003 13022 0 -2.98330251
Link 43 42 13039 0 -1.60607793
Link 344 1624 13075 0 -0.15219038
Link 1624 56 13076 0 -0.86570993
Link 3 1625 13079 0 -0.04900916
Link 1625 11 13080 0 2.00047960
Link 25 1020 13091 0 -1.40941482
Link 1251 1385 13118 1 -1.66830459
Link 620 1632 13167 1 -0.23845916
Link 1632 620 13168 1 -2.82666813
Link 869 330 13179 0 -1.12239390
Link 620 1638 13214 0 -0.54119829
Link 1638 71 13215 0 1.28767951
Link 378 1639 13219 0 -2.49097341
Link 1639 467 13220 0 -0.25162024
Link 1643 810 13261 0 -0.86254203
Link 165 124 13291 0 -0.82109857
Link 239 670 13315 0 1.80137511
Link 101 323 13324 0 2.62779524
Link 64 99 13379 0 1.97708850
Link 425 94 13387 0 -1.80357014
Link 30 230 13409 1 -0.23222965
Link 70 48 13424 0 -2.01618382
Link 1249 21 13426 0 -0.02583819
Link 588 531 13430 0 1.20895644
Link 66 810 13479 1 0.07376156
Link 39 1430 13538 1 0.33105420
Link 156 261 13579 0 1.62024794
Link 234 1668 13581 0 -1.47079520
Link 1668 1502 13582 0 2.67911112
Link 619 539 13626 1 1.12417646
Link 440 394 13657 0 0.79473728
Link 433 409 13701 1 1.28145620
Link 25 234 13705 0 -3.19517201
Link 1091 1091 13712 1 1.89957527
Link 107 1682 13724 0 0.75731320
Link 1682 174 13725 0 0.65855318
Link 776 650 13766 0 2.52511511
Link 169 680 13796 0 2.49647895
Link 1483 1694 13898 1 1.06574564
Link 1694 89 13899 1 -0.57761322
Link 520 201 13947 1 2.55384277
Link 361 261 14000 0 -1.29314110
Link 236 38 14066 0 -1.09128111
Link 101 517 14116 0 -0.58093049
Link 665 1718 14142 1 0.92556027
Link 1718 771 14143 1 -3.14836592
Link 1048 690 14185 0 -0.09611739
Link 933 112 14187 0 0.48722189
Link 378 878 14223 0 -1.02957544
Link 24 321 14230 0 -1.38900556
Link 324 1732 14288 1 -0.56252388
Link 1732 539 14289 1 -0.47992877
Link 1005 1740 14374 0 -0.04674289
Link 1740 16 14375 0 -1.06390143
Link 48 1206 14425 1 1.22934752
Link 1643 41 14443 0 -0.36405862
Link 1091 30 14468 1 0.91410678
Link 425 1370 14572 0 0.34415987
Link 515 164 14625 1 -0.95568464
Link 143 174 14644 0 0.33932438
Link 620 107 14864 0 -0.35622647
Link 246 642 15013 1 0.57192541
Link 272 45 15127 0 0.56471619
Link 758 424 15150 1 -0.64560229
Link 852 230 15160 0 -1.91762480
Link 230 70 15291 0 -1.79468580
Link 323 690 15402 0 -1.35216677
Link 239 35 15406 0 -2.22914589
Link 475 1824 15431 0 -1.12593241
Link 1824 416 15432 0 0.99517256
Link 308 1829 15466 0 3.47972371
Link 1829 200 15467 0 1.74847660
Link 62 234 15505 0 -0.44745523
Link 330 1835 15530 0 -1.05216381
Link 1835 1247 15531 0 -0.09606082
Link 1477 1477 15559 1 -2.60876154
Link 7 1839 15592 0 -0.47700279
Link 185 1841 15609 0 0.04912979
Link 1841 507 15610 0 2.06319654
Link 926 501 15628 0 -0.08824719
Link 1060 60 15664 0 -0.30806966
Link 25 17 15712 0 1.56522773
Link 65 1850 15732 0 1.62301987
Link 1850 837 15733 0 0.95566350
Link 272 11 16013 0 1.20300533
Link 1318 323 16034 0 0.40065376
Link 377 1824 16057 1 1.77207947
Link 501 14 16172 0 1.81382311
Link 294 19 16197 1 -1.44959310
Link 101 1900 16232 0 -0.00655717
Link 1900 1370 16233 0 -2.73750990
Link 1839 1901 16242 0 4.00390578
Link 1901 13 16243 0 -3.55500221
Link 511 1910 16333 1 -0.90574971
Link 1910 303 16334 1 2.41932146
Link 979 1143 16511 1 -0.34482856
Link 1116 1931 16541 0 1.19190371
Link 1931 412 16542 0 1.01758374
Link 56 108 16936 0 1.51541281
Link 32 45 17060 0 -0.56961423
Link 1249 1975 17095 0 -0.38577931
Link 1975 21 17096 0 2.75939499
Link 1732 295 17316 0 1.17853264
Link 544 1483 17434 1 0.05703323
Link 116 2035 17744 0 -0.45617698
Link 2035 33 17745 0 -3.08115636
Link 385 87 17771 1 -1.55411828
Link 70 398 17868 1 -1.55039432
Link 1415 308 18020 1 1.60440477
Link 48 2101 18333 1 0.15809712
Link 2101 1206 18334 1 -0.38173854
Link 1202 530 18416 0 1.53475421
Link 783 2121 18519 1 0.97069534
Link 2121 1405 18520 1 1.96347083
Link 167 2205 19306 0 1.00179825
Link 2205 1643 19307 0 0.01456699
GenomeEnd

