GenomeStart 91497
Neuron 1 1 0.00000000 1 0.00000000 0.00000000 0.00000000 0.00000000
Neuron 2 1 0.00000000 1 0.00000000 0.00000000 0.00000000 0.00000000
Neuron 3 1 0.00000000 1 0.00000000 0.00000000 0.00000000 0.00000000
Neuron 4 1 0.00000000 1 0.00000000 0.00000000 0.00000000 0.00000000
Neuron 5 1 0.00000000 1 0.00000000 0.00000000 0.00000000 0.00000000
Neuron 6 1 0.00000000 1 0.00000000 0.00000000 0.00000000 0.00000000
Neuron 7 1 0.00000000 1 0.00000000 0.00000000 0.00000000 0.00000000
Neuron 8 1 0.00000000 1 0.00000000 0.00000000 0.00000000 0.00000000
Neuron 9 2 0.00000000 1 0.00000000 0.00000000 0.00000000 0.00000000
Neuron 10 4 1.00000000 0 1.00000000 0.00000000 0.00000000 0.00000000
Neuron 11 4 1.00000000 0 1.00000000 0.00000000 0.00000000 0.00000000
Neuron 12 4 1.00000000 0 1.00000000 0.00000000 0.00000000 0.00000000
Neuron 13 4 1.00000000 0 1.00000000 0.00000000 0.00000000 0.00000000
Neuron 14 4 1.00000000 0 1.00000000 0.00000000 0.00000000 0.00000000
Neuron 15 4 1.00000000 0 1.00000000 0.00000000 0.00000000 0.00000000
Neuron 16 4 1.00000000 0 1.00000000 0.00000000 0.00000000 0.00000000
Neuron 17 3 0.50000000 1 1.00000000 0.00000000 0.00000000 0.00000000
Neuron 18 3 0.50000000 1 1.00000000 0.00000000 0.00000000 0.00000000
Neuron 19 3 0.50000000 1 1.00000000 0.00000000 0.00000000 0.00000000
Neuron 20 3 0.50000000 1 1.00000000 0.00000000 0.00000000 0.00000000
Neuron 21 3 0.50000000 1 1.00000000 0.00000000 0.00000000 0.00000000
Neuron 22 3 0.50000000 1 1.00000000 0.00000000 0.00000000 0.00000000
Neuron 24 3 0.50000000 1 1.00000000 0.00000000 0.00000000 0.00000000
Neuron 25 3 0.50000000 1 1.00000000 0.00000000 0.00000000 0.00000000
Neuron 26 3 0.50000000 1 1.00000000 0.00000000 0.00000000 0.00000000
Neuron 27 3 0.50000000 1 1.00000000 0.00000000 0.00000000 0.00000000
Neuron 28 3 0.50000000 1 1.00000000 0.00000000 0.00000000 0.00000000
Neuron 29 3 0.50000000 1 1.00000000 0.00000000 0.00000000 0.00000000
Neuron 30 3 0.50000000 1 1.00000000 0.00000000 0.00000000 0.00000000
Neuron 31 3 0.50000000 1 1.00000000 0.00000000 0.00000000 0.00000000
Neuron 33 3 0.50000000 1 1.00000000 0.00000000 0.00000000 0.00000000
Neuron 34 3 0.50000000 1 1.00000000 0.00000000 0.00000000 0.00000000
Neuron 35 3 0.50000000 1 1.00000000 0.00000000 0.00000000 0.00000000
Neuron 36 3 0.50000000 1 1.00000000 0.00000000 0.00000000 0.00000000
Neuron 38 3 0.50000000 1 1.00000000 0.00000000 0.00000000 0.00000000
Neuron 39 3 0.50000000 1 1.00000000 0.00000000 0.00000000 0.00000000
Neuron 41 3 0.50000000 1 1.00000000 0.00000000 0.00000000 0.00000000
Neuron 44 3 0.50000000 1 1.00000000 0.00000000 0.00000000 0.00000000
Neuron 45 3 0.50000000 1 1.00000000 0.00000000 0.00000000 0.00000000
Neuron 46 3 0.50000000 1 1.00000000 0.00000000 0.00000000 0.00000000
Neuron 47 3 0.50000000 1 1.00000000 0.00000000 0.00000000 0.00000000
Neuron 48 3 0.50000000 1 1.00000000 0.00000000 0.00000000 0.00000000
Neuron 50 3 0.50000000 1 1.00000000 0.00000000 0.00000000 0.00000000
Neuron 51 3 0.50000000 1 1.00000000 0.00000000 0.00000000 0.00000000
Neuron 52 3 0.50000000 1 1.00000000 0.00000000 0.00000000 0.00000000
Neuron 53 3 0.50000000 1 1.00000000 0.00000000 0.00000000 0.00000000
Neuron 56 3 0.50000000 1 1.00000000 0.00000000 0.00000000 0.00000000
Neuron 57 3 0.50000000 1 1.00000000 0.00000000 0.00000000 0.00000000
Neuron 59 3 0.50000000 1 1.00000000 0.00000000 0.00000000 0.00000000
Neuron 60 3 0.50000000 1 1.00000000 0.00000000 0.00000000 0.00000000
Neuron 62 3 0.50000000 1 1.00000000 0.00000000 0.00000000 0.00000000
Neuron 63 3 0.50000000 1 1.00000000 0.00000000 0.00000000 0.00000000
Neuron 65 3 0.50000000 1 1.00000000 0.00000000 0.00000000 0.00000000
Neuron 66 3 0.75000000 1 1.00000000 0.00000000 0.00000000 0.00000000
Neuron 68 3 0.50000000 1 1.00000000 0.00000000 0.00000000 0.00000000
Neuron 69 3 0.25000000 1 1.00000000 0.00000000 0.00000000 0.00000000
Neuron 85 3 0.75000000 1 1.00000000 0.00000000 0.00000000 0.00000000
Neuron 86 3 0.25000000 1 1.00000000 0.00000000 0.00000000 0.00000000
Neuron 88 3 0.50000000 1 1.00000000 0.00000000 0.00000000 0.00000000
Neuron 89 3 0.25000000 1 1.00000000 0.00000000 0.00000000 0.00000000
Neuron 94 3 0.75000000 1 1.00000000 0.00000000 0.00000000 0.00000000
Neuron 97 3 0.50000000 1 1.00000000 0.00000000 0.00000000 0.00000000
Neuron 99 3 0.25000000 1 1.00000000 0.00000000 0.00000000 0.00000000
Neuron 101 3 0.25000000 1 1.00000000 0.00000000 0.00000000 0.00000000
Neuron 107 3 0.75000000 1 1.00000000 0.00000000 0.00000000 0.00000000
Neuron 108 3 0.75000000 1 1.00000000 0.00000000 0.00000000 0.00000000
Neuron 112 3 0.87500000 1 1.00000000 0.00000000 0.00000000 0.00000000
Neuron 132 3 0.25000000 1 1.00000000 0.00000000 0.00000000 0.00000000
Neuron 171 3 0.25000000 1 1.00000000 0.00000000 0.00000000 0.00000000
Neuron 174 3 0.75000000 1 1.00000000 0.00000000 0.00000000 0.00000000
Neuron 181 3 0.25000000 1 1.00000000 0.00000000 0.00000000 0.00000000
Neuron 182 3 0.25000000 1 1.00000000 0.00000000 0.00000000 0.00000000
Neuron 185 3 0.25000000 1 1.00000000 0.00000000 0.00000000 0.00000000
Neuron 186 3 0.50000000 1 1.00000000 0.00000000 0.00000000 0.00000000
Neuron 194 3 0.50000000 1 1.00000000 0.00000000 0.00000000 0.00000000
Neuron 196 3 0.75000000 1 1.00000000 0.00000000 0.00000000 0.00000000
Neuron 197 3 0.25000000 1 1.00000000 0.00000000 0.00000000 0.00000000
Neuron 200 3 0.25000000 1 1.00000000 0.00000000 0.00000000 0.00000000
Neuron 201 3 0.25000000 1 1.00000000 0.00000000 0.00000000 0.00000000
Neuron 204 3 0.25000000 1 1.00000000 0.00000000 0.00000000 0.00000000
Neuron 213 3 0.62500000 1 1.00000000 0.00000000 0.00000000 0.00000000
Neuron 215 3 0.50000000 1 1.00000000 0.00000000 0.00000000 0.00000000
Neuron 239 3 0.25000000 1 1.00000000 0.00000000 0.00000000 0.00000000
Neuron 245 3 0.25000000 1 1.00000000 0.00000000 0.00000000 0.00000000
Neuron 246 3 0.75000000 1 1.00000000 0.00000000 0.00000000 0.00000000
Neuron 261 3 0.75000000 1 1.00000000 0.00000000 0.00000000 0.00000000
Neuron 265 3 0.25000000 1 1.00000000 0.00000000 0.00000000 0.00000000
Neuron 272 3 0.25000000 1 1.00000000 0.00000000 0.00000000 0.00000000
Neuron 275 3 0.75000000 1 1.00000000 0.00000000 0.00000000 0.00000000
Neuron 276 3 0.75000000 1 1.00000000 0.00000000 0.00000000 0.00000000
Neuron 284 3 0.87500000 1 1.00000000 0.00000000 0.00000000 0.00000000
Neuron 289 3 0.37500000 1 1.00000000 0.00000000 0.00000000 0.00000000
Neuron 294 3 0.75000000 1 1.00000000 0.00000000 0.00000000 0.00000000
Neuron 302 3 0.50000000 1 1.00000000 0.00000000 0.00000000 0.00000000
Neuron 303 3 0.50000000 1 1.00000000 0.00000000 0.00000000 0.00000000
Neuron 304 3 0.50000000 1 1.00000000 0.00000000 0.00000000 0.00000000
Neuron 311 3 0.75000000 1 1.00000000 0.00000000 0.00000000 0.00000000
Neuron 316 3 0.62500000 1 1.00000000 0.00000000 0.00000000 0.00000000
Neuron 321 3 0.75000000 1 1.00000000 0.00000000 0.00000000 0.00000000
Neuron 324 3 0.50000000 1 1.00000000 0.00000000 0.00000000 0.00000000
Neuron 330 3 0.25000000 1 1.00000000 0.00000000 0.00000000 0.00000000
Neuron 337 3 0.12500000 1 1.00000000 0.00000000 0.00000000 0.00000000
Neuron 339 3 0.25000000 1 1.00000000 0.00000000 0.00000000 0.00000000
Neuron 340 3 0.50000000 1 1.00000000 0.00000000 0.00000000 0.00000000
Neuron 350 3 0.50000000 1 1.00000000 0.00000000 0.00000000 0.00000000
Neuron 377 3 0.75000000 1 1.00000000 0.00000000 0.00000000 0.00000000
Neuron 378 3 0.25000000 1 1.00000000 0.00000000 0.00000000 0.00000000
Neuron 394 3 0.75000000 1 1.00000000 0.00000000 0.00000000 0.00000000
Neuron 409 3 0.25000000 1 1.00000000 0.00000000 0.00000000 0.00000000
Neuron 412 3 0.75000000 1 1.00000000 0.00000000 0.00000000 0.00000000
Neuron 416 3 0.50000000 1 1.00000000 0.00000000 0.00000000 0.00000000
Neuron 424 3 0.50000000 1 1.00000000 0.00000000 0.00000000 0.00000000
Neuron 425 3 0.50000000 1 1.00000000 0.00000000 0.00000000 0.00000000
Neuron 433 3 0.81250000 1 1.00000000 0.00000000 0.00000000 0.00000000
Neuron 440 3 0.12500000 1 1.00000000 0.00000000 0.00000000 0.00000000
Neuron 442 3 0.93750000 1 1.00000000 0.00000000 0.00000000 0.00000000
Neuron 448 3 0.56250000 1 1.00000000 0.00000000 0.00000000 0.00000000
Neuron 449 3 0.50000000 1 1.00000000 0.00000000 0.00000000 0.00000000
Neuron 455 3 0.50000000 1 1.00000000 0.00000000 0.00000000 0.00000000
Neuron 461 3 0.75000000 1 1.00000000 0.00000000 0.00000000 0.00000000
Neuron 467 3 0.37500000 1 1.00000000 0.00000000 0.00000000 0.00000000
Neuron 475 3 0.25000000 1 1.00000000 0.00000000 0.00000000 0.00000000
Neuron 500 3 0.75000000 1 1.00000000 0.00000000 0.00000000 0.00000000
Neuron 501 3 0.84375000 1 1.00000000 0.00000000 0.00000000 0.00000000
Neuron 502 3 0.50000000 1 1.00000000 0.00000000 0.00000000 0.00000000
Neuron 509 3 0.50000000 1 1.00000000 0.00000000 0.00000000 0.00000000
Neuron 515 3 0.50000000 1 1.00000000 0.00000000 0.00000000 0.00000000
Neuron 516 3 0.75000000 1 1.00000000 0.00000000 0.00000000 0.00000000
Neuron 517 3 0.37500000 1 1.00000000 0.00000000 0.00000000 0.00000000
Neuron 520 3 0.75000000 1 1.00000000 0.00000000 0.00000000 0.00000000
Neuron 525 3 0.87500000 1 1.00000000 0.00000000 0.00000000 0.00000000
Neuron 526 3 0.50000000 1 1.00000000 0.00000000 0.00000000 0.00000000
Neuron 531 3 0.50000000 1 1.00000000 0.00000000 0.00000000 0.00000000
Neuron 538 3 0.50000000 1 1.00000000 0.00000000 0.00000000 0.00000000
Neuron 539 3 0.37500000 1 1.00000000 0.00000000 0.00000000 0.00000000
Neuron 544 3 0.50000000 1 1.00000000 0.00000000 0.00000000 0.00000000
Neuron 562 3 0.50000000 1 1.00000000 0.00000000 0.00000000 0.00000000
Neuron 577 3 0.62500000 1 1.00000000 0.00000000 0.00000000 0.00000000
Neuron 594 3 0.50000000 1 1.00000000 0.00000000 0.00000000 0.00000000
Neuron 612 3 0.75000000 1 1.00000000 0.00000000 0.00000000 0.00000000
Neuron 613 3 0.37500000 1 1.00000000 0.00000000 0.00000000 0.00000000
Neuron 619 3 0.50000000 1 1.00000000 0.00000000 0.00000000 0.00000000
Neuron 620 3 0.25000000 1 1.00000000 0.00000000 0.00000000 0.00000000
Neuron 630 3 0.50000000 1 1.00000000 0.00000000 0.00000000 0.00000000
Neuron 639 3 0.37500000 1 1.00000000 0.00000000 0.00000000 0.00000000
Neuron 641 3 0.50000000 1 1.00000000 0.00000000 0.00000000 0.00000000
Neuron 642 3 0.62500000 1 1.00000000 0.00000000 0.00000000 0.00000000
Neuron 665 3 0.62500000 1 1.00000000 0.00000000 0.00000000 0.00000000
Neuron 670 3 0.50000000 1 1.00000000 0.00000000 0.00000000 0.00000000
Neuron 674 3 0.37500000 1 1.00000000 0.00000000 0.00000000 0.00000000
Neuron 700 3 0.50000000 1 1.00000000 0.00000000 0.00000000 0.00000000
Neuron 704 3 0.53125000 1 1.00000000 0.00000000 0.00000000 0.00000000
Neuron 706 3 0.87500000 1 1.00000000 0.00000000 0.00000000 0.00000000
Neuron 710 3 0.53125000 1 1.00000000 0.00000000 0.00000000 0.00000000
Neuron 715 3 0.50000000 1 1.00000000 0.00000000 0.00000000 0.00000000
Neuron 720 3 0.37500000 1 1.00000000 0.00000000 0.00000000 0.00000000
Neuron 758 3 0.87500000 1 1.00000000 0.00000000 0.00000000 0.00000000
Neuron 765 3 0.75000000 1 1.00000000 0.00000000 0.00000000 0.00000000
Neuron 820 3 0.87500000 1 1.00000000 0.00000000 0.00000000 0.00000000
Neuron 830 3 0.62500000 1 1.00000000 0.00000000 0.00000000 0.00000000
Neuron 840 3 0.75000000 1 1.00000000 0.00000000 0.00000000 0.00000000
Neuron 917 3 0.75000000 1 1.00000000 0.00000000 0.00000000 0.00000000
Neuron 926 3 0.37500000 1 1.00000000 0.00000000 0.00000000 0.00000000
Neuron 933 3 0.12500000 1 1.00000000 0.00000000 0.00000000 0.00000000
Neuron 948 3 0.12500000 1 1.00000000 0.00000000 0.00000000 0.00000000
Neuron 957 3 0.37500000 1 1.00000000 0.00000000 0.00000000 0.00000000
Neuron 1005 3 0.81250000 1 1.00000000 0.00000000 0.00000000 0.00000000
Neuron 1020 3 0.50000000 1 1.00000000 0.00000000 0.00000000 0.00000000
Neuron 1069 3 0.75000000 1 1.00000000 0.00000000 0.00000000 0.00000000
Neuron 1091 3 0.93750000 1 1.00000000 0.00000000 0.00000000 0.00000000
Neuron 1116 3 0.62500000 1 1.00000000 0.00000000 0.00000000 0.00000000
Neuron 1161 3 0.87500000 1 1.00000000 0.00000000 0.00000000 0.00000000
Neuron 1173 3 0.50000000 1 1.00000000 0.00000000 0.00000000 0.00000000
Neuron 1182 3 0.50000000 1 1.00000000 0.00000000 0.00000000 0.00000000
Neuron 1206 3 0.25000000 1 1.00000000 0.00000000 0.00000000 0.00000000
Neuron 1249 3 0.06250000 1 1.00000000 0.00000000 0.00000000 0.00000000
Neuron 1318 3 0.12500000 1 1.00000000 0.00000000 0.00000000 0.00000000
Neuron 1340 3 0.25000000 1 1.00000000 0.00000000 0.00000000 0.00000000
Neuron 1373 3 0.96875000 1 1.00000000 0.00000000 0.00000000 0.00000000
Neuron 1411 3 0.50000000 1 1.00000000 0.00000000 0.00000000 0.00000000
Neuron 1415 3 0.50000000 1 1.00000000 0.00000000 0.00000000 0.00000000
Neuron 1422 3 0.18750000 1 1.00000000 0.00000000 0.00000000 0.00000000
Neuron 1435 3 0.50000000 1 1.00000000 0.00000000 0.00000000 0.00000000
Neuron 1444 3 0.50000000 1 1.00000000 0.00000000 0.00000000 0.00000000
Neuron 1513 3 0.78125000 1 1.00000000 0.00000000 0.00000000 0.00000000
Neuron 1632 3 0.25000000 1 1.00000000 0.00000000 0.00000000 0.00000000
Neuron 1737 3 0.75000000 1 1.00000000 0.00000000 0.00000000 0.00000000
Link 1 10 1 0 -4.59054064
Link 2 10 2 0 -0.45394115
Link 3 10 3 0 -2.46221477
Link 5 10 5 0 1.40545428
Link 6 10 6 0 -0.65650258
Link 7 10 7 0 -2.98411091
Link 9 10 9 0 -2.29028771
Link 1 11 10 0 -5.46605165
Link 2 11 11 0 0.55588721
Link 3 11 12 0 -2.39491755
Link 4 11 13 0 0.77526418
Link 5 11 14 0 1.32298980
Link 6 11 15 0 -1.29123604
Link 7 11 16 0 -2.12790344
Link 8 11 17 0 2.28158237
Link 9 11 18 0 2.42498669
Link 3 12 21 0 -2.92795468
Link 4 12 22 0 -0.82271910
Link 5 12 23 0 -4.08102475
Link 8 12 26 0 -0.67445038
Link 9 12 27 0 -1.46758748
Link 1 13 28 0 1.98511327
Link 2 13 29 0 0.32265111
Link 4 13 31 0 0.52005404
Link 5 13 32 0 0.79555435
Link 6 13 33 0 0.64365655
Link 7 13 34 0 1.06448912
Link 9 13 36 0 -0.29736458
Link 1 14 37 0 -0.44591824
Link 3 14 39 0 -0.64950219
Link 4 14 40 0 6.70286855
Link 5 14 41 0 -0.09630977
Link 6 14 42 0 1.35950379
Link 7 14 43 0 -3.67950876
Link 8 14 44 0 6.10116355
Link 9 14 45 0 0.15740180
Link 1 15 46 0 -0.37308939
Link 2 15 47 0 0.82454869
Link 3 15 48 0 0.90038470
Link 4 15 49 0 1.79453888
Link 6 15 51 0 -2.37393582
Link 7 15 52 0 2.76583518
Link 8 15 53 0 0.96920460
Link 9 15 54 0 -3.50100135
Link 1 16 55 0 -3.68930046
Link 2 16 56 0 -1.99702675
Link 3 16 57 0 -2.59065327
Link 4 16 58 0 1.19571391
Link 5 16 59 0 -1.66158431
Link 6 16 60 0 -3.65616041
Link 7 16 61 0 -3.11952013
Link 8 16 62 0 -1.24036476
Link 9 16 63 0 0.43941287
Link 7 17 65 0 3.62993675
Link 17 15 66 0 -3.11797118
Link 4 18 68 0 -2.37761857
Link 18 12 69 0 -2.24281393
Link 20 14 75 0 2.04712837
Link 8 21 77 0 2.57357677
Link 22 10 81 0 0.07456026
Link 24 14 87 0 5.55647432
Link 26 13 93 0 -1.25061035
Link 1 27 95 0 2.50026576
Link 27 12 96 0 3.45084656
Link 3 28 98 0 1.12038562
Link 28 13 99 0 -2.14717087
Link 29 13 102 0 1.95330865
Link 8 30 104 0 6.27123295
Link 30 10 105 0 -1.58203294
Link 2 31 107 0 -5.38929643
Link 8 33 113 0 -3.51567693
Link 33 14 114 0 2.32831690
Link 6 34 117 0 -1.66820672
Link 1 35 120 0 -0.27217550
Link 2 36 123 0 -5.40312875
Link 36 13 124 0 1.66445435
Link 2 38 129 0 1.17811873
Link 38 16 130 0 0.72862313
Link 4 41 138 0 5.79779735
Link 41 15 139 0 5.55370497
Link 44 12 148 0 2.52175730
Link 7 45 150 0 -3.96927299
Link 45 16 151 0 -0.68905407
Link 1 46 153 0 2.32955575
Link 5 47 156 0 3.83213656
Link 47 15 157 0 5.63437330
Link 2 48 159 0 -1.39004630
Link 48 11 160 0 -1.54001280
Link 50 11 167 0 1.14345246
Link 4 51 174 0 -0.21838120
Link 51 16 175 0 2.31956571
Link 5 52 177 0 0.27129942
Link 52 14 178 0 -1.24536055
Link 9 44 191 0 0.40887108
Link 5 56 196 0 0.15826483
Link 8 57 200 0 3.22798472
Link 57 15 201 0 -2.69435968
Link 60 10 214 0 1.71704360
Link 62 10 223 0 -2.08509692
Link 29 16 230 0 2.20052560
Link 63 10 237 0 2.13962757
Link 1 65 250 0 0.96820357
Link 65 16 251 0 2.40773786
Link 2 17 258 0 1.41653522
Link 59 66 260 0 -0.10043302
Link 66 10 261 0 -5.65518074
Link 10 57 263 1 -6.58948263
Link 3 68 279 0 1.82125942
Link 68 10 280 0 3.98106993
Link 8 69 297 0 1.84402148
Link 69 29 298 0 -5.13407844
Link 3 56 315 0 4.61280864
Link 19 85 424 0 2.07824524
Link 4 86 427 0 -0.20282542
Link 6 88 442 0 -4.77950670
Link 88 15 443 0 6.25749746
Link 4 89 450 0 1.18293638
Link 89 19 451 0 3.79980527
Link 94 15 482 0 -1.71093023
Link 13 21 492 1 4.44594900
Link 7 97 507 0 0.43971094
Link 97 12 508 0 -0.61031293
Link 99 26 515 0 -3.18386642
Link 17 11 532 0 -1.56285347
Link 62 62 534 1 -1.91992726
Link 1 101 542 0 2.38703416
Link 35 107 595 0 1.21241539
Link 107 11 596 0 -2.82843925
Link 31 108 609 0 -1.06248201
Link 108 12 610 0 -1.55698269
Link 25 25 653 1 0.53689772
Link 3 19 655 0 -4.85406199
Link 2 41 688 0 1.10449449
Link 29 29 719 1 -1.70410868
Link 8 22 765 0 -0.06457600
Link 5 132 787 0 -2.81611006
Link 132 39 788 0 -2.76704502
Link 4 63 930 0 -1.58364011
Link 14 85 948 1 -5.05662329
Link 2 171 1054 0 0.59710035
Link 171 24 1055 0 3.00369073
Link 7 181 1112 0 1.00000000
Link 181 25 1113 0 3.31532231
Link 6 182 1115 0 2.66245012
Link 22 22 1134 1 6.30895385
Link 5 185 1153 0 -3.40928741
Link 185 59 1154 0 -3.37951565
Link 186 50 1157 0 4.86219147
Link 17 194 1226 0 -1.28611458
Link 17 196 1237 0 3.65483315
Link 196 13 1238 0 -3.11851269
Link 1 197 1242 0 0.44761428
Link 197 63 1243 0 3.71254201
Link 52 52 1245 1 2.26677725
Link 200 60 1262 0 0.63384730
Link 3 201 1264 0 -4.62057523
Link 6 204 1276 0 -0.04156744
Link 204 41 1277 0 -0.56750447
Link 41 213 1353 0 1.96087389
Link 213 94 1354 0 0.53235472
Link 8 215 1363 0 -2.19126932
Link 215 13 1364 0 -1.66349891
Link 200 15 1406 0 4.01241914
Link 8 239 1498 0 -0.96691218
Link 3 245 1525 0 1.28656033
Link 245 20 1526 0 -4.71897036
Link 53 246 1533 0 1.43675232
Link 9 26 1567 0 -2.12572196
Link 9 200 1609 0 -3.40689467
Link 25 261 1629 0 2.26015350
Link 261 14 1630 0 0.18716900
Link 5 265 1668 0 4.29995142
Link 265 65 1669 0 -4.70942731
Link 6 200 1687 0 -0.15977476
Link 4 21 1707 0 2.09986914
Link 275 68 1723 1 0.03998798
Link 21 276 1736 0 2.74069999
Link 276 12 1737 0 -1.35453525
Link 45 45 1824 1 -2.22311652
Link 246 284 1829 0 2.80312346
Link 284 10 1830 0 0.85724351
Link 19 289 1857 1 0.03614933
Link 289 200 1858 1 -0.96541213
Link 26 302 1931 0 -0.46636960
Link 6 197 1933 0 -3.42396869
Link 44 303 1936 1 -1.08476853
Link 303 44 1937 1 1.12840540
Link 2 304 1940 0 1.19700082
Link 304 12 1941 0 2.65616547
Link 46 45 1952 0 -0.06152694
Link 56 311 1973 0 1.28736017
Link 311 13 1974 0 1.88685345
Link 21 51 1988 0 1.73967326
Link 294 316 2008 1 5.85382242
Link 316 48 2009 1 1.90185268
Link 12 321 2026 1 -4.78414618
Link 44 324 2043 0 -0.79430961
Link 6 330 2087 0 4.50497952
Link 14 26 2114 1 6.69240158
Link 4 337 2131 0 0.98813024
Link 337 200 2132 0 0.61119150
Link 2 339 2143 0 1.53622310
Link 339 53 2144 0 2.70249189
Link 25 340 2150 1 -0.65023494
Link 340 25 2151 1 -0.96215501
Link 5 350 2248 0 -0.77643222
Link 350 13 2249 0 6.21781016
Link 10 65 2317 1 -2.47185121
Link 2 294 2380 0 -1.12872805
Link 85 68 2385 1 2.66116356
Link 377 12 2420 0 4.15615108
Link 8 378 2428 0 1.25490335
Link 15 34 2489 1 -2.94132372
Link 12 394 2532 1 -0.10229506
Link 394 41 2533 1 -0.80670836
Link 7 294 2573 0 -1.03961018
Link 63 29 2633 0 -0.16927420
Link 65 19 2641 0 -1.90635504
Link 7 409 2643 0 -0.05744087
Link 409 62 2644 0 -0.53717598
Link 412 30 2666 1 0.14987015
Link 15 68 2668 1 -4.21016050
Link 6 416 2688 0 2.44892322
Link 416 15 2689 0 1.91764050
Link 46 11 2696 0 -6.93518704
Link 48 424 2744 0 1.23844049
Link 424 63 2745 0 2.78014093
Link 26 65 2784 0 1.31625338
Link 28 28 2808 1 1.54919250
Link 85 433 2819 0 1.81438934
Link 132 34 2852 0 4.32176976
Link 39 50 2853 0 -4.91499945
Link 101 101 2866 1 0.72412339
Link 5 440 2871 0 1.21934210
Link 440 200 2872 0 3.91648256
Link 112 442 2878 0 0.83500106
Link 442 14 2879 0 -3.12081407
Link 12 28 2913 1 -1.42363132
Link 448 316 2923 0 2.13893790
Link 449 53 2926 1 2.15940630
Link 19 68 2956 0 3.51481021
Link 14 28 2962 1 -2.79309693
Link 5 204 2972 0 -1.92900722
Link 461 26 3024 1 -0.43296597
Link 378 467 3050 0 1.06788867
Link 467 18 3051 0 3.77618959
Link 101 302 3070 0 -0.72266241
Link 416 33 3085 0 2.09795742
Link 6 475 3112 0 -0.31468056
Link 29 215 3162 0 5.26645543
Link 204 20 3207 0 -1.33539402
Link 200 68 3212 0 -4.43083089
Link 2 350 3251 0 1.64205309
Link 215 33 3285 0 1.89556308
Link 448 294 3295 0 -3.25560620
Link 18 500 3303 0 2.70703265
Link 500 13 3304 0 -0.39015628
Link 433 501 3312 0 2.13460528
Link 501 112 3313 0 -0.00865449
Link 53 502 3329 1 1.51004596
Link 502 449 3330 1 5.02397506
Link 20 509 3407 0 1.30949279
Link 509 33 3408 0 3.44227544
Link 44 515 3469 0 1.24230125
Link 515 26 3470 0 -4.53050940
Link 88 516 3474 0 0.92144704
Link 516 11 3475 0 -1.84914697
Link 330 517 3480 0 0.81391720
Link 517 44 3481 0 4.40699500
Link 56 520 3511 0 -0.96274421
Link 520 14 3512 0 0.94226356
Link 16 525 3536 1 -0.32211983
Link 525 461 3537 1 0.45700119
Link 526 14 3542 0 -0.62637332
Link 62 531 3573 0 1.92363401
Link 531 186 3574 0 -2.47543965
Link 62 215 3591 0 -2.74826758
Link 38 38 3599 1 -2.47680964
Link 17 538 3618 1 -0.78164106
Link 538 17 3619 1 -1.20452946
Link 86 539 3624 0 1.76371219
Link 539 41 3625 0 0.04588056
Link 7 86 3652 0 3.37607805
Link 455 544 3654 0 1.08577303
Link 544 25 3655 0 1.94799891
Link 200 11 3660 0 0.08640094
Link 66 19 3716 1 0.13622213
Link 8 200 3721 0 1.57713142
Link 21 30 3794 0 4.19273232
Link 302 562 3810 0 1.77908550
Link 562 18 3811 0 -5.25395706
Link 416 416 3921 1 0.91629797
Link 39 577 3934 0 1.36408905
Link 577 377 3935 0 -5.56885746
Link 194 455 3938 0 -0.95938624
Link 302 378 3956 1 1.46209163
Link 60 46 3986 0 -4.19655060
Link 194 594 4044 0 2.09879226
Link 594 18 4045 0 -2.73998195
Link 107 20 4069 1 -0.85952248
Link 86 509 4102 0 -0.54903788
Link 36 302 4145 0 4.05045842
Link 11 612 4205 1 0.77519016
Link 612 38 4206 1 2.00437757
Link 182 613 4222 0 1.28282903
Link 613 22 4223 0 -0.60488682
Link 60 302 4262 0 -1.51823633
Link 63 619 4269 0 1.61023006
Link 619 48 4270 0 2.19770368
Link 6 620 4272 0 1.11626356
Link 324 630 4382 0 2.40024842
Link 630 455 4383 0 5.64204249
Link 340 215 4397 0 -3.32699025
Link 239 639 4479 0 1.49806572
Link 639 215 4480 0 3.84292264
Link 39 641 4497 1 -2.07696691
Link 641 39 4498 1 -2.11957034
Link 321 642 4501 1 -0.54496396
Link 642 48 4502 1 1.42329111
Link 378 378 4536 1 -1.23670124
Link 378 30 4594 0 -5.35042711
Link 29 26 4621 0 -3.80508402
Link 107 665 4690 1 0.65051147
Link 665 88 4691 1 -0.72335735
Link 425 670 4718 0 -4.85996160
Link 670 88 4719 0 -3.10598674
Link 101 674 4742 0 0.56268964
Link 674 18 4743 0 -1.58801382
Link 316 294 4848 0 1.76417670
Link 4 700 5045 0 0.56912462
Link 700 10 5046 0 -1.31582822
Link 448 704 5099 1 2.19306957
Link 704 48 5100 1 -2.39153300
Link 174 706 5105 0 -1.41939398
Link 45 710 5124 0 0.40128324
Link 710 448 5125 0 1.76606516
Link 52 715 5158 0 1.25453536
Link 715 425 5159 0 0.44103464
Link 201 215 5163 0 -2.76565232
Link 475 720 5188 0 2.51977265
Link 720 215 5189 0 6.36098953
Link 16 758 5542 1 -0.12590808
Link 758 275 5543 1 -1.38179262
Link 63 765 5592 0 2.51087610
Link 765 11 5593 0 3.56701629
Link 4 215 5835 0 0.64541931
Link 11 820 6052 1 3.03876237
Link 455 830 6120 0 0.81568829
Link 830 107 6121 0 0.04577006
Link 18 19 6186 0 -0.70778673
Link 34 840 6225 0 2.99555794
Link 19 29 6257 0 -3.39621218
Link 41 448 6516 0 -5.03411597
Link 378 56 6652 0 3.75320779
Link 475 416 6671 0 -1.31180287
Link 101 66 6802 0 0.09320598
Link 455 48 6851 0 -0.12769531
Link 455 917 6878 0 0.64026164
Link 917 15 6879 0 -2.80982515
Link 509 24 6972 0 -2.37017032
Link 294 56 6997 1 -1.02674149
Link 272 926 7009 0 0.47053165
Link 926 21 7010 0 -0.51090964
Link 7 933 7053 0 0.64129694
Link 933 99 7054 0 0.40417481
Link 620 957 7226 0 2.32114336
Link 957 44 7227 0 -1.82745108
Link 620 265 7305 0 -1.13577700
Link 440 63 7480 0 -3.35024908
Link 48 108 7495 0 4.12658396
Link 820 1005 7601 1 0.13980712
Link 86 132 7751 0 -0.01747641
Link 700 33 7953 0 1.13673044
Link 10 350 8043 1 2.84639809
Link 11 1069 8116 1 3.04910037
Link 1069 28 8117 1 2.06225910
Link 440 440 8150 1 -0.55355180
Link 39 1020 8177 0 -0.52918588
Link 706 321 8245 1 2.77082424
Link 412 706 8270 0 -0.77348945
Link 107 174 8391 0 -0.90711319
Link 700 13 8550 0 0.12265946
Link 47 1116 8591 0 0.75235065
Link 1116 412 8592 0 -0.52334398
Link 324 539 8623 1 0.71463451
Link 52 197 8640 1 -3.09464933
Link 526 1020 8715 0 3.11222406
Link 65 108 8822 0 -1.57599410
Link 272 706 8904 0 -0.73888705
Link 65 38 8959 0 0.73998603
Link 13 1161 8984 1 3.05384989
Link 1161 294 8985 1 2.33401358
Link 1020 1173 9050 0 0.18025932
Link 41 1182 9121 0 0.17657844
Link 1182 1020 9122 0 0.23952130
Link 68 20 9345 0 0.47311708
Link 1206 526 9393 0 3.73581294
Link 132 700 9408 0 -5.23466057
Link 112 350 9491 1 -1.30622946
Link 704 704 9702 1 -0.97283144
Link 433 425 9725 1 -0.13459783
Link 1 1249 9728 0 -2.44449918
Link 1249 948 9729 0 2.80272766
Link 99 186 9839 0 0.86212976
Link 185 22 9959 0 -0.44897151
Link 69 28 10109 0 0.02134706
Link 2 1318 10247 0 2.19183000
Link 1318 1206 10248 0 2.46258862
Link 239 1340 10444 0 2.43772834
Link 1340 197 10445 0 0.27186779
Link 449 275 10521 0 -2.93530428
Link 66 53 10679 1 -0.07464563
Link 1091 1373 10708 0 0.80249253
Link 1373 13 10709 0 1.03428808
Link 1173 1411 11005 0 1.79849041
Link 1411 52 11006 0 -0.31173631
Link 44 1415 11043 1 1.67347514
Link 1415 44 11044 1 -3.27578362
Link 948 1422 11103 0 1.88545252
Link 1422 272 11104 0 2.58088139
Link 1020 1435 11223 0 -0.79229674
Link 1435 50 11224 0 0.85390754
Link 594 1444 11323 0 2.61431524
Link 1444 34 11324 0 -0.38929854
Link 840 1182 11352 1 3.68138674
Link 1415 24 11418 0 -0.71669811
Link 957 1091 11457 0 -0.25638245
Link 1005 1513 11853 1 0.96245053
Link 1513 412 11854 1 0.75696486
Link 440 715 11926 0 -2.47270001
Link 424 28 12442 0 3.11389405
Link 196 186 12643 1 -0.52943442
Link 4 1182 12786 0 2.14337230
Link 25 1020 13091 0 -0.53906987
Link 620 1632 13167 1 0.97322549
Link 1632 620 13168 1 2.11633694
Link 619 539 13626 1 -2.34879197
Link 433 409 13701 1 -1.07628552
Link 1091 1091 13712 1 1.39827068
Link 520 201 13947 1 1.23761960
Link 101 517 14116 0 -0.83750636
Link 933 112 14187 0 1.09200148
Link 24 321 14230 0 0.56463550
Link 16 1737 14338 1 1.00000000
Link 1737 194 14339 1 3.06332029
Link 48 1206 14425 1 -1.97114148
Link 239 449 15453 0 2.57041851
Link 957 186 15504 0 1.31025722
Link 311 85 15756 0 -0.67897760
Link 4 196 15800 0 2.21414320
Link 517 425 15948 0 1.77106311
Link 1173 544 16081 0 2.14502366
GenomeEnd

