GenomeStart 5920
Neuron 1 1 0.00000000 1 0.00000000 0.00000000 0.00000000 0.00000000
Neuron 2 1 0.00000000 1 0.00000000 0.00000000 0.00000000 0.00000000
Neuron 3 1 0.00000000 1 0.00000000 0.00000000 0.00000000 0.00000000
Neuron 4 1 0.00000000 1 0.00000000 0.00000000 0.00000000 0.00000000
Neuron 5 1 0.00000000 1 0.00000000 0.00000000 0.00000000 0.00000000
Neuron 6 1 0.00000000 1 0.00000000 0.00000000 0.00000000 0.00000000
Neuron 7 1 0.00000000 1 0.00000000 0.00000000 0.00000000 0.00000000
Neuron 8 1 0.00000000 1 0.00000000 0.00000000 0.00000000 0.00000000
Neuron 9 2 0.00000000 1 0.00000000 0.00000000 0.00000000 0.00000000
Neuron 10 4 1.00000000 0 1.00000000 0.00000000 0.00000000 0.00000000
Neuron 11 4 1.00000000 0 1.00000000 0.00000000 0.00000000 0.00000000
Neuron 12 4 1.00000000 0 1.00000000 0.00000000 0.00000000 0.00000000
Neuron 13 4 1.00000000 0 1.00000000 0.00000000 0.00000000 0.00000000
Neuron 14 4 1.00000000 0 1.00000000 0.00000000 0.00000000 0.00000000
Neuron 15 4 1.00000000 0 1.00000000 0.00000000 0.00000000 0.00000000
Neuron 16 4 1.00000000 0 1.00000000 0.00000000 0.00000000 0.00000000
Neuron 20 3 0.50000000 1 1.00000000 0.00000000 0.00000000 0.00000000
Neuron 29 3 0.50000000 1 1.00000000 0.00000000 0.00000000 0.00000000
Neuron 35 3 0.50000000 1 1.00000000 0.00000000 0.00000000 0.00000000
Neuron 39 3 0.50000000 1 1.00000000 0.00000000 0.00000000 0.00000000
Neuron 46 3 0.50000000 1 1.00000000 0.00000000 0.00000000 0.00000000
Neuron 88 3 0.50000000 1 1.00000000 0.00000000 0.00000000 0.00000000
Link 1 10 1 0 0.69442093
Link 2 10 2 0 2.14670392
Link 3 10 3 0 -2.27838728
Link 4 10 4 0 -1.13845364
Link 5 10 5 0 0.13240123
Link 6 10 6 0 -1.13808024
Link 7 10 7 0 1.58246969
Link 8 10 8 0 -0.96567289
Link 9 10 9 0 0.03295734
Link 2 11 11 0 -0.42143525
Link 3 11 12 0 -3.19497186
Link 4 11 13 0 2.03604520
Link 5 11 14 0 0.98892932
Link 6 11 15 0 2.45184837
Link 7 11 16 0 2.31924968
Link 8 11 17 0 0.71535746
Link 9 11 18 0 1.28028426
Link 1 12 19 0 0.34146493
Link 2 12 20 0 -0.97945391
Link 3 12 21 0 0.10125011
Link 4 12 22 0 -2.25764041
Link 6 12 24 0 -1.98320561
Link 7 12 25 0 0.51173182
Link 8 12 26 0 1.27713484
Link 9 12 27 0 -0.75765661
Link 1 13 28 0 -1.88886534
Link 2 13 29 0 0.62830304
Link 3 13 30 0 2.54639938
Link 4 13 31 0 0.68466061
Link 5 13 32 0 0.06728544
Link 6 13 33 0 -1.18008013
Link 7 13 34 0 -2.48281990
Link 9 13 36 0 -2.30744739
Link 2 14 38 0 -0.02974525
Link 4 14 40 0 3.21708775
Link 5 14 41 0 -4.00665585
Link 6 14 42 0 0.14267314
Link 7 14 43 0 -0.01983917
Link 8 14 44 0 2.38224177
Link 9 14 45 0 1.67171835
Link 1 15 46 0 -1.10051171
Link 2 15 47 0 -3.42665488
Link 3 15 48 0 -3.83142059
Link 4 15 49 0 -3.24100472
Link 5 15 50 0 -0.46615162
Link 7 15 52 0 1.91421597
Link 8 15 53 0 -0.76724044
Link 9 15 54 0 1.34825513
Link 1 16 55 0 -1.54560013
Link 2 16 56 0 0.88466856
Link 3 16 57 0 1.18854425
Link 4 16 58 0 2.40678343
Link 5 16 59 0 -1.85453236
Link 6 16 60 0 -2.75728172
Link 7 16 61 0 0.27523713
Link 8 16 62 0 1.37278018
Link 9 16 63 0 0.05578190
Link 3 20 74 0 1.00000000
Link 20 14 75 0 1.77317038
Link 8 29 101 0 3.27067017
Link 29 13 102 0 0.10231071
Link 1 35 120 0 0.54284424
Link 35 11 121 0 0.96051451
Link 5 39 132 0 0.79443104
Link 39 12 133 0 -0.26883996
Link 1 46 153 0 -3.25592523
Link 46 14 154 0 0.48043004
Link 35 14 247 0 -3.28347865
Link 6 88 442 0 -2.78981091
Link 88 15 443 0 0.63520931
Link 6 35 475 0 -0.26573013
Link 10 10 614 1 0.75908747
Link 39 88 736 0 0.98404857
Link 29 15 756 0 -0.10323851
GenomeEnd

