GenomeStart 24506
Neuron 1 1 0.00000000 1 0.00000000 0.00000000 0.00000000 0.00000000
Neuron 2 1 0.00000000 1 0.00000000 0.00000000 0.00000000 0.00000000
Neuron 3 1 0.00000000 1 0.00000000 0.00000000 0.00000000 0.00000000
Neuron 4 1 0.00000000 1 0.00000000 0.00000000 0.00000000 0.00000000
Neuron 5 1 0.00000000 1 0.00000000 0.00000000 0.00000000 0.00000000
Neuron 6 1 0.00000000 1 0.00000000 0.00000000 0.00000000 0.00000000
Neuron 7 1 0.00000000 1 0.00000000 0.00000000 0.00000000 0.00000000
Neuron 8 1 0.00000000 1 0.00000000 0.00000000 0.00000000 0.00000000
Neuron 9 2 0.00000000 1 0.00000000 0.00000000 0.00000000 0.00000000
Neuron 10 4 1.00000000 0 1.00000000 0.00000000 0.00000000 0.00000000
Neuron 11 4 1.00000000 0 1.00000000 0.00000000 0.00000000 0.00000000
Neuron 12 4 1.00000000 0 1.00000000 0.00000000 0.00000000 0.00000000
Neuron 13 4 1.00000000 0 1.00000000 0.00000000 0.00000000 0.00000000
Neuron 14 4 1.00000000 0 1.00000000 0.00000000 0.00000000 0.00000000
Neuron 15 4 1.00000000 0 1.00000000 0.00000000 0.00000000 0.00000000
Neuron 16 4 1.00000000 0 1.00000000 0.00000000 0.00000000 0.00000000
Neuron 17 3 0.50000000 1 1.00000000 0.00000000 0.00000000 0.00000000
Neuron 19 3 0.50000000 1 1.00000000 0.00000000 0.00000000 0.00000000
Neuron 34 3 0.50000000 1 1.00000000 0.00000000 0.00000000 0.00000000
Neuron 38 3 0.50000000 1 1.00000000 0.00000000 0.00000000 0.00000000
Neuron 40 3 0.50000000 1 1.00000000 0.00000000 0.00000000 0.00000000
Neuron 42 3 0.50000000 1 1.00000000 0.00000000 0.00000000 0.00000000
Neuron 50 3 0.50000000 1 1.00000000 0.00000000 0.00000000 0.00000000
Neuron 64 3 0.50000000 1 1.00000000 0.00000000 0.00000000 0.00000000
Neuron 87 3 0.75000000 1 1.00000000 0.00000000 0.00000000 0.00000000
Neuron 106 3 0.25000000 1 1.00000000 0.00000000 0.00000000 0.00000000
Neuron 250 3 0.75000000 1 1.00000000 0.00000000 0.00000000 0.00000000
Link 1 10 1 0 1.05552687
Link 2 10 2 0 4.61521617
Link 3 10 3 0 -3.12470269
Link 6 10 6 0 -0.39566162
Link 8 10 8 0 0.49206897
Link 1 11 10 0 2.23317762
Link 2 11 11 0 -1.57842031
Link 3 11 12 0 1.97784847
Link 4 11 13 0 0.48523542
Link 5 11 14 0 -2.83366799
Link 6 11 15 0 -0.09109368
Link 7 11 16 0 -1.16520988
Link 8 11 17 0 -0.45969787
Link 9 11 18 0 -2.83335768
Link 1 12 19 0 -0.70944742
Link 2 12 20 0 2.09060409
Link 3 12 21 0 1.79976383
Link 4 12 22 0 0.82031384
Link 5 12 23 0 4.28794348
Link 7 12 25 0 -0.67871848
Link 8 12 26 0 0.17044274
Link 9 12 27 0 0.77604736
Link 1 13 28 0 -1.01761708
Link 2 13 29 0 -0.04598077
Link 4 13 31 0 0.65230758
Link 5 13 32 0 2.95919478
Link 6 13 33 0 1.85730873
Link 7 13 34 0 -0.01384051
Link 8 13 35 0 -0.46588501
Link 9 13 36 0 0.91183850
Link 1 14 37 0 -2.92263742
Link 2 14 38 0 3.45864736
Link 3 14 39 0 -1.79614519
Link 5 14 41 0 2.89634820
Link 6 14 42 0 -0.89666352
Link 7 14 43 0 -4.72805424
Link 8 14 44 0 1.09598767
Link 9 14 45 0 -0.37235848
Link 2 15 47 0 -0.44832843
Link 3 15 48 0 2.99593169
Link 5 15 50 0 -3.00011626
Link 6 15 51 0 0.40147138
Link 9 15 54 0 1.78243656
Link 1 16 55 0 0.29172872
Link 2 16 56 0 2.92293084
Link 3 16 57 0 0.87681461
Link 4 16 58 0 -3.35223440
Link 6 16 60 0 2.52719649
Link 7 16 61 0 -3.92941410
Link 8 16 62 0 -0.74454074
Link 9 16 63 0 0.75309260
Link 17 15 66 0 -1.18548788
Link 4 19 71 0 1.13318628
Link 19 10 72 0 0.06728323
Link 7 34 117 0 1.51930375
Link 34 10 118 0 -1.26630207
Link 7 38 131 0 1.03196559
Link 38 15 132 0 0.17687395
Link 4 40 137 0 0.73212839
Link 40 14 138 0 1.62813432
Link 8 42 143 0 -1.75349974
Link 42 15 144 0 -1.34163998
Link 2 50 171 0 0.83335347
Link 50 16 172 0 1.64830671
Link 11 11 196 1 2.86197482
Link 6 64 232 0 1.04945444
Link 64 12 233 0 0.40669554
Link 9 42 239 0 1.20382934
Link 13 17 313 1 -0.84090580
Link 16 16 364 1 -2.55841572
Link 3 17 402 0 -0.37910539
Link 11 42 403 1 -1.35981108
Link 42 87 405 0 0.79536433
Link 87 15 406 0 1.11134491
Link 4 17 416 0 1.79995333
Link 9 17 474 0 -0.97264955
Link 6 50 500 0 0.97225267
Link 106 17 599 0 -2.78865682
Link 38 10 739 0 1.12865025
Link 9 40 857 0 1.10594923
Link 6 17 960 0 -0.13964814
Link 5 40 1055 0 0.09185929
Link 8 17 1097 0 -3.82750695
Link 40 17 1154 0 -1.49994777
Link 11 250 1690 1 1.00000000
Link 250 40 1691 1 -3.03819908
Link 9 87 2398 0 2.06998988
Link 106 15 2477 0 0.22994944
Link 87 16 2554 0 0.96161511
Link 10 106 2788 1 1.24616479
Link 5 106 2799 0 -0.71037392
Link 34 250 2909 0 2.47840035
Link 17 50 2945 0 0.12925872
Link 15 87 3020 1 1.93896104
Link 40 19 3106 0 -0.53744224
Link 38 50 3181 0 0.07451997
Link 12 19 3444 1 -0.98979968
GenomeEnd

