GenomeStart 76085
Neuron 1 1 0.00000000 1 0.00000000 0.00000000 0.00000000 0.00000000
Neuron 2 1 0.00000000 1 0.00000000 0.00000000 0.00000000 0.00000000
Neuron 3 1 0.00000000 1 0.00000000 0.00000000 0.00000000 0.00000000
Neuron 4 1 0.00000000 1 0.00000000 0.00000000 0.00000000 0.00000000
Neuron 5 1 0.00000000 1 0.00000000 0.00000000 0.00000000 0.00000000
Neuron 6 1 0.00000000 1 0.00000000 0.00000000 0.00000000 0.00000000
Neuron 7 1 0.00000000 1 0.00000000 0.00000000 0.00000000 0.00000000
Neuron 8 1 0.00000000 1 0.00000000 0.00000000 0.00000000 0.00000000
Neuron 9 2 0.00000000 1 0.00000000 0.00000000 0.00000000 0.00000000
Neuron 10 4 1.00000000 0 1.00000000 0.00000000 0.00000000 0.00000000
Neuron 11 4 1.00000000 0 1.00000000 0.00000000 0.00000000 0.00000000
Neuron 12 4 1.00000000 0 1.00000000 0.00000000 0.00000000 0.00000000
Neuron 13 4 1.00000000 0 1.00000000 0.00000000 0.00000000 0.00000000
Neuron 14 4 1.00000000 0 1.00000000 0.00000000 0.00000000 0.00000000
Neuron 15 4 1.00000000 0 1.00000000 0.00000000 0.00000000 0.00000000
Neuron 16 4 1.00000000 0 1.00000000 0.00000000 0.00000000 0.00000000
Neuron 17 3 0.50000000 1 1.00000000 0.00000000 0.00000000 0.00000000
Neuron 19 3 0.50000000 1 1.00000000 0.00000000 0.00000000 0.00000000
Neuron 21 3 0.50000000 1 1.00000000 0.00000000 0.00000000 0.00000000
Neuron 32 3 0.50000000 1 1.00000000 0.00000000 0.00000000 0.00000000
Neuron 35 3 0.50000000 1 1.00000000 0.00000000 0.00000000 0.00000000
Neuron 37 3 0.50000000 1 1.00000000 0.00000000 0.00000000 0.00000000
Neuron 44 3 0.50000000 1 1.00000000 0.00000000 0.00000000 0.00000000
Neuron 62 3 0.50000000 1 1.00000000 0.00000000 0.00000000 0.00000000
Neuron 71 3 0.50000000 1 1.00000000 0.00000000 0.00000000 0.00000000
Neuron 76 3 0.50000000 1 1.00000000 0.00000000 0.00000000 0.00000000
Neuron 108 3 0.75000000 1 1.00000000 0.00000000 0.00000000 0.00000000
Neuron 125 3 0.25000000 1 1.00000000 0.00000000 0.00000000 0.00000000
Neuron 156 3 0.25000000 1 1.00000000 0.00000000 0.00000000 0.00000000
Neuron 181 3 0.25000000 1 1.00000000 0.00000000 0.00000000 0.00000000
Neuron 227 3 0.75000000 1 1.00000000 0.00000000 0.00000000 0.00000000
Neuron 229 3 0.25000000 1 1.00000000 0.00000000 0.00000000 0.00000000
Neuron 254 3 0.75000000 1 1.00000000 0.00000000 0.00000000 0.00000000
Neuron 299 3 0.12500000 1 1.00000000 0.00000000 0.00000000 0.00000000
Neuron 307 3 0.50000000 1 1.00000000 0.00000000 0.00000000 0.00000000
Neuron 328 3 0.75000000 1 1.00000000 0.00000000 0.00000000 0.00000000
Neuron 439 3 0.87500000 1 1.00000000 0.00000000 0.00000000 0.00000000
Neuron 457 3 0.50000000 1 1.00000000 0.00000000 0.00000000 0.00000000
Neuron 481 3 0.12500000 1 1.00000000 0.00000000 0.00000000 0.00000000
Neuron 498 3 0.37500000 1 1.00000000 0.00000000 0.00000000 0.00000000
Neuron 509 3 0.50000000 1 1.00000000 0.00000000 0.00000000 0.00000000
Neuron 511 3 0.62500000 1 1.00000000 0.00000000 0.00000000 0.00000000
Neuron 572 3 0.18750000 1 1.00000000 0.00000000 0.00000000 0.00000000
Neuron 584 3 0.25000000 1 1.00000000 0.00000000 0.00000000 0.00000000
Neuron 588 3 0.37500000 1 1.00000000 0.00000000 0.00000000 0.00000000
Neuron 599 3 0.06250000 1 1.00000000 0.00000000 0.00000000 0.00000000
Neuron 606 3 0.75000000 1 1.00000000 0.00000000 0.00000000 0.00000000
Neuron 608 3 0.50000000 1 1.00000000 0.00000000 0.00000000 0.00000000
Neuron 609 3 0.25000000 1 1.00000000 0.00000000 0.00000000 0.00000000
Neuron 623 3 0.68750000 1 1.00000000 0.00000000 0.00000000 0.00000000
Neuron 645 3 0.87500000 1 1.00000000 0.00000000 0.00000000 0.00000000
Neuron 657 3 0.43750000 1 1.00000000 0.00000000 0.00000000 0.00000000
Neuron 679 3 0.31250000 1 1.00000000 0.00000000 0.00000000 0.00000000
Neuron 681 3 0.21875000 1 1.00000000 0.00000000 0.00000000 0.00000000
Neuron 684 3 0.71875000 1 1.00000000 0.00000000 0.00000000 0.00000000
Neuron 693 3 0.31250000 1 1.00000000 0.00000000 0.00000000 0.00000000
Neuron 703 3 0.62500000 1 1.00000000 0.00000000 0.00000000 0.00000000
Neuron 734 3 0.25000000 1 1.00000000 0.00000000 0.00000000 0.00000000
Neuron 769 3 0.12500000 1 1.00000000 0.00000000 0.00000000 0.00000000
Neuron 791 3 0.75000000 1 1.00000000 0.00000000 0.00000000 0.00000000
Neuron 830 3 0.50000000 1 1.00000000 0.00000000 0.00000000 0.00000000
Neuron 838 3 0.43750000 1 1.00000000 0.00000000 0.00000000 0.00000000
Neuron 855 3 0.18750000 1 1.00000000 0.00000000 0.00000000 0.00000000
Neuron 871 3 0.31250000 1 1.00000000 0.00000000 0.00000000 0.00000000
Neuron 899 3 0.12500000 1 1.00000000 0.00000000 0.00000000 0.00000000
Neuron 963 3 0.25000000 1 1.00000000 0.00000000 0.00000000 0.00000000
Neuron 974 3 0.37500000 1 1.00000000 0.00000000 0.00000000 0.00000000
Neuron 1068 3 0.12500000 1 1.00000000 0.00000000 0.00000000 0.00000000
Neuron 1087 3 0.43750000 1 1.00000000 0.00000000 0.00000000 0.00000000
Neuron 1099 3 0.50000000 1 1.00000000 0.00000000 0.00000000 0.00000000
Neuron 1124 3 0.43750000 1 1.00000000 0.00000000 0.00000000 0.00000000
Neuron 1127 3 0.40625000 1 1.00000000 0.00000000 0.00000000 0.00000000
Neuron 1129 3 0.15625000 1 1.00000000 0.00000000 0.00000000 0.00000000
Neuron 1133 3 0.50000000 1 1.00000000 0.00000000 0.00000000 0.00000000
Neuron 1140 3 0.40625000 1 1.00000000 0.00000000 0.00000000 0.00000000
Neuron 1166 3 0.37500000 1 1.00000000 0.00000000 0.00000000 0.00000000
Neuron 1168 3 0.50000000 1 1.00000000 0.00000000 0.00000000 0.00000000
Neuron 1170 3 0.46875000 1 1.00000000 0.00000000 0.00000000 0.00000000
Neuron 1174 3 0.25000000 1 1.00000000 0.00000000 0.00000000 0.00000000
Neuron 1200 3 0.14062500 1 1.00000000 0.00000000 0.00000000 0.00000000
Neuron 1216 3 0.62500000 1 1.00000000 0.00000000 0.00000000 0.00000000
Neuron 1228 3 0.37500000 1 1.00000000 0.00000000 0.00000000 0.00000000
Neuron 1247 3 0.15625000 1 1.00000000 0.00000000 0.00000000 0.00000000
Neuron 1302 3 0.56250000 1 1.00000000 0.00000000 0.00000000 0.00000000
Neuron 1322 3 0.43750000 1 1.00000000 0.00000000 0.00000000 0.00000000
Neuron 1361 3 0.75000000 1 1.00000000 0.00000000 0.00000000 0.00000000
Neuron 1392 3 0.37500000 1 1.00000000 0.00000000 0.00000000 0.00000000
Neuron 1401 3 0.31250000 1 1.00000000 0.00000000 0.00000000 0.00000000
Neuron 1420 3 0.50000000 1 1.00000000 0.00000000 0.00000000 0.00000000
Neuron 1425 3 0.62500000 1 1.00000000 0.00000000 0.00000000 0.00000000
Neuron 1438 3 0.37500000 1 1.00000000 0.00000000 0.00000000 0.00000000
Neuron 1496 3 0.37500000 1 1.00000000 0.00000000 0.00000000 0.00000000
Neuron 1513 3 0.62500000 1 1.00000000 0.00000000 0.00000000 0.00000000
Neuron 1540 3 0.62500000 1 1.00000000 0.00000000 0.00000000 0.00000000
Neuron 1659 3 0.62500000 1 1.00000000 0.00000000 0.00000000 0.00000000
Neuron 1721 3 0.43750000 1 1.00000000 0.00000000 0.00000000 0.00000000
Neuron 1734 3 0.37500000 1 1.00000000 0.00000000 0.00000000 0.00000000
Neuron 1786 3 0.46875000 1 1.00000000 0.00000000 0.00000000 0.00000000
Neuron 1789 3 0.46875000 1 1.00000000 0.00000000 0.00000000 0.00000000
Neuron 1814 3 0.23437500 1 1.00000000 0.00000000 0.00000000 0.00000000
Link 1 10 1 0 -2.27747234
Link 4 10 4 0 1.61736204
Link 5 10 5 0 -1.95174996
Link 6 10 6 0 -1.32558177
Link 7 10 7 0 -1.94524256
Link 8 10 8 0 2.11739291
Link 1 11 10 0 -5.03375649
Link 2 11 11 0 1.22925094
Link 3 11 12 0 1.17077016
Link 6 11 15 0 1.63596941
Link 7 11 16 0 -0.01014493
Link 8 11 17 0 -4.98751789
Link 9 11 18 0 0.41155461
Link 2 12 20 0 -2.34956999
Link 3 12 21 0 3.23218555
Link 4 12 22 0 -2.15559528
Link 5 12 23 0 2.37428426
Link 6 12 24 0 -0.82601830
Link 7 12 25 0 2.87863531
Link 8 12 26 0 0.76793357
Link 9 12 27 0 -1.42439832
Link 1 13 28 0 1.17739521
Link 2 13 29 0 1.74611394
Link 3 13 30 0 -0.93248647
Link 4 13 31 0 4.04063342
Link 5 13 32 0 2.72686453
Link 7 13 34 0 1.03870532
Link 8 13 35 0 -1.06992371
Link 9 13 36 0 -1.41912067
Link 1 14 37 0 -0.07147779
Link 2 14 38 0 -4.00309101
Link 4 14 40 0 -5.05269444
Link 5 14 41 0 -3.17275950
Link 6 14 42 0 -0.02987616
Link 7 14 43 0 2.66891294
Link 8 14 44 0 0.73874536
Link 9 14 45 0 2.81026427
Link 3 15 48 0 2.05674515
Link 4 15 49 0 -0.15596902
Link 5 15 50 0 -3.16375403
Link 6 15 51 0 -3.38225584
Link 8 15 53 0 1.86780119
Link 9 15 54 0 1.69898200
Link 1 16 55 0 -2.43773455
Link 2 16 56 0 2.60036625
Link 3 16 57 0 -4.35859414
Link 5 16 59 0 -0.62250172
Link 6 16 60 0 -0.68366700
Link 7 16 61 0 -0.80720350
Link 8 16 62 0 -2.20828057
Link 9 16 63 0 5.21200124
Link 2 17 65 0 0.91171051
Link 2 19 71 0 0.84645411
Link 19 15 72 0 -0.73383893
Link 5 32 112 0 1.98252139
Link 32 11 113 0 0.13719034
Link 35 15 122 0 1.27856012
Link 1 37 127 0 1.03537351
Link 44 13 152 0 -0.24292287
Link 3 62 232 0 -0.84070473
Link 62 14 233 0 -0.27314996
Link 71 14 291 0 0.98193093
Link 8 17 298 0 -1.10231205
Link 4 76 335 0 1.00841788
Link 76 16 336 0 0.16251268
Link 16 16 342 1 0.68470682
Link 10 62 419 1 1.53869486
Link 7 62 489 0 0.84944458
Link 14 62 505 1 3.51428340
Link 16 62 506 1 5.02079056
Link 2 62 553 0 1.76600880
Link 62 15 559 0 1.24944844
Link 17 108 629 0 1.08438740
Link 125 62 755 0 -2.23885394
Link 9 71 940 0 -1.18517004
Link 8 71 1054 0 0.35718451
Link 15 227 1465 1 1.10266915
Link 227 62 1466 1 -0.62724123
Link 229 35 1479 0 1.76533859
Link 13 62 1627 1 3.97534919
Link 21 254 1644 0 1.00000000
Link 254 10 1645 0 0.37202600
Link 2 299 1934 0 0.60439745
Link 299 156 1935 0 3.44747275
Link 71 307 2010 0 0.51739240
Link 37 328 2140 0 0.70702675
Link 328 12 2141 0 -0.25672809
Link 35 71 2310 0 -0.73927226
Link 9 227 2362 0 0.16775483
Link 35 11 2732 0 2.60655431
Link 108 439 2869 0 0.83955810
Link 439 10 2870 0 -0.30142965
Link 71 71 2930 1 -1.17186720
Link 71 457 3013 0 0.54210215
Link 509 35 3374 0 -2.88829435
Link 511 35 3392 1 1.65101178
Link 62 227 3418 0 -3.02324405
Link 156 457 3492 0 -2.11836428
Link 156 35 3509 0 -0.94316855
Link 7 44 3804 0 0.84759350
Link 481 572 3852 0 0.49349589
Link 2 584 3934 0 0.50928783
Link 584 509 3935 0 -1.02497566
Link 181 588 3957 0 1.11991433
Link 588 44 3958 0 0.21498698
Link 1 599 4041 0 1.00000000
Link 599 481 4042 0 2.06285377
Link 457 608 4103 0 -0.04958074
Link 608 509 4104 0 1.15442043
Link 2 609 4106 0 1.28844540
Link 9 481 4177 0 -1.73940434
Link 623 511 4219 1 2.01846618
Link 44 457 4220 0 1.73639262
Link 14 645 4389 1 0.90325218
Link 645 606 4390 1 1.32328992
Link 229 657 4492 0 1.64070855
Link 657 511 4493 0 -2.95214702
Link 156 679 4630 0 1.61942304
Link 679 498 4631 0 1.07348490
Link 572 681 4641 0 0.84073402
Link 681 229 4642 0 0.37052878
Link 227 684 4654 1 0.69694605
Link 684 623 4655 1 1.75892572
Link 606 703 4791 1 1.00000000
Link 703 35 4792 1 -2.76076771
Link 1 734 4991 0 1.03773860
Link 6 769 5220 0 0.73678320
Link 769 181 5221 0 1.06686441
Link 511 16 5344 0 0.54457654
Link 15 457 5363 1 -1.11545376
Link 16 791 5390 1 0.96834488
Link 509 830 5670 0 1.04249734
Link 830 62 5671 0 -0.77659184
Link 7 19 5800 0 1.99674625
Link 855 156 5869 0 -2.00248840
Link 679 871 5973 1 0.68809771
Link 871 679 5974 1 0.67581257
Link 6 899 6185 0 0.93826752
Link 899 125 6186 0 1.80810954
Link 35 623 6209 0 -0.26722528
Link 4 963 6598 0 0.89438688
Link 181 974 6687 0 1.41219571
Link 974 21 6688 0 2.19653697
Link 14 623 6952 1 1.94153717
Link 2 1068 7349 0 0.93741721
Link 1068 156 7350 0 1.68324540
Link 498 1087 7483 0 1.00000000
Link 307 1099 7557 0 0.71811344
Link 1099 62 7558 0 3.63537886
Link 838 1124 7690 1 0.07844276
Link 1124 838 7691 1 1.50052646
Link 299 1127 7712 0 1.62631286
Link 1127 623 7713 0 -1.80829891
Link 7 21 7716 0 -1.16628068
Link 1129 855 7739 0 0.97028290
Link 830 1133 7777 0 1.20432839
Link 1133 35 7778 0 -2.41387052
Link 838 1140 7810 1 1.69280930
Link 1140 588 7811 1 1.03495677
Link 125 1166 7990 0 0.88322644
Link 1166 35 7991 0 0.03282521
Link 62 1168 8012 0 1.10482095
Link 1168 509 8013 0 -0.56040551
Link 693 1170 8035 0 1.00000000
Link 1170 511 8036 0 -1.59575892
Link 8 1174 8060 0 1.23561124
Link 1174 457 8061 0 -3.18028587
Link 481 1200 8236 0 1.00000000
Link 1200 1129 8237 0 0.62228793
Link 71 1216 8351 0 0.58244002
Link 1216 227 8352 0 -1.88444549
Link 609 1228 8438 0 1.13617929
Link 5 1247 8587 0 1.11155717
Link 679 1228 8613 0 3.23735106
Link 62 623 8742 0 -0.72842716
Link 62 307 8801 0 0.31723256
Link 1129 15 9088 0 -0.44082596
Link 1228 1322 9140 0 1.19892469
Link 1099 37 9172 0 -4.11035784
Link 457 623 9349 0 -0.09778309
Link 11 1361 9413 1 0.57481686
Link 181 1392 9646 0 0.78802631
Link 1401 572 9697 1 -3.78649318
Link 1129 584 9755 0 3.66978886
Link 3 830 9824 0 3.77255748
Link 1302 1420 9826 1 1.00000000
Link 1420 838 9827 1 1.40444644
Link 974 1127 9842 0 4.47641956
Link 1361 1425 9872 1 1.05225067
Link 1425 37 9873 1 -1.23943104
Link 734 1438 9973 0 0.57640006
Link 1438 35 9974 0 1.44254708
Link 11 35 10092 1 1.77130488
Link 1099 609 10123 1 0.03546464
Link 1140 1322 10349 0 -0.88633289
Link 838 1496 10456 1 0.97822451
Link 1496 1401 10457 1 1.26441469
Link 1401 855 10528 1 -1.69656208
Link 623 1513 10580 1 0.93655272
Link 1513 1302 10581 1 0.95760377
Link 791 1540 10741 1 0.84672045
Link 1540 509 10742 1 -2.53799793
Link 734 734 10780 1 -2.31322861
Link 1228 1228 10814 1 -0.92680987
Link 181 608 10895 0 -2.02689553
Link 1420 108 10977 0 -0.75818291
Link 608 108 11055 0 0.13044414
Link 229 328 11286 0 -1.62914679
Link 307 1659 11586 0 1.35219546
Link 1659 1361 11587 0 -0.54506205
Link 1401 681 11818 1 0.63388954
Link 1168 693 12059 1 0.37087401
Link 1392 1721 12095 0 1.00000000
Link 1721 509 12096 0 3.40204760
Link 511 572 12125 1 0.80335153
Link 769 830 12189 0 -2.50277444
Link 963 1734 12216 0 0.95559976
Link 1734 35 12217 0 -2.28595663
Link 623 681 12220 1 -0.59647854
Link 11 1401 12424 1 0.28169676
Link 509 623 12483 0 -1.33288633
Link 1322 1786 12563 0 1.01892894
Link 1786 71 12564 0 -3.35952339
Link 1087 1789 12585 0 1.05014324
Link 1789 71 12586 0 0.66510208
Link 1322 1540 12605 0 -2.63854957
Link 1247 1814 12787 0 1.00000000
Link 1814 693 12788 0 0.82827625
Link 1392 608 12991 0 0.16853998
Link 108 645 13017 0 0.93126122
Link 37 19 13178 0 -0.83680567
Link 1127 1420 13219 0 -1.33747554
Link 8 645 13362 0 -2.23992469
Link 855 1068 13540 1 3.03123201
GenomeEnd

