GenomeStart 52551
Neuron 1 1 0.00000000 1 0.00000000 0.00000000 0.00000000 0.00000000
Neuron 2 1 0.00000000 1 0.00000000 0.00000000 0.00000000 0.00000000
Neuron 3 1 0.00000000 1 0.00000000 0.00000000 0.00000000 0.00000000
Neuron 4 1 0.00000000 1 0.00000000 0.00000000 0.00000000 0.00000000
Neuron 5 1 0.00000000 1 0.00000000 0.00000000 0.00000000 0.00000000
Neuron 6 1 0.00000000 1 0.00000000 0.00000000 0.00000000 0.00000000
Neuron 7 1 0.00000000 1 0.00000000 0.00000000 0.00000000 0.00000000
Neuron 8 1 0.00000000 1 0.00000000 0.00000000 0.00000000 0.00000000
Neuron 9 2 0.00000000 1 0.00000000 0.00000000 0.00000000 0.00000000
Neuron 10 4 1.00000000 0 1.00000000 0.00000000 0.00000000 0.00000000
Neuron 11 4 1.00000000 0 1.00000000 0.00000000 0.00000000 0.00000000
Neuron 12 4 1.00000000 0 1.00000000 0.00000000 0.00000000 0.00000000
Neuron 13 4 1.00000000 0 1.00000000 0.00000000 0.00000000 0.00000000
Neuron 14 4 1.00000000 0 1.00000000 0.00000000 0.00000000 0.00000000
Neuron 15 4 1.00000000 0 1.00000000 0.00000000 0.00000000 0.00000000
Neuron 16 4 1.00000000 0 1.00000000 0.00000000 0.00000000 0.00000000
Neuron 17 3 0.50000000 1 1.00000000 0.00000000 0.00000000 0.00000000
Neuron 18 3 0.50000000 1 1.00000000 0.00000000 0.00000000 0.00000000
Neuron 20 3 0.50000000 1 1.00000000 0.00000000 0.00000000 0.00000000
Neuron 21 3 0.50000000 1 1.00000000 0.00000000 0.00000000 0.00000000
Neuron 22 3 0.50000000 1 1.00000000 0.00000000 0.00000000 0.00000000
Neuron 23 3 0.50000000 1 1.00000000 0.00000000 0.00000000 0.00000000
Neuron 24 3 0.50000000 1 1.00000000 0.00000000 0.00000000 0.00000000
Neuron 25 3 0.50000000 1 1.00000000 0.00000000 0.00000000 0.00000000
Neuron 26 3 0.50000000 1 1.00000000 0.00000000 0.00000000 0.00000000
Neuron 27 3 0.50000000 1 1.00000000 0.00000000 0.00000000 0.00000000
Neuron 28 3 0.50000000 1 1.00000000 0.00000000 0.00000000 0.00000000
Neuron 31 3 0.50000000 1 1.00000000 0.00000000 0.00000000 0.00000000
Neuron 32 3 0.50000000 1 1.00000000 0.00000000 0.00000000 0.00000000
Neuron 34 3 0.50000000 1 1.00000000 0.00000000 0.00000000 0.00000000
Neuron 35 3 0.50000000 1 1.00000000 0.00000000 0.00000000 0.00000000
Neuron 36 3 0.50000000 1 1.00000000 0.00000000 0.00000000 0.00000000
Neuron 37 3 0.50000000 1 1.00000000 0.00000000 0.00000000 0.00000000
Neuron 38 3 0.50000000 1 1.00000000 0.00000000 0.00000000 0.00000000
Neuron 39 3 0.50000000 1 1.00000000 0.00000000 0.00000000 0.00000000
Neuron 40 3 0.50000000 1 1.00000000 0.00000000 0.00000000 0.00000000
Neuron 42 3 0.50000000 1 1.00000000 0.00000000 0.00000000 0.00000000
Neuron 44 3 0.50000000 1 1.00000000 0.00000000 0.00000000 0.00000000
Neuron 48 3 0.50000000 1 1.00000000 0.00000000 0.00000000 0.00000000
Neuron 49 3 0.50000000 1 1.00000000 0.00000000 0.00000000 0.00000000
Neuron 50 3 0.50000000 1 1.00000000 0.00000000 0.00000000 0.00000000
Neuron 52 3 0.50000000 1 1.00000000 0.00000000 0.00000000 0.00000000
Neuron 55 3 0.50000000 1 1.00000000 0.00000000 0.00000000 0.00000000
Neuron 57 3 0.50000000 1 1.00000000 0.00000000 0.00000000 0.00000000
Neuron 59 3 0.50000000 1 1.00000000 0.00000000 0.00000000 0.00000000
Neuron 60 3 0.50000000 1 1.00000000 0.00000000 0.00000000 0.00000000
Neuron 64 3 0.75000000 1 1.00000000 0.00000000 0.00000000 0.00000000
Neuron 65 3 0.50000000 1 1.00000000 0.00000000 0.00000000 0.00000000
Neuron 66 3 0.50000000 1 1.00000000 0.00000000 0.00000000 0.00000000
Neuron 67 3 0.50000000 1 1.00000000 0.00000000 0.00000000 0.00000000
Neuron 69 3 0.50000000 1 1.00000000 0.00000000 0.00000000 0.00000000
Neuron 70 3 0.50000000 1 1.00000000 0.00000000 0.00000000 0.00000000
Neuron 74 3 0.50000000 1 1.00000000 0.00000000 0.00000000 0.00000000
Neuron 76 3 0.75000000 1 1.00000000 0.00000000 0.00000000 0.00000000
Neuron 77 3 0.50000000 1 1.00000000 0.00000000 0.00000000 0.00000000
Neuron 78 3 0.25000000 1 1.00000000 0.00000000 0.00000000 0.00000000
Neuron 79 3 0.50000000 1 1.00000000 0.00000000 0.00000000 0.00000000
Neuron 80 3 0.75000000 1 1.00000000 0.00000000 0.00000000 0.00000000
Neuron 81 3 0.50000000 1 1.00000000 0.00000000 0.00000000 0.00000000
Neuron 86 3 0.25000000 1 1.00000000 0.00000000 0.00000000 0.00000000
Neuron 88 3 0.75000000 1 1.00000000 0.00000000 0.00000000 0.00000000
Neuron 94 3 0.75000000 1 1.00000000 0.00000000 0.00000000 0.00000000
Neuron 106 3 0.75000000 1 1.00000000 0.00000000 0.00000000 0.00000000
Neuron 113 3 0.25000000 1 1.00000000 0.00000000 0.00000000 0.00000000
Neuron 114 3 0.75000000 1 1.00000000 0.00000000 0.00000000 0.00000000
Neuron 116 3 0.25000000 1 1.00000000 0.00000000 0.00000000 0.00000000
Neuron 121 3 0.25000000 1 1.00000000 0.00000000 0.00000000 0.00000000
Neuron 125 3 0.75000000 1 1.00000000 0.00000000 0.00000000 0.00000000
Neuron 148 3 0.75000000 1 1.00000000 0.00000000 0.00000000 0.00000000
Neuron 149 3 0.25000000 1 1.00000000 0.00000000 0.00000000 0.00000000
Neuron 150 3 0.25000000 1 1.00000000 0.00000000 0.00000000 0.00000000
Neuron 154 3 0.75000000 1 1.00000000 0.00000000 0.00000000 0.00000000
Neuron 156 3 0.75000000 1 1.00000000 0.00000000 0.00000000 0.00000000
Neuron 158 3 0.25000000 1 1.00000000 0.00000000 0.00000000 0.00000000
Neuron 163 3 0.25000000 1 1.00000000 0.00000000 0.00000000 0.00000000
Neuron 165 3 0.75000000 1 1.00000000 0.00000000 0.00000000 0.00000000
Neuron 169 3 0.75000000 1 1.00000000 0.00000000 0.00000000 0.00000000
Neuron 178 3 0.62500000 1 1.00000000 0.00000000 0.00000000 0.00000000
Neuron 190 3 0.75000000 1 1.00000000 0.00000000 0.00000000 0.00000000
Neuron 195 3 0.25000000 1 1.00000000 0.00000000 0.00000000 0.00000000
Neuron 197 3 0.75000000 1 1.00000000 0.00000000 0.00000000 0.00000000
Neuron 201 3 0.75000000 1 1.00000000 0.00000000 0.00000000 0.00000000
Neuron 230 3 0.75000000 1 1.00000000 0.00000000 0.00000000 0.00000000
Neuron 234 3 0.50000000 1 1.00000000 0.00000000 0.00000000 0.00000000
Neuron 236 3 0.25000000 1 1.00000000 0.00000000 0.00000000 0.00000000
Neuron 238 3 0.75000000 1 1.00000000 0.00000000 0.00000000 0.00000000
Neuron 242 3 1.00000000 1 1.00000000 0.00000000 0.00000000 0.00000000
Neuron 248 3 1.00000000 1 1.00000000 0.00000000 0.00000000 0.00000000
Neuron 250 3 0.25000000 1 1.00000000 0.00000000 0.00000000 0.00000000
Neuron 253 3 0.25000000 1 1.00000000 0.00000000 0.00000000 0.00000000
Neuron 258 3 0.75000000 1 1.00000000 0.00000000 0.00000000 0.00000000
Neuron 260 3 0.25000000 1 1.00000000 0.00000000 0.00000000 0.00000000
Neuron 263 3 0.87500000 1 1.00000000 0.00000000 0.00000000 0.00000000
Neuron 265 3 0.75000000 1 1.00000000 0.00000000 0.00000000 0.00000000
Neuron 291 3 0.37500000 1 1.00000000 0.00000000 0.00000000 0.00000000
Neuron 301 3 0.62500000 1 1.00000000 0.00000000 0.00000000 0.00000000
Neuron 331 3 0.87500000 1 1.00000000 0.00000000 0.00000000 0.00000000
Neuron 339 3 0.37500000 1 1.00000000 0.00000000 0.00000000 0.00000000
Neuron 364 3 0.62500000 1 1.00000000 0.00000000 0.00000000 0.00000000
Neuron 371 3 0.50000000 1 1.00000000 0.00000000 0.00000000 0.00000000
Neuron 387 3 0.75000000 1 1.00000000 0.00000000 0.00000000 0.00000000
Neuron 393 3 0.37500000 1 1.00000000 0.00000000 0.00000000 0.00000000
Neuron 397 3 0.68750000 1 1.00000000 0.00000000 0.00000000 0.00000000
Neuron 398 3 0.50000000 1 1.00000000 0.00000000 0.00000000 0.00000000
Neuron 399 3 0.62500000 1 1.00000000 0.00000000 0.00000000 0.00000000
Neuron 403 3 0.31250000 1 1.00000000 0.00000000 0.00000000 0.00000000
Neuron 410 3 0.37500000 1 1.00000000 0.00000000 0.00000000 0.00000000
Neuron 419 3 0.87500000 1 1.00000000 0.00000000 0.00000000 0.00000000
Neuron 431 3 0.25000000 1 1.00000000 0.00000000 0.00000000 0.00000000
Neuron 436 3 0.50000000 1 1.00000000 0.00000000 0.00000000 0.00000000
Neuron 439 3 0.75000000 1 1.00000000 0.00000000 0.00000000 0.00000000
Neuron 441 3 0.25000000 1 1.00000000 0.00000000 0.00000000 0.00000000
Neuron 447 3 0.50000000 1 1.00000000 0.00000000 0.00000000 0.00000000
Neuron 463 3 0.56250000 1 1.00000000 0.00000000 0.00000000 0.00000000
Neuron 466 3 1.00000000 1 1.00000000 0.00000000 0.00000000 0.00000000
Neuron 471 3 0.12500000 1 1.00000000 0.00000000 0.00000000 0.00000000
Neuron 485 3 0.31250000 1 1.00000000 0.00000000 0.00000000 0.00000000
Neuron 486 3 0.87500000 1 1.00000000 0.00000000 0.00000000 0.00000000
Neuron 487 3 0.18750000 1 1.00000000 0.00000000 0.00000000 0.00000000
Neuron 489 3 0.75000000 1 1.00000000 0.00000000 0.00000000 0.00000000
Neuron 502 3 0.56250000 1 1.00000000 0.00000000 0.00000000 0.00000000
Neuron 504 3 0.75000000 1 1.00000000 0.00000000 0.00000000 0.00000000
Neuron 507 3 0.25000000 1 1.00000000 0.00000000 0.00000000 0.00000000
Neuron 528 3 0.62500000 1 1.00000000 0.00000000 0.00000000 0.00000000
Neuron 530 3 0.37500000 1 1.00000000 0.00000000 0.00000000 0.00000000
Neuron 540 3 0.50000000 1 1.00000000 0.00000000 0.00000000 0.00000000
Neuron 546 3 0.37500000 1 1.00000000 0.00000000 0.00000000 0.00000000
Neuron 567 3 0.93750000 1 1.00000000 0.00000000 0.00000000 0.00000000
Neuron 575 3 0.50000000 1 1.00000000 0.00000000 0.00000000 0.00000000
Neuron 586 3 0.68750000 1 1.00000000 0.00000000 0.00000000 0.00000000
Neuron 598 3 0.12500000 1 1.00000000 0.00000000 0.00000000 0.00000000
Neuron 602 3 0.56250000 1 1.00000000 0.00000000 0.00000000 0.00000000
Neuron 603 3 0.12500000 1 1.00000000 0.00000000 0.00000000 0.00000000
Neuron 612 3 0.28125000 1 1.00000000 0.00000000 0.00000000 0.00000000
Neuron 623 3 0.37500000 1 1.00000000 0.00000000 0.00000000 0.00000000
Neuron 637 3 0.37500000 1 1.00000000 0.00000000 0.00000000 0.00000000
Neuron 645 3 0.62500000 1 1.00000000 0.00000000 0.00000000 0.00000000
Neuron 651 3 0.50000000 1 1.00000000 0.00000000 0.00000000 0.00000000
Neuron 652 3 0.12500000 1 1.00000000 0.00000000 0.00000000 0.00000000
Neuron 654 3 0.31250000 1 1.00000000 0.00000000 0.00000000 0.00000000
Neuron 658 3 0.56250000 1 1.00000000 0.00000000 0.00000000 0.00000000
Neuron 677 3 0.81250000 1 1.00000000 0.00000000 0.00000000 0.00000000
Neuron 688 3 0.56250000 1 1.00000000 0.00000000 0.00000000 0.00000000
Neuron 701 3 0.15625000 1 1.00000000 0.00000000 0.00000000 0.00000000
Neuron 707 3 0.28125000 1 1.00000000 0.00000000 0.00000000 0.00000000
Neuron 720 3 0.40625000 1 1.00000000 0.00000000 0.00000000 0.00000000
Neuron 729 3 0.81250000 1 1.00000000 0.00000000 0.00000000 0.00000000
Neuron 736 3 0.62500000 1 1.00000000 0.00000000 0.00000000 0.00000000
Neuron 751 3 0.34375000 1 1.00000000 0.00000000 0.00000000 0.00000000
Neuron 773 3 0.18750000 1 1.00000000 0.00000000 0.00000000 0.00000000
Neuron 809 3 0.87500000 1 1.00000000 0.00000000 0.00000000 0.00000000
Neuron 817 3 0.31250000 1 1.00000000 0.00000000 0.00000000 0.00000000
Neuron 838 3 0.87500000 1 1.00000000 0.00000000 0.00000000 0.00000000
Neuron 847 3 0.37500000 1 1.00000000 0.00000000 0.00000000 0.00000000
Neuron 929 3 0.56250000 1 1.00000000 0.00000000 0.00000000 0.00000000
Neuron 938 3 0.78125000 1 1.00000000 0.00000000 0.00000000 0.00000000
Neuron 991 3 0.56250000 1 1.00000000 0.00000000 0.00000000 0.00000000
Neuron 1017 3 0.40625000 1 1.00000000 0.00000000 0.00000000 0.00000000
Neuron 1033 3 0.25000000 1 1.00000000 0.00000000 0.00000000 0.00000000
Neuron 1103 3 0.93750000 1 1.00000000 0.00000000 0.00000000 0.00000000
Link 1 10 1 0 -2.36494670
Link 2 10 2 0 -5.01282220
Link 4 10 4 0 1.86887361
Link 5 10 5 0 -1.99186442
Link 6 10 6 0 -0.77263519
Link 7 10 7 0 -3.01726048
Link 8 10 8 0 -0.79438345
Link 9 10 9 0 -1.95923653
Link 1 11 10 0 -1.50676609
Link 2 11 11 0 2.07280774
Link 3 11 12 0 0.55089017
Link 4 11 13 0 0.38984117
Link 5 11 14 0 -1.26097382
Link 6 11 15 0 0.77176131
Link 7 11 16 0 1.23265657
Link 8 11 17 0 2.52199074
Link 9 11 18 0 0.82379607
Link 1 12 19 0 -4.54616569
Link 2 12 20 0 1.08594696
Link 3 12 21 0 5.55418765
Link 4 12 22 0 -3.53532872
Link 5 12 23 0 -0.42706501
Link 6 12 24 0 0.08867266
Link 7 12 25 0 -2.26656048
Link 8 12 26 0 0.85705417
Link 9 12 27 0 1.91609111
Link 1 13 28 0 2.44901348
Link 3 13 30 0 -1.64883302
Link 4 13 31 0 -2.27352926
Link 5 13 32 0 0.13254232
Link 6 13 33 0 -0.73138550
Link 8 13 35 0 1.80460453
Link 9 13 36 0 -0.71447074
Link 1 14 37 0 0.99280542
Link 2 14 38 0 0.05283161
Link 3 14 39 0 0.53055319
Link 4 14 40 0 -2.30669844
Link 5 14 41 0 0.41968053
Link 6 14 42 0 0.45836677
Link 7 14 43 0 1.91397747
Link 8 14 44 0 1.26415401
Link 9 14 45 0 -0.22359939
Link 1 15 46 0 5.01326054
Link 3 15 48 0 -0.75488581
Link 4 15 49 0 3.11537709
Link 5 15 50 0 2.15001001
Link 6 15 51 0 2.17070785
Link 7 15 52 0 4.17226418
Link 8 15 53 0 3.93095116
Link 9 15 54 0 -1.83481943
Link 1 16 55 0 2.57659765
Link 3 16 57 0 3.77813524
Link 4 16 58 0 0.71847497
Link 6 16 60 0 -2.31892297
Link 7 16 61 0 0.79606048
Link 8 16 62 0 3.06137089
Link 9 16 63 0 0.35249235
Link 17 16 66 0 -1.49735952
Link 7 18 68 0 -1.75547359
Link 20 10 75 0 3.55745391
Link 6 21 77 0 0.86341428
Link 3 22 80 0 3.68503801
Link 22 10 81 0 5.46835463
Link 7 23 83 0 -1.09018175
Link 23 14 84 0 1.22316294
Link 2 24 86 0 -2.51550025
Link 7 25 89 0 -1.60590484
Link 25 11 90 0 -4.64331963
Link 26 12 93 0 1.79034758
Link 5 27 95 0 1.17072828
Link 27 11 96 0 2.02914769
Link 6 28 98 0 -1.71046749
Link 28 15 99 0 3.14213704
Link 5 32 110 0 -1.76503400
Link 32 16 111 0 4.87765132
Link 34 13 117 0 1.39288809
Link 1 35 119 0 -0.49203691
Link 5 21 122 0 2.38813605
Link 7 36 124 0 -0.98930183
Link 36 10 125 0 -1.57552866
Link 5 37 127 0 0.24536549
Link 37 12 128 0 -0.74195616
Link 6 38 131 0 -1.65884124
Link 38 11 132 0 -1.77569036
Link 4 39 135 0 -3.12139565
Link 39 12 136 0 -2.94376347
Link 40 16 139 0 -1.53188170
Link 8 42 146 0 -0.65108129
Link 42 13 147 0 -4.47720493
Link 1 44 153 0 2.52751357
Link 44 11 154 0 0.72624672
Link 7 48 166 0 -2.60581253
Link 48 13 167 0 0.01181877
Link 3 20 171 0 0.29015247
Link 4 49 173 0 -0.84909435
Link 5 50 178 0 0.60760715
Link 7 52 186 0 2.52986775
Link 52 16 187 0 -2.39180970
Link 15 15 192 1 -2.74984725
Link 2 55 197 0 -2.09035846
Link 5 57 208 0 -0.00579882
Link 57 15 209 0 3.97683298
Link 8 59 215 0 -4.54552769
Link 59 11 216 0 -0.44266663
Link 3 60 219 0 0.54204814
Link 60 11 220 0 -2.54772600
Link 64 14 234 0 0.17497900
Link 5 65 236 0 3.39845880
Link 8 25 240 0 1.95193496
Link 2 66 247 0 -2.09016219
Link 66 15 248 0 1.03594322
Link 8 67 250 0 0.19724866
Link 67 12 251 0 -1.39230311
Link 6 69 262 0 -1.94322827
Link 69 14 263 0 -0.20473574
Link 2 70 267 0 3.41292773
Link 3 23 273 0 0.31698742
Link 6 74 295 0 -2.59357549
Link 11 11 308 1 -1.44557247
Link 8 49 310 0 2.66448883
Link 50 76 318 0 0.29175462
Link 76 10 319 0 0.80914948
Link 7 77 321 0 -1.17293862
Link 5 42 327 0 -0.03264905
Link 2 78 334 0 -0.65932937
Link 78 66 335 0 -2.16048135
Link 2 79 341 0 0.53308054
Link 79 13 342 0 -0.81188492
Link 32 80 347 0 -0.58742075
Link 80 16 348 0 -1.81059528
Link 8 81 351 0 -1.66535656
Link 81 16 352 0 -0.08617837
Link 5 86 394 0 2.09931579
Link 86 32 395 0 1.29034332
Link 55 88 411 0 1.73228298
Link 88 12 412 0 0.76724568
Link 4 32 415 0 0.19539506
Link 9 49 451 0 0.94298869
Link 12 66 468 1 1.92116554
Link 66 94 482 0 0.71389086
Link 94 15 483 0 -3.62694832
Link 42 106 614 0 -0.88782371
Link 48 12 653 0 2.03061314
Link 40 40 673 1 2.40486999
Link 6 113 693 0 0.05645016
Link 113 20 694 0 -0.02656637
Link 40 114 696 0 -1.34328595
Link 114 16 697 0 0.93218456
Link 1 116 707 0 1.32566768
Link 116 31 708 0 -2.30627611
Link 2 121 736 0 2.78389547
Link 121 40 737 0 1.41786645
Link 15 125 784 1 1.25600244
Link 125 49 785 1 1.06020480
Link 13 24 869 1 -0.65577876
Link 50 11 965 0 2.65427758
Link 74 148 999 0 1.24269785
Link 148 12 1000 0 -0.26723602
Link 3 149 1007 0 2.89601820
Link 149 20 1008 0 1.80016646
Link 5 150 1017 0 -1.47587457
Link 150 50 1018 0 -0.42581589
Link 21 21 1032 1 -2.25611885
Link 52 154 1057 0 0.01605997
Link 154 16 1058 0 0.30697687
Link 70 156 1069 0 -1.25423335
Link 156 11 1070 0 -0.90665665
Link 7 158 1099 0 -6.31424379
Link 158 18 1100 0 -4.09231053
Link 12 70 1103 1 1.18854596
Link 70 70 1121 1 0.72527489
Link 3 163 1133 0 2.96328627
Link 163 17 1134 0 -2.84117298
Link 65 165 1141 0 2.32340434
Link 165 13 1142 0 -1.54797623
Link 48 48 1151 1 3.14895179
Link 49 169 1164 0 1.90758923
Link 169 14 1165 0 -0.43474984
Link 49 178 1232 0 3.88633541
Link 178 169 1233 0 0.39430506
Link 9 69 1317 0 -1.33352347
Link 18 190 1351 0 1.00000000
Link 190 15 1352 0 -1.97552628
Link 8 48 1353 0 5.17240765
Link 4 125 1371 0 -0.75913640
Link 49 49 1374 1 -1.63639500
Link 5 195 1392 0 2.66285541
Link 195 37 1393 0 2.31799530
Link 77 201 1438 0 0.21819629
Link 48 14 1468 0 -1.45439171
Link 21 94 1535 0 2.48137155
Link 5 125 1536 0 1.22448076
Link 23 20 1574 0 -3.82863817
Link 48 10 1576 0 0.40456261
Link 32 50 1584 0 -0.10936880
Link 40 25 1597 0 1.02708901
Link 21 16 1645 0 0.47362422
Link 11 230 1661 1 2.57945654
Link 230 17 1662 1 2.33190261
Link 31 234 1682 0 1.17771394
Link 234 66 1683 0 -0.41569294
Link 2 236 1692 0 1.26431424
Link 236 55 1693 0 3.53491086
Link 31 230 1697 0 1.01412955
Link 37 238 1717 0 -0.70852401
Link 238 12 1718 0 3.59604403
Link 13 242 1739 1 -4.99021447
Link 16 248 1791 1 -0.32239058
Link 248 16 1792 1 -0.87282123
Link 3 250 1804 0 0.09631110
Link 250 34 1805 0 -0.23077977
Link 3 253 1844 0 -3.98322986
Link 253 26 1845 0 -2.26209015
Link 31 94 1853 0 -0.05867020
Link 24 258 1870 0 -1.66258701
Link 258 14 1871 0 1.94331448
Link 8 260 1885 0 -0.78865201
Link 197 263 1904 0 2.48921548
Link 10 49 1915 1 2.51625203
Link 35 265 1924 0 1.00000000
Link 265 10 1925 0 -1.72291231
Link 9 34 1931 0 -1.21752996
Link 4 291 2096 0 1.76578317
Link 291 125 2097 0 1.35623901
Link 169 301 2178 1 -3.38767641
Link 301 34 2179 1 -1.32494223
Link 55 169 2276 0 -0.52357130
Link 14 59 2285 1 3.19981294
Link 5 34 2309 0 0.21510837
Link 169 331 2357 0 1.09451089
Link 331 14 2358 0 -0.38703262
Link 5 339 2417 0 2.76152512
Link 339 125 2418 0 -3.51409221
Link 65 35 2457 0 -2.43752824
Link 31 197 2472 0 0.11407364
Link 4 301 2479 0 0.12050041
Link 24 20 2502 0 -0.26499507
Link 69 57 2579 0 -3.90004505
Link 69 15 2602 0 -1.52196468
Link 59 371 2649 1 0.44951124
Link 371 59 2650 1 0.67208665
Link 14 40 2741 1 -2.16064702
Link 26 387 2746 0 2.31128514
Link 387 12 2747 0 0.64406443
Link 169 397 2809 1 0.34265008
Link 397 301 2810 1 0.39514117
Link 70 398 2813 0 -0.44909917
Link 398 24 2814 0 -3.35887209
Link 94 94 2819 1 0.62112333
Link 21 399 2835 0 0.19470399
Link 399 197 2836 0 0.50834974
Link 403 301 2866 0 -0.28784008
Link 113 410 2893 0 0.14139321
Link 410 20 2894 0 -4.82393963
Link 1 230 2916 0 -4.58871358
Link 76 419 2955 0 -3.83533069
Link 419 10 2956 0 2.60843166
Link 5 431 3049 0 4.41734478
Link 431 59 3050 0 3.19026737
Link 34 398 3056 0 2.62105251
Link 11 55 3092 1 1.84496563
Link 23 436 3094 0 0.54262324
Link 436 34 3095 0 0.29501638
Link 1 258 3114 0 1.76558421
Link 13 439 3123 1 2.31031879
Link 439 49 3124 1 -0.98736213
Link 1 441 3132 0 0.70602436
Link 441 66 3133 0 3.48186981
Link 398 447 3165 0 -0.24689163
Link 447 24 3166 0 -1.89764657
Link 4 34 3221 0 -2.94604941
Link 364 463 3264 1 -0.50725579
Link 463 35 3265 1 2.71583146
Link 242 466 3285 1 -4.40502040
Link 466 13 3286 1 -0.25704373
Link 6 471 3312 0 3.67627998
Link 471 113 3313 0 1.05725280
Link 1 485 3434 0 0.63186216
Link 485 364 3435 0 3.23219720
Link 88 486 3441 0 -1.96773661
Link 486 12 3442 0 -2.71560580
Link 2 487 3453 0 2.94101813
Link 487 393 3454 0 -2.44076997
Link 14 23 3460 1 3.30610755
Link 242 230 3469 1 -4.43921817
Link 25 489 3471 0 -1.90102269
Link 69 12 3497 0 -0.11332765
Link 52 125 3499 0 2.70432319
Link 52 69 3531 0 -1.76489710
Link 393 502 3557 0 -3.86879737
Link 502 169 3558 0 -0.65260602
Link 11 504 3575 1 4.41484957
Link 504 55 3576 1 2.87873086
Link 4 507 3592 0 1.00524646
Link 507 23 3593 0 -4.02839914
Link 42 88 3642 0 0.82051142
Link 201 10 3683 0 1.66267095
Link 23 528 3736 0 -3.72557689
Link 528 64 3737 0 0.39697675
Link 2 530 3750 0 1.45665724
Link 530 94 3751 0 -4.51047078
Link 230 94 3766 0 0.33990981
Link 18 48 3814 0 4.22630826
Link 431 31 3826 0 -0.01830247
Link 52 540 3839 0 1.59746485
Link 540 69 3840 0 -2.18706786
Link 1 546 3864 0 -1.66767168
Link 546 258 3865 0 0.26284987
Link 76 12 3887 0 0.36317539
Link 25 74 3895 0 -2.39099133
Link 66 301 3910 0 -2.15730955
Link 14 18 3959 1 0.52495114
Link 466 14 3995 0 -1.72320076
Link 263 567 3997 0 -0.74337165
Link 567 13 3998 0 5.94643524
Link 18 575 4049 0 -4.05893410
Link 575 48 4050 0 4.62679216
Link 24 42 4104 0 -0.21224674
Link 230 586 4113 1 0.01905185
Link 586 364 4114 1 0.01157428
Link 13 393 4184 1 3.39089701
Link 34 76 4237 0 1.58982927
Link 3 598 4240 0 -0.21708738
Link 598 250 4241 0 2.01312585
Link 5 393 4258 0 4.58004839
Link 76 18 4259 1 1.28182613
Link 487 20 4272 0 2.67750716
Link 14 507 4281 1 -0.16803172
Link 66 602 4283 0 0.77102725
Link 602 301 4284 0 -1.66198033
Link 4 603 4293 0 0.00323487
Link 603 507 4294 0 1.16533009
Link 113 169 4301 0 0.04986237
Link 32 69 4358 0 3.14820056
Link 487 612 4360 0 0.89934839
Link 612 393 4361 0 2.26870626
Link 253 602 4428 0 1.83092241
Link 16 507 4451 1 -0.46496661
Link 507 623 4453 0 0.65864841
Link 623 23 4454 0 -1.50766771
Link 15 253 4466 1 1.35529115
Link 74 24 4502 0 -3.57606947
Link 250 88 4526 0 0.88530722
Link 65 253 4548 1 3.66109981
Link 637 18 4559 0 1.77676015
Link 76 158 4582 1 1.82466627
Link 76 645 4615 1 0.72139873
Link 645 18 4616 1 -2.44012773
Link 3 507 4629 0 -1.83107246
Link 42 24 4670 0 -3.68403301
Link 49 651 4679 1 2.33682757
Link 651 49 4680 1 4.09712974
Link 439 598 4682 1 1.37711156
Link 487 250 4689 0 -2.33319475
Link 7 652 4693 0 3.05827670
Link 158 654 4708 0 0.48445197
Link 654 637 4709 0 -1.27455647
Link 76 258 4748 0 0.42620573
Link 301 658 4760 1 -2.28126684
Link 658 23 4761 1 0.02365930
Link 15 31 4809 1 -1.83177534
Link 34 654 4818 1 -1.84910865
Link 69 439 4856 0 0.48144056
Link 169 677 4924 0 -1.42633309
Link 677 331 4925 0 0.26275396
Link 116 234 4931 0 -1.65963201
Link 23 602 4982 0 2.02773733
Link 530 688 5015 0 3.39290356
Link 688 94 5016 0 -0.67785356
Link 23 65 5052 0 -2.07488207
Link 507 331 5070 0 -3.01479020
Link 4 701 5115 0 0.47779941
Link 701 403 5116 0 0.38940995
Link 507 707 5159 0 4.21581717
Link 707 403 5160 0 1.79246368
Link 507 13 5195 0 1.78901204
Link 3 64 5206 0 0.99253324
Link 5 487 5224 0 1.09708627
Link 301 28 5232 1 3.84447068
Link 42 76 5247 0 -2.18116801
Link 253 720 5268 0 0.02287304
Link 720 602 5269 0 -1.74258069
Link 49 106 5276 0 1.13351874
Link 301 331 5303 0 1.59227492
Link 253 52 5314 0 2.09966081
Link 331 729 5343 1 0.67229403
Link 42 736 5413 0 -0.88503222
Link 736 106 5414 0 2.21168777
Link 8 398 5461 0 0.60949420
Link 364 398 5490 1 -0.45434419
Link 654 751 5538 0 0.76107164
Link 751 637 5539 0 -2.54841915
Link 88 20 5563 1 -0.17956642
Link 55 331 5576 0 -0.24286038
Link 125 201 5622 0 0.46388713
Link 195 50 5657 0 0.57443606
Link 652 773 5722 0 -1.12981496
Link 773 158 5723 0 2.51594897
Link 149 169 5738 0 3.03945328
Link 59 331 5854 0 1.19722178
Link 602 23 5880 1 6.80421834
Link 489 809 5972 0 -1.99742806
Link 809 12 5973 0 -3.78829033
Link 654 654 6007 1 1.78888876
Link 69 398 6040 0 -3.91670040
Link 113 817 6048 0 0.80772484
Link 817 410 6049 0 1.01443553
Link 530 258 6068 0 1.11931677
Link 50 121 6086 1 3.24603388
Link 38 106 6121 0 -2.07783540
Link 34 602 6151 0 -1.30766862
Link 169 60 6171 1 -0.21692769
Link 106 838 6210 0 0.34682573
Link 260 847 6273 0 -1.15517110
Link 847 49 6274 0 -2.85308500
Link 39 502 6449 0 0.03473531
Link 485 169 6453 0 1.94033770
Link 393 677 6457 0 0.06914252
Link 7 149 6461 0 -2.43641191
Link 23 11 6477 0 1.97690346
Link 546 331 6536 0 2.75065929
Link 586 40 6719 1 0.73130301
Link 79 50 6743 0 0.77824723
Link 116 637 6826 0 0.47709237
Link 70 486 6864 0 -3.15615491
Link 301 929 7027 1 2.30291205
Link 929 28 7028 1 -3.57341932
Link 156 339 7061 1 2.48919066
Link 729 938 7095 1 2.24235964
Link 938 88 7096 1 -2.22577880
Link 22 78 7172 1 -3.44534718
Link 1 339 7286 0 -3.83126733
Link 471 21 7289 0 0.44316481
Link 387 502 7319 1 1.05786074
Link 50 163 7449 1 -0.30980564
Link 158 156 7467 0 0.73562202
Link 301 991 7568 1 0.85708621
Link 991 23 7569 1 -0.32186100
Link 36 74 7616 0 0.95702034
Link 236 1017 7833 0 0.27417897
Link 1017 602 7834 0 0.71019666
Link 645 645 7909 1 1.46586101
Link 2 1033 8010 0 0.48807131
Link 1033 40 8011 0 -0.77945841
Link 701 645 8025 0 1.46127276
Link 651 35 8155 0 -0.29385779
Link 48 31 8186 0 1.98115694
Link 651 52 8234 0 -1.78683890
Link 94 817 8253 1 -3.07283857
Link 195 817 8407 0 0.01408101
Link 838 1103 8573 0 1.00000000
Link 1103 13 8574 0 -0.45257931
GenomeEnd

