GenomeStart 101659
Neuron 1 1 0.00000000 1 0.00000000 0.00000000 0.00000000 0.00000000
Neuron 2 1 0.00000000 1 0.00000000 0.00000000 0.00000000 0.00000000
Neuron 3 1 0.00000000 1 0.00000000 0.00000000 0.00000000 0.00000000
Neuron 4 1 0.00000000 1 0.00000000 0.00000000 0.00000000 0.00000000
Neuron 5 1 0.00000000 1 0.00000000 0.00000000 0.00000000 0.00000000
Neuron 6 1 0.00000000 1 0.00000000 0.00000000 0.00000000 0.00000000
Neuron 7 1 0.00000000 1 0.00000000 0.00000000 0.00000000 0.00000000
Neuron 8 1 0.00000000 1 0.00000000 0.00000000 0.00000000 0.00000000
Neuron 9 2 0.00000000 1 0.00000000 0.00000000 0.00000000 0.00000000
Neuron 10 4 1.00000000 0 1.00000000 0.00000000 0.00000000 0.00000000
Neuron 11 4 1.00000000 0 1.00000000 0.00000000 0.00000000 0.00000000
Neuron 12 4 1.00000000 0 1.00000000 0.00000000 0.00000000 0.00000000
Neuron 13 4 1.00000000 0 1.00000000 0.00000000 0.00000000 0.00000000
Neuron 14 4 1.00000000 0 1.00000000 0.00000000 0.00000000 0.00000000
Neuron 15 4 1.00000000 0 1.00000000 0.00000000 0.00000000 0.00000000
Neuron 16 4 1.00000000 0 1.00000000 0.00000000 0.00000000 0.00000000
Neuron 17 3 0.50000000 1 1.00000000 0.00000000 0.00000000 0.00000000
Neuron 18 3 0.50000000 1 1.00000000 0.00000000 0.00000000 0.00000000
Neuron 19 3 0.50000000 1 1.00000000 0.00000000 0.00000000 0.00000000
Neuron 20 3 0.50000000 1 1.00000000 0.00000000 0.00000000 0.00000000
Neuron 21 3 0.50000000 1 1.00000000 0.00000000 0.00000000 0.00000000
Neuron 22 3 0.50000000 1 1.00000000 0.00000000 0.00000000 0.00000000
Neuron 23 3 0.50000000 1 1.00000000 0.00000000 0.00000000 0.00000000
Neuron 24 3 0.50000000 1 1.00000000 0.00000000 0.00000000 0.00000000
Neuron 25 3 0.50000000 1 1.00000000 0.00000000 0.00000000 0.00000000
Neuron 26 3 0.50000000 1 1.00000000 0.00000000 0.00000000 0.00000000
Neuron 27 3 0.50000000 1 1.00000000 0.00000000 0.00000000 0.00000000
Neuron 28 3 0.50000000 1 1.00000000 0.00000000 0.00000000 0.00000000
Neuron 29 3 0.50000000 1 1.00000000 0.00000000 0.00000000 0.00000000
Neuron 31 3 0.50000000 1 1.00000000 0.00000000 0.00000000 0.00000000
Neuron 32 3 0.50000000 1 1.00000000 0.00000000 0.00000000 0.00000000
Neuron 34 3 0.50000000 1 1.00000000 0.00000000 0.00000000 0.00000000
Neuron 35 3 0.50000000 1 1.00000000 0.00000000 0.00000000 0.00000000
Neuron 36 3 0.50000000 1 1.00000000 0.00000000 0.00000000 0.00000000
Neuron 37 3 0.50000000 1 1.00000000 0.00000000 0.00000000 0.00000000
Neuron 38 3 0.50000000 1 1.00000000 0.00000000 0.00000000 0.00000000
Neuron 39 3 0.50000000 1 1.00000000 0.00000000 0.00000000 0.00000000
Neuron 40 3 0.50000000 1 1.00000000 0.00000000 0.00000000 0.00000000
Neuron 42 3 0.50000000 1 1.00000000 0.00000000 0.00000000 0.00000000
Neuron 43 3 0.50000000 1 1.00000000 0.00000000 0.00000000 0.00000000
Neuron 44 3 0.50000000 1 1.00000000 0.00000000 0.00000000 0.00000000
Neuron 46 3 0.75000000 1 1.00000000 0.00000000 0.00000000 0.00000000
Neuron 47 3 0.50000000 1 1.00000000 0.00000000 0.00000000 0.00000000
Neuron 48 3 0.50000000 1 1.00000000 0.00000000 0.00000000 0.00000000
Neuron 49 3 0.50000000 1 1.00000000 0.00000000 0.00000000 0.00000000
Neuron 50 3 0.50000000 1 1.00000000 0.00000000 0.00000000 0.00000000
Neuron 52 3 0.50000000 1 1.00000000 0.00000000 0.00000000 0.00000000
Neuron 53 3 0.50000000 1 1.00000000 0.00000000 0.00000000 0.00000000
Neuron 55 3 0.50000000 1 1.00000000 0.00000000 0.00000000 0.00000000
Neuron 57 3 0.50000000 1 1.00000000 0.00000000 0.00000000 0.00000000
Neuron 59 3 0.50000000 1 1.00000000 0.00000000 0.00000000 0.00000000
Neuron 60 3 0.50000000 1 1.00000000 0.00000000 0.00000000 0.00000000
Neuron 62 3 0.50000000 1 1.00000000 0.00000000 0.00000000 0.00000000
Neuron 63 3 0.50000000 1 1.00000000 0.00000000 0.00000000 0.00000000
Neuron 64 3 0.75000000 1 1.00000000 0.00000000 0.00000000 0.00000000
Neuron 65 3 0.50000000 1 1.00000000 0.00000000 0.00000000 0.00000000
Neuron 66 3 0.50000000 1 1.00000000 0.00000000 0.00000000 0.00000000
Neuron 67 3 0.50000000 1 1.00000000 0.00000000 0.00000000 0.00000000
Neuron 69 3 0.50000000 1 1.00000000 0.00000000 0.00000000 0.00000000
Neuron 70 3 0.50000000 1 1.00000000 0.00000000 0.00000000 0.00000000
Neuron 71 3 0.25000000 1 1.00000000 0.00000000 0.00000000 0.00000000
Neuron 73 3 0.75000000 1 1.00000000 0.00000000 0.00000000 0.00000000
Neuron 74 3 0.50000000 1 1.00000000 0.00000000 0.00000000 0.00000000
Neuron 76 3 0.75000000 1 1.00000000 0.00000000 0.00000000 0.00000000
Neuron 77 3 0.50000000 1 1.00000000 0.00000000 0.00000000 0.00000000
Neuron 78 3 0.25000000 1 1.00000000 0.00000000 0.00000000 0.00000000
Neuron 79 3 0.50000000 1 1.00000000 0.00000000 0.00000000 0.00000000
Neuron 80 3 0.75000000 1 1.00000000 0.00000000 0.00000000 0.00000000
Neuron 81 3 0.50000000 1 1.00000000 0.00000000 0.00000000 0.00000000
Neuron 86 3 0.25000000 1 1.00000000 0.00000000 0.00000000 0.00000000
Neuron 88 3 0.75000000 1 1.00000000 0.00000000 0.00000000 0.00000000
Neuron 92 3 0.37500000 1 1.00000000 0.00000000 0.00000000 0.00000000
Neuron 94 3 0.75000000 1 1.00000000 0.00000000 0.00000000 0.00000000
Neuron 100 3 0.75000000 1 1.00000000 0.00000000 0.00000000 0.00000000
Neuron 106 3 0.75000000 1 1.00000000 0.00000000 0.00000000 0.00000000
Neuron 113 3 0.25000000 1 1.00000000 0.00000000 0.00000000 0.00000000
Neuron 114 3 0.75000000 1 1.00000000 0.00000000 0.00000000 0.00000000
Neuron 116 3 0.25000000 1 1.00000000 0.00000000 0.00000000 0.00000000
Neuron 117 3 1.00000000 1 1.00000000 0.00000000 0.00000000 0.00000000
Neuron 118 3 0.25000000 1 1.00000000 0.00000000 0.00000000 0.00000000
Neuron 120 3 0.25000000 1 1.00000000 0.00000000 0.00000000 0.00000000
Neuron 121 3 0.25000000 1 1.00000000 0.00000000 0.00000000 0.00000000
Neuron 125 3 0.75000000 1 1.00000000 0.00000000 0.00000000 0.00000000
Neuron 128 3 0.75000000 1 1.00000000 0.00000000 0.00000000 0.00000000
Neuron 136 3 0.25000000 1 1.00000000 0.00000000 0.00000000 0.00000000
Neuron 139 3 0.25000000 1 1.00000000 0.00000000 0.00000000 0.00000000
Neuron 143 3 0.25000000 1 1.00000000 0.00000000 0.00000000 0.00000000
Neuron 148 3 0.75000000 1 1.00000000 0.00000000 0.00000000 0.00000000
Neuron 149 3 0.25000000 1 1.00000000 0.00000000 0.00000000 0.00000000
Neuron 150 3 0.25000000 1 1.00000000 0.00000000 0.00000000 0.00000000
Neuron 152 3 0.25000000 1 1.00000000 0.00000000 0.00000000 0.00000000
Neuron 154 3 0.75000000 1 1.00000000 0.00000000 0.00000000 0.00000000
Neuron 156 3 0.75000000 1 1.00000000 0.00000000 0.00000000 0.00000000
Neuron 158 3 0.25000000 1 1.00000000 0.00000000 0.00000000 0.00000000
Neuron 163 3 0.25000000 1 1.00000000 0.00000000 0.00000000 0.00000000
Neuron 165 3 0.75000000 1 1.00000000 0.00000000 0.00000000 0.00000000
Neuron 166 3 0.75000000 1 1.00000000 0.00000000 0.00000000 0.00000000
Neuron 169 3 0.75000000 1 1.00000000 0.00000000 0.00000000 0.00000000
Neuron 174 3 0.75000000 1 1.00000000 0.00000000 0.00000000 0.00000000
Neuron 178 3 0.62500000 1 1.00000000 0.00000000 0.00000000 0.00000000
Neuron 185 3 0.75000000 1 1.00000000 0.00000000 0.00000000 0.00000000
Neuron 186 3 0.75000000 1 1.00000000 0.00000000 0.00000000 0.00000000
Neuron 191 3 0.25000000 1 1.00000000 0.00000000 0.00000000 0.00000000
Neuron 195 3 0.25000000 1 1.00000000 0.00000000 0.00000000 0.00000000
Neuron 197 3 0.75000000 1 1.00000000 0.00000000 0.00000000 0.00000000
Neuron 199 3 0.25000000 1 1.00000000 0.00000000 0.00000000 0.00000000
Neuron 201 3 0.75000000 1 1.00000000 0.00000000 0.00000000 0.00000000
Neuron 213 3 0.62500000 1 1.00000000 0.00000000 0.00000000 0.00000000
Neuron 218 3 0.43750000 1 1.00000000 0.00000000 0.00000000 0.00000000
Neuron 229 3 0.25000000 1 1.00000000 0.00000000 0.00000000 0.00000000
Neuron 230 3 0.75000000 1 1.00000000 0.00000000 0.00000000 0.00000000
Neuron 234 3 0.50000000 1 1.00000000 0.00000000 0.00000000 0.00000000
Neuron 236 3 0.25000000 1 1.00000000 0.00000000 0.00000000 0.00000000
Neuron 238 3 0.75000000 1 1.00000000 0.00000000 0.00000000 0.00000000
Neuron 239 3 0.25000000 1 1.00000000 0.00000000 0.00000000 0.00000000
Neuron 242 3 1.00000000 1 1.00000000 0.00000000 0.00000000 0.00000000
Neuron 248 3 1.00000000 1 1.00000000 0.00000000 0.00000000 0.00000000
Neuron 250 3 0.25000000 1 1.00000000 0.00000000 0.00000000 0.00000000
Neuron 253 3 0.25000000 1 1.00000000 0.00000000 0.00000000 0.00000000
Neuron 256 3 0.50000000 1 1.00000000 0.00000000 0.00000000 0.00000000
Neuron 258 3 0.75000000 1 1.00000000 0.00000000 0.00000000 0.00000000
Neuron 260 3 0.25000000 1 1.00000000 0.00000000 0.00000000 0.00000000
Neuron 263 3 0.87500000 1 1.00000000 0.00000000 0.00000000 0.00000000
Neuron 273 3 0.37500000 1 1.00000000 0.00000000 0.00000000 0.00000000
Neuron 291 3 0.37500000 1 1.00000000 0.00000000 0.00000000 0.00000000
Neuron 301 3 0.62500000 1 1.00000000 0.00000000 0.00000000 0.00000000
Neuron 318 3 0.62500000 1 1.00000000 0.00000000 0.00000000 0.00000000
Neuron 329 3 0.50000000 1 1.00000000 0.00000000 0.00000000 0.00000000
Neuron 331 3 0.87500000 1 1.00000000 0.00000000 0.00000000 0.00000000
Neuron 334 3 0.75000000 1 1.00000000 0.00000000 0.00000000 0.00000000
Neuron 335 3 0.56250000 1 1.00000000 0.00000000 0.00000000 0.00000000
Neuron 339 3 0.37500000 1 1.00000000 0.00000000 0.00000000 0.00000000
Neuron 340 3 0.25000000 1 1.00000000 0.00000000 0.00000000 0.00000000
Neuron 351 3 0.62500000 1 1.00000000 0.00000000 0.00000000 0.00000000
Neuron 364 3 0.62500000 1 1.00000000 0.00000000 0.00000000 0.00000000
Neuron 371 3 0.50000000 1 1.00000000 0.00000000 0.00000000 0.00000000
Neuron 375 3 0.87500000 1 1.00000000 0.00000000 0.00000000 0.00000000
Neuron 377 3 0.25000000 1 1.00000000 0.00000000 0.00000000 0.00000000
Neuron 387 3 0.75000000 1 1.00000000 0.00000000 0.00000000 0.00000000
Neuron 389 3 0.75000000 1 1.00000000 0.00000000 0.00000000 0.00000000
Neuron 393 3 0.37500000 1 1.00000000 0.00000000 0.00000000 0.00000000
Neuron 397 3 0.68750000 1 1.00000000 0.00000000 0.00000000 0.00000000
Neuron 398 3 0.50000000 1 1.00000000 0.00000000 0.00000000 0.00000000
Neuron 399 3 0.62500000 1 1.00000000 0.00000000 0.00000000 0.00000000
Neuron 402 3 0.62500000 1 1.00000000 0.00000000 0.00000000 0.00000000
Neuron 403 3 0.31250000 1 1.00000000 0.00000000 0.00000000 0.00000000
Neuron 410 3 0.37500000 1 1.00000000 0.00000000 0.00000000 0.00000000
Neuron 412 3 0.37500000 1 1.00000000 0.00000000 0.00000000 0.00000000
Neuron 415 3 0.75000000 1 1.00000000 0.00000000 0.00000000 0.00000000
Neuron 419 3 0.87500000 1 1.00000000 0.00000000 0.00000000 0.00000000
Neuron 420 3 0.62500000 1 1.00000000 0.00000000 0.00000000 0.00000000
Neuron 422 3 0.75000000 1 1.00000000 0.00000000 0.00000000 0.00000000
Neuron 424 3 0.87500000 1 1.00000000 0.00000000 0.00000000 0.00000000
Neuron 431 3 0.25000000 1 1.00000000 0.00000000 0.00000000 0.00000000
Neuron 435 3 0.25000000 1 1.00000000 0.00000000 0.00000000 0.00000000
Neuron 437 3 0.56250000 1 1.00000000 0.00000000 0.00000000 0.00000000
Neuron 439 3 0.75000000 1 1.00000000 0.00000000 0.00000000 0.00000000
Neuron 441 3 0.25000000 1 1.00000000 0.00000000 0.00000000 0.00000000
Neuron 445 3 0.12500000 1 1.00000000 0.00000000 0.00000000 0.00000000
Neuron 447 3 0.50000000 1 1.00000000 0.00000000 0.00000000 0.00000000
Neuron 450 3 0.50000000 1 1.00000000 0.00000000 0.00000000 0.00000000
Neuron 463 3 0.56250000 1 1.00000000 0.00000000 0.00000000 0.00000000
Neuron 465 3 0.68750000 1 1.00000000 0.00000000 0.00000000 0.00000000
Neuron 466 3 1.00000000 1 1.00000000 0.00000000 0.00000000 0.00000000
Neuron 471 3 0.12500000 1 1.00000000 0.00000000 0.00000000 0.00000000
Neuron 485 3 0.31250000 1 1.00000000 0.00000000 0.00000000 0.00000000
Neuron 486 3 0.87500000 1 1.00000000 0.00000000 0.00000000 0.00000000
Neuron 487 3 0.18750000 1 1.00000000 0.00000000 0.00000000 0.00000000
Neuron 489 3 0.75000000 1 1.00000000 0.00000000 0.00000000 0.00000000
Neuron 490 3 0.62500000 1 1.00000000 0.00000000 0.00000000 0.00000000
Neuron 502 3 0.56250000 1 1.00000000 0.00000000 0.00000000 0.00000000
Neuron 504 3 0.75000000 1 1.00000000 0.00000000 0.00000000 0.00000000
Neuron 507 3 0.25000000 1 1.00000000 0.00000000 0.00000000 0.00000000
Neuron 509 3 1.00000000 1 1.00000000 0.00000000 0.00000000 0.00000000
Neuron 512 3 0.50000000 1 1.00000000 0.00000000 0.00000000 0.00000000
Neuron 516 3 0.25000000 1 1.00000000 0.00000000 0.00000000 0.00000000
Neuron 517 3 0.87500000 1 1.00000000 0.00000000 0.00000000 0.00000000
Neuron 522 3 0.12500000 1 1.00000000 0.00000000 0.00000000 0.00000000
Neuron 523 3 0.62500000 1 1.00000000 0.00000000 0.00000000 0.00000000
Neuron 524 3 0.53125000 1 1.00000000 0.00000000 0.00000000 0.00000000
Neuron 528 3 0.62500000 1 1.00000000 0.00000000 0.00000000 0.00000000
Neuron 530 3 0.37500000 1 1.00000000 0.00000000 0.00000000 0.00000000
Neuron 540 3 0.50000000 1 1.00000000 0.00000000 0.00000000 0.00000000
Neuron 546 3 0.37500000 1 1.00000000 0.00000000 0.00000000 0.00000000
Neuron 553 3 0.18750000 1 1.00000000 0.00000000 0.00000000 0.00000000
Neuron 567 3 0.93750000 1 1.00000000 0.00000000 0.00000000 0.00000000
Neuron 575 3 0.50000000 1 1.00000000 0.00000000 0.00000000 0.00000000
Neuron 576 3 0.62500000 1 1.00000000 0.00000000 0.00000000 0.00000000
Neuron 586 3 0.68750000 1 1.00000000 0.00000000 0.00000000 0.00000000
Neuron 590 3 0.75000000 1 1.00000000 0.00000000 0.00000000 0.00000000
Neuron 595 3 0.25000000 1 1.00000000 0.00000000 0.00000000 0.00000000
Neuron 598 3 0.12500000 1 1.00000000 0.00000000 0.00000000 0.00000000
Neuron 600 3 0.53125000 1 1.00000000 0.00000000 0.00000000 0.00000000
Neuron 601 3 0.62500000 1 1.00000000 0.00000000 0.00000000 0.00000000
Neuron 602 3 0.56250000 1 1.00000000 0.00000000 0.00000000 0.00000000
Neuron 603 3 0.12500000 1 1.00000000 0.00000000 0.00000000 0.00000000
Neuron 612 3 0.28125000 1 1.00000000 0.00000000 0.00000000 0.00000000
Neuron 621 3 0.23437500 1 1.00000000 0.00000000 0.00000000 0.00000000
Neuron 623 3 0.37500000 1 1.00000000 0.00000000 0.00000000 0.00000000
Neuron 625 3 0.37500000 1 1.00000000 0.00000000 0.00000000 0.00000000
Neuron 635 3 0.50000000 1 1.00000000 0.00000000 0.00000000 0.00000000
Neuron 636 3 1.00000000 1 1.00000000 0.00000000 0.00000000 0.00000000
Neuron 637 3 0.37500000 1 1.00000000 0.00000000 0.00000000 0.00000000
Neuron 642 3 1.00000000 1 1.00000000 0.00000000 0.00000000 0.00000000
Neuron 645 3 0.62500000 1 1.00000000 0.00000000 0.00000000 0.00000000
Neuron 651 3 0.50000000 1 1.00000000 0.00000000 0.00000000 0.00000000
Neuron 652 3 0.12500000 1 1.00000000 0.00000000 0.00000000 0.00000000
Neuron 654 3 0.31250000 1 1.00000000 0.00000000 0.00000000 0.00000000
Neuron 658 3 0.56250000 1 1.00000000 0.00000000 0.00000000 0.00000000
Neuron 659 3 0.93750000 1 1.00000000 0.00000000 0.00000000 0.00000000
Neuron 662 3 0.75000000 1 1.00000000 0.00000000 0.00000000 0.00000000
Neuron 669 3 0.59375000 1 1.00000000 0.00000000 0.00000000 0.00000000
Neuron 677 3 0.81250000 1 1.00000000 0.00000000 0.00000000 0.00000000
Neuron 688 3 0.56250000 1 1.00000000 0.00000000 0.00000000 0.00000000
Neuron 701 3 0.15625000 1 1.00000000 0.00000000 0.00000000 0.00000000
Neuron 703 3 0.50000000 1 1.00000000 0.00000000 0.00000000 0.00000000
Neuron 707 3 0.28125000 1 1.00000000 0.00000000 0.00000000 0.00000000
Neuron 714 3 0.87500000 1 1.00000000 0.00000000 0.00000000 0.00000000
Neuron 720 3 0.40625000 1 1.00000000 0.00000000 0.00000000 0.00000000
Neuron 728 3 0.25000000 1 1.00000000 0.00000000 0.00000000 0.00000000
Neuron 729 3 0.81250000 1 1.00000000 0.00000000 0.00000000 0.00000000
Neuron 732 3 0.09375000 1 1.00000000 0.00000000 0.00000000 0.00000000
Neuron 736 3 0.62500000 1 1.00000000 0.00000000 0.00000000 0.00000000
Neuron 739 3 0.50000000 1 1.00000000 0.00000000 0.00000000 0.00000000
Neuron 742 3 0.75000000 1 1.00000000 0.00000000 0.00000000 0.00000000
Neuron 747 3 0.50000000 1 1.00000000 0.00000000 0.00000000 0.00000000
Neuron 751 3 0.34375000 1 1.00000000 0.00000000 0.00000000 0.00000000
Neuron 756 3 0.93750000 1 1.00000000 0.00000000 0.00000000 0.00000000
Neuron 757 3 0.31250000 1 1.00000000 0.00000000 0.00000000 0.00000000
Neuron 760 3 0.68750000 1 1.00000000 0.00000000 0.00000000 0.00000000
Neuron 769 3 0.75000000 1 1.00000000 0.00000000 0.00000000 0.00000000
Neuron 770 3 0.50000000 1 1.00000000 0.00000000 0.00000000 0.00000000
Neuron 773 3 0.18750000 1 1.00000000 0.00000000 0.00000000 0.00000000
Neuron 780 3 0.65625000 1 1.00000000 0.00000000 0.00000000 0.00000000
Neuron 792 3 0.50000000 1 1.00000000 0.00000000 0.00000000 0.00000000
Neuron 807 3 0.06250000 1 1.00000000 0.00000000 0.00000000 0.00000000
Neuron 808 3 0.56250000 1 1.00000000 0.00000000 0.00000000 0.00000000
Neuron 809 3 0.87500000 1 1.00000000 0.00000000 0.00000000 0.00000000
Neuron 813 3 0.68750000 1 1.00000000 0.00000000 0.00000000 0.00000000
Neuron 814 3 0.53125000 1 1.00000000 0.00000000 0.00000000 0.00000000
Neuron 817 3 0.31250000 1 1.00000000 0.00000000 0.00000000 0.00000000
Neuron 826 3 1.00000000 1 1.00000000 0.00000000 0.00000000 0.00000000
Neuron 831 3 0.87500000 1 1.00000000 0.00000000 0.00000000 0.00000000
Neuron 838 3 0.87500000 1 1.00000000 0.00000000 0.00000000 0.00000000
Neuron 839 3 0.56250000 1 1.00000000 0.00000000 0.00000000 0.00000000
Neuron 840 3 0.50000000 1 1.00000000 0.00000000 0.00000000 0.00000000
Neuron 846 3 0.68750000 1 1.00000000 0.00000000 0.00000000 0.00000000
Neuron 847 3 0.37500000 1 1.00000000 0.00000000 0.00000000 0.00000000
Neuron 869 3 0.53125000 1 1.00000000 0.00000000 0.00000000 0.00000000
Neuron 874 3 0.59375000 1 1.00000000 0.00000000 0.00000000 0.00000000
Neuron 885 3 0.50000000 1 1.00000000 0.00000000 0.00000000 0.00000000
Neuron 894 3 0.50000000 1 1.00000000 0.00000000 0.00000000 0.00000000
Neuron 899 3 0.71875000 1 1.00000000 0.00000000 0.00000000 0.00000000
Neuron 908 3 0.56250000 1 1.00000000 0.00000000 0.00000000 0.00000000
Neuron 914 3 0.50000000 1 1.00000000 0.00000000 0.00000000 0.00000000
Neuron 921 3 0.28125000 1 1.00000000 0.00000000 0.00000000 0.00000000
Neuron 929 3 0.56250000 1 1.00000000 0.00000000 0.00000000 0.00000000
Neuron 934 3 0.50000000 1 1.00000000 0.00000000 0.00000000 0.00000000
Neuron 936 3 0.56250000 1 1.00000000 0.00000000 0.00000000 0.00000000
Neuron 937 3 0.53125000 1 1.00000000 0.00000000 0.00000000 0.00000000
Neuron 938 3 0.78125000 1 1.00000000 0.00000000 0.00000000 0.00000000
Neuron 953 3 0.50000000 1 1.00000000 0.00000000 0.00000000 0.00000000
Neuron 954 3 0.76562500 1 1.00000000 0.00000000 0.00000000 0.00000000
Neuron 960 3 0.25000000 1 1.00000000 0.00000000 0.00000000 0.00000000
Neuron 988 3 0.93750000 1 1.00000000 0.00000000 0.00000000 0.00000000
Neuron 990 3 0.37500000 1 1.00000000 0.00000000 0.00000000 0.00000000
Neuron 992 3 0.68750000 1 1.00000000 0.00000000 0.00000000 0.00000000
Neuron 993 3 0.54687500 1 1.00000000 0.00000000 0.00000000 0.00000000
Neuron 998 3 0.37500000 1 1.00000000 0.00000000 0.00000000 0.00000000
Neuron 1007 3 0.31250000 1 1.00000000 0.00000000 0.00000000 0.00000000
Neuron 1009 3 0.50000000 1 1.00000000 0.00000000 0.00000000 0.00000000
Neuron 1012 3 0.32812500 1 1.00000000 0.00000000 0.00000000 0.00000000
Neuron 1014 3 0.81250000 1 1.00000000 0.00000000 0.00000000 0.00000000
Neuron 1017 3 0.40625000 1 1.00000000 0.00000000 0.00000000 0.00000000
Neuron 1018 3 0.18750000 1 1.00000000 0.00000000 0.00000000 0.00000000
Neuron 1022 3 0.62500000 1 1.00000000 0.00000000 0.00000000 0.00000000
Neuron 1033 3 0.25000000 1 1.00000000 0.00000000 0.00000000 0.00000000
Neuron 1042 3 0.65625000 1 1.00000000 0.00000000 0.00000000 0.00000000
Neuron 1047 3 0.31250000 1 1.00000000 0.00000000 0.00000000 0.00000000
Neuron 1054 3 0.62500000 1 1.00000000 0.00000000 0.00000000 0.00000000
Neuron 1066 3 0.34375000 1 1.00000000 0.00000000 0.00000000 0.00000000
Neuron 1068 3 0.25000000 1 1.00000000 0.00000000 0.00000000 0.00000000
Neuron 1080 3 0.56250000 1 1.00000000 0.00000000 0.00000000 0.00000000
Neuron 1087 3 0.31250000 1 1.00000000 0.00000000 0.00000000 0.00000000
Neuron 1098 3 0.87500000 1 1.00000000 0.00000000 0.00000000 0.00000000
Neuron 1103 3 0.93750000 1 1.00000000 0.00000000 0.00000000 0.00000000
Neuron 1111 3 0.53125000 1 1.00000000 0.00000000 0.00000000 0.00000000
Neuron 1118 3 0.50000000 1 1.00000000 0.00000000 0.00000000 0.00000000
Neuron 1132 3 0.62500000 1 1.00000000 0.00000000 0.00000000 0.00000000
Neuron 1143 3 0.37500000 1 1.00000000 0.00000000 0.00000000 0.00000000
Neuron 1165 3 0.43750000 1 1.00000000 0.00000000 0.00000000 0.00000000
Neuron 1168 3 0.28125000 1 1.00000000 0.00000000 0.00000000 0.00000000
Neuron 1175 3 0.75000000 1 1.00000000 0.00000000 0.00000000 0.00000000
Neuron 1179 3 0.25000000 1 1.00000000 0.00000000 0.00000000 0.00000000
Neuron 1211 3 0.56250000 1 1.00000000 0.00000000 0.00000000 0.00000000
Neuron 1239 3 0.51562500 1 1.00000000 0.00000000 0.00000000 0.00000000
Neuron 1255 3 0.62500000 1 1.00000000 0.00000000 0.00000000 0.00000000
Neuron 1273 3 0.65625000 1 1.00000000 0.00000000 0.00000000 0.00000000
Neuron 1280 3 0.42187500 1 1.00000000 0.00000000 0.00000000 0.00000000
Neuron 1281 3 1.00000000 1 1.00000000 0.00000000 0.00000000 0.00000000
Neuron 1284 3 0.60937500 1 1.00000000 0.00000000 0.00000000 0.00000000
Neuron 1304 3 0.93750000 1 1.00000000 0.00000000 0.00000000 0.00000000
Neuron 1327 3 1.00000000 1 1.00000000 0.00000000 0.00000000 0.00000000
Neuron 1331 3 0.75000000 1 1.00000000 0.00000000 0.00000000 0.00000000
Neuron 1343 3 0.62500000 1 1.00000000 0.00000000 0.00000000 0.00000000
Neuron 1435 3 0.60937500 1 1.00000000 0.00000000 0.00000000 0.00000000
Neuron 1443 3 0.50000000 1 1.00000000 0.00000000 0.00000000 0.00000000
Neuron 1450 3 0.51562500 1 1.00000000 0.00000000 0.00000000 0.00000000
Neuron 1488 3 0.37500000 1 1.00000000 0.00000000 0.00000000 0.00000000
Neuron 1528 3 0.73437500 1 1.00000000 0.00000000 0.00000000 0.00000000
Neuron 1532 3 1.00000000 1 1.00000000 0.00000000 0.00000000 0.00000000
Neuron 1558 3 0.87500000 1 1.00000000 0.00000000 0.00000000 0.00000000
Neuron 1571 3 0.12500000 1 1.00000000 0.00000000 0.00000000 0.00000000
Neuron 1618 3 0.50000000 1 1.00000000 0.00000000 0.00000000 0.00000000
Neuron 1677 3 0.65625000 1 1.00000000 0.00000000 0.00000000 0.00000000
Neuron 1690 3 0.59375000 1 1.00000000 0.00000000 0.00000000 0.00000000
Neuron 1699 3 0.53125000 1 1.00000000 0.00000000 0.00000000 0.00000000
Neuron 1708 3 0.50000000 1 1.00000000 0.00000000 0.00000000 0.00000000
Neuron 1710 3 0.68750000 1 1.00000000 0.00000000 0.00000000 0.00000000
Neuron 1722 3 0.50781250 1 1.00000000 0.00000000 0.00000000 0.00000000
Neuron 1745 3 0.68750000 1 1.00000000 0.00000000 0.00000000 0.00000000
Neuron 1956 3 0.46875000 1 1.00000000 0.00000000 0.00000000 0.00000000
Neuron 1963 3 0.53125000 1 1.00000000 0.00000000 0.00000000 0.00000000
Neuron 1981 3 0.57812500 1 1.00000000 0.00000000 0.00000000 0.00000000
Neuron 1984 3 0.52343750 1 1.00000000 0.00000000 0.00000000 0.00000000
Link 2 10 2 0 -1.35374990
Link 3 10 3 0 -0.84303808
Link 4 10 4 0 1.11303061
Link 5 10 5 0 0.09176025
Link 6 10 6 0 3.05956058
Link 7 10 7 0 0.31889831
Link 8 10 8 0 -0.92804488
Link 9 10 9 0 -1.78702358
Link 1 11 10 0 -0.89195316
Link 2 11 11 0 1.44736419
Link 3 11 12 0 0.06524920
Link 4 11 13 0 -1.61754978
Link 5 11 14 0 0.38708402
Link 6 11 15 0 -3.19891327
Link 7 11 16 0 -1.23960949
Link 8 11 17 0 -3.28948067
Link 9 11 18 0 0.57120896
Link 1 12 19 0 -3.63358995
Link 2 12 20 0 2.56455407
Link 3 12 21 0 -1.00389994
Link 4 12 22 0 4.54013734
Link 5 12 23 0 1.10855978
Link 6 12 24 0 3.70348157
Link 7 12 25 0 -0.53393849
Link 9 12 27 0 1.45472438
Link 1 13 28 0 2.58095151
Link 2 13 29 0 1.56048878
Link 3 13 30 0 -3.41539704
Link 4 13 31 0 -1.77105358
Link 5 13 32 0 1.10889964
Link 6 13 33 0 -0.57183404
Link 8 13 35 0 1.67499414
Link 9 13 36 0 0.78854824
Link 1 14 37 0 3.11009184
Link 2 14 38 0 0.55453941
Link 3 14 39 0 1.03375329
Link 4 14 40 0 -3.70443821
Link 5 14 41 0 -1.70713639
Link 6 14 42 0 -2.66899104
Link 7 14 43 0 3.52266546
Link 8 14 44 0 1.16937355
Link 9 14 45 0 -1.96802313
Link 1 15 46 0 2.16433975
Link 3 15 48 0 2.95595463
Link 4 15 49 0 0.86002239
Link 5 15 50 0 0.88843631
Link 6 15 51 0 2.15322614
Link 7 15 52 0 0.41891854
Link 8 15 53 0 2.12938893
Link 9 15 54 0 -4.04422314
Link 1 16 55 0 2.22847744
Link 2 16 56 0 -1.02508864
Link 3 16 57 0 3.30801282
Link 4 16 58 0 2.13905410
Link 5 16 59 0 0.42386320
Link 6 16 60 0 -0.87337987
Link 7 16 61 0 2.42622922
Link 8 16 62 0 0.51977416
Link 9 16 63 0 0.44451271
Link 17 16 66 0 -0.05667426
Link 7 18 68 0 -1.02190175
Link 18 15 69 0 0.20238788
Link 3 19 71 0 -0.22761115
Link 19 15 72 0 1.93508830
Link 6 20 74 0 -1.22009036
Link 20 10 75 0 3.54921281
Link 6 21 77 0 -1.61164007
Link 3 22 80 0 0.59562028
Link 22 10 81 0 -0.23513084
Link 7 23 83 0 -1.14907264
Link 23 14 84 0 0.83175576
Link 2 24 86 0 -0.80305186
Link 7 25 89 0 0.34997064
Link 25 11 90 0 -5.26590687
Link 3 26 92 0 3.11461227
Link 26 12 93 0 3.53286706
Link 5 27 95 0 0.66685756
Link 27 11 96 0 -0.37343302
Link 6 28 98 0 -1.57046932
Link 28 15 99 0 1.47098099
Link 5 29 101 0 0.03847424
Link 29 14 102 0 -0.29189347
Link 5 32 110 0 -1.61404660
Link 32 16 111 0 1.95188760
Link 34 13 117 0 -0.61071509
Link 1 35 119 0 -1.64428152
Link 35 10 120 0 -0.45930857
Link 5 21 122 0 -0.11059409
Link 7 36 124 0 1.83630803
Link 36 10 125 0 -1.29862985
Link 5 37 127 0 0.49125836
Link 37 12 128 0 0.13380519
Link 6 38 131 0 4.15942772
Link 38 11 132 0 0.51905850
Link 4 39 135 0 0.89387115
Link 39 12 136 0 1.96355380
Link 2 40 138 0 -4.67122455
Link 40 16 139 0 -1.21313114
Link 8 42 146 0 2.61216527
Link 42 13 147 0 -1.34078268
Link 43 10 151 0 -1.82580461
Link 1 44 153 0 0.44445694
Link 44 11 154 0 3.74288519
Link 46 14 161 0 -1.55912093
Link 3 47 163 0 0.79452751
Link 47 14 164 0 0.30373627
Link 7 48 166 0 0.06766210
Link 48 13 167 0 -1.75693242
Link 3 20 171 0 2.73978362
Link 4 49 173 0 0.26156281
Link 49 14 174 0 2.33558696
Link 5 50 178 0 -0.91914714
Link 7 52 186 0 1.58587544
Link 52 16 187 0 -1.39675242
Link 14 14 188 1 0.97194080
Link 6 53 190 0 1.17301853
Link 53 16 191 0 1.43783015
Link 15 15 192 1 1.38449811
Link 2 55 197 0 -0.27183100
Link 5 57 208 0 -1.17228487
Link 57 15 209 0 1.89667752
Link 8 59 215 0 2.15251463
Link 59 11 216 0 -0.46543787
Link 3 60 219 0 -0.26395831
Link 60 11 220 0 -1.17304627
Link 62 10 226 0 -0.81880240
Link 4 63 229 0 0.32226500
Link 63 10 230 0 2.00685152
Link 64 14 234 0 -0.07819935
Link 5 65 236 0 0.26935341
Link 8 25 240 0 0.97104432
Link 2 66 247 0 -1.30922770
Link 66 15 248 0 0.75985058
Link 8 67 250 0 0.61750952
Link 67 12 251 0 -3.55026260
Link 6 69 262 0 -0.42125847
Link 69 14 263 0 1.00508484
Link 2 70 267 0 3.38229772
Link 3 23 273 0 1.18998728
Link 3 71 280 0 1.69463954
Link 44 73 288 0 -1.77165854
Link 73 11 289 0 3.04078690
Link 6 74 295 0 0.55995225
Link 13 13 298 1 -0.38230014
Link 11 11 308 1 -1.28944715
Link 8 49 310 0 0.12376588
Link 50 76 318 0 -0.06542215
Link 76 10 319 0 0.99351145
Link 7 77 321 0 2.08720865
Link 5 42 327 0 -2.01720840
Link 2 78 334 0 -1.66239202
Link 78 66 335 0 -3.27793432
Link 2 79 341 0 -0.97200735
Link 79 13 342 0 -3.03088635
Link 32 80 347 0 -0.42887391
Link 80 16 348 0 -0.38614931
Link 8 81 351 0 0.98329191
Link 81 16 352 0 0.71190207
Link 9 20 383 0 0.27541128
Link 5 86 394 0 0.83060600
Link 86 32 395 0 -2.64761273
Link 55 88 411 0 1.91556672
Link 88 12 412 0 0.98688176
Link 4 32 415 0 0.95436836
Link 49 10 431 0 -3.73075075
Link 71 92 435 0 0.19043161
Link 9 49 451 0 0.55677920
Link 12 66 468 1 0.06120388
Link 66 94 482 0 -1.43365169
Link 94 15 483 0 4.51817742
Link 29 10 504 0 -1.84471631
Link 100 11 535 0 2.98089968
Link 42 106 614 0 -0.10672628
Link 106 13 615 0 0.57501258
Link 48 12 653 0 0.52619408
Link 40 40 673 1 -0.43068518
Link 20 20 682 1 0.76169108
Link 6 113 693 0 0.10893474
Link 113 20 694 0 -0.64971020
Link 40 114 696 0 -1.09275074
Link 114 16 697 0 -0.78499401
Link 1 116 707 0 -1.58854922
Link 116 31 708 0 0.37808477
Link 117 10 711 1 -3.74732345
Link 4 118 719 0 0.98513181
Link 118 49 720 0 -1.09140119
Link 2 120 730 0 -0.41614559
Link 2 121 736 0 2.90934669
Link 121 40 737 0 0.95429905
Link 15 125 784 1 -0.00290806
Link 125 49 785 1 0.01027314
Link 67 128 813 0 2.12025679
Link 128 12 814 0 -2.21504424
Link 13 24 869 1 1.07939754
Link 8 136 878 0 0.42557327
Link 6 139 900 0 1.01531562
Link 139 53 901 0 0.89624255
Link 143 74 953 0 1.06428179
Link 50 11 965 0 0.21150733
Link 74 148 999 0 -0.79309871
Link 148 12 1000 0 -1.89211167
Link 3 149 1007 0 -1.30011200
Link 149 20 1008 0 -0.05672989
Link 5 150 1017 0 1.78634757
Link 150 50 1018 0 -2.74470130
Link 21 21 1032 1 -0.75313487
Link 6 152 1043 0 0.80674739
Link 152 38 1044 0 -1.88261443
Link 52 154 1057 0 -1.00465060
Link 154 16 1058 0 -0.53634315
Link 70 156 1069 0 0.14299528
Link 156 11 1070 0 0.07296262
Link 15 38 1076 1 0.75184312
Link 7 158 1099 0 -2.94913351
Link 12 70 1103 1 0.12897253
Link 70 70 1121 1 1.00149862
Link 3 163 1133 0 1.27169271
Link 163 17 1134 0 -2.40534937
Link 65 165 1141 0 -0.05366157
Link 165 13 1142 0 1.62167422
Link 22 166 1147 0 -0.77418613
Link 49 169 1164 0 -2.58086084
Link 169 14 1165 0 0.73291359
Link 20 29 1198 0 -1.69223044
Link 62 174 1205 0 3.07736079
Link 174 10 1206 0 0.90261069
Link 49 178 1232 0 -0.76764493
Link 178 169 1233 0 0.62010215
Link 53 185 1293 0 1.73745345
Link 185 16 1294 0 0.65152955
Link 186 10 1302 0 -1.20182466
Link 9 69 1317 0 -0.91058133
Link 8 48 1353 0 3.22411822
Link 60 14 1361 0 0.03089393
Link 5 191 1368 0 -0.68099554
Link 191 65 1369 0 3.91822755
Link 4 125 1371 0 -1.45196080
Link 49 49 1374 1 1.71246779
Link 5 195 1392 0 1.78746509
Link 195 37 1393 0 -0.09525820
Link 21 197 1410 0 -2.55004666
Link 197 13 1411 0 1.65800975
Link 8 199 1417 0 -1.34606254
Link 199 59 1418 0 -2.40431587
Link 77 201 1438 0 -0.39875231
Link 48 14 1468 0 -0.36973569
Link 19 20 1519 0 0.97761805
Link 55 213 1524 0 -0.21741554
Link 213 88 1525 0 -0.85475874
Link 21 94 1535 0 1.47621005
Link 5 125 1536 0 -1.40326765
Link 92 218 1559 0 1.92606469
Link 218 60 1560 0 1.23815399
Link 23 20 1574 0 1.14144633
Link 48 10 1576 0 0.99319356
Link 32 50 1584 0 0.70001108
Link 40 25 1597 0 -1.69670293
Link 21 16 1645 0 -1.72152009
Link 229 53 1650 0 1.36819552
Link 230 17 1662 1 2.05079525
Link 31 234 1682 0 1.23559834
Link 234 66 1683 0 -0.97119982
Link 2 236 1692 0 -1.13164780
Link 236 55 1693 0 0.67485380
Link 31 230 1697 0 -3.53909071
Link 37 238 1717 0 0.15757720
Link 238 12 1718 0 -0.17163969
Link 8 239 1722 0 1.15877610
Link 239 42 1723 0 -0.24766663
Link 13 242 1739 1 -4.03550513
Link 16 248 1791 1 -1.37050273
Link 248 16 1792 1 -1.52936617
Link 3 250 1804 0 0.03383424
Link 250 34 1805 0 -0.77184130
Link 3 253 1844 0 -4.82925681
Link 253 26 1845 0 -4.86550196
Link 31 94 1853 0 -0.32197942
Link 31 256 1855 0 -4.19277409
Link 256 234 1856 0 1.22678146
Link 24 258 1870 0 -2.06783718
Link 258 14 1871 0 1.47888051
Link 8 260 1885 0 -0.28063771
Link 197 263 1904 0 2.03345578
Link 263 13 1905 0 2.33752259
Link 10 49 1915 1 3.70886435
Link 9 34 1931 0 3.31354006
Link 273 62 1977 0 -1.43241950
Link 186 19 1991 1 1.54563550
Link 4 291 2096 0 -1.61884779
Link 291 125 2097 0 -2.00699401
Link 116 116 2158 1 -0.92649232
Link 23 34 2159 0 1.04802233
Link 169 301 2178 1 -0.91783805
Link 301 34 2179 1 0.68525855
Link 55 169 2276 0 1.12437115
Link 66 318 2282 0 -0.05713691
Link 14 59 2285 1 0.28825687
Link 5 34 2309 0 0.60942568
Link 6 329 2345 0 -0.43128744
Link 329 12 2346 0 1.83912158
Link 169 331 2357 0 -4.43137456
Link 12 334 2379 1 3.55034311
Link 334 70 2380 1 3.25105537
Link 5 339 2417 0 2.48722851
Link 339 125 2418 0 0.10993506
Link 8 340 2426 0 -1.42504543
Link 65 35 2457 0 -1.52905069
Link 31 197 2472 0 -0.45479020
Link 4 301 2479 0 1.69922654
Link 24 20 2502 0 -1.72792313
Link 10 48 2507 1 -2.72754756
Link 186 351 2528 1 1.95726487
Link 69 57 2579 0 -0.02751282
Link 69 15 2602 0 -2.17852062
Link 60 69 2640 0 0.85218756
Link 59 371 2649 1 -2.81269381
Link 371 59 2650 1 -0.60054507
Link 156 375 2674 0 3.07524423
Link 375 11 2675 0 -0.09187225
Link 377 24 2692 0 0.61548622
Link 186 62 2707 1 -1.66138531
Link 14 40 2741 1 -2.04380394
Link 26 387 2746 0 -1.18775664
Link 387 12 2747 0 3.44101408
Link 329 389 2761 0 2.10893829
Link 393 169 2788 0 -1.84856563
Link 59 65 2802 0 1.73041002
Link 169 397 2809 1 -2.92591728
Link 397 301 2810 1 -1.53505802
Link 70 398 2813 0 -1.94843692
Link 398 24 2814 0 0.64811919
Link 21 399 2835 0 -2.91859355
Link 399 197 2836 0 -2.90239148
Link 31 402 2860 0 1.60461025
Link 4 403 2865 0 -0.81106835
Link 403 301 2866 0 -0.49018430
Link 113 410 2893 0 2.31691842
Link 410 20 2894 0 -4.11695602
Link 412 81 2909 0 -1.39952222
Link 1 230 2916 0 -1.96369599
Link 11 415 2924 1 -0.22377416
Link 415 62 2925 1 1.23853013
Link 76 419 2955 0 -2.06524616
Link 419 10 2956 0 2.71537759
Link 60 420 2964 0 -2.69939405
Link 420 100 2965 0 -1.42642232
Link 50 422 2975 0 3.47087017
Link 422 11 2976 0 2.32730475
Link 389 424 2993 0 -2.21891857
Link 424 12 2994 0 -0.36258774
Link 5 431 3049 0 2.42981265
Link 431 59 3050 0 -1.09866166
Link 34 398 3056 0 1.79697101
Link 8 435 3090 0 -1.77585904
Link 435 53 3091 0 -0.93309668
Link 11 55 3092 1 3.16491176
Link 351 437 3102 1 2.25635099
Link 437 19 3103 1 -1.39950680
Link 1 258 3114 0 -0.17365804
Link 13 439 3123 1 2.86704326
Link 439 49 3124 1 -1.95662678
Link 1 441 3132 0 0.38390932
Link 441 66 3133 0 2.15246477
Link 329 23 3138 0 0.92296455
Link 3 445 3157 0 0.64956588
Link 445 229 3158 0 0.05300232
Link 398 447 3165 0 -0.56080107
Link 447 24 3166 0 0.08457622
Link 6 450 3191 0 -0.15059841
Link 450 16 3192 0 3.56055597
Link 13 46 3201 1 -2.23075066
Link 4 34 3221 0 -3.55666792
Link 19 81 3236 0 1.52243923
Link 117 329 3259 1 4.28221025
Link 364 463 3264 1 -3.14944606
Link 463 35 3265 1 1.66940430
Link 7 156 3270 0 -3.23944247
Link 318 465 3282 0 0.75711470
Link 465 186 3283 0 -0.51751084
Link 242 466 3285 1 -3.18385935
Link 466 13 3286 1 4.08187964
Link 318 69 3302 1 -1.05432641
Link 6 471 3312 0 0.12194458
Link 471 113 3313 0 0.96060873
Link 6 48 3329 0 -4.74112244
Link 26 49 3363 0 -2.02454097
Link 29 38 3369 0 3.39430003
Link 1 485 3434 0 0.32571606
Link 485 364 3435 0 -0.93693215
Link 88 486 3441 0 -1.12060612
Link 486 12 3442 0 -3.12553088
Link 487 393 3454 0 0.82717267
Link 14 23 3460 1 -2.17941680
Link 242 230 3469 1 -1.16343867
Link 25 489 3471 0 -0.09610454
Link 29 490 3478 0 1.31114668
Link 490 46 3479 0 2.31384438
Link 69 12 3497 0 -0.09473222
Link 52 125 3499 0 1.64446511
Link 52 69 3531 0 -2.65537396
Link 26 20 3552 0 -0.75914967
Link 393 502 3557 0 -4.50029453
Link 11 504 3575 1 2.32992069
Link 504 55 3576 1 -0.41562893
Link 48 62 3583 0 -0.03917572
Link 4 507 3592 0 0.72496210
Link 507 23 3593 0 -0.73415126
Link 509 117 3610 1 2.97009157
Link 2 512 3640 0 -0.81062890
Link 512 10 3641 0 1.70217142
Link 42 88 3642 0 0.01527598
Link 5 516 3661 0 0.60802882
Link 516 21 3662 0 0.81724291
Link 11 517 3665 1 0.81857710
Link 517 230 3666 1 1.02081491
Link 201 10 3683 0 1.87843021
Link 2 136 3684 0 -4.86563548
Link 6 522 3694 0 0.15807610
Link 522 143 3695 0 -0.44298901
Link 100 523 3700 1 1.77165743
Link 523 48 3701 1 2.86763332
Link 524 34 3709 1 -2.50271148
Link 528 64 3737 0 -1.64480762
Link 530 94 3751 0 0.49339789
Link 230 94 3766 0 0.42231928
Link 18 48 3814 0 1.10326859
Link 431 31 3826 0 -0.83667629
Link 52 540 3839 0 -0.48807673
Link 540 69 3840 0 -0.89097965
Link 1 546 3864 0 0.73447223
Link 546 258 3865 0 -1.51822097
Link 76 12 3887 0 -0.73655828
Link 25 74 3895 0 -3.30364161
Link 2 553 3901 0 0.75922019
Link 553 530 3902 0 1.05738771
Link 66 301 3910 0 1.24595145
Link 14 18 3959 1 -0.35918717
Link 466 14 3995 0 2.98906390
Link 263 567 3997 0 -1.07408521
Link 567 13 3998 0 0.52742243
Link 71 100 4044 0 -1.18827966
Link 18 575 4049 0 -0.61862659
Link 575 48 4050 0 1.66906789
Link 55 576 4052 0 -2.61140805
Link 576 169 4053 0 0.09240261
Link 24 42 4104 0 -0.98303174
Link 230 586 4113 1 -0.14742890
Link 586 364 4114 1 -1.89806948
Link 14 590 4157 1 1.57384181
Link 590 18 4158 1 -0.20930396
Link 13 393 4184 1 0.04975131
Link 2 595 4205 0 -2.06771403
Link 595 62 4206 0 -0.93417935
Link 301 23 4223 1 -1.16625969
Link 318 13 4235 0 -0.46947312
Link 34 76 4237 0 -2.85763979
Link 3 598 4240 0 -4.57295145
Link 598 250 4241 0 -0.09619197
Link 5 393 4258 0 2.74984412
Link 76 18 4259 1 0.09778988
Link 463 600 4274 1 1.63012965
Link 600 35 4275 1 2.54419035
Link 601 49 4280 1 -1.29437885
Link 14 507 4281 1 -1.17509579
Link 66 602 4283 0 -2.64874182
Link 602 301 4284 0 -1.49669361
Link 81 273 4290 1 1.21312655
Link 4 603 4293 0 0.27048225
Link 603 507 4294 0 1.54783537
Link 113 169 4301 0 -0.70227912
Link 32 69 4358 0 3.54760843
Link 487 612 4360 0 -0.66122864
Link 612 393 4361 0 -0.78843154
Link 253 602 4428 0 -0.93183927
Link 487 621 4432 0 0.32374591
Link 621 612 4433 0 2.88378689
Link 16 507 4451 1 -1.00005968
Link 507 623 4453 0 0.81604391
Link 623 23 4454 0 -1.59909479
Link 340 625 4464 0 0.06585139
Link 625 43 4465 0 1.84218211
Link 15 253 4466 1 -0.86175419
Link 60 169 4519 0 0.93592492
Link 250 88 4526 0 0.13267707
Link 635 11 4547 0 1.75221884
Link 65 253 4548 1 3.95254501
Link 48 424 4551 0 2.32983462
Link 158 637 4558 0 1.88012616
Link 637 18 4559 0 3.91335103
Link 76 158 4582 1 3.36001253
Link 15 642 4594 1 -3.64270779
Link 642 15 4595 1 -1.14457262
Link 645 18 4616 1 0.04416688
Link 3 507 4629 0 -1.95692702
Link 42 24 4670 0 -2.22448224
Link 651 49 4680 1 2.53381307
Link 439 598 4682 1 -0.21610076
Link 487 250 4689 0 1.30821608
Link 7 652 4693 0 -1.64629025
Link 158 654 4708 0 0.69229872
Link 654 637 4709 0 1.63418475
Link 76 258 4748 0 1.60291553
Link 301 658 4760 1 1.57065189
Link 658 23 4761 1 2.07076567
Link 331 659 4763 0 -0.57573232
Link 659 14 4764 0 -0.72737215
Link 14 662 4795 1 -0.40442698
Link 662 23 4796 1 -4.64732676
Link 15 31 4809 1 -0.25620974
Link 34 654 4818 1 -2.94848473
Link 602 669 4839 0 -2.41364047
Link 69 439 4856 0 2.14922786
Link 169 677 4924 0 0.86354617
Link 677 331 4925 0 2.28127287
Link 116 234 4931 0 -1.05156895
Link 23 602 4982 0 -0.74245061
Link 530 688 5015 0 1.16733558
Link 688 94 5016 0 0.64918846
Link 94 504 5017 0 2.28222142
Link 23 65 5052 0 -2.19984629
Link 507 331 5070 0 1.48226431
Link 29 117 5106 0 -2.00850341
Link 4 701 5115 0 -2.52787897
Link 701 403 5116 0 0.61893095
Link 1 250 5128 0 -0.75835132
Link 318 50 5129 1 -1.17098431
Link 5 703 5132 0 3.19650178
Link 703 12 5133 0 -0.51379802
Link 507 707 5159 0 0.60220903
Link 707 403 5160 0 -0.03958971
Link 507 13 5195 0 0.32846937
Link 3 64 5206 0 -0.99546705
Link 165 714 5211 0 0.94137059
Link 714 13 5212 0 -0.64624412
Link 5 487 5224 0 -0.94427390
Link 301 28 5232 1 0.03557896
Link 42 76 5247 0 2.18996192
Link 250 250 5266 1 0.75776331
Link 253 720 5268 0 4.52232383
Link 720 602 5269 0 -6.86218162
Link 49 106 5276 0 -1.77119082
Link 62 419 5280 0 -2.47340371
Link 23 10 5293 0 -1.74060631
Link 301 331 5303 0 -1.15669824
Link 253 52 5314 0 -2.20563693
Link 113 88 5321 0 -0.98009719
Link 2 728 5331 0 -1.70077988
Link 728 55 5332 0 -4.71130022
Link 331 729 5343 1 1.77166102
Link 487 398 5367 0 -1.25960614
Link 2 732 5373 0 1.84484537
Link 732 487 5374 0 -0.81689423
Link 7 439 5380 0 2.70154068
Link 29 125 5407 0 3.28207403
Link 42 736 5413 0 -1.28799811
Link 736 106 5414 0 1.60513164
Link 447 739 5453 0 -0.72489029
Link 739 24 5454 0 -1.26553137
Link 8 398 5461 0 -2.07613441
Link 76 742 5477 0 3.68805137
Link 364 398 5490 1 -5.16753853
Link 74 747 5511 0 2.01219879
Link 747 24 5512 0 -1.90868006
Link 654 751 5538 0 1.35131789
Link 751 637 5539 0 0.29438902
Link 88 20 5563 1 3.51346496
Link 419 756 5569 0 -1.47382187
Link 756 10 5570 0 -2.41663449
Link 757 273 5580 0 -1.25119551
Link 76 760 5592 1 0.49147531
Link 125 201 5622 0 -1.31011344
Link 48 318 5631 0 1.04543506
Link 195 50 5657 0 -1.89094655
Link 48 769 5685 0 -0.36573820
Link 769 10 5686 0 2.41002474
Link 69 770 5693 0 -1.92101691
Link 770 57 5694 0 2.55083421
Link 652 773 5722 0 0.42193905
Link 773 158 5723 0 0.80291112
Link 149 169 5738 0 -1.86241874
Link 502 780 5797 0 -0.46121541
Link 780 169 5798 0 -2.12536746
Link 59 331 5854 0 4.10198713
Link 1 792 5863 0 -0.87196690
Link 792 10 5864 0 1.00309878
Link 602 23 5880 1 1.70468175
Link 6 807 5961 0 -0.04156482
Link 807 471 5962 0 0.03129234
Link 808 576 5965 0 -0.06875964
Link 489 809 5972 0 -0.47814336
Link 809 12 5973 0 -0.05627970
Link 420 419 5984 0 -0.77651872
Link 654 654 6007 1 1.56869101
Link 55 813 6016 0 0.70278258
Link 813 331 6017 0 3.14135418
Link 37 26 6019 0 1.12725399
Link 658 814 6025 1 -2.56607083
Link 814 23 6026 1 2.56199545
Link 69 398 6040 0 -2.11717366
Link 113 817 6048 0 -1.01325691
Link 817 410 6049 0 2.97853838
Link 23 88 6052 0 0.04391661
Link 530 258 6068 0 -1.63713076
Link 50 121 6086 1 -0.51848316
Link 38 106 6121 0 1.62886783
Link 826 16 6132 1 -1.30741275
Link 154 831 6168 0 -0.83327326
Link 831 16 6169 0 1.29044875
Link 169 60 6171 1 1.70442559
Link 106 838 6210 0 -0.84671276
Link 339 839 6213 0 0.54853729
Link 839 125 6214 0 -3.24253399
Link 49 840 6222 1 -0.57986522
Link 840 651 6223 1 -1.30016701
Link 846 169 6271 0 0.48469172
Link 260 847 6273 0 2.97841587
Link 847 49 6274 0 -0.74571862
Link 602 869 6439 1 0.02075656
Link 869 23 6440 1 -3.05267147
Link 39 502 6449 0 3.96151056
Link 485 169 6453 0 -0.11458860
Link 393 677 6457 0 -4.00156363
Link 7 149 6461 0 0.55447863
Link 23 11 6477 0 -0.80106063
Link 301 874 6483 1 1.09789308
Link 874 335 6484 1 0.51908043
Link 546 331 6536 0 -2.78021077
Link 66 12 6538 0 -1.83264114
Link 185 148 6556 0 -0.24652132
Link 48 885 6589 1 0.54585208
Link 885 48 6590 1 3.38549532
Link 158 64 6608 0 1.39379277
Link 49 398 6660 0 -0.87856974
Link 894 169 6701 0 -0.37144570
Link 465 439 6706 0 -0.65077264
Link 586 40 6719 1 -0.79304394
Link 899 397 6733 1 2.45237272
Link 79 50 6743 0 0.72425502
Link 139 258 6751 0 0.56163661
Link 116 637 6826 0 -4.66537591
Link 908 528 6840 0 1.12437814
Link 70 486 6864 0 -0.06452494
Link 6 914 6895 0 2.53794607
Link 914 11 6896 0 -2.98167498
Link 23 106 6936 0 -1.88663658
Link 120 921 6958 0 2.29969591
Link 921 757 6959 0 -1.53568898
Link 301 929 7027 1 2.18093582
Link 929 28 7028 1 -1.62345650
Link 29 412 7030 1 0.80116763
Link 156 339 7061 1 1.75917795
Link 59 934 7069 1 -0.99366067
Link 934 371 7070 1 0.60108059
Link 42 936 7083 0 0.13338518
Link 936 736 7084 0 -0.27682610
Link 403 937 7088 0 -1.49728728
Link 937 422 7089 0 0.65385734
Link 729 938 7095 1 1.44613529
Link 938 88 7096 1 -1.67906057
Link 229 197 7117 0 0.91788149
Link 22 78 7172 1 -0.89738545
Link 70 953 7231 1 -0.01400630
Link 953 70 7232 1 1.29900987
Link 258 88 7234 0 0.85945156
Link 938 954 7237 1 1.93853206
Link 954 88 7238 1 1.48123772
Link 3 960 7284 0 0.63591202
Link 960 23 7285 0 1.08527078
Link 1 339 7286 0 -0.71139727
Link 471 21 7289 0 1.37199626
Link 37 48 7304 0 0.13332529
Link 387 502 7319 1 0.14387535
Link 185 29 7393 1 -0.01291623
Link 52 659 7428 0 -0.51160170
Link 50 163 7449 1 -1.51567976
Link 158 156 7467 0 -0.78544686
Link 40 125 7520 0 -2.99996993
Link 809 988 7526 0 0.51758787
Link 988 12 7527 0 -1.93353247
Link 3 990 7540 0 -0.57798972
Link 990 64 7541 0 1.51625111
Link 439 992 7597 1 0.93893355
Link 992 601 7598 1 -2.07571809
Link 431 530 7600 0 -0.15482855
Link 335 993 7605 1 -3.35214978
Link 993 524 7606 1 1.58185564
Link 36 74 7616 0 -1.33067745
Link 69 389 7636 0 0.60060854
Link 195 998 7642 0 0.37512492
Link 998 37 7643 0 1.22236016
Link 139 125 7718 0 2.64836674
Link 136 1007 7735 0 -1.58100297
Link 1007 412 7736 0 -3.35026609
Link 23 1009 7753 0 -0.18622947
Link 1009 65 7754 0 -0.35581659
Link 914 46 7758 0 0.85947231
Link 253 1012 7785 0 0.88292886
Link 1012 720 7786 0 3.66262416
Link 34 371 7787 0 4.05633200
Link 57 34 7795 0 -1.14372933
Link 169 1014 7801 0 1.98897590
Link 1014 331 7802 0 -0.58354795
Link 79 25 7806 0 2.08837863
Link 236 1017 7833 0 2.64734439
Link 1017 602 7834 0 -1.74493350
Link 5 1018 7846 0 1.62396029
Link 1018 339 7847 0 1.09071628
Link 422 1022 7878 1 0.98019601
Link 1022 37 7879 1 0.57419400
Link 645 645 7909 1 -1.28405762
Link 2 1033 8010 0 0.35966637
Link 1033 40 8011 0 0.77954011
Link 701 645 8025 0 -0.46987763
Link 331 398 8040 1 3.35722554
Link 439 419 8061 0 -3.02636890
Link 387 1042 8109 1 -2.37279220
Link 116 1047 8140 0 -1.24910319
Link 1047 637 8141 0 0.49962091
Link 42 1054 8183 0 0.60322298
Link 1054 106 8184 0 1.44252854
Link 230 651 8210 1 0.58710500
Link 603 12 8244 0 1.53719293
Link 55 149 8270 1 1.05444792
Link 487 1066 8272 0 1.46446714
Link 1066 20 8273 0 -0.69590253
Link 3 1068 8285 0 1.21182746
Link 1068 20 8286 0 2.31674813
Link 364 1080 8382 1 0.10155187
Link 1080 398 8383 1 0.56501171
Link 393 50 8437 0 -2.31681907
Link 186 113 8444 1 1.53192548
Link 654 1087 8448 1 -1.61115203
Link 1087 654 8449 1 0.45696744
Link 169 1098 8538 0 1.33431634
Link 1098 14 8539 0 1.08457814
Link 838 1103 8573 0 -0.62905122
Link 1103 13 8574 0 1.73971297
Link 55 659 8584 0 0.40784851
Link 2 652 8605 0 0.20772562
Link 47 154 8608 0 3.39109800
Link 929 27 8634 1 -0.70354878
Link 1111 808 8672 0 1.08631186
Link 586 504 8725 0 -0.39368941
Link 79 1118 8747 0 -2.53933346
Link 1118 50 8748 0 -0.09315001
Link 546 1132 8849 0 -2.66764749
Link 1132 331 8850 0 -1.22365920
Link 158 1143 8930 0 0.62774257
Link 1143 18 8931 0 -0.68127373
Link 677 654 9079 1 -2.34259388
Link 410 1165 9093 0 -0.49073411
Link 1165 20 9094 0 3.13566525
Link 487 1168 9114 0 0.11673420
Link 1168 393 9115 0 -2.50547400
Link 9 1022 9146 0 0.43100995
Link 12 739 9178 1 3.30303400
Link 48 1175 9208 0 0.42248142
Link 1175 12 9209 0 0.72409598
Link 5 489 9221 0 0.80645191
Link 8 1179 9250 0 -0.39733454
Link 1179 635 9251 0 -0.13316385
Link 21 1211 9553 0 0.13237385
Link 1211 399 9554 0 1.26670818
Link 567 377 9581 1 1.37611667
Link 486 412 9640 1 0.33629254
Link 575 88 9655 0 2.47083094
Link 625 720 9685 0 1.61508837
Link 635 88 9696 0 0.35772010
Link 238 838 9720 0 2.66954878
Link 707 1239 9757 0 1.34187137
Link 1239 114 9758 0 1.74086671
Link 25 1255 9869 0 1.30942182
Link 1255 489 9870 0 2.45867278
Link 39 739 9880 0 -2.23650012
Link 21 364 9955 0 0.88286536
Link 1087 291 9973 0 0.68566615
Link 178 1273 10045 0 0.37131164
Link 1273 846 10046 0 -0.44794175
Link 720 136 10047 1 0.70466547
Link 57 1280 10156 1 3.28171233
Link 1280 751 10157 1 -0.95924616
Link 636 1281 10159 1 0.97922317
Link 1281 509 10160 1 -1.07658749
Link 118 234 10161 0 1.21878091
Link 1042 1284 10183 1 -1.64067769
Link 1284 502 10184 1 1.89076925
Link 331 1304 10320 0 1.13083295
Link 1304 14 10321 0 0.15295183
Link 178 466 10376 0 -0.04783306
Link 435 158 10500 0 -0.48266756
Link 154 15 10570 0 -2.46415408
Link 10 1327 10593 1 0.99623970
Link 1327 636 10594 1 -1.57567454
Link 36 415 10595 0 0.07673677
Link 742 1331 10618 0 1.33190072
Link 1331 258 10619 0 2.71302652
Link 1111 688 10641 0 -0.97623223
Link 960 847 10707 0 -0.02170481
Link 38 1343 10780 0 -1.71575957
Link 1343 106 10781 0 -2.42545168
Link 769 128 10787 0 -0.68758189
Link 29 40 10839 0 -0.39113074
Link 4 419 11040 0 4.31668693
Link 76 28 11107 1 0.85945827
Link 60 463 11160 0 0.19392624
Link 1179 22 11305 0 -0.04564077
Link 960 26 11351 0 0.34745555
Link 623 12 11380 0 -2.00896086
Link 658 466 11484 0 -0.12524994
Link 156 234 11647 1 1.22140152
Link 669 1435 11664 0 1.07240679
Link 1435 301 11665 0 0.32536681
Link 8 742 11679 0 -1.12018544
Link 158 1239 11718 0 -0.02496625
Link 34 1443 11736 0 0.42497000
Link 1443 371 11737 0 -2.74290925
Link 502 12 11775 0 -0.49328094
Link 31 399 11823 0 4.45119562
Link 410 335 11843 0 2.39719651
Link 34 489 11972 0 3.29958465
Link 331 419 11997 0 3.46860456
Link 49 238 12041 0 -1.91274867
Link 260 63 12208 0 -1.89434627
Link 149 1488 12214 0 1.00000000
Link 1488 894 12215 0 -2.04903564
Link 199 371 12371 0 -0.27140037
Link 169 1528 12655 1 0.47989758
Link 1528 899 12656 1 0.55614803
Link 248 1532 12683 1 0.91925833
Link 1532 826 12684 1 1.49740774
Link 291 720 12717 0 -1.48006270
Link 450 688 12724 0 0.86499104
Link 485 88 12902 0 -2.35375529
Link 55 86 12945 1 -0.89886089
Link 487 1284 12965 0 1.72567791
Link 166 1558 12992 0 3.13733079
Link 1558 10 12993 0 2.16445363
Link 1 773 13010 0 -2.99465214
Link 2 1571 13137 0 0.89231161
Link 1571 377 13138 0 0.45737954
Link 49 1618 13521 1 2.15330123
Link 1618 651 13522 1 4.87128435
Link 32 831 13683 0 2.12442211
Link 471 757 13880 0 -1.37970553
Link 121 934 13945 0 -5.22191676
Link 760 1677 14087 1 1.25489707
Link 1677 645 14088 1 0.24865363
Link 57 1690 14206 0 0.33396825
Link 1690 586 14207 0 0.95968394
Link 178 953 14227 1 0.74877376
Link 40 1699 14297 0 1.24300945
Link 1699 929 14298 0 -0.88170635
Link 35 1708 14397 0 0.89386384
Link 1708 65 14398 0 0.54323372
Link 76 1710 14423 1 1.17363455
Link 1710 645 14424 1 -0.24262109
Link 38 1722 14511 0 1.72316187
Link 1722 1450 14512 0 -3.79234432
Link 38 28 14668 0 5.29020172
Link 402 1745 14730 0 1.13179897
Link 1745 230 14731 0 -0.34820658
Link 65 528 14773 0 2.40566264
Link 992 12 14873 0 0.69213665
Link 415 44 14943 1 -1.00218259
Link 960 720 15023 0 -1.20283555
Link 256 94 15501 0 3.99393439
Link 707 586 15514 0 -2.76837104
Link 651 415 15718 0 1.71791662
Link 1098 642 15790 0 -2.68266658
Link 340 128 15861 0 1.72774271
Link 7 291 15885 0 -0.01693417
Link 757 64 16173 0 0.45351592
Link 1118 49 16200 0 0.63520535
Link 516 1118 16224 0 -1.18233600
Link 234 953 16255 0 2.56182289
Link 3 435 16369 0 1.23640907
Link 846 174 16389 0 -0.14617623
Link 377 1956 16854 0 1.39944127
Link 23 1963 16907 0 1.59416356
Link 1963 908 16908 0 1.61270233
Link 1956 1981 17079 0 0.52513901
Link 1981 846 17080 0 -0.27715742
Link 1450 1984 17108 0 1.00000000
Link 1984 1111 17109 0 -1.01877077
Link 15 921 17215 1 -1.61483358
Link 17 64 17391 0 0.58663555
Link 463 185 17413 0 -0.66501741
Link 136 335 17427 0 0.79411942
GenomeEnd

