GenomeStart 40427
Neuron 1 1 0.00000000 1 0.00000000 0.00000000 0.00000000 0.00000000
Neuron 2 1 0.00000000 1 0.00000000 0.00000000 0.00000000 0.00000000
Neuron 3 1 0.00000000 1 0.00000000 0.00000000 0.00000000 0.00000000
Neuron 4 1 0.00000000 1 0.00000000 0.00000000 0.00000000 0.00000000
Neuron 5 1 0.00000000 1 0.00000000 0.00000000 0.00000000 0.00000000
Neuron 6 1 0.00000000 1 0.00000000 0.00000000 0.00000000 0.00000000
Neuron 7 1 0.00000000 1 0.00000000 0.00000000 0.00000000 0.00000000
Neuron 8 1 0.00000000 1 0.00000000 0.00000000 0.00000000 0.00000000
Neuron 9 2 0.00000000 1 0.00000000 0.00000000 0.00000000 0.00000000
Neuron 10 4 1.00000000 0 1.00000000 0.00000000 0.00000000 0.00000000
Neuron 11 4 1.00000000 0 1.00000000 0.00000000 0.00000000 0.00000000
Neuron 12 4 1.00000000 0 1.00000000 0.00000000 0.00000000 0.00000000
Neuron 13 4 1.00000000 0 1.00000000 0.00000000 0.00000000 0.00000000
Neuron 14 4 1.00000000 0 1.00000000 0.00000000 0.00000000 0.00000000
Neuron 15 4 1.00000000 0 1.00000000 0.00000000 0.00000000 0.00000000
Neuron 16 4 1.00000000 0 1.00000000 0.00000000 0.00000000 0.00000000
Neuron 18 3 0.50000000 1 1.00000000 0.00000000 0.00000000 0.00000000
Neuron 20 3 0.50000000 1 1.00000000 0.00000000 0.00000000 0.00000000
Neuron 23 3 0.50000000 1 1.00000000 0.00000000 0.00000000 0.00000000
Neuron 24 3 0.50000000 1 1.00000000 0.00000000 0.00000000 0.00000000
Neuron 26 3 0.50000000 1 1.00000000 0.00000000 0.00000000 0.00000000
Neuron 30 3 0.50000000 1 1.00000000 0.00000000 0.00000000 0.00000000
Neuron 32 3 0.50000000 1 1.00000000 0.00000000 0.00000000 0.00000000
Neuron 34 3 0.50000000 1 1.00000000 0.00000000 0.00000000 0.00000000
Neuron 40 3 0.50000000 1 1.00000000 0.00000000 0.00000000 0.00000000
Neuron 42 3 0.50000000 1 1.00000000 0.00000000 0.00000000 0.00000000
Neuron 45 3 0.50000000 1 1.00000000 0.00000000 0.00000000 0.00000000
Neuron 48 3 0.50000000 1 1.00000000 0.00000000 0.00000000 0.00000000
Neuron 49 3 0.50000000 1 1.00000000 0.00000000 0.00000000 0.00000000
Neuron 50 3 0.50000000 1 1.00000000 0.00000000 0.00000000 0.00000000
Neuron 52 3 0.50000000 1 1.00000000 0.00000000 0.00000000 0.00000000
Neuron 55 3 0.50000000 1 1.00000000 0.00000000 0.00000000 0.00000000
Neuron 66 3 0.50000000 1 1.00000000 0.00000000 0.00000000 0.00000000
Neuron 69 3 0.50000000 1 1.00000000 0.00000000 0.00000000 0.00000000
Neuron 70 3 0.50000000 1 1.00000000 0.00000000 0.00000000 0.00000000
Neuron 76 3 0.75000000 1 1.00000000 0.00000000 0.00000000 0.00000000
Neuron 80 3 0.75000000 1 1.00000000 0.00000000 0.00000000 0.00000000
Neuron 88 3 0.75000000 1 1.00000000 0.00000000 0.00000000 0.00000000
Neuron 106 3 0.75000000 1 1.00000000 0.00000000 0.00000000 0.00000000
Neuron 113 3 0.25000000 1 1.00000000 0.00000000 0.00000000 0.00000000
Neuron 125 3 0.75000000 1 1.00000000 0.00000000 0.00000000 0.00000000
Neuron 156 3 0.75000000 1 1.00000000 0.00000000 0.00000000 0.00000000
Neuron 169 3 0.75000000 1 1.00000000 0.00000000 0.00000000 0.00000000
Neuron 250 3 0.25000000 1 1.00000000 0.00000000 0.00000000 0.00000000
Neuron 253 3 0.25000000 1 1.00000000 0.00000000 0.00000000 0.00000000
Neuron 258 3 0.75000000 1 1.00000000 0.00000000 0.00000000 0.00000000
Neuron 301 3 0.62500000 1 1.00000000 0.00000000 0.00000000 0.00000000
Neuron 393 3 0.37500000 1 1.00000000 0.00000000 0.00000000 0.00000000
Neuron 398 3 0.50000000 1 1.00000000 0.00000000 0.00000000 0.00000000
Neuron 403 3 0.31250000 1 1.00000000 0.00000000 0.00000000 0.00000000
Neuron 439 3 0.75000000 1 1.00000000 0.00000000 0.00000000 0.00000000
Neuron 447 3 0.50000000 1 1.00000000 0.00000000 0.00000000 0.00000000
Neuron 486 3 0.87500000 1 1.00000000 0.00000000 0.00000000 0.00000000
Neuron 487 3 0.18750000 1 1.00000000 0.00000000 0.00000000 0.00000000
Neuron 502 3 0.56250000 1 1.00000000 0.00000000 0.00000000 0.00000000
Neuron 507 3 0.25000000 1 1.00000000 0.00000000 0.00000000 0.00000000
Neuron 540 3 0.50000000 1 1.00000000 0.00000000 0.00000000 0.00000000
Neuron 541 3 0.12500000 1 1.00000000 0.00000000 0.00000000 0.00000000
Neuron 598 3 0.12500000 1 1.00000000 0.00000000 0.00000000 0.00000000
Neuron 612 3 0.28125000 1 1.00000000 0.00000000 0.00000000 0.00000000
Neuron 622 3 0.50000000 1 1.00000000 0.00000000 0.00000000 0.00000000
Link 1 10 1 0 -2.10931878
Link 2 10 2 0 2.34943889
Link 4 10 4 0 4.04927422
Link 7 10 7 0 -0.58510354
Link 8 10 8 0 -1.63366966
Link 9 10 9 0 -2.03926572
Link 1 11 10 0 -2.79084478
Link 3 11 12 0 -0.80099161
Link 4 11 13 0 2.74699944
Link 5 11 14 0 -1.98204783
Link 6 11 15 0 -2.15198932
Link 7 11 16 0 -0.52729505
Link 8 11 17 0 0.60883492
Link 9 11 18 0 -1.72072039
Link 1 12 19 0 -0.74142252
Link 4 12 22 0 2.29852349
Link 5 12 23 0 -0.68447712
Link 6 12 24 0 -3.81452595
Link 7 12 25 0 3.84845809
Link 8 12 26 0 0.05783336
Link 9 12 27 0 -0.62154494
Link 1 13 28 0 -5.02591355
Link 2 13 29 0 -1.27878793
Link 4 13 31 0 0.90140976
Link 5 13 32 0 -1.44151993
Link 6 13 33 0 -1.35934481
Link 1 14 37 0 0.10140823
Link 3 14 39 0 -0.54938028
Link 5 14 41 0 5.30655972
Link 8 14 44 0 2.78254023
Link 9 14 45 0 4.75937395
Link 1 15 46 0 -3.84200465
Link 3 15 48 0 -4.91113659
Link 4 15 49 0 0.14918235
Link 5 15 50 0 0.66738126
Link 6 15 51 0 0.73224851
Link 8 15 53 0 4.49444754
Link 9 15 54 0 -0.79072175
Link 3 16 57 0 -0.62032180
Link 6 16 60 0 -0.83156450
Link 8 16 62 0 5.21494543
Link 9 16 63 0 2.49588355
Link 7 18 68 0 1.10035131
Link 18 15 69 0 1.46088442
Link 20 10 75 0 -4.35713038
Link 7 23 83 0 -0.60160713
Link 23 14 84 0 2.31026242
Link 2 24 86 0 2.46257535
Link 26 12 93 0 0.19694564
Link 1 30 104 0 1.06349319
Link 30 16 105 0 -0.83439517
Link 5 32 110 0 2.35734276
Link 2 40 138 0 0.25442794
Link 40 16 139 0 -0.17697959
Link 8 42 146 0 -0.15772945
Link 4 45 157 0 -0.03040032
Link 45 16 158 0 1.53974766
Link 48 13 167 0 -2.53016812
Link 3 20 171 0 1.99893828
Link 4 49 173 0 -0.57144530
Link 5 50 178 0 1.95220965
Link 7 52 186 0 3.04803057
Link 52 16 187 0 -2.06264630
Link 2 55 197 0 1.04641079
Link 2 66 247 0 0.28157467
Link 66 15 248 0 1.17393459
Link 6 69 262 0 0.88680865
Link 69 14 263 0 -4.22932431
Link 2 70 267 0 -1.76704363
Link 11 11 308 1 0.60708532
Link 50 76 318 0 2.40161337
Link 76 10 319 0 0.71388731
Link 32 80 347 0 1.09668206
Link 80 16 348 0 -1.02902410
Link 55 88 411 0 2.00407547
Link 4 32 415 0 2.45996862
Link 9 49 451 0 -0.09769703
Link 42 106 614 0 1.25907772
Link 106 13 615 0 -0.08488250
Link 6 113 693 0 0.86340273
Link 113 20 694 0 -0.25563949
Link 15 125 784 1 0.89115889
Link 125 49 785 1 3.39296269
Link 13 24 869 1 -1.12513831
Link 50 11 965 0 2.00455601
Link 70 156 1069 0 0.35144002
Link 156 11 1070 0 2.91124470
Link 12 70 1103 1 -1.86934406
Link 70 70 1121 1 0.50019604
Link 49 169 1164 0 2.09009216
Link 169 14 1165 0 -1.63261040
Link 8 48 1353 0 -0.32862271
Link 4 125 1371 0 -3.75330804
Link 49 49 1374 1 2.37250784
Link 5 125 1536 0 -0.02113810
Link 23 20 1574 0 -1.72226362
Link 48 10 1576 0 1.14064815
Link 250 34 1805 0 2.38979633
Link 253 26 1845 0 1.27124473
Link 24 258 1870 0 0.39568947
Link 258 14 1871 0 1.94716598
Link 10 49 1915 1 4.91037625
Link 9 34 1931 0 1.85192300
Link 23 34 2159 0 5.00443690
Link 125 11 2176 0 1.19469894
Link 169 301 2178 1 0.41433151
Link 301 34 2179 1 -2.92591204
Link 125 50 2204 1 1.14899168
Link 4 301 2479 0 0.58798836
Link 24 20 2502 0 -3.83612161
Link 69 15 2602 0 3.23670352
Link 4 403 2865 0 0.23051681
Link 403 301 2866 0 -1.49673227
Link 34 398 3056 0 1.95655624
Link 11 55 3092 1 0.80070694
Link 1 258 3114 0 2.50175689
Link 13 439 3123 1 1.08275151
Link 439 49 3124 1 -1.54627807
Link 398 447 3165 0 1.59893694
Link 447 24 3166 0 0.70203169
Link 4 34 3221 0 -1.66447770
Link 88 486 3441 0 -0.48497633
Link 486 12 3442 0 0.91588779
Link 2 487 3453 0 1.54897414
Link 393 502 3557 0 1.21624058
Link 502 169 3558 0 0.05552483
Link 4 507 3592 0 2.81135636
Link 507 23 3593 0 1.96701146
Link 18 48 3814 0 -1.03230075
Link 52 540 3839 0 2.07121795
Link 540 69 3840 0 -2.35233156
Link 3 541 3842 0 0.88767009
Link 541 253 3843 0 1.79616980
Link 76 12 3887 0 -0.93547330
Link 66 301 3910 0 -2.29024481
Link 14 18 3959 1 -3.73258700
Link 13 393 4184 1 -0.05561255
Link 3 598 4240 0 -0.09008171
Link 598 250 4241 0 1.44529794
Link 5 393 4258 0 0.25277259
Link 14 507 4281 1 -0.44519361
Link 113 169 4301 0 1.00075128
Link 487 612 4360 0 1.16609677
Link 612 393 4361 0 1.38688121
Link 70 622 4449 0 1.16341309
Link 622 398 4450 0 0.33015208
Link 439 598 4682 1 -2.52555082
Link 69 439 4856 0 -0.87887769
Link 20 42 4881 0 2.21795210
Link 507 403 5003 0 1.92170388
Link 125 398 5025 1 -1.56207502
Link 507 13 5195 0 0.01691162
Link 5 487 5224 0 -3.52756059
Link 42 76 5247 0 -1.84567373
Link 439 10 5396 0 2.65839484
Link 598 507 5425 0 0.85641361
Link 156 40 5520 1 2.02461777
Link 20 398 5822 0 3.53525997
Link 487 34 5853 0 1.10931922
GenomeEnd

