GenomeStart 114123
Neuron 1 1 0.00000000 1 0.00000000 0.00000000 0.00000000 0.00000000
Neuron 2 1 0.00000000 1 0.00000000 0.00000000 0.00000000 0.00000000
Neuron 3 1 0.00000000 1 0.00000000 0.00000000 0.00000000 0.00000000
Neuron 4 1 0.00000000 1 0.00000000 0.00000000 0.00000000 0.00000000
Neuron 5 1 0.00000000 1 0.00000000 0.00000000 0.00000000 0.00000000
Neuron 6 1 0.00000000 1 0.00000000 0.00000000 0.00000000 0.00000000
Neuron 7 1 0.00000000 1 0.00000000 0.00000000 0.00000000 0.00000000
Neuron 8 1 0.00000000 1 0.00000000 0.00000000 0.00000000 0.00000000
Neuron 9 2 0.00000000 1 0.00000000 0.00000000 0.00000000 0.00000000
Neuron 10 4 1.00000000 0 1.00000000 0.00000000 0.00000000 0.00000000
Neuron 11 4 1.00000000 0 1.00000000 0.00000000 0.00000000 0.00000000
Neuron 12 4 1.00000000 0 1.00000000 0.00000000 0.00000000 0.00000000
Neuron 13 4 1.00000000 0 1.00000000 0.00000000 0.00000000 0.00000000
Neuron 14 4 1.00000000 0 1.00000000 0.00000000 0.00000000 0.00000000
Neuron 15 4 1.00000000 0 1.00000000 0.00000000 0.00000000 0.00000000
Neuron 16 4 1.00000000 0 1.00000000 0.00000000 0.00000000 0.00000000
Neuron 17 3 0.50000000 1 1.00000000 0.00000000 0.00000000 0.00000000
Neuron 18 3 0.50000000 1 1.00000000 0.00000000 0.00000000 0.00000000
Neuron 19 3 0.50000000 1 1.00000000 0.00000000 0.00000000 0.00000000
Neuron 20 3 0.50000000 1 1.00000000 0.00000000 0.00000000 0.00000000
Neuron 21 3 0.50000000 1 1.00000000 0.00000000 0.00000000 0.00000000
Neuron 22 3 0.50000000 1 1.00000000 0.00000000 0.00000000 0.00000000
Neuron 23 3 0.50000000 1 1.00000000 0.00000000 0.00000000 0.00000000
Neuron 24 3 0.50000000 1 1.00000000 0.00000000 0.00000000 0.00000000
Neuron 25 3 0.50000000 1 1.00000000 0.00000000 0.00000000 0.00000000
Neuron 26 3 0.50000000 1 1.00000000 0.00000000 0.00000000 0.00000000
Neuron 27 3 0.50000000 1 1.00000000 0.00000000 0.00000000 0.00000000
Neuron 28 3 0.50000000 1 1.00000000 0.00000000 0.00000000 0.00000000
Neuron 29 3 0.50000000 1 1.00000000 0.00000000 0.00000000 0.00000000
Neuron 31 3 0.50000000 1 1.00000000 0.00000000 0.00000000 0.00000000
Neuron 32 3 0.50000000 1 1.00000000 0.00000000 0.00000000 0.00000000
Neuron 34 3 0.50000000 1 1.00000000 0.00000000 0.00000000 0.00000000
Neuron 35 3 0.50000000 1 1.00000000 0.00000000 0.00000000 0.00000000
Neuron 36 3 0.50000000 1 1.00000000 0.00000000 0.00000000 0.00000000
Neuron 37 3 0.50000000 1 1.00000000 0.00000000 0.00000000 0.00000000
Neuron 38 3 0.50000000 1 1.00000000 0.00000000 0.00000000 0.00000000
Neuron 39 3 0.50000000 1 1.00000000 0.00000000 0.00000000 0.00000000
Neuron 40 3 0.50000000 1 1.00000000 0.00000000 0.00000000 0.00000000
Neuron 42 3 0.50000000 1 1.00000000 0.00000000 0.00000000 0.00000000
Neuron 43 3 0.50000000 1 1.00000000 0.00000000 0.00000000 0.00000000
Neuron 44 3 0.50000000 1 1.00000000 0.00000000 0.00000000 0.00000000
Neuron 46 3 0.75000000 1 1.00000000 0.00000000 0.00000000 0.00000000
Neuron 47 3 0.50000000 1 1.00000000 0.00000000 0.00000000 0.00000000
Neuron 48 3 0.50000000 1 1.00000000 0.00000000 0.00000000 0.00000000
Neuron 49 3 0.50000000 1 1.00000000 0.00000000 0.00000000 0.00000000
Neuron 50 3 0.50000000 1 1.00000000 0.00000000 0.00000000 0.00000000
Neuron 52 3 0.50000000 1 1.00000000 0.00000000 0.00000000 0.00000000
Neuron 53 3 0.50000000 1 1.00000000 0.00000000 0.00000000 0.00000000
Neuron 55 3 0.50000000 1 1.00000000 0.00000000 0.00000000 0.00000000
Neuron 57 3 0.50000000 1 1.00000000 0.00000000 0.00000000 0.00000000
Neuron 59 3 0.50000000 1 1.00000000 0.00000000 0.00000000 0.00000000
Neuron 60 3 0.50000000 1 1.00000000 0.00000000 0.00000000 0.00000000
Neuron 62 3 0.50000000 1 1.00000000 0.00000000 0.00000000 0.00000000
Neuron 63 3 0.50000000 1 1.00000000 0.00000000 0.00000000 0.00000000
Neuron 64 3 0.75000000 1 1.00000000 0.00000000 0.00000000 0.00000000
Neuron 65 3 0.50000000 1 1.00000000 0.00000000 0.00000000 0.00000000
Neuron 66 3 0.50000000 1 1.00000000 0.00000000 0.00000000 0.00000000
Neuron 67 3 0.50000000 1 1.00000000 0.00000000 0.00000000 0.00000000
Neuron 69 3 0.50000000 1 1.00000000 0.00000000 0.00000000 0.00000000
Neuron 70 3 0.50000000 1 1.00000000 0.00000000 0.00000000 0.00000000
Neuron 71 3 0.25000000 1 1.00000000 0.00000000 0.00000000 0.00000000
Neuron 73 3 0.75000000 1 1.00000000 0.00000000 0.00000000 0.00000000
Neuron 74 3 0.50000000 1 1.00000000 0.00000000 0.00000000 0.00000000
Neuron 76 3 0.75000000 1 1.00000000 0.00000000 0.00000000 0.00000000
Neuron 77 3 0.50000000 1 1.00000000 0.00000000 0.00000000 0.00000000
Neuron 78 3 0.25000000 1 1.00000000 0.00000000 0.00000000 0.00000000
Neuron 79 3 0.50000000 1 1.00000000 0.00000000 0.00000000 0.00000000
Neuron 80 3 0.75000000 1 1.00000000 0.00000000 0.00000000 0.00000000
Neuron 81 3 0.50000000 1 1.00000000 0.00000000 0.00000000 0.00000000
Neuron 86 3 0.25000000 1 1.00000000 0.00000000 0.00000000 0.00000000
Neuron 88 3 0.75000000 1 1.00000000 0.00000000 0.00000000 0.00000000
Neuron 92 3 0.37500000 1 1.00000000 0.00000000 0.00000000 0.00000000
Neuron 93 3 0.75000000 1 1.00000000 0.00000000 0.00000000 0.00000000
Neuron 94 3 0.75000000 1 1.00000000 0.00000000 0.00000000 0.00000000
Neuron 100 3 0.75000000 1 1.00000000 0.00000000 0.00000000 0.00000000
Neuron 106 3 0.75000000 1 1.00000000 0.00000000 0.00000000 0.00000000
Neuron 113 3 0.25000000 1 1.00000000 0.00000000 0.00000000 0.00000000
Neuron 114 3 0.75000000 1 1.00000000 0.00000000 0.00000000 0.00000000
Neuron 116 3 0.25000000 1 1.00000000 0.00000000 0.00000000 0.00000000
Neuron 117 3 1.00000000 1 1.00000000 0.00000000 0.00000000 0.00000000
Neuron 118 3 0.25000000 1 1.00000000 0.00000000 0.00000000 0.00000000
Neuron 120 3 0.25000000 1 1.00000000 0.00000000 0.00000000 0.00000000
Neuron 121 3 0.25000000 1 1.00000000 0.00000000 0.00000000 0.00000000
Neuron 125 3 0.75000000 1 1.00000000 0.00000000 0.00000000 0.00000000
Neuron 128 3 0.75000000 1 1.00000000 0.00000000 0.00000000 0.00000000
Neuron 136 3 0.25000000 1 1.00000000 0.00000000 0.00000000 0.00000000
Neuron 139 3 0.25000000 1 1.00000000 0.00000000 0.00000000 0.00000000
Neuron 143 3 0.25000000 1 1.00000000 0.00000000 0.00000000 0.00000000
Neuron 148 3 0.75000000 1 1.00000000 0.00000000 0.00000000 0.00000000
Neuron 149 3 0.25000000 1 1.00000000 0.00000000 0.00000000 0.00000000
Neuron 150 3 0.25000000 1 1.00000000 0.00000000 0.00000000 0.00000000
Neuron 152 3 0.25000000 1 1.00000000 0.00000000 0.00000000 0.00000000
Neuron 154 3 0.75000000 1 1.00000000 0.00000000 0.00000000 0.00000000
Neuron 156 3 0.75000000 1 1.00000000 0.00000000 0.00000000 0.00000000
Neuron 158 3 0.25000000 1 1.00000000 0.00000000 0.00000000 0.00000000
Neuron 163 3 0.25000000 1 1.00000000 0.00000000 0.00000000 0.00000000
Neuron 165 3 0.75000000 1 1.00000000 0.00000000 0.00000000 0.00000000
Neuron 166 3 0.75000000 1 1.00000000 0.00000000 0.00000000 0.00000000
Neuron 169 3 0.75000000 1 1.00000000 0.00000000 0.00000000 0.00000000
Neuron 174 3 0.75000000 1 1.00000000 0.00000000 0.00000000 0.00000000
Neuron 178 3 0.62500000 1 1.00000000 0.00000000 0.00000000 0.00000000
Neuron 185 3 0.75000000 1 1.00000000 0.00000000 0.00000000 0.00000000
Neuron 186 3 0.75000000 1 1.00000000 0.00000000 0.00000000 0.00000000
Neuron 191 3 0.25000000 1 1.00000000 0.00000000 0.00000000 0.00000000
Neuron 195 3 0.25000000 1 1.00000000 0.00000000 0.00000000 0.00000000
Neuron 197 3 0.75000000 1 1.00000000 0.00000000 0.00000000 0.00000000
Neuron 199 3 0.25000000 1 1.00000000 0.00000000 0.00000000 0.00000000
Neuron 201 3 0.75000000 1 1.00000000 0.00000000 0.00000000 0.00000000
Neuron 213 3 0.62500000 1 1.00000000 0.00000000 0.00000000 0.00000000
Neuron 218 3 0.43750000 1 1.00000000 0.00000000 0.00000000 0.00000000
Neuron 229 3 0.25000000 1 1.00000000 0.00000000 0.00000000 0.00000000
Neuron 230 3 0.75000000 1 1.00000000 0.00000000 0.00000000 0.00000000
Neuron 234 3 0.50000000 1 1.00000000 0.00000000 0.00000000 0.00000000
Neuron 236 3 0.25000000 1 1.00000000 0.00000000 0.00000000 0.00000000
Neuron 238 3 0.75000000 1 1.00000000 0.00000000 0.00000000 0.00000000
Neuron 239 3 0.25000000 1 1.00000000 0.00000000 0.00000000 0.00000000
Neuron 242 3 1.00000000 1 1.00000000 0.00000000 0.00000000 0.00000000
Neuron 248 3 1.00000000 1 1.00000000 0.00000000 0.00000000 0.00000000
Neuron 250 3 0.25000000 1 1.00000000 0.00000000 0.00000000 0.00000000
Neuron 253 3 0.25000000 1 1.00000000 0.00000000 0.00000000 0.00000000
Neuron 256 3 0.50000000 1 1.00000000 0.00000000 0.00000000 0.00000000
Neuron 258 3 0.75000000 1 1.00000000 0.00000000 0.00000000 0.00000000
Neuron 260 3 0.25000000 1 1.00000000 0.00000000 0.00000000 0.00000000
Neuron 263 3 0.87500000 1 1.00000000 0.00000000 0.00000000 0.00000000
Neuron 271 3 0.25000000 1 1.00000000 0.00000000 0.00000000 0.00000000
Neuron 273 3 0.37500000 1 1.00000000 0.00000000 0.00000000 0.00000000
Neuron 291 3 0.37500000 1 1.00000000 0.00000000 0.00000000 0.00000000
Neuron 301 3 0.62500000 1 1.00000000 0.00000000 0.00000000 0.00000000
Neuron 302 3 0.75000000 1 1.00000000 0.00000000 0.00000000 0.00000000
Neuron 318 3 0.62500000 1 1.00000000 0.00000000 0.00000000 0.00000000
Neuron 329 3 0.50000000 1 1.00000000 0.00000000 0.00000000 0.00000000
Neuron 331 3 0.87500000 1 1.00000000 0.00000000 0.00000000 0.00000000
Neuron 334 3 0.75000000 1 1.00000000 0.00000000 0.00000000 0.00000000
Neuron 335 3 0.56250000 1 1.00000000 0.00000000 0.00000000 0.00000000
Neuron 339 3 0.37500000 1 1.00000000 0.00000000 0.00000000 0.00000000
Neuron 340 3 0.25000000 1 1.00000000 0.00000000 0.00000000 0.00000000
Neuron 351 3 0.62500000 1 1.00000000 0.00000000 0.00000000 0.00000000
Neuron 364 3 0.62500000 1 1.00000000 0.00000000 0.00000000 0.00000000
Neuron 371 3 0.50000000 1 1.00000000 0.00000000 0.00000000 0.00000000
Neuron 375 3 0.87500000 1 1.00000000 0.00000000 0.00000000 0.00000000
Neuron 377 3 0.25000000 1 1.00000000 0.00000000 0.00000000 0.00000000
Neuron 387 3 0.75000000 1 1.00000000 0.00000000 0.00000000 0.00000000
Neuron 389 3 0.75000000 1 1.00000000 0.00000000 0.00000000 0.00000000
Neuron 393 3 0.37500000 1 1.00000000 0.00000000 0.00000000 0.00000000
Neuron 397 3 0.68750000 1 1.00000000 0.00000000 0.00000000 0.00000000
Neuron 398 3 0.50000000 1 1.00000000 0.00000000 0.00000000 0.00000000
Neuron 399 3 0.62500000 1 1.00000000 0.00000000 0.00000000 0.00000000
Neuron 402 3 0.62500000 1 1.00000000 0.00000000 0.00000000 0.00000000
Neuron 403 3 0.31250000 1 1.00000000 0.00000000 0.00000000 0.00000000
Neuron 410 3 0.37500000 1 1.00000000 0.00000000 0.00000000 0.00000000
Neuron 412 3 0.37500000 1 1.00000000 0.00000000 0.00000000 0.00000000
Neuron 415 3 0.75000000 1 1.00000000 0.00000000 0.00000000 0.00000000
Neuron 419 3 0.87500000 1 1.00000000 0.00000000 0.00000000 0.00000000
Neuron 420 3 0.62500000 1 1.00000000 0.00000000 0.00000000 0.00000000
Neuron 422 3 0.75000000 1 1.00000000 0.00000000 0.00000000 0.00000000
Neuron 424 3 0.87500000 1 1.00000000 0.00000000 0.00000000 0.00000000
Neuron 431 3 0.25000000 1 1.00000000 0.00000000 0.00000000 0.00000000
Neuron 435 3 0.25000000 1 1.00000000 0.00000000 0.00000000 0.00000000
Neuron 437 3 0.56250000 1 1.00000000 0.00000000 0.00000000 0.00000000
Neuron 439 3 0.75000000 1 1.00000000 0.00000000 0.00000000 0.00000000
Neuron 441 3 0.25000000 1 1.00000000 0.00000000 0.00000000 0.00000000
Neuron 445 3 0.12500000 1 1.00000000 0.00000000 0.00000000 0.00000000
Neuron 447 3 0.50000000 1 1.00000000 0.00000000 0.00000000 0.00000000
Neuron 450 3 0.50000000 1 1.00000000 0.00000000 0.00000000 0.00000000
Neuron 463 3 0.56250000 1 1.00000000 0.00000000 0.00000000 0.00000000
Neuron 465 3 0.68750000 1 1.00000000 0.00000000 0.00000000 0.00000000
Neuron 466 3 1.00000000 1 1.00000000 0.00000000 0.00000000 0.00000000
Neuron 471 3 0.12500000 1 1.00000000 0.00000000 0.00000000 0.00000000
Neuron 477 3 0.37500000 1 1.00000000 0.00000000 0.00000000 0.00000000
Neuron 485 3 0.31250000 1 1.00000000 0.00000000 0.00000000 0.00000000
Neuron 486 3 0.87500000 1 1.00000000 0.00000000 0.00000000 0.00000000
Neuron 487 3 0.18750000 1 1.00000000 0.00000000 0.00000000 0.00000000
Neuron 489 3 0.75000000 1 1.00000000 0.00000000 0.00000000 0.00000000
Neuron 490 3 0.62500000 1 1.00000000 0.00000000 0.00000000 0.00000000
Neuron 502 3 0.56250000 1 1.00000000 0.00000000 0.00000000 0.00000000
Neuron 504 3 0.75000000 1 1.00000000 0.00000000 0.00000000 0.00000000
Neuron 507 3 0.25000000 1 1.00000000 0.00000000 0.00000000 0.00000000
Neuron 509 3 1.00000000 1 1.00000000 0.00000000 0.00000000 0.00000000
Neuron 512 3 0.50000000 1 1.00000000 0.00000000 0.00000000 0.00000000
Neuron 516 3 0.25000000 1 1.00000000 0.00000000 0.00000000 0.00000000
Neuron 517 3 0.87500000 1 1.00000000 0.00000000 0.00000000 0.00000000
Neuron 522 3 0.12500000 1 1.00000000 0.00000000 0.00000000 0.00000000
Neuron 523 3 0.62500000 1 1.00000000 0.00000000 0.00000000 0.00000000
Neuron 524 3 0.53125000 1 1.00000000 0.00000000 0.00000000 0.00000000
Neuron 528 3 0.62500000 1 1.00000000 0.00000000 0.00000000 0.00000000
Neuron 530 3 0.37500000 1 1.00000000 0.00000000 0.00000000 0.00000000
Neuron 540 3 0.50000000 1 1.00000000 0.00000000 0.00000000 0.00000000
Neuron 546 3 0.37500000 1 1.00000000 0.00000000 0.00000000 0.00000000
Neuron 553 3 0.18750000 1 1.00000000 0.00000000 0.00000000 0.00000000
Neuron 567 3 0.93750000 1 1.00000000 0.00000000 0.00000000 0.00000000
Neuron 575 3 0.50000000 1 1.00000000 0.00000000 0.00000000 0.00000000
Neuron 576 3 0.62500000 1 1.00000000 0.00000000 0.00000000 0.00000000
Neuron 586 3 0.68750000 1 1.00000000 0.00000000 0.00000000 0.00000000
Neuron 590 3 0.75000000 1 1.00000000 0.00000000 0.00000000 0.00000000
Neuron 595 3 0.25000000 1 1.00000000 0.00000000 0.00000000 0.00000000
Neuron 598 3 0.12500000 1 1.00000000 0.00000000 0.00000000 0.00000000
Neuron 600 3 0.53125000 1 1.00000000 0.00000000 0.00000000 0.00000000
Neuron 601 3 0.62500000 1 1.00000000 0.00000000 0.00000000 0.00000000
Neuron 602 3 0.56250000 1 1.00000000 0.00000000 0.00000000 0.00000000
Neuron 603 3 0.12500000 1 1.00000000 0.00000000 0.00000000 0.00000000
Neuron 612 3 0.28125000 1 1.00000000 0.00000000 0.00000000 0.00000000
Neuron 614 3 0.50000000 1 1.00000000 0.00000000 0.00000000 0.00000000
Neuron 621 3 0.23437500 1 1.00000000 0.00000000 0.00000000 0.00000000
Neuron 623 3 0.37500000 1 1.00000000 0.00000000 0.00000000 0.00000000
Neuron 625 3 0.37500000 1 1.00000000 0.00000000 0.00000000 0.00000000
Neuron 635 3 0.50000000 1 1.00000000 0.00000000 0.00000000 0.00000000
Neuron 636 3 1.00000000 1 1.00000000 0.00000000 0.00000000 0.00000000
Neuron 637 3 0.37500000 1 1.00000000 0.00000000 0.00000000 0.00000000
Neuron 642 3 1.00000000 1 1.00000000 0.00000000 0.00000000 0.00000000
Neuron 645 3 0.62500000 1 1.00000000 0.00000000 0.00000000 0.00000000
Neuron 651 3 0.50000000 1 1.00000000 0.00000000 0.00000000 0.00000000
Neuron 652 3 0.12500000 1 1.00000000 0.00000000 0.00000000 0.00000000
Neuron 654 3 0.31250000 1 1.00000000 0.00000000 0.00000000 0.00000000
Neuron 658 3 0.56250000 1 1.00000000 0.00000000 0.00000000 0.00000000
Neuron 659 3 0.93750000 1 1.00000000 0.00000000 0.00000000 0.00000000
Neuron 662 3 0.75000000 1 1.00000000 0.00000000 0.00000000 0.00000000
Neuron 669 3 0.59375000 1 1.00000000 0.00000000 0.00000000 0.00000000
Neuron 677 3 0.81250000 1 1.00000000 0.00000000 0.00000000 0.00000000
Neuron 688 3 0.56250000 1 1.00000000 0.00000000 0.00000000 0.00000000
Neuron 701 3 0.15625000 1 1.00000000 0.00000000 0.00000000 0.00000000
Neuron 703 3 0.50000000 1 1.00000000 0.00000000 0.00000000 0.00000000
Neuron 707 3 0.28125000 1 1.00000000 0.00000000 0.00000000 0.00000000
Neuron 714 3 0.87500000 1 1.00000000 0.00000000 0.00000000 0.00000000
Neuron 720 3 0.40625000 1 1.00000000 0.00000000 0.00000000 0.00000000
Neuron 728 3 0.25000000 1 1.00000000 0.00000000 0.00000000 0.00000000
Neuron 729 3 0.81250000 1 1.00000000 0.00000000 0.00000000 0.00000000
Neuron 732 3 0.09375000 1 1.00000000 0.00000000 0.00000000 0.00000000
Neuron 736 3 0.62500000 1 1.00000000 0.00000000 0.00000000 0.00000000
Neuron 739 3 0.50000000 1 1.00000000 0.00000000 0.00000000 0.00000000
Neuron 742 3 0.75000000 1 1.00000000 0.00000000 0.00000000 0.00000000
Neuron 747 3 0.50000000 1 1.00000000 0.00000000 0.00000000 0.00000000
Neuron 751 3 0.34375000 1 1.00000000 0.00000000 0.00000000 0.00000000
Neuron 754 3 0.50000000 1 1.00000000 0.00000000 0.00000000 0.00000000
Neuron 756 3 0.93750000 1 1.00000000 0.00000000 0.00000000 0.00000000
Neuron 757 3 0.31250000 1 1.00000000 0.00000000 0.00000000 0.00000000
Neuron 760 3 0.68750000 1 1.00000000 0.00000000 0.00000000 0.00000000
Neuron 769 3 0.75000000 1 1.00000000 0.00000000 0.00000000 0.00000000
Neuron 770 3 0.50000000 1 1.00000000 0.00000000 0.00000000 0.00000000
Neuron 773 3 0.18750000 1 1.00000000 0.00000000 0.00000000 0.00000000
Neuron 780 3 0.65625000 1 1.00000000 0.00000000 0.00000000 0.00000000
Neuron 792 3 0.50000000 1 1.00000000 0.00000000 0.00000000 0.00000000
Neuron 807 3 0.06250000 1 1.00000000 0.00000000 0.00000000 0.00000000
Neuron 808 3 0.56250000 1 1.00000000 0.00000000 0.00000000 0.00000000
Neuron 809 3 0.87500000 1 1.00000000 0.00000000 0.00000000 0.00000000
Neuron 813 3 0.68750000 1 1.00000000 0.00000000 0.00000000 0.00000000
Neuron 814 3 0.53125000 1 1.00000000 0.00000000 0.00000000 0.00000000
Neuron 817 3 0.31250000 1 1.00000000 0.00000000 0.00000000 0.00000000
Neuron 826 3 1.00000000 1 1.00000000 0.00000000 0.00000000 0.00000000
Neuron 831 3 0.87500000 1 1.00000000 0.00000000 0.00000000 0.00000000
Neuron 838 3 0.87500000 1 1.00000000 0.00000000 0.00000000 0.00000000
Neuron 839 3 0.56250000 1 1.00000000 0.00000000 0.00000000 0.00000000
Neuron 840 3 0.50000000 1 1.00000000 0.00000000 0.00000000 0.00000000
Neuron 846 3 0.68750000 1 1.00000000 0.00000000 0.00000000 0.00000000
Neuron 847 3 0.37500000 1 1.00000000 0.00000000 0.00000000 0.00000000
Neuron 869 3 0.53125000 1 1.00000000 0.00000000 0.00000000 0.00000000
Neuron 874 3 0.59375000 1 1.00000000 0.00000000 0.00000000 0.00000000
Neuron 885 3 0.50000000 1 1.00000000 0.00000000 0.00000000 0.00000000
Neuron 888 3 0.75000000 1 1.00000000 0.00000000 0.00000000 0.00000000
Neuron 894 3 0.50000000 1 1.00000000 0.00000000 0.00000000 0.00000000
Neuron 899 3 0.71875000 1 1.00000000 0.00000000 0.00000000 0.00000000
Neuron 901 3 0.12500000 1 1.00000000 0.00000000 0.00000000 0.00000000
Neuron 908 3 0.56250000 1 1.00000000 0.00000000 0.00000000 0.00000000
Neuron 914 3 0.50000000 1 1.00000000 0.00000000 0.00000000 0.00000000
Neuron 921 3 0.28125000 1 1.00000000 0.00000000 0.00000000 0.00000000
Neuron 929 3 0.56250000 1 1.00000000 0.00000000 0.00000000 0.00000000
Neuron 934 3 0.50000000 1 1.00000000 0.00000000 0.00000000 0.00000000
Neuron 936 3 0.56250000 1 1.00000000 0.00000000 0.00000000 0.00000000
Neuron 937 3 0.53125000 1 1.00000000 0.00000000 0.00000000 0.00000000
Neuron 938 3 0.78125000 1 1.00000000 0.00000000 0.00000000 0.00000000
Neuron 948 3 0.75000000 1 1.00000000 0.00000000 0.00000000 0.00000000
Neuron 953 3 0.50000000 1 1.00000000 0.00000000 0.00000000 0.00000000
Neuron 954 3 0.76562500 1 1.00000000 0.00000000 0.00000000 0.00000000
Neuron 960 3 0.25000000 1 1.00000000 0.00000000 0.00000000 0.00000000
Neuron 988 3 0.93750000 1 1.00000000 0.00000000 0.00000000 0.00000000
Neuron 990 3 0.37500000 1 1.00000000 0.00000000 0.00000000 0.00000000
Neuron 992 3 0.68750000 1 1.00000000 0.00000000 0.00000000 0.00000000
Neuron 993 3 0.54687500 1 1.00000000 0.00000000 0.00000000 0.00000000
Neuron 996 3 0.75000000 1 1.00000000 0.00000000 0.00000000 0.00000000
Neuron 998 3 0.37500000 1 1.00000000 0.00000000 0.00000000 0.00000000
Neuron 1007 3 0.31250000 1 1.00000000 0.00000000 0.00000000 0.00000000
Neuron 1009 3 0.50000000 1 1.00000000 0.00000000 0.00000000 0.00000000
Neuron 1012 3 0.32812500 1 1.00000000 0.00000000 0.00000000 0.00000000
Neuron 1014 3 0.81250000 1 1.00000000 0.00000000 0.00000000 0.00000000
Neuron 1017 3 0.40625000 1 1.00000000 0.00000000 0.00000000 0.00000000
Neuron 1018 3 0.18750000 1 1.00000000 0.00000000 0.00000000 0.00000000
Neuron 1022 3 0.62500000 1 1.00000000 0.00000000 0.00000000 0.00000000
Neuron 1033 3 0.25000000 1 1.00000000 0.00000000 0.00000000 0.00000000
Neuron 1042 3 0.65625000 1 1.00000000 0.00000000 0.00000000 0.00000000
Neuron 1047 3 0.31250000 1 1.00000000 0.00000000 0.00000000 0.00000000
Neuron 1054 3 0.62500000 1 1.00000000 0.00000000 0.00000000 0.00000000
Neuron 1066 3 0.34375000 1 1.00000000 0.00000000 0.00000000 0.00000000
Neuron 1068 3 0.25000000 1 1.00000000 0.00000000 0.00000000 0.00000000
Neuron 1080 3 0.56250000 1 1.00000000 0.00000000 0.00000000 0.00000000
Neuron 1087 3 0.31250000 1 1.00000000 0.00000000 0.00000000 0.00000000
Neuron 1098 3 0.87500000 1 1.00000000 0.00000000 0.00000000 0.00000000
Neuron 1103 3 0.93750000 1 1.00000000 0.00000000 0.00000000 0.00000000
Neuron 1111 3 0.53125000 1 1.00000000 0.00000000 0.00000000 0.00000000
Neuron 1118 3 0.50000000 1 1.00000000 0.00000000 0.00000000 0.00000000
Neuron 1132 3 0.62500000 1 1.00000000 0.00000000 0.00000000 0.00000000
Neuron 1143 3 0.37500000 1 1.00000000 0.00000000 0.00000000 0.00000000
Neuron 1165 3 0.43750000 1 1.00000000 0.00000000 0.00000000 0.00000000
Neuron 1168 3 0.28125000 1 1.00000000 0.00000000 0.00000000 0.00000000
Neuron 1175 3 0.75000000 1 1.00000000 0.00000000 0.00000000 0.00000000
Neuron 1179 3 0.25000000 1 1.00000000 0.00000000 0.00000000 0.00000000
Neuron 1211 3 0.56250000 1 1.00000000 0.00000000 0.00000000 0.00000000
Neuron 1239 3 0.51562500 1 1.00000000 0.00000000 0.00000000 0.00000000
Neuron 1255 3 0.62500000 1 1.00000000 0.00000000 0.00000000 0.00000000
Neuron 1273 3 0.65625000 1 1.00000000 0.00000000 0.00000000 0.00000000
Neuron 1280 3 0.42187500 1 1.00000000 0.00000000 0.00000000 0.00000000
Neuron 1281 3 1.00000000 1 1.00000000 0.00000000 0.00000000 0.00000000
Neuron 1284 3 0.60937500 1 1.00000000 0.00000000 0.00000000 0.00000000
Neuron 1288 3 0.56250000 1 1.00000000 0.00000000 0.00000000 0.00000000
Neuron 1304 3 0.93750000 1 1.00000000 0.00000000 0.00000000 0.00000000
Neuron 1327 3 1.00000000 1 1.00000000 0.00000000 0.00000000 0.00000000
Neuron 1331 3 0.75000000 1 1.00000000 0.00000000 0.00000000 0.00000000
Neuron 1343 3 0.62500000 1 1.00000000 0.00000000 0.00000000 0.00000000
Neuron 1347 3 0.50000000 1 1.00000000 0.00000000 0.00000000 0.00000000
Neuron 1393 3 0.53125000 1 1.00000000 0.00000000 0.00000000 0.00000000
Neuron 1396 3 0.75000000 1 1.00000000 0.00000000 0.00000000 0.00000000
Neuron 1435 3 0.60937500 1 1.00000000 0.00000000 0.00000000 0.00000000
Neuron 1443 3 0.50000000 1 1.00000000 0.00000000 0.00000000 0.00000000
Neuron 1450 3 0.51562500 1 1.00000000 0.00000000 0.00000000 0.00000000
Neuron 1454 3 0.28125000 1 1.00000000 0.00000000 0.00000000 0.00000000
Neuron 1528 3 0.73437500 1 1.00000000 0.00000000 0.00000000 0.00000000
Neuron 1532 3 1.00000000 1 1.00000000 0.00000000 0.00000000 0.00000000
Neuron 1558 3 0.87500000 1 1.00000000 0.00000000 0.00000000 0.00000000
Neuron 1559 3 0.62500000 1 1.00000000 0.00000000 0.00000000 0.00000000
Neuron 1571 3 0.12500000 1 1.00000000 0.00000000 0.00000000 0.00000000
Neuron 1618 3 0.50000000 1 1.00000000 0.00000000 0.00000000 0.00000000
Neuron 1626 3 1.00000000 1 1.00000000 0.00000000 0.00000000 0.00000000
Neuron 1677 3 0.65625000 1 1.00000000 0.00000000 0.00000000 0.00000000
Neuron 1690 3 0.59375000 1 1.00000000 0.00000000 0.00000000 0.00000000
Neuron 1696 3 0.64062500 1 1.00000000 0.00000000 0.00000000 0.00000000
Neuron 1699 3 0.53125000 1 1.00000000 0.00000000 0.00000000 0.00000000
Neuron 1708 3 0.50000000 1 1.00000000 0.00000000 0.00000000 0.00000000
Neuron 1710 3 0.68750000 1 1.00000000 0.00000000 0.00000000 0.00000000
Neuron 1722 3 0.50781250 1 1.00000000 0.00000000 0.00000000 0.00000000
Neuron 1745 3 0.68750000 1 1.00000000 0.00000000 0.00000000 0.00000000
Neuron 1916 3 0.71875000 1 1.00000000 0.00000000 0.00000000 0.00000000
Neuron 1956 3 0.46875000 1 1.00000000 0.00000000 0.00000000 0.00000000
Neuron 1963 3 0.53125000 1 1.00000000 0.00000000 0.00000000 0.00000000
Neuron 1987 3 0.35937500 1 1.00000000 0.00000000 0.00000000 0.00000000
Neuron 2009 3 0.06250000 1 1.00000000 0.00000000 0.00000000 0.00000000
Neuron 2063 3 0.56250000 1 1.00000000 0.00000000 0.00000000 0.00000000
Neuron 2127 3 0.30468750 1 1.00000000 0.00000000 0.00000000 0.00000000
Neuron 2168 3 0.69531250 1 1.00000000 0.00000000 0.00000000 0.00000000
Neuron 2182 3 0.65625000 1 1.00000000 0.00000000 0.00000000 0.00000000
Neuron 2188 3 0.26562500 1 1.00000000 0.00000000 0.00000000 0.00000000
Link 2 10 2 0 -1.74784845
Link 3 10 3 0 -0.49320840
Link 4 10 4 0 1.42056816
Link 6 10 6 0 2.70678522
Link 7 10 7 0 0.67914801
Link 8 10 8 0 -0.90323978
Link 9 10 9 0 -1.03029327
Link 1 11 10 0 -1.99521671
Link 2 11 11 0 2.12174740
Link 3 11 12 0 0.48669926
Link 4 11 13 0 -2.33842680
Link 5 11 14 0 -0.25201467
Link 6 11 15 0 -3.35527866
Link 7 11 16 0 -1.39923628
Link 8 11 17 0 -4.75365713
Link 9 11 18 0 -0.98940589
Link 1 12 19 0 -3.46272022
Link 2 12 20 0 2.36207868
Link 3 12 21 0 0.15860069
Link 4 12 22 0 3.45499126
Link 5 12 23 0 -0.20059291
Link 6 12 24 0 3.91063641
Link 7 12 25 0 -1.31777746
Link 9 12 27 0 1.26265801
Link 1 13 28 0 2.38170381
Link 2 13 29 0 1.24311494
Link 3 13 30 0 -2.16566188
Link 4 13 31 0 -1.07099928
Link 5 13 32 0 1.26272612
Link 6 13 33 0 -0.86013793
Link 8 13 35 0 2.14840581
Link 9 13 36 0 2.00739142
Link 1 14 37 0 3.63054792
Link 2 14 38 0 0.79488034
Link 3 14 39 0 0.92804842
Link 4 14 40 0 -5.11132495
Link 5 14 41 0 -1.15049115
Link 6 14 42 0 -1.40536445
Link 7 14 43 0 4.11013092
Link 8 14 44 0 2.60362770
Link 9 14 45 0 -1.78785159
Link 1 15 46 0 2.11665928
Link 3 15 48 0 2.90948469
Link 4 15 49 0 0.65120813
Link 5 15 50 0 1.43909687
Link 6 15 51 0 2.12826290
Link 7 15 52 0 -0.04899075
Link 8 15 53 0 2.75971872
Link 9 15 54 0 -3.42496689
Link 1 16 55 0 2.57324215
Link 2 16 56 0 -1.06649581
Link 4 16 58 0 1.00717622
Link 5 16 59 0 0.10692004
Link 6 16 60 0 -0.71795042
Link 7 16 61 0 1.92351898
Link 8 16 62 0 -1.01093632
Link 9 16 63 0 -0.26283713
Link 17 16 66 0 0.34402742
Link 7 18 68 0 -0.74224970
Link 18 15 69 0 0.55910254
Link 3 19 71 0 -1.22868913
Link 19 15 72 0 1.73325919
Link 6 20 74 0 -0.67169640
Link 20 10 75 0 4.56091118
Link 6 21 77 0 -0.39593095
Link 3 22 80 0 -0.50634503
Link 22 10 81 0 -0.29198273
Link 7 23 83 0 -0.60629432
Link 2 24 86 0 -0.86980553
Link 7 25 89 0 0.84783308
Link 25 11 90 0 -5.40792909
Link 3 26 92 0 2.94385674
Link 26 12 93 0 3.59335941
Link 5 27 95 0 1.29628437
Link 27 11 96 0 0.28776595
Link 6 28 98 0 -1.38173323
Link 28 15 99 0 2.54224883
Link 5 29 101 0 2.34760556
Link 29 14 102 0 -0.92223417
Link 5 32 110 0 -1.34432144
Link 32 16 111 0 2.81095022
Link 34 13 117 0 0.39975119
Link 1 35 119 0 -1.93884242
Link 35 10 120 0 0.12710510
Link 5 21 122 0 0.64036844
Link 7 36 124 0 0.82080582
Link 36 10 125 0 -1.09613882
Link 5 37 127 0 0.83802936
Link 37 12 128 0 1.13785257
Link 6 38 131 0 5.37695158
Link 38 11 132 0 1.35567055
Link 4 39 135 0 1.02783904
Link 39 12 136 0 3.02592572
Link 2 40 138 0 -4.79460152
Link 40 16 139 0 -0.69219553
Link 4 18 143 0 3.28728718
Link 8 42 146 0 3.78147950
Link 42 13 147 0 -1.62591800
Link 43 10 151 0 -1.68646632
Link 1 44 153 0 0.90504805
Link 44 11 154 0 2.93651934
Link 46 14 161 0 -1.38521579
Link 3 47 163 0 0.73052151
Link 47 14 164 0 0.21652081
Link 7 48 166 0 -0.47547886
Link 3 20 171 0 2.49679764
Link 4 49 173 0 0.19373522
Link 49 14 174 0 2.04809789
Link 5 50 178 0 -0.35896909
Link 7 52 186 0 3.20790538
Link 52 16 187 0 -1.15000725
Link 14 14 188 1 1.17958030
Link 6 53 190 0 2.11892332
Link 53 16 191 0 1.43267444
Link 15 15 192 1 2.04937587
Link 2 55 197 0 -0.67046130
Link 5 57 208 0 -1.70367837
Link 57 15 209 0 2.74935510
Link 8 59 215 0 2.79242740
Link 59 11 216 0 -0.72579165
Link 3 60 219 0 -1.50753717
Link 60 11 220 0 -0.84469629
Link 62 10 226 0 -0.15634217
Link 4 63 229 0 0.24934577
Link 63 10 230 0 2.16543367
Link 64 14 234 0 -1.40398230
Link 5 65 236 0 -0.18916426
Link 8 25 240 0 1.21828257
Link 2 66 247 0 -1.61601352
Link 66 15 248 0 0.89401943
Link 8 67 250 0 -0.83598485
Link 67 12 251 0 -3.80504400
Link 6 69 262 0 -0.69049939
Link 69 14 263 0 0.49214770
Link 2 70 267 0 4.23890696
Link 3 23 273 0 1.71496979
Link 3 71 280 0 2.93047749
Link 44 73 288 0 -0.43889653
Link 73 11 289 0 3.05965360
Link 6 74 295 0 -0.64684531
Link 13 13 298 1 -1.18596192
Link 11 11 308 1 -1.70031897
Link 8 49 310 0 -0.94108601
Link 50 76 318 0 -0.27911599
Link 76 10 319 0 0.63841368
Link 7 77 321 0 2.53342516
Link 5 42 327 0 -1.80607460
Link 2 78 334 0 -1.30255496
Link 78 66 335 0 -2.89961367
Link 2 79 341 0 -0.42167575
Link 79 13 342 0 -3.20002708
Link 32 80 347 0 0.23246791
Link 80 16 348 0 -0.49981912
Link 8 81 351 0 1.06735031
Link 81 16 352 0 1.73512295
Link 9 20 383 0 -2.24683810
Link 5 86 394 0 0.92155381
Link 86 32 395 0 -2.61850037
Link 55 88 411 0 2.20570251
Link 88 12 412 0 0.70691283
Link 4 32 415 0 0.64068433
Link 49 10 431 0 -4.07420644
Link 71 92 435 0 0.87726062
Link 9 49 451 0 -0.22867531
Link 48 93 458 0 1.03082838
Link 93 13 459 0 -2.25615389
Link 12 66 468 1 0.21870737
Link 66 94 482 0 -3.95102530
Link 94 15 483 0 3.19907516
Link 29 10 504 0 -1.34104940
Link 100 11 535 0 1.64385080
Link 106 13 615 0 1.33024907
Link 48 12 653 0 1.05136964
Link 40 40 673 1 -1.10124143
Link 20 20 682 1 0.41608385
Link 6 113 693 0 0.42769650
Link 113 20 694 0 -0.23611387
Link 40 114 696 0 -0.61594130
Link 114 16 697 0 -0.65507990
Link 1 116 707 0 -1.93803813
Link 116 31 708 0 0.18595890
Link 117 10 711 1 -3.67128536
Link 4 118 719 0 0.03098516
Link 118 49 720 0 -0.24923204
Link 2 120 730 0 -0.14681846
Link 2 121 736 0 2.30511409
Link 121 40 737 0 0.80979086
Link 15 125 784 1 -1.21550101
Link 125 49 785 1 2.09219206
Link 67 128 813 0 2.03214386
Link 128 12 814 0 -2.49814553
Link 8 136 878 0 0.88873738
Link 6 139 900 0 1.16729984
Link 139 53 901 0 1.08225928
Link 143 74 953 0 1.63477291
Link 50 11 965 0 -0.25246500
Link 74 148 999 0 -0.78456256
Link 148 12 1000 0 -1.93271375
Link 3 149 1007 0 -1.43056377
Link 149 20 1008 0 1.54744415
Link 5 150 1017 0 1.96150841
Link 150 50 1018 0 -2.76483943
Link 21 21 1032 1 0.42982400
Link 6 152 1043 0 0.18753031
Link 152 38 1044 0 -1.47679914
Link 52 154 1057 0 -1.88427642
Link 154 16 1058 0 -1.11043199
Link 70 156 1069 0 0.38013583
Link 156 11 1070 0 1.57259875
Link 15 38 1076 1 0.04882530
Link 7 158 1099 0 -3.01958223
Link 12 70 1103 1 0.50218084
Link 70 70 1121 1 0.87109633
Link 3 163 1133 0 2.03597945
Link 163 17 1134 0 -2.75152184
Link 65 165 1141 0 -1.18309019
Link 165 13 1142 0 2.40321059
Link 22 166 1147 0 -1.36184199
Link 49 169 1164 0 -3.44920709
Link 169 14 1165 0 0.55367784
Link 20 29 1198 0 -2.16182040
Link 62 174 1205 0 2.92085001
Link 174 10 1206 0 0.27285986
Link 49 178 1232 0 -0.52055989
Link 178 169 1233 0 0.56261498
Link 53 185 1293 0 1.23608114
Link 185 16 1294 0 0.05639501
Link 66 186 1301 0 -2.24037036
Link 186 10 1302 0 -0.41955853
Link 9 69 1317 0 0.67222566
Link 60 14 1361 0 1.63841208
Link 5 191 1368 0 0.66576043
Link 191 65 1369 0 4.64472345
Link 4 125 1371 0 -1.16111466
Link 49 49 1374 1 0.45709934
Link 5 195 1392 0 1.41081653
Link 195 37 1393 0 0.79411824
Link 21 197 1410 0 -1.56783589
Link 197 13 1411 0 2.64036805
Link 8 199 1417 0 -2.19306095
Link 199 59 1418 0 -1.68763903
Link 77 201 1438 0 0.37214928
Link 48 14 1468 0 0.16529928
Link 19 20 1519 0 1.50088591
Link 55 213 1524 0 -1.13858472
Link 213 88 1525 0 -1.63719786
Link 21 94 1535 0 0.96188027
Link 5 125 1536 0 -1.55714905
Link 92 218 1559 0 1.93658954
Link 218 60 1560 0 0.97156143
Link 23 20 1574 0 0.77942681
Link 32 50 1584 0 1.62867935
Link 40 25 1597 0 -1.30207908
Link 21 16 1645 0 -0.52170888
Link 229 53 1650 0 1.06603056
Link 230 17 1662 1 1.93873265
Link 31 234 1682 0 2.67254513
Link 234 66 1683 0 -0.81797341
Link 2 236 1692 0 -1.85069693
Link 236 55 1693 0 0.68378453
Link 31 230 1697 0 -2.67042444
Link 43 43 1698 1 -1.61938012
Link 37 238 1717 0 0.61404273
Link 238 12 1718 0 -1.44458552
Link 239 42 1723 0 0.90065038
Link 13 242 1739 1 -3.72208096
Link 16 248 1791 1 -1.63393822
Link 248 16 1792 1 -1.57365011
Link 3 250 1804 0 -0.81596683
Link 250 34 1805 0 0.95255961
Link 3 253 1844 0 -3.39588441
Link 253 26 1845 0 -5.34547959
Link 31 94 1853 0 -1.13514582
Link 256 234 1856 0 0.32583656
Link 24 258 1870 0 -1.35478425
Link 258 14 1871 0 1.24000600
Link 8 260 1885 0 1.00587500
Link 197 263 1904 0 0.60050157
Link 263 13 1905 0 0.35961426
Link 10 49 1915 1 3.48132137
Link 9 34 1931 0 3.24271199
Link 8 271 1953 0 0.92381458
Link 271 48 1954 0 3.48745476
Link 273 62 1977 0 -0.88992261
Link 186 19 1991 1 3.35381410
Link 4 291 2096 0 -0.58814222
Link 291 125 2097 0 -0.55959941
Link 116 116 2158 1 -1.84789091
Link 23 34 2159 0 0.56050420
Link 169 301 2178 1 -0.70053942
Link 301 34 2179 1 -0.03135051
Link 13 302 2181 1 0.19517719
Link 302 24 2182 1 1.01861416
Link 55 169 2276 0 0.17179779
Link 66 318 2282 0 -0.71814972
Link 14 59 2285 1 -0.17456636
Link 5 34 2309 0 2.05569614
Link 6 329 2345 0 -1.67625307
Link 169 331 2357 0 -5.11156465
Link 36 258 2363 0 -1.34973420
Link 12 334 2379 1 3.67265739
Link 334 70 2380 1 2.79545401
Link 81 81 2408 1 0.90542119
Link 5 339 2417 0 3.16724062
Link 339 125 2418 0 0.25060062
Link 8 340 2426 0 -1.61554111
Link 65 35 2457 0 -1.69156684
Link 31 197 2472 0 -1.64767506
Link 4 301 2479 0 1.14802869
Link 24 20 2502 0 -1.13744002
Link 10 48 2507 1 -3.68706949
Link 186 351 2528 1 1.61389462
Link 69 57 2579 0 0.47538927
Link 69 15 2602 0 -2.83349144
Link 60 69 2640 0 -0.56162273
Link 59 371 2649 1 -2.98902843
Link 371 59 2650 1 0.95364805
Link 156 375 2674 0 1.76741909
Link 375 11 2675 0 -1.43141298
Link 377 24 2692 0 1.89335236
Link 186 62 2707 1 -1.23359647
Link 14 40 2741 1 -1.02606990
Link 26 387 2746 0 0.64570263
Link 387 12 2747 0 3.16916394
Link 329 389 2761 0 1.43258959
Link 393 169 2788 0 -0.60201716
Link 59 65 2802 0 0.60232893
Link 169 397 2809 1 -2.62062935
Link 397 301 2810 1 -1.68755959
Link 70 398 2813 0 -2.20150352
Link 398 24 2814 0 1.53819782
Link 21 399 2835 0 -3.18928714
Link 399 197 2836 0 -2.95845108
Link 31 402 2860 0 1.86863233
Link 4 403 2865 0 -1.05078807
Link 403 301 2866 0 -0.39528266
Link 113 410 2893 0 0.80914510
Link 410 20 2894 0 -4.39139717
Link 412 81 2909 0 -1.51903388
Link 1 230 2916 0 -0.27748148
Link 11 415 2924 1 -0.25355569
Link 415 62 2925 1 0.70209415
Link 76 419 2955 0 -1.56663503
Link 419 10 2956 0 2.32928208
Link 60 420 2964 0 -3.55764126
Link 420 100 2965 0 -1.32053252
Link 50 422 2975 0 3.82022021
Link 422 11 2976 0 1.95082894
Link 389 424 2993 0 -2.09068956
Link 424 12 2994 0 -0.35845551
Link 5 431 3049 0 2.50230172
Link 34 398 3056 0 1.66130987
Link 8 435 3090 0 -1.22559210
Link 435 53 3091 0 -0.81656370
Link 11 55 3092 1 3.24250518
Link 351 437 3102 1 2.44886298
Link 437 19 3103 1 -2.48327366
Link 1 258 3114 0 1.02039082
Link 13 439 3123 1 2.49140455
Link 439 49 3124 1 -1.79661503
Link 1 441 3132 0 -0.04828773
Link 441 66 3133 0 1.72600556
Link 329 23 3138 0 0.60518961
Link 445 229 3158 0 -1.29084069
Link 398 447 3165 0 -0.98991989
Link 447 24 3166 0 -0.91110453
Link 6 450 3191 0 -0.55412842
Link 450 16 3192 0 4.17256935
Link 13 46 3201 1 -0.92185524
Link 4 34 3221 0 -2.86857954
Link 117 329 3259 1 4.31105593
Link 364 463 3264 1 -3.89818935
Link 463 35 3265 1 1.05061946
Link 318 465 3282 0 0.59998288
Link 465 186 3283 0 0.66457156
Link 242 466 3285 1 -3.02361097
Link 466 13 3286 1 2.53018049
Link 318 69 3302 1 -0.87316776
Link 6 471 3312 0 -0.18625828
Link 471 113 3313 0 0.99190340
Link 6 48 3329 0 -3.79971677
Link 26 49 3363 0 -1.42692380
Link 29 38 3369 0 3.02900316
Link 431 477 3373 0 0.99434452
Link 477 59 3374 0 -0.06357181
Link 1 485 3434 0 0.49027589
Link 485 364 3435 0 0.90312401
Link 88 486 3441 0 -0.75840490
Link 486 12 3442 0 -3.12637077
Link 487 393 3454 0 1.31998205
Link 14 23 3460 1 -1.60898687
Link 242 230 3469 1 -3.30990154
Link 25 489 3471 0 -0.10650368
Link 490 46 3479 0 1.30825630
Link 69 12 3497 0 0.35002331
Link 52 125 3499 0 -0.03586095
Link 52 69 3531 0 -3.18590110
Link 26 20 3552 0 -1.23006371
Link 393 502 3557 0 -3.55361819
Link 11 504 3575 1 2.86825707
Link 504 55 3576 1 -1.48369323
Link 48 62 3583 0 1.70805864
Link 4 507 3592 0 0.97566751
Link 507 23 3593 0 -0.20261669
Link 509 117 3610 1 3.55042242
Link 2 512 3640 0 -1.04547064
Link 512 10 3641 0 1.68737494
Link 42 88 3642 0 0.27539687
Link 5 516 3661 0 0.98979541
Link 516 21 3662 0 0.79054633
Link 11 517 3665 1 2.03867340
Link 517 230 3666 1 2.16811616
Link 201 10 3683 0 1.63801883
Link 2 136 3684 0 -5.84553725
Link 6 522 3694 0 -1.02029866
Link 522 143 3695 0 0.06654552
Link 100 523 3700 1 2.46989997
Link 523 48 3701 1 2.66905462
Link 524 34 3709 1 -1.73235515
Link 528 64 3737 0 -2.14682370
Link 530 94 3751 0 0.56514440
Link 230 94 3766 0 0.71298226
Link 18 48 3814 0 0.94747441
Link 431 31 3826 0 -1.14422322
Link 52 540 3839 0 0.38938505
Link 540 69 3840 0 -1.06623012
Link 1 546 3864 0 0.45110621
Link 546 258 3865 0 -0.88415976
Link 76 12 3887 0 -1.37005862
Link 25 74 3895 0 -3.68700281
Link 2 553 3901 0 -1.53463394
Link 553 530 3902 0 0.57242891
Link 66 301 3910 0 0.67840685
Link 14 18 3959 1 -0.56018412
Link 466 14 3995 0 3.26322310
Link 263 567 3997 0 -1.20954437
Link 567 13 3998 0 0.59036445
Link 71 100 4044 0 -0.57884037
Link 18 575 4049 0 -0.53969368
Link 575 48 4050 0 3.22468239
Link 55 576 4052 0 -1.84192472
Link 576 169 4053 0 -0.62183492
Link 24 42 4104 0 0.01488210
Link 230 586 4113 1 0.32486050
Link 586 364 4114 1 -3.07872599
Link 14 590 4157 1 0.54202974
Link 590 18 4158 1 -0.72184555
Link 13 393 4184 1 1.36145317
Link 2 595 4205 0 -1.31058912
Link 595 62 4206 0 -0.52191699
Link 301 23 4223 1 -1.67744989
Link 318 13 4235 0 -0.75167641
Link 34 76 4237 0 -1.45410253
Link 3 598 4240 0 -3.96979718
Link 598 250 4241 0 2.02390024
Link 5 393 4258 0 2.29403400
Link 76 18 4259 1 1.99846914
Link 463 600 4274 1 1.19921520
Link 600 35 4275 1 3.92419818
Link 601 49 4280 1 -1.62153760
Link 14 507 4281 1 -1.54665457
Link 66 602 4283 0 -3.37455810
Link 602 301 4284 0 -0.93160301
Link 81 273 4290 1 1.79637444
Link 4 603 4293 0 0.34290808
Link 603 507 4294 0 1.82890686
Link 113 169 4301 0 -1.82293147
Link 32 69 4358 0 3.80076487
Link 487 612 4360 0 -1.35333394
Link 612 393 4361 0 -2.42961178
Link 19 614 4372 0 0.73675064
Link 614 81 4373 0 -0.99757948
Link 253 602 4428 0 -3.30176939
Link 487 621 4432 0 -0.38840461
Link 621 612 4433 0 1.63458089
Link 16 507 4451 1 -1.80359708
Link 507 623 4453 0 1.36540682
Link 623 23 4454 0 -0.70964469
Link 340 625 4464 0 -0.68122747
Link 625 43 4465 0 1.77902345
Link 15 253 4466 1 -1.79078014
Link 60 169 4519 0 2.52447892
Link 250 88 4526 0 0.70590773
Link 635 11 4547 0 1.26888923
Link 65 253 4548 1 4.24015893
Link 48 424 4551 0 3.23720504
Link 158 637 4558 0 1.20354971
Link 637 18 4559 0 4.11805168
Link 76 158 4582 1 3.08563701
Link 642 15 4595 1 -1.73635248
Link 645 18 4616 1 0.73844959
Link 3 507 4629 0 -2.21930193
Link 42 24 4670 0 -2.07587822
Link 651 49 4680 1 2.44775762
Link 439 598 4682 1 -0.43011059
Link 487 250 4689 0 2.21397733
Link 7 652 4693 0 -1.03459208
Link 158 654 4708 0 -0.77837882
Link 654 637 4709 0 1.13152411
Link 76 258 4748 0 1.43925253
Link 301 658 4760 1 2.60749126
Link 658 23 4761 1 0.62039659
Link 331 659 4763 0 -0.13148375
Link 659 14 4764 0 -1.57293033
Link 14 662 4795 1 0.22108473
Link 662 23 4796 1 -5.65012838
Link 15 31 4809 1 -1.72032189
Link 34 654 4818 1 -3.23937287
Link 602 669 4839 0 -2.05777492
Link 69 439 4856 0 1.89663044
Link 169 677 4924 0 0.95206895
Link 677 331 4925 0 2.13396642
Link 116 234 4931 0 -1.25838699
Link 23 602 4982 0 -1.49361767
Link 530 688 5015 0 0.72315100
Link 688 94 5016 0 -0.36001425
Link 94 504 5017 0 2.53320555
Link 23 65 5052 0 -3.73315791
Link 507 331 5070 0 1.36143230
Link 4 701 5115 0 -2.26064570
Link 701 403 5116 0 1.33123942
Link 1 250 5128 0 0.32098308
Link 318 50 5129 1 -0.68979463
Link 5 703 5132 0 3.70340226
Link 703 12 5133 0 -0.33420533
Link 507 707 5159 0 -0.12980817
Link 707 403 5160 0 -0.17393956
Link 507 13 5195 0 0.24147996
Link 3 64 5206 0 -1.82619932
Link 165 714 5211 0 0.93519009
Link 714 13 5212 0 -1.97688535
Link 5 487 5224 0 0.23709872
Link 42 76 5247 0 1.72423519
Link 250 250 5266 1 0.72296303
Link 253 720 5268 0 4.50526146
Link 720 602 5269 0 -7.68201679
Link 49 106 5276 0 -1.09920723
Link 62 419 5280 0 -3.20864102
Link 23 10 5293 0 -2.72367099
Link 301 331 5303 0 -0.24421046
Link 253 52 5314 0 -0.48023098
Link 113 88 5321 0 -0.59414024
Link 2 728 5331 0 -2.92989469
Link 728 55 5332 0 -4.13153242
Link 331 729 5343 1 1.18516949
Link 487 398 5367 0 -0.54074975
Link 2 732 5373 0 1.45703940
Link 732 487 5374 0 -0.73525612
Link 7 439 5380 0 3.66638761
Link 29 125 5407 0 2.52895211
Link 42 736 5413 0 -1.69540915
Link 736 106 5414 0 1.35173514
Link 447 739 5453 0 -0.60326283
Link 739 24 5454 0 -1.11728693
Link 8 398 5461 0 -1.84970721
Link 76 742 5477 0 3.95676196
Link 364 398 5490 1 -4.17010301
Link 74 747 5511 0 1.35493513
Link 747 24 5512 0 -2.45862814
Link 654 751 5538 0 1.14467336
Link 751 637 5539 0 0.35277564
Link 5 754 5559 0 0.79775787
Link 754 10 5560 0 1.32158603
Link 88 20 5563 1 3.63072888
Link 419 756 5569 0 -1.72883418
Link 756 10 5570 0 -2.24609368
Link 757 273 5580 0 -0.27430247
Link 76 760 5592 1 1.65289270
Link 125 201 5622 0 -1.97258157
Link 48 318 5631 0 1.49159352
Link 195 50 5657 0 -2.53980885
Link 48 769 5685 0 0.73731687
Link 769 10 5686 0 2.26237331
Link 69 770 5693 0 -1.02518807
Link 770 57 5694 0 1.37055862
Link 652 773 5722 0 1.09169797
Link 773 158 5723 0 0.79684399
Link 149 169 5738 0 -2.82378957
Link 502 780 5797 0 0.44854797
Link 780 169 5798 0 -1.97865936
Link 59 331 5854 0 3.97376220
Link 1 792 5863 0 -0.82304328
Link 792 10 5864 0 -0.08953307
Link 602 23 5880 1 0.89966670
Link 6 807 5961 0 -0.54823143
Link 807 471 5962 0 -1.43441953
Link 808 576 5965 0 -1.12049757
Link 489 809 5972 0 -0.61420498
Link 809 12 5973 0 -0.45906706
Link 420 419 5984 0 -1.00215980
Link 654 654 6007 1 1.86263765
Link 55 813 6016 0 -0.09618551
Link 813 331 6017 0 2.64715372
Link 37 26 6019 0 0.35843518
Link 658 814 6025 1 -2.09771599
Link 814 23 6026 1 4.15095774
Link 69 398 6040 0 -2.76344487
Link 113 817 6048 0 -0.93154262
Link 817 410 6049 0 1.96386576
Link 23 88 6052 0 -0.10928463
Link 530 258 6068 0 -0.75075371
Link 50 121 6086 1 -0.24705100
Link 38 106 6121 0 1.49385604
Link 826 16 6132 1 -0.51823819
Link 154 831 6168 0 -0.48369223
Link 831 16 6169 0 1.57437924
Link 169 60 6171 1 1.49550660
Link 106 838 6210 0 -0.46734796
Link 339 839 6213 0 0.17563330
Link 839 125 6214 0 -2.57333405
Link 49 840 6222 1 -0.18156398
Link 840 651 6223 1 -3.09732878
Link 846 169 6271 0 0.87310198
Link 260 847 6273 0 2.17048746
Link 847 49 6274 0 0.07852255
Link 602 869 6439 1 0.76674297
Link 869 23 6440 1 -3.20422040
Link 39 502 6449 0 3.94697296
Link 485 169 6453 0 0.84827535
Link 393 677 6457 0 -3.29343793
Link 7 149 6461 0 0.62176436
Link 23 11 6477 0 -0.26624972
Link 301 874 6483 1 1.84291483
Link 874 335 6484 1 0.07723578
Link 546 331 6536 0 -2.52426067
Link 66 12 6538 0 -3.04082540
Link 185 148 6556 0 -0.49735579
Link 48 885 6589 1 0.27255460
Link 885 48 6590 1 2.93964766
Link 158 64 6608 0 0.80087172
Link 29 888 6620 0 0.05045815
Link 888 117 6621 0 -2.24977547
Link 49 398 6660 0 -0.59989624
Link 149 894 6700 0 -1.18096949
Link 894 169 6701 0 -0.96571468
Link 465 439 6706 0 -1.54778819
Link 586 40 6719 1 -1.16106879
Link 899 397 6733 1 4.03475406
Link 79 50 6743 0 1.78281424
Link 139 258 6751 0 0.65110119
Link 8 901 6753 0 1.31351859
Link 901 239 6754 0 0.37710466
Link 116 637 6826 0 -4.72841857
Link 908 528 6840 0 2.90890026
Link 70 486 6864 0 -0.06310497
Link 6 914 6895 0 1.40323787
Link 914 11 6896 0 -2.55666617
Link 23 106 6936 0 -0.88504209
Link 120 921 6958 0 1.65587471
Link 921 757 6959 0 -1.23363074
Link 301 929 7027 1 3.01920005
Link 929 28 7028 1 -1.69410317
Link 29 412 7030 1 1.45189487
Link 156 339 7061 1 0.85233154
Link 59 934 7069 1 -1.84713652
Link 934 371 7070 1 0.77042002
Link 42 936 7083 0 0.08903537
Link 936 736 7084 0 -0.68796189
Link 403 937 7088 0 -0.61055529
Link 729 938 7095 1 -0.01984017
Link 938 88 7096 1 -0.87102158
Link 229 197 7117 0 0.61227424
Link 22 78 7172 1 -1.52854897
Link 23 948 7187 0 1.02899649
Link 948 14 7188 0 -0.26621590
Link 70 953 7231 1 0.37850704
Link 953 70 7232 1 2.08261182
Link 258 88 7234 0 0.51601535
Link 938 954 7237 1 1.74470315
Link 954 88 7238 1 1.24453928
Link 3 960 7284 0 2.00679870
Link 960 23 7285 0 0.75372726
Link 1 339 7286 0 -1.40537043
Link 471 21 7289 0 1.47613947
Link 37 48 7304 0 -0.09147941
Link 387 502 7319 1 0.50142060
Link 185 29 7393 1 0.42123576
Link 52 659 7428 0 -0.25957622
Link 50 163 7449 1 -1.13020407
Link 158 156 7467 0 -0.09047284
Link 40 125 7520 0 -2.41802830
Link 809 988 7526 0 0.66136775
Link 988 12 7527 0 -2.31989245
Link 3 990 7540 0 -0.68803695
Link 990 64 7541 0 1.27747728
Link 439 992 7597 1 1.56013675
Link 992 601 7598 1 -2.62413557
Link 431 530 7600 0 -0.09731945
Link 335 993 7605 1 -3.68043362
Link 993 524 7606 1 2.60867261
Link 36 74 7616 0 -2.04272641
Link 329 996 7622 0 1.22877917
Link 996 12 7623 0 1.25610384
Link 69 389 7636 0 1.28331795
Link 195 998 7642 0 0.57008272
Link 998 37 7643 0 1.63041546
Link 139 125 7718 0 2.83844826
Link 136 1007 7735 0 -1.93070471
Link 1007 412 7736 0 -3.72779752
Link 23 1009 7753 0 -1.56328161
Link 1009 65 7754 0 -1.21830986
Link 914 46 7758 0 0.65359567
Link 253 1012 7785 0 0.91474192
Link 1012 720 7786 0 2.99994197
Link 34 371 7787 0 3.47164224
Link 57 34 7795 0 -1.18377431
Link 169 1014 7801 0 3.97628539
Link 1014 331 7802 0 -0.13924018
Link 79 25 7806 0 1.06284990
Link 236 1017 7833 0 2.37986106
Link 1017 602 7834 0 -0.10073928
Link 5 1018 7846 0 1.57359980
Link 1018 339 7847 0 0.09201796
Link 422 1022 7878 1 0.75370684
Link 1022 37 7879 1 -1.39004575
Link 645 645 7909 1 -0.58556267
Link 2 1033 8010 0 1.01127177
Link 1033 40 8011 0 0.55210779
Link 701 645 8025 0 -0.34480684
Link 331 398 8040 1 2.89453807
Link 439 419 8061 0 -2.29691696
Link 387 1042 8109 1 -3.19434441
Link 1047 637 8141 0 0.30179141
Link 1054 106 8184 0 1.52021316
Link 230 651 8210 1 -0.64323673
Link 603 12 8244 0 1.56124877
Link 55 149 8270 1 1.45806074
Link 487 1066 8272 0 2.23357493
Link 1066 20 8273 0 -1.57512313
Link 3 1068 8285 0 3.49567391
Link 1068 20 8286 0 2.96998377
Link 364 1080 8382 1 0.10168898
Link 393 50 8437 0 -1.64169465
Link 186 113 8444 1 1.50250548
Link 654 1087 8448 1 -1.19418364
Link 1087 654 8449 1 -1.17445357
Link 169 1098 8538 0 3.38596762
Link 1098 14 8539 0 -0.51508650
Link 838 1103 8573 0 0.79408853
Link 1103 13 8574 0 2.47647050
Link 28 35 8582 0 -0.23390726
Link 55 659 8584 0 -0.68958819
Link 2 652 8605 0 0.68075147
Link 47 154 8608 0 4.59542840
Link 929 27 8634 1 0.47595280
Link 1111 808 8672 0 -0.42342315
Link 586 504 8725 0 -0.47948909
Link 79 1118 8747 0 -2.58100854
Link 1118 50 8748 0 -1.03151147
Link 546 1132 8849 0 -1.07839135
Link 1132 331 8850 0 0.20187878
Link 158 1143 8930 0 0.13810988
Link 1143 18 8931 0 0.07539167
Link 677 654 9079 1 -2.20658718
Link 410 1165 9093 0 -0.63628902
Link 1165 20 9094 0 2.09930990
Link 487 1168 9114 0 -0.18973571
Link 1168 393 9115 0 -2.35798490
Link 9 1022 9146 0 -0.22230918
Link 12 739 9178 1 3.56227152
Link 48 1175 9208 0 0.50892614
Link 1175 12 9209 0 1.36417342
Link 5 489 9221 0 3.16000741
Link 8 1179 9250 0 -0.82862318
Link 1179 635 9251 0 -0.56774775
Link 21 1211 9553 0 -0.00480081
Link 1211 399 9554 0 2.62118527
Link 567 377 9581 1 2.68052764
Link 486 412 9640 1 0.28665382
Link 575 88 9655 0 3.25059170
Link 625 720 9685 0 -1.16724630
Link 635 88 9696 0 0.24456755
Link 238 838 9720 0 1.99787791
Link 1239 114 9758 0 2.09010399
Link 25 1255 9869 0 0.49102171
Link 1255 489 9870 0 1.46301345
Link 39 739 9880 0 -2.45794801
Link 21 364 9955 0 1.73448421
Link 1087 291 9973 0 0.89421589
Link 178 1273 10045 0 0.44837525
Link 1273 846 10046 0 -0.63597873
Link 720 136 10047 1 1.59026437
Link 57 1280 10156 1 3.42324191
Link 1280 751 10157 1 -0.15971619
Link 636 1281 10159 1 -0.00284136
Link 1281 509 10160 1 -1.16527302
Link 118 234 10161 0 2.21042409
Link 1042 1284 10183 1 -1.03783132
Link 1284 502 10184 1 1.68530061
Link 42 1288 10222 0 1.34243860
Link 1288 1054 10223 0 0.52663966
Link 331 1304 10320 0 1.54389529
Link 1304 14 10321 0 0.19538104
Link 178 466 10376 0 -0.97935341
Link 435 158 10500 0 0.25503360
Link 154 15 10570 0 -1.96323952
Link 10 1327 10593 1 1.26758151
Link 1327 636 10594 1 -1.21862039
Link 36 415 10595 0 -0.78194237
Link 742 1331 10618 0 1.86886938
Link 1331 258 10619 0 2.51708765
Link 1111 688 10641 0 -0.24509319
Link 960 847 10707 0 0.32919768
Link 38 1343 10780 0 -0.79496695
Link 1343 106 10781 0 -2.88683338
Link 769 128 10787 0 -0.47321513
Link 31 1347 10823 0 0.70601559
Link 1347 256 10824 0 -4.07351524
Link 29 40 10839 0 -0.73880630
Link 4 419 11040 0 5.44983975
Link 76 28 11107 1 0.17723449
Link 60 463 11160 0 0.74731783
Link 1080 1393 11303 1 0.45641864
Link 1393 398 11304 1 0.79698361
Link 1179 22 11305 0 0.72495961
Link 960 26 11351 0 0.99357089
Link 48 1396 11364 0 1.66171388
Link 1396 10 11365 0 1.36284498
Link 623 12 11380 0 -1.47077741
Link 658 466 11484 0 -0.86340255
Link 156 234 11647 1 0.45895394
Link 669 1435 11664 0 0.83712190
Link 1435 301 11665 0 0.75761526
Link 8 742 11679 0 -1.44146329
Link 158 1239 11718 0 -0.10768434
Link 34 1443 11736 0 -0.25455459
Link 1443 371 11737 0 -2.50372533
Link 502 12 11775 0 -0.46996533
Link 1450 1111 11814 0 -1.44570742
Link 31 399 11823 0 4.20566903
Link 410 335 11843 0 2.28615417
Link 1454 1047 11861 0 -2.02718003
Link 34 489 11972 0 2.15461679
Link 331 419 11997 0 2.83798841
Link 49 238 12041 0 -2.33548319
Link 260 63 12208 0 -1.23798268
Link 199 371 12371 0 0.19785734
Link 169 1528 12655 1 0.66247797
Link 1528 899 12656 1 0.07760125
Link 248 1532 12683 1 1.09732847
Link 1532 826 12684 1 2.00425015
Link 291 720 12717 0 -1.06947303
Link 450 688 12724 0 0.65499739
Link 485 88 12902 0 -1.45999748
Link 55 86 12945 1 -0.32581716
Link 487 1284 12965 0 2.14911367
Link 166 1558 12992 0 3.75892170
Link 1558 10 12993 0 2.07197884
Link 1 773 13010 0 -3.25091472
Link 42 1559 13015 0 0.70253767
Link 1559 106 13016 0 -0.73373624
Link 2 1571 13137 0 0.19366975
Link 1571 377 13138 0 1.18666369
Link 49 1618 13521 1 2.71839489
Link 1618 651 13522 1 5.15669165
Link 15 1626 13576 1 1.08470429
Link 1626 642 13577 1 -3.40724132
Link 32 831 13683 0 1.10108092
Link 471 757 13880 0 -2.29550686
Link 121 934 13945 0 -4.77376130
Link 760 1677 14087 1 1.21819240
Link 1677 645 14088 1 0.10328144
Link 57 1690 14206 0 0.63609025
Link 1690 586 14207 0 2.38516076
Link 178 953 14227 1 0.73061475
Link 937 1696 14274 0 1.58788819
Link 40 1699 14297 0 2.43077830
Link 1699 929 14298 0 -1.47969748
Link 35 1708 14397 0 1.16080987
Link 1708 65 14398 0 0.64746852
Link 76 1710 14423 1 0.95413027
Link 38 1722 14511 0 1.06982994
Link 1722 1450 14512 0 -3.09541680
Link 38 28 14668 0 5.72329979
Link 402 1745 14730 0 1.21873852
Link 1745 230 14731 0 -1.36342578
Link 65 528 14773 0 -0.26043912
Link 992 12 14873 0 1.47973818
Link 415 44 14943 1 -1.71375435
Link 960 720 15023 0 -0.16773911
Link 248 248 15200 1 -3.15130824
Link 256 94 15501 0 3.97223566
Link 707 586 15514 0 -3.27972150
Link 651 415 15718 0 1.94032968
Link 1098 642 15790 0 -2.32654597
Link 340 128 15861 0 1.86954390
Link 7 291 15885 0 0.46514475
Link 757 64 16173 0 0.19025997
Link 1118 49 16200 0 0.27477271
Link 516 1118 16224 0 -0.84875392
Link 234 953 16255 0 1.35153072
Link 728 728 16281 1 -1.69258553
Link 3 435 16369 0 1.22678821
Link 846 1916 16428 0 1.08092874
Link 1916 174 16429 0 -0.39578324
Link 1956 846 16855 0 0.01395755
Link 23 1963 16907 0 1.98007660
Link 1963 908 16908 0 1.76636435
Link 575 248 17040 0 -1.95078860
Link 524 993 17098 0 -0.79185290
Link 1987 1956 17127 0 0.73063836
Link 402 402 17305 1 0.38452516
Link 3 2009 17366 0 0.10660515
Link 2009 445 17367 0 0.99610048
Link 154 489 17622 0 -0.22433838
Link 1143 447 17694 0 -3.79013730
Link 463 1022 17710 0 -0.48087486
Link 43 846 17778 0 2.86189336
Link 389 191 17916 1 -1.50090821
Link 6 888 17937 0 1.69029582
Link 29 2063 18108 0 1.48107949
Link 2063 490 18109 0 2.61582830
Link 375 1532 18195 0 -2.40372344
Link 74 139 18243 1 -2.78153310
Link 78 486 18428 0 0.97162363
Link 465 197 18520 0 -2.57262693
Link 595 339 18626 0 -1.80117159
Link 70 43 18667 0 -2.28328958
Link 340 808 18698 0 -0.11310195
Link 688 516 18749 1 1.52944550
Link 377 2127 18760 0 0.78562990
Link 2127 1987 18761 0 1.50699962
Link 43 885 18900 0 -1.21253761
Link 522 1098 19016 0 2.73324005
Link 1696 2168 19154 0 0.90945065
Link 2168 422 19155 0 1.26569891
Link 807 688 19257 0 -1.78258594
Link 291 1690 19271 0 -2.64995303
Link 1710 2182 19351 1 1.25985653
Link 2182 645 19352 1 -0.54523576
Link 116 2188 19417 0 0.71135279
Link 2188 1454 19418 0 1.71046330
GenomeEnd

