GenomeStart 51708
Neuron 1 1 0.00000000 1 0.00000000 0.00000000 0.00000000 0.00000000
Neuron 2 1 0.00000000 1 0.00000000 0.00000000 0.00000000 0.00000000
Neuron 3 1 0.00000000 1 0.00000000 0.00000000 0.00000000 0.00000000
Neuron 4 1 0.00000000 1 0.00000000 0.00000000 0.00000000 0.00000000
Neuron 5 1 0.00000000 1 0.00000000 0.00000000 0.00000000 0.00000000
Neuron 6 1 0.00000000 1 0.00000000 0.00000000 0.00000000 0.00000000
Neuron 7 1 0.00000000 1 0.00000000 0.00000000 0.00000000 0.00000000
Neuron 8 1 0.00000000 1 0.00000000 0.00000000 0.00000000 0.00000000
Neuron 9 2 0.00000000 1 0.00000000 0.00000000 0.00000000 0.00000000
Neuron 10 4 1.00000000 0 1.00000000 0.00000000 0.00000000 0.00000000
Neuron 11 4 1.00000000 0 1.00000000 0.00000000 0.00000000 0.00000000
Neuron 12 4 1.00000000 0 1.00000000 0.00000000 0.00000000 0.00000000
Neuron 13 4 1.00000000 0 1.00000000 0.00000000 0.00000000 0.00000000
Neuron 14 4 1.00000000 0 1.00000000 0.00000000 0.00000000 0.00000000
Neuron 15 4 1.00000000 0 1.00000000 0.00000000 0.00000000 0.00000000
Neuron 16 4 1.00000000 0 1.00000000 0.00000000 0.00000000 0.00000000
Neuron 17 3 0.50000000 1 1.00000000 0.00000000 0.00000000 0.00000000
Neuron 18 3 0.50000000 1 1.00000000 0.00000000 0.00000000 0.00000000
Neuron 20 3 0.50000000 1 1.00000000 0.00000000 0.00000000 0.00000000
Neuron 21 3 0.50000000 1 1.00000000 0.00000000 0.00000000 0.00000000
Neuron 22 3 0.50000000 1 1.00000000 0.00000000 0.00000000 0.00000000
Neuron 23 3 0.50000000 1 1.00000000 0.00000000 0.00000000 0.00000000
Neuron 24 3 0.50000000 1 1.00000000 0.00000000 0.00000000 0.00000000
Neuron 25 3 0.50000000 1 1.00000000 0.00000000 0.00000000 0.00000000
Neuron 26 3 0.50000000 1 1.00000000 0.00000000 0.00000000 0.00000000
Neuron 27 3 0.50000000 1 1.00000000 0.00000000 0.00000000 0.00000000
Neuron 28 3 0.50000000 1 1.00000000 0.00000000 0.00000000 0.00000000
Neuron 31 3 0.50000000 1 1.00000000 0.00000000 0.00000000 0.00000000
Neuron 32 3 0.50000000 1 1.00000000 0.00000000 0.00000000 0.00000000
Neuron 34 3 0.50000000 1 1.00000000 0.00000000 0.00000000 0.00000000
Neuron 35 3 0.50000000 1 1.00000000 0.00000000 0.00000000 0.00000000
Neuron 36 3 0.50000000 1 1.00000000 0.00000000 0.00000000 0.00000000
Neuron 37 3 0.50000000 1 1.00000000 0.00000000 0.00000000 0.00000000
Neuron 38 3 0.50000000 1 1.00000000 0.00000000 0.00000000 0.00000000
Neuron 39 3 0.50000000 1 1.00000000 0.00000000 0.00000000 0.00000000
Neuron 40 3 0.50000000 1 1.00000000 0.00000000 0.00000000 0.00000000
Neuron 42 3 0.50000000 1 1.00000000 0.00000000 0.00000000 0.00000000
Neuron 44 3 0.50000000 1 1.00000000 0.00000000 0.00000000 0.00000000
Neuron 48 3 0.50000000 1 1.00000000 0.00000000 0.00000000 0.00000000
Neuron 49 3 0.50000000 1 1.00000000 0.00000000 0.00000000 0.00000000
Neuron 50 3 0.50000000 1 1.00000000 0.00000000 0.00000000 0.00000000
Neuron 52 3 0.50000000 1 1.00000000 0.00000000 0.00000000 0.00000000
Neuron 55 3 0.50000000 1 1.00000000 0.00000000 0.00000000 0.00000000
Neuron 57 3 0.50000000 1 1.00000000 0.00000000 0.00000000 0.00000000
Neuron 59 3 0.50000000 1 1.00000000 0.00000000 0.00000000 0.00000000
Neuron 60 3 0.50000000 1 1.00000000 0.00000000 0.00000000 0.00000000
Neuron 64 3 0.75000000 1 1.00000000 0.00000000 0.00000000 0.00000000
Neuron 65 3 0.50000000 1 1.00000000 0.00000000 0.00000000 0.00000000
Neuron 66 3 0.50000000 1 1.00000000 0.00000000 0.00000000 0.00000000
Neuron 67 3 0.50000000 1 1.00000000 0.00000000 0.00000000 0.00000000
Neuron 69 3 0.50000000 1 1.00000000 0.00000000 0.00000000 0.00000000
Neuron 70 3 0.50000000 1 1.00000000 0.00000000 0.00000000 0.00000000
Neuron 74 3 0.50000000 1 1.00000000 0.00000000 0.00000000 0.00000000
Neuron 76 3 0.75000000 1 1.00000000 0.00000000 0.00000000 0.00000000
Neuron 77 3 0.50000000 1 1.00000000 0.00000000 0.00000000 0.00000000
Neuron 78 3 0.25000000 1 1.00000000 0.00000000 0.00000000 0.00000000
Neuron 79 3 0.50000000 1 1.00000000 0.00000000 0.00000000 0.00000000
Neuron 80 3 0.75000000 1 1.00000000 0.00000000 0.00000000 0.00000000
Neuron 81 3 0.50000000 1 1.00000000 0.00000000 0.00000000 0.00000000
Neuron 86 3 0.25000000 1 1.00000000 0.00000000 0.00000000 0.00000000
Neuron 88 3 0.75000000 1 1.00000000 0.00000000 0.00000000 0.00000000
Neuron 94 3 0.75000000 1 1.00000000 0.00000000 0.00000000 0.00000000
Neuron 106 3 0.75000000 1 1.00000000 0.00000000 0.00000000 0.00000000
Neuron 113 3 0.25000000 1 1.00000000 0.00000000 0.00000000 0.00000000
Neuron 114 3 0.75000000 1 1.00000000 0.00000000 0.00000000 0.00000000
Neuron 116 3 0.25000000 1 1.00000000 0.00000000 0.00000000 0.00000000
Neuron 121 3 0.25000000 1 1.00000000 0.00000000 0.00000000 0.00000000
Neuron 125 3 0.75000000 1 1.00000000 0.00000000 0.00000000 0.00000000
Neuron 148 3 0.75000000 1 1.00000000 0.00000000 0.00000000 0.00000000
Neuron 149 3 0.25000000 1 1.00000000 0.00000000 0.00000000 0.00000000
Neuron 150 3 0.25000000 1 1.00000000 0.00000000 0.00000000 0.00000000
Neuron 154 3 0.75000000 1 1.00000000 0.00000000 0.00000000 0.00000000
Neuron 156 3 0.75000000 1 1.00000000 0.00000000 0.00000000 0.00000000
Neuron 158 3 0.25000000 1 1.00000000 0.00000000 0.00000000 0.00000000
Neuron 163 3 0.25000000 1 1.00000000 0.00000000 0.00000000 0.00000000
Neuron 165 3 0.75000000 1 1.00000000 0.00000000 0.00000000 0.00000000
Neuron 169 3 0.75000000 1 1.00000000 0.00000000 0.00000000 0.00000000
Neuron 178 3 0.62500000 1 1.00000000 0.00000000 0.00000000 0.00000000
Neuron 195 3 0.25000000 1 1.00000000 0.00000000 0.00000000 0.00000000
Neuron 197 3 0.75000000 1 1.00000000 0.00000000 0.00000000 0.00000000
Neuron 201 3 0.75000000 1 1.00000000 0.00000000 0.00000000 0.00000000
Neuron 230 3 0.75000000 1 1.00000000 0.00000000 0.00000000 0.00000000
Neuron 234 3 0.50000000 1 1.00000000 0.00000000 0.00000000 0.00000000
Neuron 236 3 0.25000000 1 1.00000000 0.00000000 0.00000000 0.00000000
Neuron 238 3 0.75000000 1 1.00000000 0.00000000 0.00000000 0.00000000
Neuron 242 3 1.00000000 1 1.00000000 0.00000000 0.00000000 0.00000000
Neuron 248 3 1.00000000 1 1.00000000 0.00000000 0.00000000 0.00000000
Neuron 250 3 0.25000000 1 1.00000000 0.00000000 0.00000000 0.00000000
Neuron 253 3 0.25000000 1 1.00000000 0.00000000 0.00000000 0.00000000
Neuron 258 3 0.75000000 1 1.00000000 0.00000000 0.00000000 0.00000000
Neuron 260 3 0.25000000 1 1.00000000 0.00000000 0.00000000 0.00000000
Neuron 263 3 0.87500000 1 1.00000000 0.00000000 0.00000000 0.00000000
Neuron 291 3 0.37500000 1 1.00000000 0.00000000 0.00000000 0.00000000
Neuron 301 3 0.62500000 1 1.00000000 0.00000000 0.00000000 0.00000000
Neuron 331 3 0.87500000 1 1.00000000 0.00000000 0.00000000 0.00000000
Neuron 339 3 0.37500000 1 1.00000000 0.00000000 0.00000000 0.00000000
Neuron 364 3 0.62500000 1 1.00000000 0.00000000 0.00000000 0.00000000
Neuron 371 3 0.50000000 1 1.00000000 0.00000000 0.00000000 0.00000000
Neuron 387 3 0.75000000 1 1.00000000 0.00000000 0.00000000 0.00000000
Neuron 393 3 0.37500000 1 1.00000000 0.00000000 0.00000000 0.00000000
Neuron 397 3 0.68750000 1 1.00000000 0.00000000 0.00000000 0.00000000
Neuron 398 3 0.50000000 1 1.00000000 0.00000000 0.00000000 0.00000000
Neuron 399 3 0.62500000 1 1.00000000 0.00000000 0.00000000 0.00000000
Neuron 403 3 0.31250000 1 1.00000000 0.00000000 0.00000000 0.00000000
Neuron 410 3 0.37500000 1 1.00000000 0.00000000 0.00000000 0.00000000
Neuron 419 3 0.87500000 1 1.00000000 0.00000000 0.00000000 0.00000000
Neuron 431 3 0.25000000 1 1.00000000 0.00000000 0.00000000 0.00000000
Neuron 436 3 0.50000000 1 1.00000000 0.00000000 0.00000000 0.00000000
Neuron 439 3 0.75000000 1 1.00000000 0.00000000 0.00000000 0.00000000
Neuron 441 3 0.25000000 1 1.00000000 0.00000000 0.00000000 0.00000000
Neuron 447 3 0.50000000 1 1.00000000 0.00000000 0.00000000 0.00000000
Neuron 463 3 0.56250000 1 1.00000000 0.00000000 0.00000000 0.00000000
Neuron 466 3 1.00000000 1 1.00000000 0.00000000 0.00000000 0.00000000
Neuron 471 3 0.12500000 1 1.00000000 0.00000000 0.00000000 0.00000000
Neuron 485 3 0.31250000 1 1.00000000 0.00000000 0.00000000 0.00000000
Neuron 486 3 0.87500000 1 1.00000000 0.00000000 0.00000000 0.00000000
Neuron 487 3 0.18750000 1 1.00000000 0.00000000 0.00000000 0.00000000
Neuron 489 3 0.75000000 1 1.00000000 0.00000000 0.00000000 0.00000000
Neuron 502 3 0.56250000 1 1.00000000 0.00000000 0.00000000 0.00000000
Neuron 504 3 0.75000000 1 1.00000000 0.00000000 0.00000000 0.00000000
Neuron 507 3 0.25000000 1 1.00000000 0.00000000 0.00000000 0.00000000
Neuron 528 3 0.62500000 1 1.00000000 0.00000000 0.00000000 0.00000000
Neuron 530 3 0.37500000 1 1.00000000 0.00000000 0.00000000 0.00000000
Neuron 540 3 0.50000000 1 1.00000000 0.00000000 0.00000000 0.00000000
Neuron 546 3 0.37500000 1 1.00000000 0.00000000 0.00000000 0.00000000
Neuron 567 3 0.93750000 1 1.00000000 0.00000000 0.00000000 0.00000000
Neuron 575 3 0.50000000 1 1.00000000 0.00000000 0.00000000 0.00000000
Neuron 586 3 0.68750000 1 1.00000000 0.00000000 0.00000000 0.00000000
Neuron 598 3 0.12500000 1 1.00000000 0.00000000 0.00000000 0.00000000
Neuron 602 3 0.56250000 1 1.00000000 0.00000000 0.00000000 0.00000000
Neuron 603 3 0.12500000 1 1.00000000 0.00000000 0.00000000 0.00000000
Neuron 612 3 0.28125000 1 1.00000000 0.00000000 0.00000000 0.00000000
Neuron 623 3 0.37500000 1 1.00000000 0.00000000 0.00000000 0.00000000
Neuron 637 3 0.37500000 1 1.00000000 0.00000000 0.00000000 0.00000000
Neuron 645 3 0.62500000 1 1.00000000 0.00000000 0.00000000 0.00000000
Neuron 651 3 0.50000000 1 1.00000000 0.00000000 0.00000000 0.00000000
Neuron 652 3 0.12500000 1 1.00000000 0.00000000 0.00000000 0.00000000
Neuron 654 3 0.31250000 1 1.00000000 0.00000000 0.00000000 0.00000000
Neuron 658 3 0.56250000 1 1.00000000 0.00000000 0.00000000 0.00000000
Neuron 677 3 0.81250000 1 1.00000000 0.00000000 0.00000000 0.00000000
Neuron 688 3 0.56250000 1 1.00000000 0.00000000 0.00000000 0.00000000
Neuron 701 3 0.15625000 1 1.00000000 0.00000000 0.00000000 0.00000000
Neuron 707 3 0.28125000 1 1.00000000 0.00000000 0.00000000 0.00000000
Neuron 720 3 0.40625000 1 1.00000000 0.00000000 0.00000000 0.00000000
Neuron 729 3 0.81250000 1 1.00000000 0.00000000 0.00000000 0.00000000
Neuron 736 3 0.62500000 1 1.00000000 0.00000000 0.00000000 0.00000000
Neuron 751 3 0.34375000 1 1.00000000 0.00000000 0.00000000 0.00000000
Neuron 773 3 0.18750000 1 1.00000000 0.00000000 0.00000000 0.00000000
Neuron 809 3 0.87500000 1 1.00000000 0.00000000 0.00000000 0.00000000
Neuron 817 3 0.31250000 1 1.00000000 0.00000000 0.00000000 0.00000000
Neuron 838 3 0.87500000 1 1.00000000 0.00000000 0.00000000 0.00000000
Neuron 847 3 0.37500000 1 1.00000000 0.00000000 0.00000000 0.00000000
Neuron 929 3 0.56250000 1 1.00000000 0.00000000 0.00000000 0.00000000
Neuron 938 3 0.78125000 1 1.00000000 0.00000000 0.00000000 0.00000000
Neuron 991 3 0.56250000 1 1.00000000 0.00000000 0.00000000 0.00000000
Neuron 1017 3 0.40625000 1 1.00000000 0.00000000 0.00000000 0.00000000
Neuron 1033 3 0.25000000 1 1.00000000 0.00000000 0.00000000 0.00000000
Link 1 10 1 0 -3.38002916
Link 2 10 2 0 -4.74734738
Link 4 10 4 0 1.47239743
Link 5 10 5 0 -1.71591679
Link 6 10 6 0 -0.64514119
Link 7 10 7 0 -3.86871669
Link 8 10 8 0 -1.10818001
Link 9 10 9 0 -1.79498381
Link 1 11 10 0 -1.78252583
Link 2 11 11 0 2.12824086
Link 3 11 12 0 0.04746889
Link 4 11 13 0 0.40780807
Link 5 11 14 0 -1.19893014
Link 6 11 15 0 -0.17499304
Link 7 11 16 0 1.63394801
Link 8 11 17 0 1.93257600
Link 9 11 18 0 0.80107348
Link 1 12 19 0 -5.05399285
Link 2 12 20 0 1.42322077
Link 3 12 21 0 5.26408440
Link 4 12 22 0 -3.27607719
Link 5 12 23 0 0.07810309
Link 6 12 24 0 -0.35909992
Link 7 12 25 0 -2.61467759
Link 8 12 26 0 0.91535943
Link 9 12 27 0 2.08172376
Link 1 13 28 0 2.43119992
Link 3 13 30 0 -1.97858593
Link 4 13 31 0 -1.04173113
Link 5 13 32 0 -0.09085342
Link 6 13 33 0 -0.16609802
Link 8 13 35 0 1.91071772
Link 9 13 36 0 -0.89629519
Link 1 14 37 0 1.04046872
Link 2 14 38 0 0.63341838
Link 3 14 39 0 0.43926141
Link 4 14 40 0 -2.42242610
Link 5 14 41 0 0.74224927
Link 6 14 42 0 0.13080902
Link 7 14 43 0 2.57043868
Link 8 14 44 0 1.08968331
Link 9 14 45 0 -0.22359939
Link 1 15 46 0 4.96581176
Link 3 15 48 0 -0.77644224
Link 4 15 49 0 2.59678832
Link 5 15 50 0 1.85294756
Link 6 15 51 0 2.68540064
Link 7 15 52 0 4.17226418
Link 8 15 53 0 3.68855160
Link 9 15 54 0 -1.53651425
Link 1 16 55 0 2.57659765
Link 3 16 57 0 4.19780439
Link 4 16 58 0 0.34903431
Link 6 16 60 0 -2.03825717
Link 7 16 61 0 0.97693185
Link 8 16 62 0 2.80734746
Link 9 16 63 0 0.35249235
Link 17 16 66 0 -1.38970635
Link 7 18 68 0 -1.94427778
Link 18 15 69 0 -1.82530180
Link 20 10 75 0 3.49555989
Link 6 21 77 0 0.39666492
Link 3 22 80 0 4.05597514
Link 22 10 81 0 5.15405186
Link 7 23 83 0 -0.16367497
Link 23 14 84 0 0.99313428
Link 2 24 86 0 -2.09432532
Link 7 25 89 0 -2.51609858
Link 25 11 90 0 -5.09405684
Link 26 12 93 0 1.88705134
Link 5 27 95 0 1.17072828
Link 27 11 96 0 1.59822921
Link 6 28 98 0 -2.06179786
Link 28 15 99 0 3.16495999
Link 5 32 110 0 -1.76503400
Link 32 16 111 0 4.70135507
Link 34 13 117 0 1.73688646
Link 1 35 119 0 -0.99668554
Link 35 10 120 0 -1.64600604
Link 5 21 122 0 2.07206752
Link 7 36 124 0 -1.59420453
Link 36 10 125 0 -1.67494007
Link 5 37 127 0 0.23352037
Link 37 12 128 0 -0.70120273
Link 6 38 131 0 -0.99166501
Link 38 11 132 0 -1.69034633
Link 4 39 135 0 -2.66873387
Link 39 12 136 0 -2.97075285
Link 40 16 139 0 -1.78885280
Link 8 42 146 0 -0.18925416
Link 42 13 147 0 -4.36303881
Link 1 44 153 0 1.71595679
Link 44 11 154 0 1.06664174
Link 7 48 166 0 -2.57420032
Link 48 13 167 0 0.12777366
Link 3 20 171 0 0.09040582
Link 4 49 173 0 -1.07116032
Link 5 50 178 0 0.73917820
Link 7 52 186 0 2.32451383
Link 52 16 187 0 -2.69393247
Link 15 15 192 1 -2.52609562
Link 2 55 197 0 -1.79831158
Link 5 57 208 0 0.26420342
Link 57 15 209 0 3.96722949
Link 8 59 215 0 -4.61790856
Link 59 11 216 0 -0.19938587
Link 3 60 219 0 -0.05797776
Link 60 11 220 0 -2.24128443
Link 64 14 234 0 -0.64617867
Link 5 65 236 0 2.62005811
Link 8 25 240 0 2.11110150
Link 2 66 247 0 -2.16874032
Link 66 15 248 0 0.43426487
Link 8 67 250 0 0.17971534
Link 67 12 251 0 -2.13630995
Link 6 69 262 0 -1.92363205
Link 69 14 263 0 -0.49918113
Link 2 70 267 0 3.47248522
Link 3 23 273 0 1.06071525
Link 6 74 295 0 -2.72478563
Link 11 11 308 1 -0.70894081
Link 8 49 310 0 2.75554838
Link 50 76 318 0 0.30323301
Link 76 10 319 0 0.62440470
Link 7 77 321 0 -0.91274243
Link 5 42 327 0 0.53441385
Link 2 78 334 0 -0.47525631
Link 78 66 335 0 -2.12297048
Link 2 79 341 0 -0.24819091
Link 79 13 342 0 -0.74620920
Link 32 80 347 0 -0.85692066
Link 80 16 348 0 -1.49926966
Link 8 81 351 0 -1.47482786
Link 81 16 352 0 0.03382999
Link 5 86 394 0 2.00355048
Link 86 32 395 0 0.57907476
Link 55 88 411 0 1.72126649
Link 88 12 412 0 0.60835763
Link 4 32 415 0 0.04194408
Link 9 49 451 0 0.73763489
Link 12 66 468 1 1.44717209
Link 66 94 482 0 0.27535037
Link 94 15 483 0 -4.06923590
Link 42 106 614 0 -0.53998035
Link 48 12 653 0 1.54737521
Link 40 40 673 1 2.15205796
Link 6 113 693 0 -0.56687344
Link 113 20 694 0 0.05657512
Link 40 114 696 0 -1.63164771
Link 114 16 697 0 0.47713877
Link 1 116 707 0 0.96853377
Link 116 31 708 0 -2.04294392
Link 2 121 736 0 3.25755390
Link 121 40 737 0 0.59856823
Link 15 125 784 1 1.03932461
Link 125 49 785 1 1.04191893
Link 13 24 869 1 -0.65599139
Link 50 11 965 0 2.62248104
Link 74 148 999 0 1.18506817
Link 148 12 1000 0 -0.36212405
Link 3 149 1007 0 2.61399870
Link 149 20 1008 0 2.22350032
Link 5 150 1017 0 -0.64495955
Link 150 50 1018 0 -0.67075314
Link 21 21 1032 1 -1.82548335
Link 52 154 1057 0 0.13861887
Link 154 16 1058 0 0.30003672
Link 70 156 1069 0 -1.66134085
Link 156 11 1070 0 -0.42150147
Link 7 158 1099 0 -6.34428860
Link 158 18 1100 0 -4.18703376
Link 12 70 1103 1 1.02229827
Link 70 70 1121 1 0.21000957
Link 3 163 1133 0 2.72222478
Link 163 17 1134 0 -3.17827075
Link 65 165 1141 0 2.07784710
Link 165 13 1142 0 -1.90589944
Link 48 48 1151 1 3.14895179
Link 49 169 1164 0 1.56595461
Link 169 14 1165 0 -0.43474984
Link 49 178 1232 0 3.56212439
Link 178 169 1233 0 0.42767172
Link 9 69 1317 0 -1.33352347
Link 8 48 1353 0 5.40025341
Link 4 125 1371 0 -0.69978864
Link 49 49 1374 1 -1.48366889
Link 5 195 1392 0 2.75502106
Link 195 37 1393 0 1.71947606
Link 77 201 1438 0 0.68495997
Link 48 14 1468 0 -1.94694039
Link 21 94 1535 0 2.36338753
Link 5 125 1536 0 1.55848795
Link 23 20 1574 0 -4.28973332
Link 48 10 1576 0 0.26621320
Link 32 50 1584 0 -0.36689290
Link 40 25 1597 0 1.30089025
Link 21 16 1645 0 0.72443551
Link 11 230 1661 1 2.65646212
Link 230 17 1662 1 2.27768803
Link 31 234 1682 0 0.90716535
Link 234 66 1683 0 -0.17184502
Link 2 236 1692 0 0.92688362
Link 236 55 1693 0 3.38188194
Link 31 230 1697 0 0.91491050
Link 37 238 1717 0 -1.20179638
Link 238 12 1718 0 3.32551250
Link 13 242 1739 1 -4.12243174
Link 16 248 1791 1 0.10549959
Link 248 16 1792 1 -0.74608400
Link 3 250 1804 0 -0.18978610
Link 250 34 1805 0 -0.84382619
Link 3 253 1844 0 -3.80569647
Link 253 26 1845 0 -2.37844582
Link 31 94 1853 0 -0.06555849
Link 24 258 1870 0 -1.54981634
Link 258 14 1871 0 2.40297529
Link 8 260 1885 0 -0.67361659
Link 197 263 1904 0 2.72088359
Link 10 49 1915 1 2.59506148
Link 9 34 1931 0 -0.95468524
Link 4 291 2096 0 0.43755280
Link 291 125 2097 0 1.03027785
Link 169 301 2178 1 -3.22311472
Link 301 34 2179 1 -1.22174814
Link 55 169 2276 0 -0.27095169
Link 14 59 2285 1 3.10640099
Link 5 34 2309 0 0.50963887
Link 169 331 2357 0 0.99150268
Link 331 14 2358 0 0.09356978
Link 5 339 2417 0 2.76152512
Link 339 125 2418 0 -3.24235334
Link 65 35 2457 0 -3.02146284
Link 31 197 2472 0 0.02996018
Link 4 301 2479 0 -0.62351440
Link 24 20 2502 0 -0.35207913
Link 69 57 2579 0 -3.30039120
Link 69 15 2602 0 -0.95458164
Link 59 371 2649 1 0.29028760
Link 371 59 2650 1 0.22947757
Link 14 40 2741 1 -2.11344319
Link 26 387 2746 0 2.22543043
Link 387 12 2747 0 1.50772084
Link 169 397 2809 1 0.27386447
Link 397 301 2810 1 -0.02304257
Link 70 398 2813 0 -0.41107819
Link 398 24 2814 0 -2.62680936
Link 94 94 2819 1 0.70769216
Link 21 399 2835 0 0.58065199
Link 399 197 2836 0 1.20289121
Link 403 301 2866 0 0.09529213
Link 113 410 2893 0 0.35372107
Link 410 20 2894 0 -4.65535634
Link 1 230 2916 0 -4.81136259
Link 76 419 2955 0 -3.72591103
Link 419 10 2956 0 2.59168285
Link 5 431 3049 0 4.28283460
Link 431 59 3050 0 2.90315508
Link 34 398 3056 0 2.42137049
Link 11 55 3092 1 1.58363390
Link 23 436 3094 0 1.00000000
Link 436 34 3095 0 0.26799214
Link 1 258 3114 0 1.76558421
Link 13 439 3123 1 2.09087441
Link 439 49 3124 1 -0.94821740
Link 1 441 3132 0 0.09102349
Link 441 66 3133 0 3.50386397
Link 398 447 3165 0 -0.49274970
Link 447 24 3166 0 -2.12341203
Link 4 34 3221 0 -2.91842384
Link 364 463 3264 1 -1.36575219
Link 463 35 3265 1 2.71583146
Link 242 466 3285 1 -4.36119653
Link 466 13 3286 1 0.40806444
Link 6 471 3312 0 4.33785541
Link 471 113 3313 0 1.26702484
Link 1 485 3434 0 0.23074317
Link 485 364 3435 0 3.23219720
Link 88 486 3441 0 -1.65755574
Link 486 12 3442 0 -2.61310239
Link 2 487 3453 0 2.87937387
Link 487 393 3454 0 -2.15917914
Link 14 23 3460 1 2.93366260
Link 242 230 3469 1 -4.59076735
Link 25 489 3471 0 -2.35108765
Link 69 12 3497 0 0.15971872
Link 52 125 3499 0 2.63932791
Link 52 69 3531 0 -2.35696889
Link 393 502 3557 0 -4.47239489
Link 502 169 3558 0 -0.53746526
Link 11 504 3575 1 4.50589004
Link 504 55 3576 1 2.80821837
Link 4 507 3592 0 1.00524646
Link 507 23 3593 0 -4.27213072
Link 42 88 3642 0 1.31999953
Link 201 10 3683 0 1.90275360
Link 23 528 3736 0 -3.45580240
Link 528 64 3737 0 0.39697675
Link 2 530 3750 0 0.93853177
Link 530 94 3751 0 -4.42367083
Link 230 94 3766 0 -0.17482226
Link 18 48 3814 0 4.07724208
Link 431 31 3826 0 0.22212268
Link 52 540 3839 0 1.12694421
Link 540 69 3840 0 -1.66383701
Link 1 546 3864 0 -2.11964515
Link 546 258 3865 0 -0.25191872
Link 76 12 3887 0 0.18033912
Link 25 74 3895 0 -2.58708331
Link 66 301 3910 0 -2.05745287
Link 14 18 3959 1 0.14746560
Link 466 14 3995 0 -0.75467520
Link 263 567 3997 0 -0.93645595
Link 567 13 3998 0 5.79110797
Link 18 575 4049 0 -3.31837568
Link 575 48 4050 0 4.36707201
Link 24 42 4104 0 -0.23437851
Link 230 586 4113 1 -0.18488013
Link 586 364 4114 1 -0.06348661
Link 13 393 4184 1 3.83458564
Link 34 76 4237 0 1.20169795
Link 3 598 4240 0 -0.39841900
Link 598 250 4241 0 2.18228776
Link 5 393 4258 0 4.79665936
Link 76 18 4259 1 2.01257812
Link 487 20 4272 0 2.67750716
Link 14 507 4281 1 0.02583375
Link 66 602 4283 0 0.60830803
Link 602 301 4284 0 -1.66198033
Link 4 603 4293 0 0.05132038
Link 603 507 4294 0 1.83064925
Link 113 169 4301 0 0.21027405
Link 32 69 4358 0 3.45413315
Link 487 612 4360 0 0.41473557
Link 612 393 4361 0 2.18306744
Link 253 602 4428 0 1.26792324
Link 16 507 4451 1 -1.10010383
Link 507 623 4453 0 0.67038491
Link 623 23 4454 0 -1.50766771
Link 15 253 4466 1 1.13029822
Link 74 24 4502 0 -3.00933535
Link 250 88 4526 0 1.39039141
Link 65 253 4548 1 2.23648265
Link 637 18 4559 0 2.30844625
Link 76 158 4582 1 1.82466627
Link 76 645 4615 1 0.72139873
Link 645 18 4616 1 -2.48966828
Link 3 507 4629 0 -1.83107246
Link 42 24 4670 0 -3.19230383
Link 49 651 4679 1 2.22233392
Link 651 49 4680 1 4.31767208
Link 439 598 4682 1 1.54268113
Link 487 250 4689 0 -2.33319475
Link 7 652 4693 0 2.52787592
Link 158 654 4708 0 0.21570771
Link 654 637 4709 0 -1.48666554
Link 76 258 4748 0 0.25172126
Link 301 658 4760 1 -0.86398770
Link 658 23 4761 1 -0.51217685
Link 15 31 4809 1 -1.45945294
Link 34 654 4818 1 -1.71559690
Link 69 439 4856 0 0.66968855
Link 169 677 4924 0 -0.90068641
Link 677 331 4925 0 -0.27984111
Link 116 234 4931 0 -1.33186069
Link 23 602 4982 0 2.33636654
Link 530 688 5015 0 3.35816429
Link 688 94 5016 0 -0.82875779
Link 23 65 5052 0 -1.59593847
Link 507 331 5070 0 -2.09823552
Link 4 701 5115 0 1.49062885
Link 701 403 5116 0 0.75479396
Link 507 707 5159 0 5.21028235
Link 707 403 5160 0 1.94480124
Link 507 13 5195 0 1.79615083
Link 3 64 5206 0 1.09426240
Link 5 487 5224 0 1.09708627
Link 301 28 5232 1 3.70634424
Link 42 76 5247 0 -1.97427030
Link 253 720 5268 0 -0.30087382
Link 720 602 5269 0 -2.46661877
Link 49 106 5276 0 0.96989704
Link 301 331 5303 0 1.57885921
Link 253 52 5314 0 2.09966081
Link 331 729 5343 1 0.81647441
Link 42 736 5413 0 -1.05210223
Link 736 106 5414 0 2.21168777
Link 8 398 5461 0 0.77293463
Link 364 398 5490 1 -0.50837107
Link 654 751 5538 0 1.09667296
Link 751 637 5539 0 -2.83008303
Link 88 20 5563 1 -0.78863751
Link 55 331 5576 0 -0.25003086
Link 125 201 5622 0 0.14377459
Link 195 50 5657 0 0.30807688
Link 652 773 5722 0 -1.09164641
Link 773 158 5723 0 2.81109780
Link 149 169 5738 0 3.03945328
Link 59 331 5854 0 1.72672283
Link 602 23 5880 1 6.50960809
Link 489 809 5972 0 -2.19440778
Link 809 12 5973 0 -3.73817718
Link 654 654 6007 1 2.80245869
Link 69 398 6040 0 -4.04654602
Link 113 817 6048 0 0.45497040
Link 817 410 6049 0 1.38442345
Link 530 258 6068 0 2.09826375
Link 50 121 6086 1 3.38570820
Link 38 106 6121 0 -1.90464540
Link 34 602 6151 0 -1.47030903
Link 169 60 6171 1 -0.72144378
Link 106 838 6210 0 0.34216465
Link 838 13 6211 0 -0.62124454
Link 260 847 6273 0 -0.94183404
Link 847 49 6274 0 -3.20883015
Link 39 502 6449 0 -0.01047092
Link 485 169 6453 0 0.97988401
Link 393 677 6457 0 0.20117843
Link 7 149 6461 0 -2.10973351
Link 23 11 6477 0 2.20038553
Link 546 331 6536 0 3.22839615
Link 586 40 6719 1 0.83998147
Link 79 50 6743 0 0.60894975
Link 116 637 6826 0 0.60291730
Link 70 486 6864 0 -3.28560143
Link 301 929 7027 1 1.85212213
Link 929 28 7028 1 -3.92665031
Link 156 339 7061 1 2.43913967
Link 729 938 7095 1 2.52802960
Link 938 88 7096 1 -2.25710655
Link 22 78 7172 1 -3.44534718
Link 1 339 7286 0 -3.14010940
Link 471 21 7289 0 -0.02794414
Link 387 502 7319 1 0.68757716
Link 50 163 7449 1 -0.19615012
Link 158 156 7467 0 0.73562202
Link 301 991 7568 1 0.99857095
Link 991 23 7569 1 -0.39522749
Link 36 74 7616 0 1.19969625
Link 236 1017 7833 0 0.74938008
Link 1017 602 7834 0 0.46289948
Link 645 645 7909 1 1.27549286
Link 2 1033 8010 0 0.82168281
Link 1033 40 8011 0 -0.52677955
Link 701 645 8025 0 2.06672152
Link 651 35 8155 0 -0.17030445
Link 48 31 8186 0 1.98115694
Link 651 52 8234 0 -1.89639154
Link 94 817 8253 1 -3.07283857
Link 195 817 8407 0 0.07155884
GenomeEnd

