GenomeStart 45461
Neuron 1 1 0.00000000 1 0.00000000 0.00000000 0.00000000 0.00000000
Neuron 2 1 0.00000000 1 0.00000000 0.00000000 0.00000000 0.00000000
Neuron 3 1 0.00000000 1 0.00000000 0.00000000 0.00000000 0.00000000
Neuron 4 1 0.00000000 1 0.00000000 0.00000000 0.00000000 0.00000000
Neuron 5 1 0.00000000 1 0.00000000 0.00000000 0.00000000 0.00000000
Neuron 6 1 0.00000000 1 0.00000000 0.00000000 0.00000000 0.00000000
Neuron 7 1 0.00000000 1 0.00000000 0.00000000 0.00000000 0.00000000
Neuron 8 1 0.00000000 1 0.00000000 0.00000000 0.00000000 0.00000000
Neuron 9 2 0.00000000 1 0.00000000 0.00000000 0.00000000 0.00000000
Neuron 10 4 1.00000000 0 1.00000000 0.00000000 0.00000000 0.00000000
Neuron 11 4 1.00000000 0 1.00000000 0.00000000 0.00000000 0.00000000
Neuron 12 4 1.00000000 0 1.00000000 0.00000000 0.00000000 0.00000000
Neuron 13 4 1.00000000 0 1.00000000 0.00000000 0.00000000 0.00000000
Neuron 14 4 1.00000000 0 1.00000000 0.00000000 0.00000000 0.00000000
Neuron 15 4 1.00000000 0 1.00000000 0.00000000 0.00000000 0.00000000
Neuron 16 4 1.00000000 0 1.00000000 0.00000000 0.00000000 0.00000000
Neuron 18 3 0.50000000 1 1.00000000 0.00000000 0.00000000 0.00000000
Neuron 20 3 0.50000000 1 1.00000000 0.00000000 0.00000000 0.00000000
Neuron 23 3 0.50000000 1 1.00000000 0.00000000 0.00000000 0.00000000
Neuron 24 3 0.50000000 1 1.00000000 0.00000000 0.00000000 0.00000000
Neuron 25 3 0.50000000 1 1.00000000 0.00000000 0.00000000 0.00000000
Neuron 26 3 0.50000000 1 1.00000000 0.00000000 0.00000000 0.00000000
Neuron 30 3 0.50000000 1 1.00000000 0.00000000 0.00000000 0.00000000
Neuron 32 3 0.50000000 1 1.00000000 0.00000000 0.00000000 0.00000000
Neuron 34 3 0.50000000 1 1.00000000 0.00000000 0.00000000 0.00000000
Neuron 40 3 0.50000000 1 1.00000000 0.00000000 0.00000000 0.00000000
Neuron 42 3 0.50000000 1 1.00000000 0.00000000 0.00000000 0.00000000
Neuron 45 3 0.50000000 1 1.00000000 0.00000000 0.00000000 0.00000000
Neuron 48 3 0.50000000 1 1.00000000 0.00000000 0.00000000 0.00000000
Neuron 49 3 0.50000000 1 1.00000000 0.00000000 0.00000000 0.00000000
Neuron 50 3 0.50000000 1 1.00000000 0.00000000 0.00000000 0.00000000
Neuron 52 3 0.50000000 1 1.00000000 0.00000000 0.00000000 0.00000000
Neuron 55 3 0.50000000 1 1.00000000 0.00000000 0.00000000 0.00000000
Neuron 66 3 0.50000000 1 1.00000000 0.00000000 0.00000000 0.00000000
Neuron 69 3 0.50000000 1 1.00000000 0.00000000 0.00000000 0.00000000
Neuron 70 3 0.50000000 1 1.00000000 0.00000000 0.00000000 0.00000000
Neuron 76 3 0.75000000 1 1.00000000 0.00000000 0.00000000 0.00000000
Neuron 80 3 0.75000000 1 1.00000000 0.00000000 0.00000000 0.00000000
Neuron 88 3 0.75000000 1 1.00000000 0.00000000 0.00000000 0.00000000
Neuron 106 3 0.75000000 1 1.00000000 0.00000000 0.00000000 0.00000000
Neuron 113 3 0.25000000 1 1.00000000 0.00000000 0.00000000 0.00000000
Neuron 125 3 0.75000000 1 1.00000000 0.00000000 0.00000000 0.00000000
Neuron 135 3 0.75000000 1 1.00000000 0.00000000 0.00000000 0.00000000
Neuron 156 3 0.75000000 1 1.00000000 0.00000000 0.00000000 0.00000000
Neuron 169 3 0.75000000 1 1.00000000 0.00000000 0.00000000 0.00000000
Neuron 250 3 0.25000000 1 1.00000000 0.00000000 0.00000000 0.00000000
Neuron 253 3 0.25000000 1 1.00000000 0.00000000 0.00000000 0.00000000
Neuron 258 3 0.75000000 1 1.00000000 0.00000000 0.00000000 0.00000000
Neuron 301 3 0.62500000 1 1.00000000 0.00000000 0.00000000 0.00000000
Neuron 354 3 0.62500000 1 1.00000000 0.00000000 0.00000000 0.00000000
Neuron 393 3 0.37500000 1 1.00000000 0.00000000 0.00000000 0.00000000
Neuron 398 3 0.50000000 1 1.00000000 0.00000000 0.00000000 0.00000000
Neuron 403 3 0.31250000 1 1.00000000 0.00000000 0.00000000 0.00000000
Neuron 436 3 0.50000000 1 1.00000000 0.00000000 0.00000000 0.00000000
Neuron 439 3 0.75000000 1 1.00000000 0.00000000 0.00000000 0.00000000
Neuron 447 3 0.50000000 1 1.00000000 0.00000000 0.00000000 0.00000000
Neuron 486 3 0.87500000 1 1.00000000 0.00000000 0.00000000 0.00000000
Neuron 487 3 0.18750000 1 1.00000000 0.00000000 0.00000000 0.00000000
Neuron 502 3 0.56250000 1 1.00000000 0.00000000 0.00000000 0.00000000
Neuron 507 3 0.25000000 1 1.00000000 0.00000000 0.00000000 0.00000000
Neuron 540 3 0.50000000 1 1.00000000 0.00000000 0.00000000 0.00000000
Neuron 541 3 0.12500000 1 1.00000000 0.00000000 0.00000000 0.00000000
Neuron 598 3 0.12500000 1 1.00000000 0.00000000 0.00000000 0.00000000
Neuron 612 3 0.28125000 1 1.00000000 0.00000000 0.00000000 0.00000000
Neuron 622 3 0.50000000 1 1.00000000 0.00000000 0.00000000 0.00000000
Neuron 623 3 0.37500000 1 1.00000000 0.00000000 0.00000000 0.00000000
Neuron 687 3 0.81250000 1 1.00000000 0.00000000 0.00000000 0.00000000
Neuron 704 3 0.18750000 1 1.00000000 0.00000000 0.00000000 0.00000000
Link 1 10 1 0 -2.82104551
Link 2 10 2 0 2.50513953
Link 4 10 4 0 3.49929501
Link 7 10 7 0 -1.24288282
Link 8 10 8 0 -1.30460956
Link 9 10 9 0 -3.74139783
Link 1 11 10 0 -3.76269697
Link 3 11 12 0 -1.14749078
Link 4 11 13 0 3.15369358
Link 5 11 14 0 -2.36548146
Link 6 11 15 0 -2.01397943
Link 8 11 17 0 1.14469794
Link 9 11 18 0 -0.78256170
Link 1 12 19 0 -1.36413174
Link 4 12 22 0 1.82536552
Link 5 12 23 0 -0.40221995
Link 6 12 24 0 -1.46883924
Link 7 12 25 0 3.00945593
Link 8 12 26 0 -0.82457297
Link 9 12 27 0 -0.60011467
Link 1 13 28 0 -3.85682062
Link 2 13 29 0 -0.45082002
Link 4 13 31 0 -0.22357371
Link 5 13 32 0 -2.22818407
Link 6 13 33 0 -1.70433345
Link 1 14 37 0 0.06758311
Link 3 14 39 0 -0.43955712
Link 5 14 41 0 5.75938098
Link 8 14 44 0 1.79340101
Link 9 14 45 0 5.59965586
Link 1 15 46 0 -3.75199659
Link 3 15 48 0 -5.27352061
Link 4 15 49 0 0.18554610
Link 5 15 50 0 0.28738927
Link 6 15 51 0 0.18286371
Link 8 15 53 0 3.71848953
Link 9 15 54 0 -0.44660245
Link 3 16 57 0 -0.56723466
Link 6 16 60 0 0.04025610
Link 8 16 62 0 3.01322330
Link 7 18 68 0 1.21890061
Link 18 15 69 0 0.20379688
Link 20 10 75 0 -3.72828700
Link 7 23 83 0 -0.05704838
Link 23 14 84 0 3.41800546
Link 2 24 86 0 1.79623293
Link 7 25 89 0 1.00000000
Link 25 11 90 0 -0.59592404
Link 26 12 93 0 0.23880253
Link 1 30 104 0 2.42829609
Link 30 16 105 0 -0.98198742
Link 5 32 110 0 0.57378570
Link 2 40 138 0 -1.18545753
Link 40 16 139 0 0.61438107
Link 8 42 146 0 0.61043307
Link 4 45 157 0 0.52786518
Link 48 13 167 0 -2.91274621
Link 3 20 171 0 3.11853761
Link 4 49 173 0 -0.54276855
Link 5 50 178 0 3.03611425
Link 7 52 186 0 2.69582314
Link 52 16 187 0 -2.25842898
Link 2 55 197 0 0.64542212
Link 2 66 247 0 1.48089601
Link 66 15 248 0 1.49938937
Link 6 69 262 0 0.53717553
Link 69 14 263 0 -4.11483522
Link 2 70 267 0 -0.65335036
Link 11 11 308 1 -0.46017561
Link 50 76 318 0 3.09265799
Link 76 10 319 0 1.15192010
Link 32 80 347 0 0.35591089
Link 80 16 348 0 0.87652546
Link 55 88 411 0 2.41962926
Link 4 32 415 0 2.59411965
Link 9 49 451 0 -0.91618705
Link 42 106 614 0 0.40837605
Link 106 13 615 0 -1.19353709
Link 45 45 616 1 -0.86142387
Link 6 113 693 0 0.54563946
Link 113 20 694 0 -0.04235083
Link 15 125 784 1 0.64120248
Link 125 49 785 1 3.29944212
Link 13 24 869 1 -1.96983094
Link 45 135 874 0 1.03776138
Link 135 16 875 0 0.80781263
Link 50 11 965 0 1.46261340
Link 70 156 1069 0 0.89005469
Link 156 11 1070 0 2.30785951
Link 12 70 1103 1 -4.66370005
Link 70 70 1121 1 0.52327781
Link 49 169 1164 0 -0.22003223
Link 169 14 1165 0 -0.49839573
Link 8 48 1353 0 -0.82638765
Link 4 125 1371 0 -4.50101274
Link 49 49 1374 1 1.63886570
Link 5 125 1536 0 -1.06734355
Link 23 20 1574 0 -2.33664002
Link 48 10 1576 0 0.37959623
Link 250 34 1805 0 0.24353421
Link 253 26 1845 0 0.04184080
Link 258 14 1871 0 2.87576314
Link 10 49 1915 1 3.40508237
Link 9 34 1931 0 1.44228864
Link 125 11 2176 0 0.30503624
Link 169 301 2178 1 0.77355511
Link 301 34 2179 1 -3.18630480
Link 125 50 2204 1 1.69704597
Link 4 301 2479 0 1.50199808
Link 24 20 2502 0 -4.10137709
Link 24 354 2543 0 -0.62285110
Link 354 258 2544 0 -0.16948235
Link 69 15 2602 0 3.41687164
Link 4 403 2865 0 -0.23372585
Link 403 301 2866 0 0.35586517
Link 34 398 3056 0 2.93724980
Link 11 55 3092 1 1.35882521
Link 23 436 3094 0 -0.08085575
Link 436 34 3095 0 5.55961994
Link 1 258 3114 0 2.84135230
Link 13 439 3123 1 0.75036427
Link 439 49 3124 1 -1.01099392
Link 398 447 3165 0 1.51492641
Link 447 24 3166 0 0.76327947
Link 4 34 3221 0 -3.64214367
Link 486 12 3442 0 2.06870238
Link 2 487 3453 0 1.17648282
Link 393 502 3557 0 0.05165699
Link 502 169 3558 0 0.03878447
Link 4 507 3592 0 1.73964317
Link 18 48 3814 0 -0.73067554
Link 52 540 3839 0 1.43434052
Link 540 69 3840 0 -1.91747756
Link 3 541 3842 0 0.79167867
Link 541 253 3843 0 2.14685153
Link 76 12 3887 0 -0.74806468
Link 66 301 3910 0 -1.26330649
Link 14 18 3959 1 -4.17586467
Link 13 393 4184 1 0.38205330
Link 3 598 4240 0 -1.19143603
Link 598 250 4241 0 2.14069111
Link 14 507 4281 1 1.79099353
Link 113 169 4301 0 0.57959910
Link 487 612 4360 0 2.45091354
Link 612 393 4361 0 -0.33514673
Link 70 622 4449 0 1.21658068
Link 622 398 4450 0 0.99617503
Link 507 623 4453 0 0.64743112
Link 623 23 4454 0 0.49558354
Link 439 598 4682 1 -2.16683423
Link 69 439 4856 0 -1.02054342
Link 20 42 4881 0 0.88048934
Link 88 687 4997 0 1.76865910
Link 687 486 4998 0 -0.76915440
Link 507 403 5003 0 2.54377460
Link 125 398 5025 1 -1.42005574
Link 5 704 5136 0 0.16298667
Link 704 393 5137 0 -0.74595359
Link 507 13 5195 0 0.55415728
Link 5 487 5224 0 -2.92086186
Link 42 76 5247 0 -1.53273601
Link 439 10 5396 0 3.29134658
Link 598 507 5425 0 -1.06404775
Link 156 40 5520 1 0.53942125
Link 20 398 5822 0 3.12005918
Link 487 34 5853 0 0.74684373
Link 5 156 6516 0 -2.18176817
Link 4 598 6615 0 1.81889651
Link 80 113 6791 1 -0.84347357
Link 156 687 6930 0 -1.02454960
Link 106 70 7296 1 1.24449449
GenomeEnd

