GenomeStart 7709
Neuron 1 1 0.00000000 1 0.00000000 0.00000000 0.00000000 0.00000000
Neuron 2 1 0.00000000 1 0.00000000 0.00000000 0.00000000 0.00000000
Neuron 3 1 0.00000000 1 0.00000000 0.00000000 0.00000000 0.00000000
Neuron 4 1 0.00000000 1 0.00000000 0.00000000 0.00000000 0.00000000
Neuron 5 1 0.00000000 1 0.00000000 0.00000000 0.00000000 0.00000000
Neuron 6 1 0.00000000 1 0.00000000 0.00000000 0.00000000 0.00000000
Neuron 7 1 0.00000000 1 0.00000000 0.00000000 0.00000000 0.00000000
Neuron 8 1 0.00000000 1 0.00000000 0.00000000 0.00000000 0.00000000
Neuron 9 2 0.00000000 1 0.00000000 0.00000000 0.00000000 0.00000000
Neuron 10 4 1.00000000 0 1.00000000 0.00000000 0.00000000 0.00000000
Neuron 11 4 1.00000000 0 1.00000000 0.00000000 0.00000000 0.00000000
Neuron 12 4 1.00000000 0 1.00000000 0.00000000 0.00000000 0.00000000
Neuron 13 4 1.00000000 0 1.00000000 0.00000000 0.00000000 0.00000000
Neuron 14 4 1.00000000 0 1.00000000 0.00000000 0.00000000 0.00000000
Neuron 15 4 1.00000000 0 1.00000000 0.00000000 0.00000000 0.00000000
Neuron 16 4 1.00000000 0 1.00000000 0.00000000 0.00000000 0.00000000
Neuron 19 3 0.50000000 1 1.00000000 0.00000000 0.00000000 0.00000000
Neuron 29 3 0.50000000 1 1.00000000 0.00000000 0.00000000 0.00000000
Neuron 38 3 0.50000000 1 1.00000000 0.00000000 0.00000000 0.00000000
Neuron 53 3 0.50000000 1 1.00000000 0.00000000 0.00000000 0.00000000
Neuron 60 3 0.50000000 1 1.00000000 0.00000000 0.00000000 0.00000000
Neuron 66 3 0.50000000 1 1.00000000 0.00000000 0.00000000 0.00000000
Neuron 74 3 0.50000000 1 1.00000000 0.00000000 0.00000000 0.00000000
Link 1 10 1 0 3.98153527
Link 2 10 2 0 -0.24108000
Link 3 10 3 0 0.04849583
Link 4 10 4 0 4.01153972
Link 5 10 5 0 -1.92453033
Link 6 10 6 0 2.06968769
Link 7 10 7 0 1.37855130
Link 8 10 8 0 0.45500134
Link 9 10 9 0 -1.82869153
Link 1 11 10 0 0.65105539
Link 2 11 11 0 0.67315473
Link 4 11 13 0 -0.11880916
Link 5 11 14 0 1.49217316
Link 7 11 16 0 2.15544354
Link 8 11 17 0 1.01719588
Link 9 11 18 0 2.95643113
Link 1 12 19 0 2.21774210
Link 2 12 20 0 1.22420807
Link 3 12 21 0 1.93415725
Link 4 12 22 0 3.39012721
Link 5 12 23 0 1.05682189
Link 7 12 25 0 -0.96677271
Link 8 12 26 0 -3.64549361
Link 9 12 27 0 -1.68609281
Link 1 13 28 0 0.06089342
Link 2 13 29 0 -0.95063191
Link 3 13 30 0 0.11196959
Link 4 13 31 0 -0.15293999
Link 5 13 32 0 1.25146496
Link 6 13 33 0 -1.06823856
Link 7 13 34 0 -2.47716139
Link 8 13 35 0 0.11016815
Link 9 13 36 0 -0.55206987
Link 1 14 37 0 -3.01020724
Link 2 14 38 0 -4.26216046
Link 3 14 39 0 0.93586531
Link 4 14 40 0 -0.93185826
Link 6 14 42 0 -0.65124402
Link 7 14 43 0 1.57872276
Link 8 14 44 0 1.76149405
Link 9 14 45 0 1.09518743
Link 1 15 46 0 -1.50387465
Link 4 15 49 0 2.17981722
Link 5 15 50 0 -3.04043738
Link 6 15 51 0 0.05361695
Link 7 15 52 0 -0.21574859
Link 8 15 53 0 3.11837168
Link 9 15 54 0 0.95337522
Link 1 16 55 0 0.99658565
Link 2 16 56 0 0.12741798
Link 3 16 57 0 -2.64460056
Link 4 16 58 0 0.81530261
Link 5 16 59 0 -3.49112583
Link 7 16 61 0 -2.26545978
Link 8 16 62 0 -1.62561284
Link 9 16 63 0 0.21141215
Link 3 19 71 0 0.94512543
Link 19 15 72 0 -1.62129930
Link 5 29 101 0 -1.24581638
Link 29 14 102 0 -1.39243571
Link 6 38 131 0 0.37940455
Link 38 11 132 0 -1.16362251
Link 6 53 190 0 3.40049584
Link 53 16 191 0 0.81126489
Link 3 60 219 0 -0.89693860
Link 60 11 220 0 -1.99390746
Link 2 66 247 0 -0.29917289
Link 66 15 248 0 2.55160190
Link 6 74 295 0 0.92692950
Link 74 12 296 0 -1.61525664
Link 29 10 504 0 -4.13836776
Link 66 10 638 0 -1.76297639
GenomeEnd

