GenomeStart 119897
Neuron 1 1 0.00000000 1 0.00000000 0.00000000 0.00000000 0.00000000
Neuron 2 1 0.00000000 1 0.00000000 0.00000000 0.00000000 0.00000000
Neuron 3 1 0.00000000 1 0.00000000 0.00000000 0.00000000 0.00000000
Neuron 4 1 0.00000000 1 0.00000000 0.00000000 0.00000000 0.00000000
Neuron 5 1 0.00000000 1 0.00000000 0.00000000 0.00000000 0.00000000
Neuron 6 1 0.00000000 1 0.00000000 0.00000000 0.00000000 0.00000000
Neuron 7 1 0.00000000 1 0.00000000 0.00000000 0.00000000 0.00000000
Neuron 8 1 0.00000000 1 0.00000000 0.00000000 0.00000000 0.00000000
Neuron 9 2 0.00000000 1 0.00000000 0.00000000 0.00000000 0.00000000
Neuron 10 4 1.00000000 0 1.00000000 0.00000000 0.00000000 0.00000000
Neuron 11 4 1.00000000 0 1.00000000 0.00000000 0.00000000 0.00000000
Neuron 12 4 1.00000000 0 1.00000000 0.00000000 0.00000000 0.00000000
Neuron 13 4 1.00000000 0 1.00000000 0.00000000 0.00000000 0.00000000
Neuron 14 4 1.00000000 0 1.00000000 0.00000000 0.00000000 0.00000000
Neuron 15 4 1.00000000 0 1.00000000 0.00000000 0.00000000 0.00000000
Neuron 16 4 1.00000000 0 1.00000000 0.00000000 0.00000000 0.00000000
Neuron 17 3 0.50000000 1 1.00000000 0.00000000 0.00000000 0.00000000
Neuron 18 3 0.50000000 1 1.00000000 0.00000000 0.00000000 0.00000000
Neuron 19 3 0.50000000 1 1.00000000 0.00000000 0.00000000 0.00000000
Neuron 20 3 0.50000000 1 1.00000000 0.00000000 0.00000000 0.00000000
Neuron 21 3 0.50000000 1 1.00000000 0.00000000 0.00000000 0.00000000
Neuron 22 3 0.50000000 1 1.00000000 0.00000000 0.00000000 0.00000000
Neuron 23 3 0.50000000 1 1.00000000 0.00000000 0.00000000 0.00000000
Neuron 24 3 0.50000000 1 1.00000000 0.00000000 0.00000000 0.00000000
Neuron 25 3 0.50000000 1 1.00000000 0.00000000 0.00000000 0.00000000
Neuron 26 3 0.50000000 1 1.00000000 0.00000000 0.00000000 0.00000000
Neuron 27 3 0.50000000 1 1.00000000 0.00000000 0.00000000 0.00000000
Neuron 28 3 0.50000000 1 1.00000000 0.00000000 0.00000000 0.00000000
Neuron 29 3 0.50000000 1 1.00000000 0.00000000 0.00000000 0.00000000
Neuron 31 3 0.50000000 1 1.00000000 0.00000000 0.00000000 0.00000000
Neuron 32 3 0.50000000 1 1.00000000 0.00000000 0.00000000 0.00000000
Neuron 34 3 0.50000000 1 1.00000000 0.00000000 0.00000000 0.00000000
Neuron 35 3 0.50000000 1 1.00000000 0.00000000 0.00000000 0.00000000
Neuron 36 3 0.50000000 1 1.00000000 0.00000000 0.00000000 0.00000000
Neuron 37 3 0.50000000 1 1.00000000 0.00000000 0.00000000 0.00000000
Neuron 38 3 0.50000000 1 1.00000000 0.00000000 0.00000000 0.00000000
Neuron 39 3 0.50000000 1 1.00000000 0.00000000 0.00000000 0.00000000
Neuron 40 3 0.50000000 1 1.00000000 0.00000000 0.00000000 0.00000000
Neuron 42 3 0.50000000 1 1.00000000 0.00000000 0.00000000 0.00000000
Neuron 43 3 0.50000000 1 1.00000000 0.00000000 0.00000000 0.00000000
Neuron 44 3 0.50000000 1 1.00000000 0.00000000 0.00000000 0.00000000
Neuron 46 3 0.75000000 1 1.00000000 0.00000000 0.00000000 0.00000000
Neuron 47 3 0.50000000 1 1.00000000 0.00000000 0.00000000 0.00000000
Neuron 48 3 0.50000000 1 1.00000000 0.00000000 0.00000000 0.00000000
Neuron 49 3 0.50000000 1 1.00000000 0.00000000 0.00000000 0.00000000
Neuron 50 3 0.50000000 1 1.00000000 0.00000000 0.00000000 0.00000000
Neuron 52 3 0.50000000 1 1.00000000 0.00000000 0.00000000 0.00000000
Neuron 53 3 0.50000000 1 1.00000000 0.00000000 0.00000000 0.00000000
Neuron 55 3 0.50000000 1 1.00000000 0.00000000 0.00000000 0.00000000
Neuron 57 3 0.50000000 1 1.00000000 0.00000000 0.00000000 0.00000000
Neuron 59 3 0.50000000 1 1.00000000 0.00000000 0.00000000 0.00000000
Neuron 60 3 0.50000000 1 1.00000000 0.00000000 0.00000000 0.00000000
Neuron 62 3 0.50000000 1 1.00000000 0.00000000 0.00000000 0.00000000
Neuron 63 3 0.50000000 1 1.00000000 0.00000000 0.00000000 0.00000000
Neuron 64 3 0.75000000 1 1.00000000 0.00000000 0.00000000 0.00000000
Neuron 65 3 0.50000000 1 1.00000000 0.00000000 0.00000000 0.00000000
Neuron 66 3 0.50000000 1 1.00000000 0.00000000 0.00000000 0.00000000
Neuron 67 3 0.50000000 1 1.00000000 0.00000000 0.00000000 0.00000000
Neuron 69 3 0.50000000 1 1.00000000 0.00000000 0.00000000 0.00000000
Neuron 70 3 0.50000000 1 1.00000000 0.00000000 0.00000000 0.00000000
Neuron 71 3 0.25000000 1 1.00000000 0.00000000 0.00000000 0.00000000
Neuron 73 3 0.75000000 1 1.00000000 0.00000000 0.00000000 0.00000000
Neuron 74 3 0.50000000 1 1.00000000 0.00000000 0.00000000 0.00000000
Neuron 76 3 0.75000000 1 1.00000000 0.00000000 0.00000000 0.00000000
Neuron 77 3 0.50000000 1 1.00000000 0.00000000 0.00000000 0.00000000
Neuron 78 3 0.25000000 1 1.00000000 0.00000000 0.00000000 0.00000000
Neuron 79 3 0.50000000 1 1.00000000 0.00000000 0.00000000 0.00000000
Neuron 80 3 0.75000000 1 1.00000000 0.00000000 0.00000000 0.00000000
Neuron 81 3 0.50000000 1 1.00000000 0.00000000 0.00000000 0.00000000
Neuron 86 3 0.25000000 1 1.00000000 0.00000000 0.00000000 0.00000000
Neuron 88 3 0.75000000 1 1.00000000 0.00000000 0.00000000 0.00000000
Neuron 92 3 0.37500000 1 1.00000000 0.00000000 0.00000000 0.00000000
Neuron 94 3 0.75000000 1 1.00000000 0.00000000 0.00000000 0.00000000
Neuron 100 3 0.75000000 1 1.00000000 0.00000000 0.00000000 0.00000000
Neuron 106 3 0.75000000 1 1.00000000 0.00000000 0.00000000 0.00000000
Neuron 113 3 0.25000000 1 1.00000000 0.00000000 0.00000000 0.00000000
Neuron 114 3 0.75000000 1 1.00000000 0.00000000 0.00000000 0.00000000
Neuron 116 3 0.25000000 1 1.00000000 0.00000000 0.00000000 0.00000000
Neuron 117 3 1.00000000 1 1.00000000 0.00000000 0.00000000 0.00000000
Neuron 118 3 0.25000000 1 1.00000000 0.00000000 0.00000000 0.00000000
Neuron 120 3 0.25000000 1 1.00000000 0.00000000 0.00000000 0.00000000
Neuron 121 3 0.25000000 1 1.00000000 0.00000000 0.00000000 0.00000000
Neuron 125 3 0.75000000 1 1.00000000 0.00000000 0.00000000 0.00000000
Neuron 128 3 0.75000000 1 1.00000000 0.00000000 0.00000000 0.00000000
Neuron 136 3 0.25000000 1 1.00000000 0.00000000 0.00000000 0.00000000
Neuron 139 3 0.25000000 1 1.00000000 0.00000000 0.00000000 0.00000000
Neuron 143 3 0.25000000 1 1.00000000 0.00000000 0.00000000 0.00000000
Neuron 148 3 0.75000000 1 1.00000000 0.00000000 0.00000000 0.00000000
Neuron 149 3 0.25000000 1 1.00000000 0.00000000 0.00000000 0.00000000
Neuron 150 3 0.25000000 1 1.00000000 0.00000000 0.00000000 0.00000000
Neuron 152 3 0.25000000 1 1.00000000 0.00000000 0.00000000 0.00000000
Neuron 154 3 0.75000000 1 1.00000000 0.00000000 0.00000000 0.00000000
Neuron 156 3 0.75000000 1 1.00000000 0.00000000 0.00000000 0.00000000
Neuron 158 3 0.25000000 1 1.00000000 0.00000000 0.00000000 0.00000000
Neuron 163 3 0.25000000 1 1.00000000 0.00000000 0.00000000 0.00000000
Neuron 165 3 0.75000000 1 1.00000000 0.00000000 0.00000000 0.00000000
Neuron 166 3 0.75000000 1 1.00000000 0.00000000 0.00000000 0.00000000
Neuron 169 3 0.75000000 1 1.00000000 0.00000000 0.00000000 0.00000000
Neuron 174 3 0.75000000 1 1.00000000 0.00000000 0.00000000 0.00000000
Neuron 178 3 0.62500000 1 1.00000000 0.00000000 0.00000000 0.00000000
Neuron 185 3 0.75000000 1 1.00000000 0.00000000 0.00000000 0.00000000
Neuron 186 3 0.75000000 1 1.00000000 0.00000000 0.00000000 0.00000000
Neuron 191 3 0.25000000 1 1.00000000 0.00000000 0.00000000 0.00000000
Neuron 195 3 0.25000000 1 1.00000000 0.00000000 0.00000000 0.00000000
Neuron 197 3 0.75000000 1 1.00000000 0.00000000 0.00000000 0.00000000
Neuron 199 3 0.25000000 1 1.00000000 0.00000000 0.00000000 0.00000000
Neuron 201 3 0.75000000 1 1.00000000 0.00000000 0.00000000 0.00000000
Neuron 213 3 0.62500000 1 1.00000000 0.00000000 0.00000000 0.00000000
Neuron 218 3 0.43750000 1 1.00000000 0.00000000 0.00000000 0.00000000
Neuron 229 3 0.25000000 1 1.00000000 0.00000000 0.00000000 0.00000000
Neuron 230 3 0.75000000 1 1.00000000 0.00000000 0.00000000 0.00000000
Neuron 234 3 0.50000000 1 1.00000000 0.00000000 0.00000000 0.00000000
Neuron 236 3 0.25000000 1 1.00000000 0.00000000 0.00000000 0.00000000
Neuron 238 3 0.75000000 1 1.00000000 0.00000000 0.00000000 0.00000000
Neuron 239 3 0.25000000 1 1.00000000 0.00000000 0.00000000 0.00000000
Neuron 242 3 1.00000000 1 1.00000000 0.00000000 0.00000000 0.00000000
Neuron 246 3 0.75000000 1 1.00000000 0.00000000 0.00000000 0.00000000
Neuron 248 3 1.00000000 1 1.00000000 0.00000000 0.00000000 0.00000000
Neuron 250 3 0.25000000 1 1.00000000 0.00000000 0.00000000 0.00000000
Neuron 253 3 0.25000000 1 1.00000000 0.00000000 0.00000000 0.00000000
Neuron 256 3 0.50000000 1 1.00000000 0.00000000 0.00000000 0.00000000
Neuron 258 3 0.75000000 1 1.00000000 0.00000000 0.00000000 0.00000000
Neuron 260 3 0.25000000 1 1.00000000 0.00000000 0.00000000 0.00000000
Neuron 263 3 0.87500000 1 1.00000000 0.00000000 0.00000000 0.00000000
Neuron 273 3 0.37500000 1 1.00000000 0.00000000 0.00000000 0.00000000
Neuron 275 3 0.75000000 1 1.00000000 0.00000000 0.00000000 0.00000000
Neuron 291 3 0.37500000 1 1.00000000 0.00000000 0.00000000 0.00000000
Neuron 301 3 0.62500000 1 1.00000000 0.00000000 0.00000000 0.00000000
Neuron 318 3 0.62500000 1 1.00000000 0.00000000 0.00000000 0.00000000
Neuron 329 3 0.50000000 1 1.00000000 0.00000000 0.00000000 0.00000000
Neuron 331 3 0.87500000 1 1.00000000 0.00000000 0.00000000 0.00000000
Neuron 334 3 0.75000000 1 1.00000000 0.00000000 0.00000000 0.00000000
Neuron 335 3 0.56250000 1 1.00000000 0.00000000 0.00000000 0.00000000
Neuron 339 3 0.37500000 1 1.00000000 0.00000000 0.00000000 0.00000000
Neuron 340 3 0.25000000 1 1.00000000 0.00000000 0.00000000 0.00000000
Neuron 351 3 0.62500000 1 1.00000000 0.00000000 0.00000000 0.00000000
Neuron 354 3 0.62500000 1 1.00000000 0.00000000 0.00000000 0.00000000
Neuron 364 3 0.62500000 1 1.00000000 0.00000000 0.00000000 0.00000000
Neuron 371 3 0.50000000 1 1.00000000 0.00000000 0.00000000 0.00000000
Neuron 375 3 0.87500000 1 1.00000000 0.00000000 0.00000000 0.00000000
Neuron 377 3 0.25000000 1 1.00000000 0.00000000 0.00000000 0.00000000
Neuron 387 3 0.75000000 1 1.00000000 0.00000000 0.00000000 0.00000000
Neuron 389 3 0.75000000 1 1.00000000 0.00000000 0.00000000 0.00000000
Neuron 393 3 0.37500000 1 1.00000000 0.00000000 0.00000000 0.00000000
Neuron 397 3 0.68750000 1 1.00000000 0.00000000 0.00000000 0.00000000
Neuron 398 3 0.50000000 1 1.00000000 0.00000000 0.00000000 0.00000000
Neuron 399 3 0.62500000 1 1.00000000 0.00000000 0.00000000 0.00000000
Neuron 402 3 0.62500000 1 1.00000000 0.00000000 0.00000000 0.00000000
Neuron 403 3 0.31250000 1 1.00000000 0.00000000 0.00000000 0.00000000
Neuron 410 3 0.37500000 1 1.00000000 0.00000000 0.00000000 0.00000000
Neuron 412 3 0.37500000 1 1.00000000 0.00000000 0.00000000 0.00000000
Neuron 415 3 0.75000000 1 1.00000000 0.00000000 0.00000000 0.00000000
Neuron 419 3 0.87500000 1 1.00000000 0.00000000 0.00000000 0.00000000
Neuron 420 3 0.62500000 1 1.00000000 0.00000000 0.00000000 0.00000000
Neuron 422 3 0.75000000 1 1.00000000 0.00000000 0.00000000 0.00000000
Neuron 424 3 0.87500000 1 1.00000000 0.00000000 0.00000000 0.00000000
Neuron 431 3 0.25000000 1 1.00000000 0.00000000 0.00000000 0.00000000
Neuron 435 3 0.25000000 1 1.00000000 0.00000000 0.00000000 0.00000000
Neuron 437 3 0.56250000 1 1.00000000 0.00000000 0.00000000 0.00000000
Neuron 439 3 0.75000000 1 1.00000000 0.00000000 0.00000000 0.00000000
Neuron 441 3 0.25000000 1 1.00000000 0.00000000 0.00000000 0.00000000
Neuron 445 3 0.12500000 1 1.00000000 0.00000000 0.00000000 0.00000000
Neuron 447 3 0.50000000 1 1.00000000 0.00000000 0.00000000 0.00000000
Neuron 450 3 0.50000000 1 1.00000000 0.00000000 0.00000000 0.00000000
Neuron 460 3 0.62500000 1 1.00000000 0.00000000 0.00000000 0.00000000
Neuron 463 3 0.56250000 1 1.00000000 0.00000000 0.00000000 0.00000000
Neuron 465 3 0.68750000 1 1.00000000 0.00000000 0.00000000 0.00000000
Neuron 466 3 1.00000000 1 1.00000000 0.00000000 0.00000000 0.00000000
Neuron 471 3 0.12500000 1 1.00000000 0.00000000 0.00000000 0.00000000
Neuron 485 3 0.31250000 1 1.00000000 0.00000000 0.00000000 0.00000000
Neuron 486 3 0.87500000 1 1.00000000 0.00000000 0.00000000 0.00000000
Neuron 487 3 0.18750000 1 1.00000000 0.00000000 0.00000000 0.00000000
Neuron 489 3 0.75000000 1 1.00000000 0.00000000 0.00000000 0.00000000
Neuron 490 3 0.62500000 1 1.00000000 0.00000000 0.00000000 0.00000000
Neuron 496 3 0.37500000 1 1.00000000 0.00000000 0.00000000 0.00000000
Neuron 502 3 0.56250000 1 1.00000000 0.00000000 0.00000000 0.00000000
Neuron 504 3 0.75000000 1 1.00000000 0.00000000 0.00000000 0.00000000
Neuron 507 3 0.25000000 1 1.00000000 0.00000000 0.00000000 0.00000000
Neuron 509 3 1.00000000 1 1.00000000 0.00000000 0.00000000 0.00000000
Neuron 512 3 0.50000000 1 1.00000000 0.00000000 0.00000000 0.00000000
Neuron 516 3 0.25000000 1 1.00000000 0.00000000 0.00000000 0.00000000
Neuron 517 3 0.87500000 1 1.00000000 0.00000000 0.00000000 0.00000000
Neuron 522 3 0.12500000 1 1.00000000 0.00000000 0.00000000 0.00000000
Neuron 523 3 0.62500000 1 1.00000000 0.00000000 0.00000000 0.00000000
Neuron 524 3 0.53125000 1 1.00000000 0.00000000 0.00000000 0.00000000
Neuron 528 3 0.62500000 1 1.00000000 0.00000000 0.00000000 0.00000000
Neuron 530 3 0.37500000 1 1.00000000 0.00000000 0.00000000 0.00000000
Neuron 539 3 0.50000000 1 1.00000000 0.00000000 0.00000000 0.00000000
Neuron 540 3 0.50000000 1 1.00000000 0.00000000 0.00000000 0.00000000
Neuron 546 3 0.37500000 1 1.00000000 0.00000000 0.00000000 0.00000000
Neuron 553 3 0.18750000 1 1.00000000 0.00000000 0.00000000 0.00000000
Neuron 567 3 0.93750000 1 1.00000000 0.00000000 0.00000000 0.00000000
Neuron 575 3 0.50000000 1 1.00000000 0.00000000 0.00000000 0.00000000
Neuron 576 3 0.62500000 1 1.00000000 0.00000000 0.00000000 0.00000000
Neuron 586 3 0.68750000 1 1.00000000 0.00000000 0.00000000 0.00000000
Neuron 590 3 0.75000000 1 1.00000000 0.00000000 0.00000000 0.00000000
Neuron 595 3 0.25000000 1 1.00000000 0.00000000 0.00000000 0.00000000
Neuron 598 3 0.12500000 1 1.00000000 0.00000000 0.00000000 0.00000000
Neuron 600 3 0.53125000 1 1.00000000 0.00000000 0.00000000 0.00000000
Neuron 601 3 0.62500000 1 1.00000000 0.00000000 0.00000000 0.00000000
Neuron 602 3 0.56250000 1 1.00000000 0.00000000 0.00000000 0.00000000
Neuron 603 3 0.12500000 1 1.00000000 0.00000000 0.00000000 0.00000000
Neuron 607 3 0.62500000 1 1.00000000 0.00000000 0.00000000 0.00000000
Neuron 612 3 0.28125000 1 1.00000000 0.00000000 0.00000000 0.00000000
Neuron 621 3 0.23437500 1 1.00000000 0.00000000 0.00000000 0.00000000
Neuron 623 3 0.37500000 1 1.00000000 0.00000000 0.00000000 0.00000000
Neuron 625 3 0.37500000 1 1.00000000 0.00000000 0.00000000 0.00000000
Neuron 635 3 0.50000000 1 1.00000000 0.00000000 0.00000000 0.00000000
Neuron 636 3 1.00000000 1 1.00000000 0.00000000 0.00000000 0.00000000
Neuron 637 3 0.37500000 1 1.00000000 0.00000000 0.00000000 0.00000000
Neuron 642 3 1.00000000 1 1.00000000 0.00000000 0.00000000 0.00000000
Neuron 645 3 0.62500000 1 1.00000000 0.00000000 0.00000000 0.00000000
Neuron 651 3 0.50000000 1 1.00000000 0.00000000 0.00000000 0.00000000
Neuron 652 3 0.12500000 1 1.00000000 0.00000000 0.00000000 0.00000000
Neuron 654 3 0.31250000 1 1.00000000 0.00000000 0.00000000 0.00000000
Neuron 658 3 0.56250000 1 1.00000000 0.00000000 0.00000000 0.00000000
Neuron 659 3 0.93750000 1 1.00000000 0.00000000 0.00000000 0.00000000
Neuron 662 3 0.75000000 1 1.00000000 0.00000000 0.00000000 0.00000000
Neuron 669 3 0.59375000 1 1.00000000 0.00000000 0.00000000 0.00000000
Neuron 670 3 0.75000000 1 1.00000000 0.00000000 0.00000000 0.00000000
Neuron 677 3 0.81250000 1 1.00000000 0.00000000 0.00000000 0.00000000
Neuron 688 3 0.56250000 1 1.00000000 0.00000000 0.00000000 0.00000000
Neuron 701 3 0.15625000 1 1.00000000 0.00000000 0.00000000 0.00000000
Neuron 703 3 0.50000000 1 1.00000000 0.00000000 0.00000000 0.00000000
Neuron 707 3 0.28125000 1 1.00000000 0.00000000 0.00000000 0.00000000
Neuron 714 3 0.87500000 1 1.00000000 0.00000000 0.00000000 0.00000000
Neuron 720 3 0.40625000 1 1.00000000 0.00000000 0.00000000 0.00000000
Neuron 728 3 0.25000000 1 1.00000000 0.00000000 0.00000000 0.00000000
Neuron 729 3 0.81250000 1 1.00000000 0.00000000 0.00000000 0.00000000
Neuron 732 3 0.09375000 1 1.00000000 0.00000000 0.00000000 0.00000000
Neuron 736 3 0.62500000 1 1.00000000 0.00000000 0.00000000 0.00000000
Neuron 739 3 0.50000000 1 1.00000000 0.00000000 0.00000000 0.00000000
Neuron 742 3 0.75000000 1 1.00000000 0.00000000 0.00000000 0.00000000
Neuron 747 3 0.50000000 1 1.00000000 0.00000000 0.00000000 0.00000000
Neuron 751 3 0.34375000 1 1.00000000 0.00000000 0.00000000 0.00000000
Neuron 756 3 0.93750000 1 1.00000000 0.00000000 0.00000000 0.00000000
Neuron 757 3 0.31250000 1 1.00000000 0.00000000 0.00000000 0.00000000
Neuron 760 3 0.68750000 1 1.00000000 0.00000000 0.00000000 0.00000000
Neuron 769 3 0.75000000 1 1.00000000 0.00000000 0.00000000 0.00000000
Neuron 770 3 0.50000000 1 1.00000000 0.00000000 0.00000000 0.00000000
Neuron 773 3 0.18750000 1 1.00000000 0.00000000 0.00000000 0.00000000
Neuron 780 3 0.65625000 1 1.00000000 0.00000000 0.00000000 0.00000000
Neuron 792 3 0.50000000 1 1.00000000 0.00000000 0.00000000 0.00000000
Neuron 807 3 0.06250000 1 1.00000000 0.00000000 0.00000000 0.00000000
Neuron 808 3 0.56250000 1 1.00000000 0.00000000 0.00000000 0.00000000
Neuron 809 3 0.87500000 1 1.00000000 0.00000000 0.00000000 0.00000000
Neuron 813 3 0.68750000 1 1.00000000 0.00000000 0.00000000 0.00000000
Neuron 814 3 0.53125000 1 1.00000000 0.00000000 0.00000000 0.00000000
Neuron 817 3 0.31250000 1 1.00000000 0.00000000 0.00000000 0.00000000
Neuron 826 3 1.00000000 1 1.00000000 0.00000000 0.00000000 0.00000000
Neuron 831 3 0.87500000 1 1.00000000 0.00000000 0.00000000 0.00000000
Neuron 838 3 0.87500000 1 1.00000000 0.00000000 0.00000000 0.00000000
Neuron 839 3 0.56250000 1 1.00000000 0.00000000 0.00000000 0.00000000
Neuron 840 3 0.50000000 1 1.00000000 0.00000000 0.00000000 0.00000000
Neuron 846 3 0.68750000 1 1.00000000 0.00000000 0.00000000 0.00000000
Neuron 847 3 0.37500000 1 1.00000000 0.00000000 0.00000000 0.00000000
Neuron 869 3 0.53125000 1 1.00000000 0.00000000 0.00000000 0.00000000
Neuron 874 3 0.59375000 1 1.00000000 0.00000000 0.00000000 0.00000000
Neuron 882 3 0.62500000 1 1.00000000 0.00000000 0.00000000 0.00000000
Neuron 885 3 0.50000000 1 1.00000000 0.00000000 0.00000000 0.00000000
Neuron 894 3 0.50000000 1 1.00000000 0.00000000 0.00000000 0.00000000
Neuron 899 3 0.71875000 1 1.00000000 0.00000000 0.00000000 0.00000000
Neuron 908 3 0.56250000 1 1.00000000 0.00000000 0.00000000 0.00000000
Neuron 914 3 0.50000000 1 1.00000000 0.00000000 0.00000000 0.00000000
Neuron 921 3 0.28125000 1 1.00000000 0.00000000 0.00000000 0.00000000
Neuron 929 3 0.56250000 1 1.00000000 0.00000000 0.00000000 0.00000000
Neuron 934 3 0.50000000 1 1.00000000 0.00000000 0.00000000 0.00000000
Neuron 936 3 0.56250000 1 1.00000000 0.00000000 0.00000000 0.00000000
Neuron 937 3 0.53125000 1 1.00000000 0.00000000 0.00000000 0.00000000
Neuron 938 3 0.78125000 1 1.00000000 0.00000000 0.00000000 0.00000000
Neuron 953 3 0.50000000 1 1.00000000 0.00000000 0.00000000 0.00000000
Neuron 954 3 0.76562500 1 1.00000000 0.00000000 0.00000000 0.00000000
Neuron 960 3 0.25000000 1 1.00000000 0.00000000 0.00000000 0.00000000
Neuron 988 3 0.93750000 1 1.00000000 0.00000000 0.00000000 0.00000000
Neuron 990 3 0.37500000 1 1.00000000 0.00000000 0.00000000 0.00000000
Neuron 992 3 0.68750000 1 1.00000000 0.00000000 0.00000000 0.00000000
Neuron 993 3 0.54687500 1 1.00000000 0.00000000 0.00000000 0.00000000
Neuron 998 3 0.37500000 1 1.00000000 0.00000000 0.00000000 0.00000000
Neuron 1007 3 0.31250000 1 1.00000000 0.00000000 0.00000000 0.00000000
Neuron 1009 3 0.50000000 1 1.00000000 0.00000000 0.00000000 0.00000000
Neuron 1012 3 0.32812500 1 1.00000000 0.00000000 0.00000000 0.00000000
Neuron 1014 3 0.81250000 1 1.00000000 0.00000000 0.00000000 0.00000000
Neuron 1017 3 0.40625000 1 1.00000000 0.00000000 0.00000000 0.00000000
Neuron 1018 3 0.18750000 1 1.00000000 0.00000000 0.00000000 0.00000000
Neuron 1022 3 0.62500000 1 1.00000000 0.00000000 0.00000000 0.00000000
Neuron 1023 3 0.62500000 1 1.00000000 0.00000000 0.00000000 0.00000000
Neuron 1033 3 0.25000000 1 1.00000000 0.00000000 0.00000000 0.00000000
Neuron 1042 3 0.65625000 1 1.00000000 0.00000000 0.00000000 0.00000000
Neuron 1047 3 0.31250000 1 1.00000000 0.00000000 0.00000000 0.00000000
Neuron 1054 3 0.62500000 1 1.00000000 0.00000000 0.00000000 0.00000000
Neuron 1066 3 0.34375000 1 1.00000000 0.00000000 0.00000000 0.00000000
Neuron 1068 3 0.25000000 1 1.00000000 0.00000000 0.00000000 0.00000000
Neuron 1080 3 0.56250000 1 1.00000000 0.00000000 0.00000000 0.00000000
Neuron 1087 3 0.31250000 1 1.00000000 0.00000000 0.00000000 0.00000000
Neuron 1098 3 0.87500000 1 1.00000000 0.00000000 0.00000000 0.00000000
Neuron 1103 3 0.93750000 1 1.00000000 0.00000000 0.00000000 0.00000000
Neuron 1111 3 0.53125000 1 1.00000000 0.00000000 0.00000000 0.00000000
Neuron 1112 3 0.56250000 1 1.00000000 0.00000000 0.00000000 0.00000000
Neuron 1118 3 0.50000000 1 1.00000000 0.00000000 0.00000000 0.00000000
Neuron 1132 3 0.62500000 1 1.00000000 0.00000000 0.00000000 0.00000000
Neuron 1143 3 0.37500000 1 1.00000000 0.00000000 0.00000000 0.00000000
Neuron 1165 3 0.43750000 1 1.00000000 0.00000000 0.00000000 0.00000000
Neuron 1168 3 0.28125000 1 1.00000000 0.00000000 0.00000000 0.00000000
Neuron 1175 3 0.75000000 1 1.00000000 0.00000000 0.00000000 0.00000000
Neuron 1179 3 0.25000000 1 1.00000000 0.00000000 0.00000000 0.00000000
Neuron 1211 3 0.56250000 1 1.00000000 0.00000000 0.00000000 0.00000000
Neuron 1215 3 0.56250000 1 1.00000000 0.00000000 0.00000000 0.00000000
Neuron 1239 3 0.51562500 1 1.00000000 0.00000000 0.00000000 0.00000000
Neuron 1255 3 0.62500000 1 1.00000000 0.00000000 0.00000000 0.00000000
Neuron 1273 3 0.65625000 1 1.00000000 0.00000000 0.00000000 0.00000000
Neuron 1280 3 0.42187500 1 1.00000000 0.00000000 0.00000000 0.00000000
Neuron 1281 3 1.00000000 1 1.00000000 0.00000000 0.00000000 0.00000000
Neuron 1284 3 0.60937500 1 1.00000000 0.00000000 0.00000000 0.00000000
Neuron 1304 3 0.93750000 1 1.00000000 0.00000000 0.00000000 0.00000000
Neuron 1327 3 1.00000000 1 1.00000000 0.00000000 0.00000000 0.00000000
Neuron 1331 3 0.75000000 1 1.00000000 0.00000000 0.00000000 0.00000000
Neuron 1337 3 0.50000000 1 1.00000000 0.00000000 0.00000000 0.00000000
Neuron 1343 3 0.62500000 1 1.00000000 0.00000000 0.00000000 0.00000000
Neuron 1351 3 0.81250000 1 1.00000000 0.00000000 0.00000000 0.00000000
Neuron 1362 3 0.62500000 1 1.00000000 0.00000000 0.00000000 0.00000000
Neuron 1394 3 0.75000000 1 1.00000000 0.00000000 0.00000000 0.00000000
Neuron 1435 3 0.60937500 1 1.00000000 0.00000000 0.00000000 0.00000000
Neuron 1443 3 0.50000000 1 1.00000000 0.00000000 0.00000000 0.00000000
Neuron 1450 3 0.51562500 1 1.00000000 0.00000000 0.00000000 0.00000000
Neuron 1488 3 0.37500000 1 1.00000000 0.00000000 0.00000000 0.00000000
Neuron 1522 3 0.53125000 1 1.00000000 0.00000000 0.00000000 0.00000000
Neuron 1528 3 0.73437500 1 1.00000000 0.00000000 0.00000000 0.00000000
Neuron 1530 3 0.56250000 1 1.00000000 0.00000000 0.00000000 0.00000000
Neuron 1532 3 1.00000000 1 1.00000000 0.00000000 0.00000000 0.00000000
Neuron 1558 3 0.87500000 1 1.00000000 0.00000000 0.00000000 0.00000000
Neuron 1559 3 0.62500000 1 1.00000000 0.00000000 0.00000000 0.00000000
Neuron 1571 3 0.12500000 1 1.00000000 0.00000000 0.00000000 0.00000000
Neuron 1575 3 0.25781250 1 1.00000000 0.00000000 0.00000000 0.00000000
Neuron 1602 3 0.53125000 1 1.00000000 0.00000000 0.00000000 0.00000000
Neuron 1618 3 0.50000000 1 1.00000000 0.00000000 0.00000000 0.00000000
Neuron 1677 3 0.65625000 1 1.00000000 0.00000000 0.00000000 0.00000000
Neuron 1690 3 0.59375000 1 1.00000000 0.00000000 0.00000000 0.00000000
Neuron 1699 3 0.53125000 1 1.00000000 0.00000000 0.00000000 0.00000000
Neuron 1708 3 0.50000000 1 1.00000000 0.00000000 0.00000000 0.00000000
Neuron 1710 3 0.68750000 1 1.00000000 0.00000000 0.00000000 0.00000000
Neuron 1722 3 0.50781250 1 1.00000000 0.00000000 0.00000000 0.00000000
Neuron 1745 3 0.68750000 1 1.00000000 0.00000000 0.00000000 0.00000000
Neuron 1834 3 0.75000000 1 1.00000000 0.00000000 0.00000000 0.00000000
Neuron 1956 3 0.46875000 1 1.00000000 0.00000000 0.00000000 0.00000000
Neuron 1963 3 0.53125000 1 1.00000000 0.00000000 0.00000000 0.00000000
Neuron 1981 3 0.57812500 1 1.00000000 0.00000000 0.00000000 0.00000000
Neuron 1984 3 0.52343750 1 1.00000000 0.00000000 0.00000000 0.00000000
Neuron 2019 3 1.00000000 1 1.00000000 0.00000000 0.00000000 0.00000000
Neuron 2160 3 0.18750000 1 1.00000000 0.00000000 0.00000000 0.00000000
Neuron 2193 3 0.67187500 1 1.00000000 0.00000000 0.00000000 0.00000000
Neuron 2259 3 0.40625000 1 1.00000000 0.00000000 0.00000000 0.00000000
Link 2 10 2 0 -0.57809768
Link 3 10 3 0 -0.44705163
Link 4 10 4 0 0.64292392
Link 5 10 5 0 0.28748232
Link 6 10 6 0 2.39575161
Link 7 10 7 0 -0.14711277
Link 8 10 8 0 -0.41810506
Link 9 10 9 0 -0.85537368
Link 1 11 10 0 -1.84485658
Link 2 11 11 0 1.06580643
Link 3 11 12 0 0.84065076
Link 4 11 13 0 -1.31941186
Link 5 11 14 0 0.74065399
Link 6 11 15 0 -2.97817651
Link 7 11 16 0 -1.40153277
Link 8 11 17 0 -3.76010164
Link 9 11 18 0 0.89467592
Link 1 12 19 0 -4.33882845
Link 3 12 21 0 -0.61886888
Link 4 12 22 0 3.97780110
Link 5 12 23 0 1.81256426
Link 6 12 24 0 4.94263333
Link 7 12 25 0 -1.01871596
Link 9 12 27 0 1.32558078
Link 1 13 28 0 1.66968845
Link 2 13 29 0 1.91196616
Link 3 13 30 0 -3.19165281
Link 4 13 31 0 0.02007287
Link 5 13 32 0 1.64686298
Link 6 13 33 0 -0.71132654
Link 8 13 35 0 1.22759766
Link 9 13 36 0 1.59534047
Link 1 14 37 0 3.54348246
Link 2 14 38 0 1.98614191
Link 3 14 39 0 1.24742151
Link 4 14 40 0 -4.46695310
Link 5 14 41 0 -1.88142589
Link 6 14 42 0 -3.11755119
Link 8 14 44 0 1.60104202
Link 9 14 45 0 -1.54989379
Link 1 15 46 0 2.18973734
Link 3 15 48 0 3.51351928
Link 4 15 49 0 1.73358494
Link 5 15 50 0 1.65880174
Link 6 15 51 0 2.90083119
Link 7 15 52 0 -0.33652062
Link 8 15 53 0 1.09632474
Link 9 15 54 0 -4.34218789
Link 1 16 55 0 1.49750281
Link 2 16 56 0 -0.62208431
Link 3 16 57 0 4.65172971
Link 4 16 58 0 3.41109642
Link 5 16 59 0 0.52730968
Link 6 16 60 0 -0.92883597
Link 7 16 61 0 2.14400406
Link 8 16 62 0 0.96226562
Link 9 16 63 0 0.34802166
Link 7 18 68 0 -1.18159145
Link 18 15 69 0 -0.22691822
Link 3 19 71 0 -0.28514417
Link 19 15 72 0 1.60955289
Link 6 20 74 0 -1.01245540
Link 20 10 75 0 3.91801604
Link 6 21 77 0 -1.41415574
Link 3 22 80 0 0.73580238
Link 22 10 81 0 -0.35050410
Link 7 23 83 0 -2.48740108
Link 23 14 84 0 0.77814751
Link 2 24 86 0 -0.94555029
Link 7 25 89 0 0.36068109
Link 25 11 90 0 -6.04547196
Link 3 26 92 0 3.17178240
Link 26 12 93 0 3.88038362
Link 5 27 95 0 0.74356316
Link 27 11 96 0 1.01462334
Link 6 28 98 0 -1.22006592
Link 28 15 99 0 2.23628763
Link 5 29 101 0 -1.27452742
Link 29 14 102 0 -0.50610504
Link 5 32 110 0 -2.56705610
Link 32 16 111 0 1.89393752
Link 34 13 117 0 -0.34615301
Link 1 35 119 0 -0.48358778
Link 35 10 120 0 0.37680170
Link 5 21 122 0 -1.25580629
Link 7 36 124 0 -0.29232966
Link 36 10 125 0 -1.95927206
Link 5 37 127 0 0.72101609
Link 37 12 128 0 -0.62555488
Link 6 38 131 0 3.21320340
Link 38 11 132 0 0.00890030
Link 4 39 135 0 1.40836615
Link 39 12 136 0 2.75156829
Link 2 40 138 0 -4.16929646
Link 40 16 139 0 -2.41229466
Link 8 42 146 0 1.39402198
Link 42 13 147 0 -0.57615633
Link 43 10 151 0 -2.80166879
Link 1 44 153 0 0.11500654
Link 44 11 154 0 2.53196945
Link 46 14 161 0 -1.39331652
Link 3 47 163 0 0.34397250
Link 47 14 164 0 -0.24790468
Link 48 13 167 0 -1.51752141
Link 3 20 171 0 2.48195042
Link 49 14 174 0 2.66019598
Link 5 50 178 0 -1.74421565
Link 7 52 186 0 1.71377266
Link 14 14 188 1 1.36302462
Link 6 53 190 0 1.70304888
Link 53 16 191 0 1.02087215
Link 15 15 192 1 1.25906233
Link 2 55 197 0 -1.13618530
Link 5 57 208 0 -1.49868796
Link 57 15 209 0 1.73372261
Link 8 59 215 0 2.23492264
Link 59 11 216 0 -0.53780282
Link 3 60 219 0 -0.23094723
Link 60 11 220 0 -2.50349065
Link 62 10 226 0 -0.35055210
Link 4 63 229 0 0.06128574
Link 63 10 230 0 1.25967539
Link 64 14 234 0 -1.40148011
Link 5 65 236 0 -0.10955139
Link 8 25 240 0 1.23754233
Link 2 66 247 0 -0.74368791
Link 66 15 248 0 0.24295315
Link 8 67 250 0 1.49429182
Link 67 12 251 0 -3.51307555
Link 2 70 267 0 3.51809054
Link 3 23 273 0 1.05782058
Link 3 71 280 0 1.67344735
Link 44 73 288 0 -2.03228655
Link 73 11 289 0 3.71827608
Link 6 74 295 0 1.43225952
Link 13 13 298 1 0.31081058
Link 11 11 308 1 -2.02290547
Link 8 49 310 0 0.49398475
Link 50 76 318 0 -0.10831343
Link 76 10 319 0 1.23327740
Link 7 77 321 0 1.66084947
Link 5 42 327 0 -1.41416076
Link 2 78 334 0 -1.02394369
Link 78 66 335 0 -3.43773088
Link 2 79 341 0 -0.33475441
Link 79 13 342 0 -3.11366559
Link 32 80 347 0 -1.21626014
Link 80 16 348 0 -0.40133140
Link 8 81 351 0 0.78222173
Link 81 16 352 0 1.44835393
Link 9 20 383 0 -0.12012548
Link 5 86 394 0 1.16916503
Link 86 32 395 0 -1.98626070
Link 55 88 411 0 1.61658363
Link 88 12 412 0 0.79124962
Link 4 32 415 0 0.37260818
Link 49 10 431 0 -4.90221556
Link 71 92 435 0 0.42745455
Link 9 49 451 0 -0.45635257
Link 12 66 468 1 -0.14802031
Link 66 94 482 0 -1.70549856
Link 94 15 483 0 4.63899658
Link 29 10 504 0 -1.89671822
Link 100 11 535 0 3.03917750
Link 106 13 615 0 1.16229009
Link 40 40 673 1 -0.42292442
Link 20 20 682 1 1.18831371
Link 6 113 693 0 -0.14273597
Link 113 20 694 0 -1.45963270
Link 40 114 696 0 -2.20218646
Link 114 16 697 0 -0.17530627
Link 1 116 707 0 -1.82572096
Link 116 31 708 0 -0.17640315
Link 117 10 711 1 -3.59410418
Link 4 118 719 0 1.00248399
Link 118 49 720 0 -0.59365392
Link 2 120 730 0 -0.09705608
Link 2 121 736 0 2.90200267
Link 121 40 737 0 0.85176713
Link 15 125 784 1 0.69383235
Link 125 49 785 1 -0.23103223
Link 67 128 813 0 2.78064198
Link 128 12 814 0 -1.43627714
Link 13 24 869 1 1.57552462
Link 8 136 878 0 1.66647832
Link 6 139 900 0 0.93668337
Link 139 53 901 0 1.62498528
Link 50 11 965 0 -0.88248068
Link 148 12 1000 0 -2.73960473
Link 3 149 1007 0 -0.21151476
Link 149 20 1008 0 0.11712200
Link 5 150 1017 0 2.31676245
Link 150 50 1018 0 -3.72064175
Link 21 21 1032 1 -0.65145580
Link 6 152 1043 0 1.88110963
Link 152 38 1044 0 -2.10237527
Link 52 154 1057 0 -1.32567396
Link 154 16 1058 0 -0.39907229
Link 70 156 1069 0 -0.28277442
Link 156 11 1070 0 -0.30196720
Link 15 38 1076 1 0.77728038
Link 7 158 1099 0 -3.72883745
Link 12 70 1103 1 0.19347852
Link 70 70 1121 1 -0.33185308
Link 3 163 1133 0 0.44575264
Link 163 17 1134 0 -2.57610975
Link 65 165 1141 0 0.41383246
Link 165 13 1142 0 1.21874661
Link 22 166 1147 0 -1.23190132
Link 49 169 1164 0 -2.41275328
Link 169 14 1165 0 0.17759441
Link 20 29 1198 0 -2.00141141
Link 62 174 1205 0 2.39948840
Link 174 10 1206 0 0.41218873
Link 49 178 1232 0 -1.19344014
Link 178 169 1233 0 0.79755200
Link 53 185 1293 0 0.87840287
Link 185 16 1294 0 1.43796341
Link 186 10 1302 0 -1.89134382
Link 9 69 1317 0 -2.43631183
Link 8 48 1353 0 4.73768683
Link 60 14 1361 0 -0.46736701
Link 5 191 1368 0 -1.19953187
Link 191 65 1369 0 3.51215484
Link 4 125 1371 0 -1.83644338
Link 49 49 1374 1 2.27948459
Link 5 195 1392 0 1.47027366
Link 195 37 1393 0 0.18532540
Link 21 197 1410 0 -2.04147931
Link 197 13 1411 0 2.59574432
Link 8 199 1417 0 -0.74506038
Link 199 59 1418 0 -2.79992331
Link 77 201 1438 0 0.46228915
Link 48 14 1468 0 -0.87659698
Link 19 20 1519 0 -0.02479931
Link 55 213 1524 0 -0.56509560
Link 213 88 1525 0 -1.61112585
Link 21 94 1535 0 1.10427202
Link 5 125 1536 0 -1.06729815
Link 92 218 1559 0 0.41870430
Link 218 60 1560 0 0.82817499
Link 23 20 1574 0 1.90629903
Link 48 10 1576 0 0.73616415
Link 32 50 1584 0 1.30560969
Link 40 25 1597 0 -1.84394393
Link 21 16 1645 0 -2.51949881
Link 229 53 1650 0 1.17470738
Link 230 17 1662 1 2.50749439
Link 31 234 1682 0 1.59931931
Link 234 66 1683 0 -1.17444765
Link 2 236 1692 0 -0.86781806
Link 236 55 1693 0 0.62315512
Link 31 230 1697 0 -4.45241353
Link 37 238 1717 0 -0.01648018
Link 238 12 1718 0 -0.85579179
Link 8 239 1722 0 1.71430972
Link 239 42 1723 0 0.77379151
Link 13 242 1739 1 -3.69176065
Link 17 246 1784 0 1.07702981
Link 246 16 1785 0 -0.15288082
Link 16 248 1791 1 -0.25164158
Link 3 250 1804 0 -0.27833916
Link 250 34 1805 0 0.10727297
Link 3 253 1844 0 -4.16992533
Link 253 26 1845 0 -3.14323164
Link 31 94 1853 0 -0.18569712
Link 31 256 1855 0 -3.72308198
Link 256 234 1856 0 1.66572248
Link 258 14 1871 0 1.78814092
Link 8 260 1885 0 0.20384575
Link 197 263 1904 0 1.86785074
Link 263 13 1905 0 1.78503568
Link 10 49 1915 1 3.76802008
Link 9 34 1931 0 3.54466247
Link 273 62 1977 0 -2.43842630
Link 186 19 1991 1 2.43041616
Link 69 275 1994 0 1.00000000
Link 275 14 1995 0 0.61123653
Link 4 291 2096 0 -1.81353664
Link 291 125 2097 0 -2.17254630
Link 116 116 2158 1 -0.60135438
Link 23 34 2159 0 0.70372315
Link 169 301 2178 1 -1.44772513
Link 301 34 2179 1 0.60862309
Link 55 169 2276 0 1.78857091
Link 66 318 2282 0 0.55296248
Link 14 59 2285 1 0.56356759
Link 5 34 2309 0 0.41349137
Link 6 329 2345 0 -0.32244668
Link 329 12 2346 0 1.50946407
Link 169 331 2357 0 -5.08732475
Link 12 334 2379 1 4.56166745
Link 334 70 2380 1 3.02403976
Link 5 339 2417 0 2.15115844
Link 339 125 2418 0 0.24446316
Link 8 340 2426 0 -1.63438093
Link 65 35 2457 0 -1.79189782
Link 31 197 2472 0 0.13347904
Link 4 301 2479 0 0.95919094
Link 24 20 2502 0 -1.28712306
Link 10 48 2507 1 -3.99582947
Link 186 351 2528 1 1.85715768
Link 24 354 2543 0 0.79840797
Link 354 258 2544 0 -2.93997409
Link 69 57 2579 0 0.80717529
Link 60 69 2640 0 1.28508292
Link 59 371 2649 1 -4.72965831
Link 371 59 2650 1 -1.55127068
Link 156 375 2674 0 3.78758005
Link 375 11 2675 0 0.61266372
Link 377 24 2692 0 0.64513574
Link 14 40 2741 1 -2.72683343
Link 26 387 2746 0 -1.42175174
Link 387 12 2747 0 3.52632813
Link 329 389 2761 0 2.17955656
Link 393 169 2788 0 -1.41558530
Link 59 65 2802 0 1.05184915
Link 169 397 2809 1 -4.85597886
Link 397 301 2810 1 -0.88403060
Link 70 398 2813 0 -2.58405947
Link 398 24 2814 0 0.47188637
Link 399 197 2836 0 -3.43975591
Link 31 402 2860 0 0.62318348
Link 4 403 2865 0 -1.01172656
Link 403 301 2866 0 -0.73605475
Link 113 410 2893 0 2.51823051
Link 410 20 2894 0 -3.27171030
Link 412 81 2909 0 -1.21288398
Link 1 230 2916 0 -1.59018353
Link 11 415 2924 1 -0.89783777
Link 415 62 2925 1 0.91662236
Link 76 419 2955 0 -2.34231682
Link 419 10 2956 0 1.93815538
Link 60 420 2964 0 -2.14012901
Link 420 100 2965 0 -2.27258884
Link 50 422 2975 0 1.38711487
Link 422 11 2976 0 1.59031668
Link 389 424 2993 0 -2.56600600
Link 424 12 2994 0 -0.75216175
Link 5 431 3049 0 2.75615479
Link 431 59 3050 0 -1.38378439
Link 34 398 3056 0 1.90598557
Link 8 435 3090 0 -1.37705020
Link 435 53 3091 0 -1.57225676
Link 11 55 3092 1 2.68890638
Link 351 437 3102 1 2.05816057
Link 437 19 3103 1 -0.27128296
Link 1 258 3114 0 -0.30602293
Link 13 439 3123 1 3.38680870
Link 1 441 3132 0 -0.37018358
Link 441 66 3133 0 2.84253754
Link 329 23 3138 0 1.26401019
Link 3 445 3157 0 0.80101369
Link 445 229 3158 0 0.09677180
Link 398 447 3165 0 -1.34510852
Link 447 24 3166 0 0.93400526
Link 6 450 3191 0 0.35748821
Link 450 16 3192 0 3.96557686
Link 13 46 3201 1 -1.94164214
Link 4 34 3221 0 -3.97280021
Link 19 81 3236 0 1.71653536
Link 186 460 3246 1 0.78994073
Link 460 62 3247 1 -1.56768195
Link 117 329 3259 1 4.96327238
Link 364 463 3264 1 -3.03005082
Link 463 35 3265 1 2.21416770
Link 7 156 3270 0 -3.85551566
Link 318 465 3282 0 0.75821930
Link 465 186 3283 0 0.20749440
Link 242 466 3285 1 -2.43833780
Link 466 13 3286 1 3.46175222
Link 318 69 3302 1 0.03174012
Link 6 471 3312 0 -0.35631169
Link 471 113 3313 0 0.32422044
Link 6 48 3329 0 -5.11377814
Link 26 49 3363 0 -2.97413513
Link 29 38 3369 0 3.06592186
Link 1 485 3434 0 0.21487509
Link 485 364 3435 0 -0.39467763
Link 88 486 3441 0 -1.35768455
Link 486 12 3442 0 -2.55262600
Link 487 393 3454 0 1.58249967
Link 242 230 3469 1 -1.07629396
Link 25 489 3471 0 -0.88753278
Link 29 490 3478 0 1.94735310
Link 490 46 3479 0 1.24342598
Link 69 12 3497 0 -0.67618669
Link 52 125 3499 0 2.17384414
Link 143 496 3522 0 0.95935846
Link 496 74 3523 0 1.02269993
Link 52 69 3531 0 -2.82806242
Link 26 20 3552 0 -0.28716169
Link 393 502 3557 0 -3.29346738
Link 11 504 3575 1 2.48543180
Link 504 55 3576 1 0.29820269
Link 48 62 3583 0 -0.73383339
Link 4 507 3592 0 -0.06023099
Link 507 23 3593 0 -1.19195055
Link 509 117 3610 1 1.64557466
Link 2 512 3640 0 -0.47617930
Link 512 10 3641 0 2.06787764
Link 42 88 3642 0 0.02930394
Link 5 516 3661 0 0.61470636
Link 516 21 3662 0 0.82440337
Link 11 517 3665 1 0.13738881
Link 517 230 3666 1 0.61551921
Link 201 10 3683 0 2.02550464
Link 2 136 3684 0 -5.80735135
Link 6 522 3694 0 -0.36257731
Link 522 143 3695 0 -0.81623976
Link 100 523 3700 1 0.93191750
Link 523 48 3701 1 3.41338440
Link 524 34 3709 1 -2.20693655
Link 528 64 3737 0 -1.43400194
Link 530 94 3751 0 0.63364309
Link 230 94 3766 0 0.64760057
Link 18 48 3814 0 1.34673150
Link 431 31 3826 0 -1.80362741
Link 2 539 3833 0 1.49279870
Link 539 12 3834 0 1.16243503
Link 52 540 3839 0 -1.11301673
Link 540 69 3840 0 0.05686230
Link 1 546 3864 0 1.33642914
Link 546 258 3865 0 -1.21464979
Link 76 12 3887 0 -0.49878880
Link 25 74 3895 0 -2.37372385
Link 2 553 3901 0 0.81726130
Link 553 530 3902 0 0.45122960
Link 66 301 3910 0 1.18652637
Link 14 18 3959 1 0.44608353
Link 466 14 3995 0 2.41769316
Link 263 567 3997 0 -0.80482796
Link 567 13 3998 0 -1.18809859
Link 71 100 4044 0 -1.06481032
Link 18 575 4049 0 -0.32275911
Link 575 48 4050 0 1.69292548
Link 55 576 4052 0 -4.02312752
Link 576 169 4053 0 0.32004784
Link 24 42 4104 0 -0.55524045
Link 230 586 4113 1 -1.01524951
Link 586 364 4114 1 -1.19880784
Link 14 590 4157 1 0.68472466
Link 590 18 4158 1 0.20540654
Link 13 393 4184 1 -1.02799583
Link 2 595 4205 0 -2.68815172
Link 595 62 4206 0 -2.41193163
Link 301 23 4223 1 -1.20354704
Link 318 13 4235 0 -1.09761225
Link 34 76 4237 0 -2.90901951
Link 3 598 4240 0 -3.25166349
Link 598 250 4241 0 0.25098575
Link 5 393 4258 0 2.71630660
Link 76 18 4259 1 0.11486112
Link 463 600 4274 1 1.59783196
Link 600 35 4275 1 2.16771302
Link 601 49 4280 1 -2.18313134
Link 14 507 4281 1 -0.95571910
Link 66 602 4283 0 -3.05346883
Link 602 301 4284 0 -2.09184343
Link 81 273 4290 1 0.78177226
Link 4 603 4293 0 -0.29471863
Link 603 507 4294 0 0.78111357
Link 113 169 4301 0 -0.48471465
Link 74 607 4325 0 0.56701531
Link 607 148 4326 0 -1.04493844
Link 32 69 4358 0 2.86045431
Link 487 612 4360 0 -1.76545283
Link 612 393 4361 0 -1.71671414
Link 253 602 4428 0 -0.83570667
Link 487 621 4432 0 0.56672637
Link 16 507 4451 1 -0.97300746
Link 507 623 4453 0 0.59323919
Link 623 23 4454 0 -1.35772549
Link 340 625 4464 0 -0.04041980
Link 625 43 4465 0 0.52398475
Link 15 253 4466 1 -0.82156293
Link 60 169 4519 0 1.59873078
Link 250 88 4526 0 0.01850977
Link 635 11 4547 0 2.08837501
Link 65 253 4548 1 3.49195705
Link 48 424 4551 0 3.07657161
Link 158 637 4558 0 1.24736503
Link 637 18 4559 0 4.21382839
Link 76 158 4582 1 3.69674099
Link 15 642 4594 1 -3.41303824
Link 642 15 4595 1 -0.87356026
Link 645 18 4616 1 -0.47388165
Link 3 507 4629 0 -2.01440186
Link 42 24 4670 0 -3.06162900
Link 651 49 4680 1 3.64846526
Link 439 598 4682 1 0.11051541
Link 487 250 4689 0 1.97292520
Link 7 652 4693 0 -2.91838646
Link 158 654 4708 0 0.04531786
Link 654 637 4709 0 1.93929883
Link 76 258 4748 0 1.81187437
Link 301 658 4760 1 0.63666734
Link 658 23 4761 1 2.21199275
Link 331 659 4763 0 -0.21718606
Link 659 14 4764 0 -0.90091554
Link 14 662 4795 1 -0.99332012
Link 662 23 4796 1 -4.87134310
Link 15 31 4809 1 -0.01291819
Link 34 654 4818 1 -3.55520695
Link 602 669 4839 0 -1.93561663
Link 69 439 4856 0 1.59641583
Link 69 670 4858 0 0.03820596
Link 670 15 4859 0 -1.39224375
Link 169 677 4924 0 0.90493407
Link 677 331 4925 0 2.84365254
Link 116 234 4931 0 -0.75830498
Link 23 602 4982 0 -1.53878689
Link 530 688 5015 0 1.41799918
Link 688 94 5016 0 1.38412319
Link 94 504 5017 0 2.61639152
Link 23 65 5052 0 -1.81751789
Link 507 331 5070 0 1.30101454
Link 29 117 5106 0 -1.96496936
Link 4 701 5115 0 -2.49942385
Link 701 403 5116 0 0.11072344
Link 1 250 5128 0 -2.10261082
Link 318 50 5129 1 -1.41483865
Link 5 703 5132 0 3.48303785
Link 703 12 5133 0 -0.52081340
Link 507 707 5159 0 0.67837882
Link 707 403 5160 0 -0.23372585
Link 507 13 5195 0 0.45130718
Link 3 64 5206 0 0.93523532
Link 165 714 5211 0 1.70582684
Link 714 13 5212 0 -0.56769351
Link 5 487 5224 0 -1.36496239
Link 42 76 5247 0 2.21114289
Link 250 250 5266 1 0.47731807
Link 253 720 5268 0 4.04468932
Link 720 602 5269 0 -6.84318385
Link 49 106 5276 0 -1.72306374
Link 62 419 5280 0 -1.99387098
Link 23 10 5293 0 -0.63856159
Link 301 331 5303 0 -1.15118430
Link 253 52 5314 0 -2.32015696
Link 113 88 5321 0 -1.96730017
Link 2 728 5331 0 -1.11482184
Link 728 55 5332 0 -4.42052901
Link 331 729 5343 1 2.45587308
Link 487 398 5367 0 -1.00467976
Link 2 732 5373 0 1.42306591
Link 732 487 5374 0 -1.45091668
Link 7 439 5380 0 1.76948579
Link 42 736 5413 0 -1.89087425
Link 736 106 5414 0 2.09892449
Link 447 739 5453 0 -0.02877644
Link 739 24 5454 0 -0.50492112
Link 8 398 5461 0 -3.16757904
Link 76 742 5477 0 3.17454052
Link 364 398 5490 1 -5.28813833
Link 74 747 5511 0 3.92276242
Link 747 24 5512 0 -2.38916270
Link 654 751 5538 0 1.01464658
Link 751 637 5539 0 1.28256502
Link 88 20 5563 1 2.98579403
Link 419 756 5569 0 -1.73414009
Link 756 10 5570 0 -2.97680946
Link 757 273 5580 0 -1.28817878
Link 76 760 5592 1 0.09784112
Link 125 201 5622 0 -1.60799439
Link 48 318 5631 0 1.16032962
Link 195 50 5657 0 -3.43655849
Link 769 10 5686 0 2.30587077
Link 69 770 5693 0 -3.24941866
Link 770 57 5694 0 3.03211443
Link 652 773 5722 0 1.77076378
Link 773 158 5723 0 0.07480705
Link 149 169 5738 0 -2.08649166
Link 502 780 5797 0 -0.46354384
Link 780 169 5798 0 -2.24263694
Link 59 331 5854 0 4.38529381
Link 1 792 5863 0 -1.30837469
Link 792 10 5864 0 1.79231761
Link 602 23 5880 1 2.27085214
Link 6 807 5961 0 0.93830241
Link 807 471 5962 0 0.40668781
Link 808 576 5965 0 -0.53841044
Link 489 809 5972 0 -2.56976119
Link 809 12 5973 0 -0.38368543
Link 420 419 5984 0 -0.87644998
Link 654 654 6007 1 1.17062925
Link 55 813 6016 0 1.20073180
Link 813 331 6017 0 3.50447513
Link 37 26 6019 0 0.79297666
Link 658 814 6025 1 -1.71904009
Link 814 23 6026 1 2.27050883
Link 69 398 6040 0 -1.62773217
Link 113 817 6048 0 -1.37672361
Link 817 410 6049 0 1.88357435
Link 23 88 6052 0 0.17396340
Link 50 121 6086 1 -0.59845865
Link 38 106 6121 0 2.55343887
Link 826 16 6132 1 -0.07588569
Link 154 831 6168 0 -1.51042438
Link 831 16 6169 0 1.40493395
Link 169 60 6171 1 1.30024010
Link 106 838 6210 0 -0.27073868
Link 339 839 6213 0 0.42747849
Link 839 125 6214 0 -3.40695307
Link 49 840 6222 1 -0.89704783
Link 840 651 6223 1 -2.21136721
Link 846 169 6271 0 1.04444373
Link 260 847 6273 0 3.36246419
Link 847 49 6274 0 -0.22255484
Link 602 869 6439 1 -0.36674714
Link 869 23 6440 1 -2.65094868
Link 39 502 6449 0 3.37754981
Link 485 169 6453 0 0.19854406
Link 393 677 6457 0 -4.35976230
Link 7 149 6461 0 0.87079400
Link 23 11 6477 0 0.23716766
Link 301 874 6483 1 1.60457999
Link 874 335 6484 1 -0.34009059
Link 546 331 6536 0 -2.79640146
Link 66 12 6538 0 -2.40492853
Link 185 148 6556 0 0.93214510
Link 29 882 6578 0 1.24187849
Link 882 125 6579 0 3.86081304
Link 48 885 6589 1 -0.28802800
Link 885 48 6590 1 3.88242287
Link 158 64 6608 0 1.14327578
Link 49 398 6660 0 -0.19720187
Link 894 169 6701 0 -0.13665969
Link 465 439 6706 0 -0.64983829
Link 586 40 6719 1 -0.74332572
Link 899 397 6733 1 2.58245311
Link 79 50 6743 0 0.62849363
Link 139 258 6751 0 0.60848051
Link 116 637 6826 0 -5.30406038
Link 908 528 6840 0 0.81795894
Link 70 486 6864 0 -0.19311515
Link 6 914 6895 0 0.94955255
Link 914 11 6896 0 -2.36512595
Link 23 106 6936 0 -0.32137276
Link 120 921 6958 0 2.00871412
Link 921 757 6959 0 -2.08322828
Link 301 929 7027 1 2.20272212
Link 929 28 7028 1 -2.12671988
Link 29 412 7030 1 0.95001733
Link 156 339 7061 1 2.11998743
Link 59 934 7069 1 -1.13179519
Link 934 371 7070 1 -0.20730053
Link 42 936 7083 0 1.02425217
Link 936 736 7084 0 -1.46093668
Link 403 937 7088 0 -1.94324314
Link 937 422 7089 0 1.00797291
Link 729 938 7095 1 0.88981837
Link 938 88 7096 1 -1.81085615
Link 229 197 7117 0 1.61468051
Link 22 78 7172 1 -0.53061235
Link 70 953 7231 1 -0.78174537
Link 258 88 7234 0 0.63074472
Link 938 954 7237 1 1.44437440
Link 954 88 7238 1 1.25774306
Link 3 960 7284 0 -0.00412409
Link 960 23 7285 0 1.55729882
Link 1 339 7286 0 0.39009522
Link 471 21 7289 0 1.25662952
Link 37 48 7304 0 -0.43449260
Link 387 502 7319 1 0.61350634
Link 185 29 7393 1 0.86532903
Link 52 659 7428 0 -0.57142627
Link 50 163 7449 1 -2.62651847
Link 158 156 7467 0 -1.21004388
Link 40 125 7520 0 -2.74901749
Link 809 988 7526 0 0.10669268
Link 988 12 7527 0 -1.78004879
Link 3 990 7540 0 -0.82049916
Link 439 992 7597 1 0.48727803
Link 992 601 7598 1 -1.83914040
Link 431 530 7600 0 -0.03906054
Link 335 993 7605 1 -1.07549338
Link 993 524 7606 1 0.16252854
Link 36 74 7616 0 -2.21213314
Link 69 389 7636 0 0.67861129
Link 195 998 7642 0 0.11717148
Link 998 37 7643 0 1.63755228
Link 139 125 7718 0 3.69341599
Link 136 1007 7735 0 -1.24937468
Link 1007 412 7736 0 -3.11108815
Link 23 1009 7753 0 0.85553889
Link 1009 65 7754 0 -0.41084462
Link 914 46 7758 0 0.95093531
Link 253 1012 7785 0 0.80590633
Link 1012 720 7786 0 3.87141773
Link 34 371 7787 0 3.58330624
Link 57 34 7795 0 -1.57281808
Link 169 1014 7801 0 2.52911918
Link 1014 331 7802 0 -0.14061781
Link 79 25 7806 0 2.03549457
Link 236 1017 7833 0 2.78767943
Link 1017 602 7834 0 -0.64403416
Link 5 1018 7846 0 1.35933632
Link 1018 339 7847 0 0.71113719
Link 422 1022 7878 1 1.22303084
Link 1022 37 7879 1 0.92862351
Link 439 1023 7887 1 1.06865140
Link 1023 49 7888 1 -1.77513010
Link 645 645 7909 1 -0.77702050
Link 2 1033 8010 0 0.75797796
Link 1033 40 8011 0 0.47163176
Link 701 645 8025 0 -0.30998542
Link 331 398 8040 1 3.45056368
Link 387 1042 8109 1 -1.72002011
Link 116 1047 8140 0 -0.81636757
Link 1047 637 8141 0 0.44879701
Link 42 1054 8183 0 -0.13074620
Link 1054 106 8184 0 1.70747674
Link 230 651 8210 1 2.05614758
Link 603 12 8244 0 1.20805209
Link 55 149 8270 1 1.12165649
Link 487 1066 8272 0 3.11425085
Link 1066 20 8273 0 -0.62183433
Link 3 1068 8285 0 1.06710617
Link 1068 20 8286 0 2.92926936
Link 364 1080 8382 1 0.05367847
Link 1080 398 8383 1 -1.07595491
Link 393 50 8437 0 -2.32732811
Link 186 113 8444 1 1.00682658
Link 654 1087 8448 1 -1.75262994
Link 1087 654 8449 1 1.15350883
Link 169 1098 8538 0 0.34201085
Link 1098 14 8539 0 1.83717639
Link 838 1103 8573 0 -0.72097981
Link 1103 13 8574 0 1.75938140
Link 55 659 8584 0 -0.22132583
Link 2 652 8605 0 0.68566620
Link 47 154 8608 0 3.60518995
Link 1111 808 8672 0 1.26050872
Link 301 1112 8688 1 2.54005647
Link 1112 28 8689 1 -1.38496923
Link 586 504 8725 0 -1.57034597
Link 79 1118 8747 0 -2.07706724
Link 1118 50 8748 0 -0.25509141
Link 546 1132 8849 0 -3.21077351
Link 1132 331 8850 0 -1.49791684
Link 158 1143 8930 0 0.30501716
Link 1143 18 8931 0 -0.38169087
Link 677 654 9079 1 -2.81185709
Link 410 1165 9093 0 0.08429369
Link 1165 20 9094 0 4.21805434
Link 487 1168 9114 0 0.21958547
Link 1168 393 9115 0 -3.65542189
Link 9 1022 9146 0 1.21069469
Link 12 739 9178 1 3.04123462
Link 48 1175 9208 0 0.31009769
Link 1175 12 9209 0 0.73472416
Link 5 489 9221 0 0.86308762
Link 8 1179 9250 0 -0.49216447
Link 1179 635 9251 0 -0.21255248
Link 1211 399 9554 0 -0.14675938
Link 530 1215 9574 0 0.84314863
Link 1215 258 9575 0 -2.76117277
Link 567 377 9581 1 0.05430768
Link 486 412 9640 1 -0.09547670
Link 575 88 9655 0 2.49801946
Link 625 720 9685 0 1.29243326
Link 635 88 9696 0 0.44633873
Link 238 838 9720 0 2.39094099
Link 707 1239 9757 0 2.34772997
Link 1239 114 9758 0 1.73540574
Link 25 1255 9869 0 1.07249388
Link 1255 489 9870 0 2.32524371
Link 39 739 9880 0 -1.55938473
Link 21 364 9955 0 0.24300092
Link 1087 291 9973 0 1.29745639
Link 178 1273 10045 0 1.21874563
Link 720 136 10047 1 1.17303851
Link 57 1280 10156 1 4.00910058
Link 1280 751 10157 1 -1.44223136
Link 636 1281 10159 1 1.25487118
Link 1281 509 10160 1 -1.84633458
Link 118 234 10161 0 0.87745801
Link 1042 1284 10183 1 -2.61571806
Link 1284 502 10184 1 0.55806203
Link 331 1304 10320 0 0.60010345
Link 1304 14 10321 0 0.52291889
Link 178 466 10376 0 0.82845856
Link 435 158 10500 0 -0.79621045
Link 154 15 10570 0 -2.61053915
Link 10 1327 10593 1 1.94388033
Link 1327 636 10594 1 -1.05190540
Link 36 415 10595 0 1.38711436
Link 742 1331 10618 0 1.75346309
Link 1331 258 10619 0 2.91806263
Link 1111 688 10641 0 -1.57939916
Link 953 1337 10692 1 0.25935221
Link 1337 70 10693 1 0.63766033
Link 960 847 10707 0 -0.76122677
Link 38 1343 10780 0 -1.82212305
Link 1343 106 10781 0 -3.81002457
Link 769 128 10787 0 0.87241215
Link 29 40 10839 0 -0.56953275
Link 439 1351 10850 0 0.58110021
Link 1351 419 10851 0 -2.93829783
Link 48 1362 10940 0 1.30111351
Link 1362 769 10941 0 0.37611597
Link 4 419 11040 0 3.87697747
Link 76 28 11107 1 1.13992870
Link 60 463 11160 0 0.96477013
Link 1179 22 11305 0 -0.02559490
Link 14 1394 11320 1 1.16762460
Link 1394 23 11321 1 -1.98488723
Link 960 26 11351 0 1.10967162
Link 623 12 11380 0 -1.93744343
Link 658 466 11484 0 -1.25106674
Link 156 234 11647 1 0.85017415
Link 669 1435 11664 0 0.41477968
Link 1435 301 11665 0 0.31126995
Link 8 742 11679 0 -0.12634541
Link 158 1239 11718 0 0.10505215
Link 34 1443 11736 0 0.05674345
Link 1443 371 11737 0 -3.30949319
Link 502 12 11775 0 -0.81035098
Link 31 399 11823 0 5.31092781
Link 410 335 11843 0 2.40972788
Link 34 489 11972 0 3.07015511
Link 331 419 11997 0 3.58260758
Link 49 238 12041 0 -2.98622830
Link 260 63 12208 0 -1.16629010
Link 149 1488 12214 0 0.32113653
Link 1488 894 12215 0 -2.16297894
Link 199 371 12371 0 -0.96382863
Link 929 1522 12581 1 1.60459163
Link 1522 27 12582 1 -1.19185961
Link 169 1528 12655 1 -0.18141469
Link 1528 899 12656 1 -0.68587029
Link 990 1530 12675 0 1.38136074
Link 1530 64 12676 0 0.74843570
Link 248 1532 12683 1 1.30880691
Link 1532 826 12684 1 1.62847272
Link 291 720 12717 0 -0.06906843
Link 450 688 12724 0 1.28931747
Link 485 88 12902 0 -2.53063602
Link 55 86 12945 1 -1.00074498
Link 487 1284 12965 0 2.21004994
Link 166 1558 12992 0 2.65457243
Link 1558 10 12993 0 2.48228196
Link 1 773 13010 0 -1.86974291
Link 42 1559 13015 0 0.35060868
Link 1559 106 13016 0 -0.02748223
Link 2 1571 13137 0 0.97937131
Link 1571 377 13138 0 1.17895118
Link 621 1575 13172 0 1.12519055
Link 1575 612 13173 0 3.83014871
Link 21 1602 13350 0 0.59301726
Link 1602 1211 13351 0 0.36694105
Link 49 1618 13521 1 3.02687959
Link 1618 651 13522 1 4.10180806
Link 32 831 13683 0 3.47746958
Link 471 757 13880 0 -1.65282331
Link 121 934 13945 0 -5.58952548
Link 760 1677 14087 1 1.20098661
Link 1677 645 14088 1 1.07594257
Link 57 1690 14206 0 -1.32670660
Link 1690 586 14207 0 0.64569087
Link 178 953 14227 1 1.01194676
Link 40 1699 14297 0 0.25591149
Link 1699 929 14298 0 -0.60645945
Link 35 1708 14397 0 1.66171926
Link 1708 65 14398 0 0.15082780
Link 76 1710 14423 1 2.06857486
Link 1710 645 14424 1 -0.67764079
Link 38 1722 14511 0 2.08203404
Link 1722 1450 14512 0 -4.17487908
Link 38 28 14668 0 5.05587618
Link 402 1745 14730 0 1.23950985
Link 1745 230 14731 0 -0.24667028
Link 65 528 14773 0 2.20191991
Link 992 12 14873 0 0.75662130
Link 415 44 14943 1 0.11250292
Link 960 720 15023 0 -1.49598293
Link 256 94 15501 0 2.58676241
Link 707 586 15514 0 -3.68411853
Link 48 1834 15632 0 0.75957511
Link 1834 12 15633 0 -0.45647493
Link 651 415 15718 0 2.54300578
Link 1098 642 15790 0 -0.70083527
Link 340 128 15861 0 0.72894229
Link 757 64 16173 0 0.61305674
Link 1118 49 16200 0 0.48902249
Link 516 1118 16224 0 -1.27226840
Link 234 953 16255 0 2.38252015
Link 3 435 16369 0 2.03772015
Link 846 174 16389 0 1.74532790
Link 377 1956 16854 0 1.63527446
Link 23 1963 16907 0 1.72135414
Link 1963 908 16908 0 1.46388327
Link 1956 1981 17079 0 0.94800725
Link 1981 846 17080 0 1.40991608
Link 1450 1984 17108 0 0.65850141
Link 1984 1111 17109 0 -1.56459524
Link 15 921 17215 1 -2.22762090
Link 17 64 17391 0 0.71807828
Link 463 185 17413 0 -0.77660030
Link 136 335 17427 0 1.14284428
Link 248 2019 17530 1 -0.24678921
Link 2019 16 17531 1 -1.64136034
Link 250 80 17588 0 -2.23091619
Link 66 637 17638 1 4.16271958
Link 1708 1745 17699 0 -1.56083145
Link 340 154 17724 0 0.65159164
Link 1111 375 17969 0 3.77232194
Link 652 847 18156 0 0.52774679
Link 770 602 18355 0 0.79068761
Link 1068 36 18591 0 1.41531729
Link 81 197 18728 0 -0.98767813
Link 669 236 18863 1 0.88586630
Link 7 2160 19056 0 1.74120065
Link 2160 291 19057 0 -0.65281142
Link 229 149 19428 0 -1.40289341
Link 78 938 19460 0 -0.73211210
Link 1273 2193 19506 0 1.00000000
Link 2193 846 19507 0 -0.09256964
Link 938 1532 19524 0 0.63751553
Link 936 607 19687 0 4.10463725
Link 1022 389 19904 0 -4.42307465
Link 410 831 19951 0 1.69050702
Link 486 1022 20038 1 -1.25417901
Link 143 1080 20112 0 -0.49184110
Link 512 2259 20264 1 1.00000000
Link 2259 654 20265 1 0.37973078
GenomeEnd

