GenomeStart 107298
Neuron 1 1 0.00000000 1 0.00000000 0.00000000 0.00000000 0.00000000
Neuron 2 1 0.00000000 1 0.00000000 0.00000000 0.00000000 0.00000000
Neuron 3 1 0.00000000 1 0.00000000 0.00000000 0.00000000 0.00000000
Neuron 4 1 0.00000000 1 0.00000000 0.00000000 0.00000000 0.00000000
Neuron 5 1 0.00000000 1 0.00000000 0.00000000 0.00000000 0.00000000
Neuron 6 1 0.00000000 1 0.00000000 0.00000000 0.00000000 0.00000000
Neuron 7 1 0.00000000 1 0.00000000 0.00000000 0.00000000 0.00000000
Neuron 8 1 0.00000000 1 0.00000000 0.00000000 0.00000000 0.00000000
Neuron 9 2 0.00000000 1 0.00000000 0.00000000 0.00000000 0.00000000
Neuron 10 4 1.00000000 0 1.00000000 0.00000000 0.00000000 0.00000000
Neuron 11 4 1.00000000 0 1.00000000 0.00000000 0.00000000 0.00000000
Neuron 12 4 1.00000000 0 1.00000000 0.00000000 0.00000000 0.00000000
Neuron 13 4 1.00000000 0 1.00000000 0.00000000 0.00000000 0.00000000
Neuron 14 4 1.00000000 0 1.00000000 0.00000000 0.00000000 0.00000000
Neuron 15 4 1.00000000 0 1.00000000 0.00000000 0.00000000 0.00000000
Neuron 16 4 1.00000000 0 1.00000000 0.00000000 0.00000000 0.00000000
Neuron 17 3 0.50000000 1 1.00000000 0.00000000 0.00000000 0.00000000
Neuron 18 3 0.50000000 1 1.00000000 0.00000000 0.00000000 0.00000000
Neuron 19 3 0.50000000 1 1.00000000 0.00000000 0.00000000 0.00000000
Neuron 20 3 0.50000000 1 1.00000000 0.00000000 0.00000000 0.00000000
Neuron 21 3 0.50000000 1 1.00000000 0.00000000 0.00000000 0.00000000
Neuron 22 3 0.50000000 1 1.00000000 0.00000000 0.00000000 0.00000000
Neuron 23 3 0.50000000 1 1.00000000 0.00000000 0.00000000 0.00000000
Neuron 24 3 0.50000000 1 1.00000000 0.00000000 0.00000000 0.00000000
Neuron 25 3 0.50000000 1 1.00000000 0.00000000 0.00000000 0.00000000
Neuron 26 3 0.50000000 1 1.00000000 0.00000000 0.00000000 0.00000000
Neuron 27 3 0.50000000 1 1.00000000 0.00000000 0.00000000 0.00000000
Neuron 28 3 0.50000000 1 1.00000000 0.00000000 0.00000000 0.00000000
Neuron 29 3 0.50000000 1 1.00000000 0.00000000 0.00000000 0.00000000
Neuron 31 3 0.50000000 1 1.00000000 0.00000000 0.00000000 0.00000000
Neuron 32 3 0.50000000 1 1.00000000 0.00000000 0.00000000 0.00000000
Neuron 34 3 0.50000000 1 1.00000000 0.00000000 0.00000000 0.00000000
Neuron 35 3 0.50000000 1 1.00000000 0.00000000 0.00000000 0.00000000
Neuron 36 3 0.50000000 1 1.00000000 0.00000000 0.00000000 0.00000000
Neuron 37 3 0.50000000 1 1.00000000 0.00000000 0.00000000 0.00000000
Neuron 38 3 0.50000000 1 1.00000000 0.00000000 0.00000000 0.00000000
Neuron 39 3 0.50000000 1 1.00000000 0.00000000 0.00000000 0.00000000
Neuron 40 3 0.50000000 1 1.00000000 0.00000000 0.00000000 0.00000000
Neuron 42 3 0.50000000 1 1.00000000 0.00000000 0.00000000 0.00000000
Neuron 43 3 0.50000000 1 1.00000000 0.00000000 0.00000000 0.00000000
Neuron 44 3 0.50000000 1 1.00000000 0.00000000 0.00000000 0.00000000
Neuron 46 3 0.75000000 1 1.00000000 0.00000000 0.00000000 0.00000000
Neuron 47 3 0.50000000 1 1.00000000 0.00000000 0.00000000 0.00000000
Neuron 48 3 0.50000000 1 1.00000000 0.00000000 0.00000000 0.00000000
Neuron 49 3 0.50000000 1 1.00000000 0.00000000 0.00000000 0.00000000
Neuron 50 3 0.50000000 1 1.00000000 0.00000000 0.00000000 0.00000000
Neuron 52 3 0.50000000 1 1.00000000 0.00000000 0.00000000 0.00000000
Neuron 53 3 0.50000000 1 1.00000000 0.00000000 0.00000000 0.00000000
Neuron 55 3 0.50000000 1 1.00000000 0.00000000 0.00000000 0.00000000
Neuron 57 3 0.50000000 1 1.00000000 0.00000000 0.00000000 0.00000000
Neuron 59 3 0.50000000 1 1.00000000 0.00000000 0.00000000 0.00000000
Neuron 60 3 0.50000000 1 1.00000000 0.00000000 0.00000000 0.00000000
Neuron 62 3 0.50000000 1 1.00000000 0.00000000 0.00000000 0.00000000
Neuron 63 3 0.50000000 1 1.00000000 0.00000000 0.00000000 0.00000000
Neuron 64 3 0.75000000 1 1.00000000 0.00000000 0.00000000 0.00000000
Neuron 65 3 0.50000000 1 1.00000000 0.00000000 0.00000000 0.00000000
Neuron 66 3 0.50000000 1 1.00000000 0.00000000 0.00000000 0.00000000
Neuron 67 3 0.50000000 1 1.00000000 0.00000000 0.00000000 0.00000000
Neuron 69 3 0.50000000 1 1.00000000 0.00000000 0.00000000 0.00000000
Neuron 70 3 0.50000000 1 1.00000000 0.00000000 0.00000000 0.00000000
Neuron 71 3 0.25000000 1 1.00000000 0.00000000 0.00000000 0.00000000
Neuron 73 3 0.75000000 1 1.00000000 0.00000000 0.00000000 0.00000000
Neuron 74 3 0.50000000 1 1.00000000 0.00000000 0.00000000 0.00000000
Neuron 76 3 0.75000000 1 1.00000000 0.00000000 0.00000000 0.00000000
Neuron 77 3 0.50000000 1 1.00000000 0.00000000 0.00000000 0.00000000
Neuron 78 3 0.25000000 1 1.00000000 0.00000000 0.00000000 0.00000000
Neuron 79 3 0.50000000 1 1.00000000 0.00000000 0.00000000 0.00000000
Neuron 80 3 0.75000000 1 1.00000000 0.00000000 0.00000000 0.00000000
Neuron 81 3 0.50000000 1 1.00000000 0.00000000 0.00000000 0.00000000
Neuron 86 3 0.25000000 1 1.00000000 0.00000000 0.00000000 0.00000000
Neuron 88 3 0.75000000 1 1.00000000 0.00000000 0.00000000 0.00000000
Neuron 92 3 0.37500000 1 1.00000000 0.00000000 0.00000000 0.00000000
Neuron 94 3 0.75000000 1 1.00000000 0.00000000 0.00000000 0.00000000
Neuron 100 3 0.75000000 1 1.00000000 0.00000000 0.00000000 0.00000000
Neuron 106 3 0.75000000 1 1.00000000 0.00000000 0.00000000 0.00000000
Neuron 113 3 0.25000000 1 1.00000000 0.00000000 0.00000000 0.00000000
Neuron 114 3 0.75000000 1 1.00000000 0.00000000 0.00000000 0.00000000
Neuron 116 3 0.25000000 1 1.00000000 0.00000000 0.00000000 0.00000000
Neuron 117 3 1.00000000 1 1.00000000 0.00000000 0.00000000 0.00000000
Neuron 118 3 0.25000000 1 1.00000000 0.00000000 0.00000000 0.00000000
Neuron 120 3 0.25000000 1 1.00000000 0.00000000 0.00000000 0.00000000
Neuron 121 3 0.25000000 1 1.00000000 0.00000000 0.00000000 0.00000000
Neuron 125 3 0.75000000 1 1.00000000 0.00000000 0.00000000 0.00000000
Neuron 128 3 0.75000000 1 1.00000000 0.00000000 0.00000000 0.00000000
Neuron 136 3 0.25000000 1 1.00000000 0.00000000 0.00000000 0.00000000
Neuron 139 3 0.25000000 1 1.00000000 0.00000000 0.00000000 0.00000000
Neuron 143 3 0.25000000 1 1.00000000 0.00000000 0.00000000 0.00000000
Neuron 148 3 0.75000000 1 1.00000000 0.00000000 0.00000000 0.00000000
Neuron 149 3 0.25000000 1 1.00000000 0.00000000 0.00000000 0.00000000
Neuron 150 3 0.25000000 1 1.00000000 0.00000000 0.00000000 0.00000000
Neuron 152 3 0.25000000 1 1.00000000 0.00000000 0.00000000 0.00000000
Neuron 154 3 0.75000000 1 1.00000000 0.00000000 0.00000000 0.00000000
Neuron 156 3 0.75000000 1 1.00000000 0.00000000 0.00000000 0.00000000
Neuron 158 3 0.25000000 1 1.00000000 0.00000000 0.00000000 0.00000000
Neuron 163 3 0.25000000 1 1.00000000 0.00000000 0.00000000 0.00000000
Neuron 165 3 0.75000000 1 1.00000000 0.00000000 0.00000000 0.00000000
Neuron 166 3 0.75000000 1 1.00000000 0.00000000 0.00000000 0.00000000
Neuron 169 3 0.75000000 1 1.00000000 0.00000000 0.00000000 0.00000000
Neuron 174 3 0.75000000 1 1.00000000 0.00000000 0.00000000 0.00000000
Neuron 178 3 0.62500000 1 1.00000000 0.00000000 0.00000000 0.00000000
Neuron 185 3 0.75000000 1 1.00000000 0.00000000 0.00000000 0.00000000
Neuron 186 3 0.75000000 1 1.00000000 0.00000000 0.00000000 0.00000000
Neuron 191 3 0.25000000 1 1.00000000 0.00000000 0.00000000 0.00000000
Neuron 195 3 0.25000000 1 1.00000000 0.00000000 0.00000000 0.00000000
Neuron 197 3 0.75000000 1 1.00000000 0.00000000 0.00000000 0.00000000
Neuron 199 3 0.25000000 1 1.00000000 0.00000000 0.00000000 0.00000000
Neuron 201 3 0.75000000 1 1.00000000 0.00000000 0.00000000 0.00000000
Neuron 213 3 0.62500000 1 1.00000000 0.00000000 0.00000000 0.00000000
Neuron 218 3 0.43750000 1 1.00000000 0.00000000 0.00000000 0.00000000
Neuron 229 3 0.25000000 1 1.00000000 0.00000000 0.00000000 0.00000000
Neuron 230 3 0.75000000 1 1.00000000 0.00000000 0.00000000 0.00000000
Neuron 234 3 0.50000000 1 1.00000000 0.00000000 0.00000000 0.00000000
Neuron 236 3 0.25000000 1 1.00000000 0.00000000 0.00000000 0.00000000
Neuron 238 3 0.75000000 1 1.00000000 0.00000000 0.00000000 0.00000000
Neuron 239 3 0.25000000 1 1.00000000 0.00000000 0.00000000 0.00000000
Neuron 242 3 1.00000000 1 1.00000000 0.00000000 0.00000000 0.00000000
Neuron 248 3 1.00000000 1 1.00000000 0.00000000 0.00000000 0.00000000
Neuron 250 3 0.25000000 1 1.00000000 0.00000000 0.00000000 0.00000000
Neuron 253 3 0.25000000 1 1.00000000 0.00000000 0.00000000 0.00000000
Neuron 256 3 0.50000000 1 1.00000000 0.00000000 0.00000000 0.00000000
Neuron 258 3 0.75000000 1 1.00000000 0.00000000 0.00000000 0.00000000
Neuron 260 3 0.25000000 1 1.00000000 0.00000000 0.00000000 0.00000000
Neuron 263 3 0.87500000 1 1.00000000 0.00000000 0.00000000 0.00000000
Neuron 273 3 0.37500000 1 1.00000000 0.00000000 0.00000000 0.00000000
Neuron 291 3 0.37500000 1 1.00000000 0.00000000 0.00000000 0.00000000
Neuron 301 3 0.62500000 1 1.00000000 0.00000000 0.00000000 0.00000000
Neuron 318 3 0.62500000 1 1.00000000 0.00000000 0.00000000 0.00000000
Neuron 329 3 0.50000000 1 1.00000000 0.00000000 0.00000000 0.00000000
Neuron 331 3 0.87500000 1 1.00000000 0.00000000 0.00000000 0.00000000
Neuron 334 3 0.75000000 1 1.00000000 0.00000000 0.00000000 0.00000000
Neuron 335 3 0.56250000 1 1.00000000 0.00000000 0.00000000 0.00000000
Neuron 339 3 0.37500000 1 1.00000000 0.00000000 0.00000000 0.00000000
Neuron 340 3 0.25000000 1 1.00000000 0.00000000 0.00000000 0.00000000
Neuron 351 3 0.62500000 1 1.00000000 0.00000000 0.00000000 0.00000000
Neuron 364 3 0.62500000 1 1.00000000 0.00000000 0.00000000 0.00000000
Neuron 371 3 0.50000000 1 1.00000000 0.00000000 0.00000000 0.00000000
Neuron 375 3 0.87500000 1 1.00000000 0.00000000 0.00000000 0.00000000
Neuron 377 3 0.25000000 1 1.00000000 0.00000000 0.00000000 0.00000000
Neuron 387 3 0.75000000 1 1.00000000 0.00000000 0.00000000 0.00000000
Neuron 389 3 0.75000000 1 1.00000000 0.00000000 0.00000000 0.00000000
Neuron 393 3 0.37500000 1 1.00000000 0.00000000 0.00000000 0.00000000
Neuron 397 3 0.68750000 1 1.00000000 0.00000000 0.00000000 0.00000000
Neuron 398 3 0.50000000 1 1.00000000 0.00000000 0.00000000 0.00000000
Neuron 399 3 0.62500000 1 1.00000000 0.00000000 0.00000000 0.00000000
Neuron 402 3 0.62500000 1 1.00000000 0.00000000 0.00000000 0.00000000
Neuron 403 3 0.31250000 1 1.00000000 0.00000000 0.00000000 0.00000000
Neuron 410 3 0.37500000 1 1.00000000 0.00000000 0.00000000 0.00000000
Neuron 412 3 0.37500000 1 1.00000000 0.00000000 0.00000000 0.00000000
Neuron 415 3 0.75000000 1 1.00000000 0.00000000 0.00000000 0.00000000
Neuron 419 3 0.87500000 1 1.00000000 0.00000000 0.00000000 0.00000000
Neuron 420 3 0.62500000 1 1.00000000 0.00000000 0.00000000 0.00000000
Neuron 422 3 0.75000000 1 1.00000000 0.00000000 0.00000000 0.00000000
Neuron 424 3 0.87500000 1 1.00000000 0.00000000 0.00000000 0.00000000
Neuron 431 3 0.25000000 1 1.00000000 0.00000000 0.00000000 0.00000000
Neuron 435 3 0.25000000 1 1.00000000 0.00000000 0.00000000 0.00000000
Neuron 437 3 0.56250000 1 1.00000000 0.00000000 0.00000000 0.00000000
Neuron 439 3 0.75000000 1 1.00000000 0.00000000 0.00000000 0.00000000
Neuron 441 3 0.25000000 1 1.00000000 0.00000000 0.00000000 0.00000000
Neuron 445 3 0.12500000 1 1.00000000 0.00000000 0.00000000 0.00000000
Neuron 447 3 0.50000000 1 1.00000000 0.00000000 0.00000000 0.00000000
Neuron 450 3 0.50000000 1 1.00000000 0.00000000 0.00000000 0.00000000
Neuron 463 3 0.56250000 1 1.00000000 0.00000000 0.00000000 0.00000000
Neuron 465 3 0.68750000 1 1.00000000 0.00000000 0.00000000 0.00000000
Neuron 466 3 1.00000000 1 1.00000000 0.00000000 0.00000000 0.00000000
Neuron 471 3 0.12500000 1 1.00000000 0.00000000 0.00000000 0.00000000
Neuron 485 3 0.31250000 1 1.00000000 0.00000000 0.00000000 0.00000000
Neuron 486 3 0.87500000 1 1.00000000 0.00000000 0.00000000 0.00000000
Neuron 487 3 0.18750000 1 1.00000000 0.00000000 0.00000000 0.00000000
Neuron 489 3 0.75000000 1 1.00000000 0.00000000 0.00000000 0.00000000
Neuron 490 3 0.62500000 1 1.00000000 0.00000000 0.00000000 0.00000000
Neuron 502 3 0.56250000 1 1.00000000 0.00000000 0.00000000 0.00000000
Neuron 504 3 0.75000000 1 1.00000000 0.00000000 0.00000000 0.00000000
Neuron 507 3 0.25000000 1 1.00000000 0.00000000 0.00000000 0.00000000
Neuron 509 3 1.00000000 1 1.00000000 0.00000000 0.00000000 0.00000000
Neuron 512 3 0.50000000 1 1.00000000 0.00000000 0.00000000 0.00000000
Neuron 516 3 0.25000000 1 1.00000000 0.00000000 0.00000000 0.00000000
Neuron 517 3 0.87500000 1 1.00000000 0.00000000 0.00000000 0.00000000
Neuron 522 3 0.12500000 1 1.00000000 0.00000000 0.00000000 0.00000000
Neuron 523 3 0.62500000 1 1.00000000 0.00000000 0.00000000 0.00000000
Neuron 524 3 0.53125000 1 1.00000000 0.00000000 0.00000000 0.00000000
Neuron 528 3 0.62500000 1 1.00000000 0.00000000 0.00000000 0.00000000
Neuron 530 3 0.37500000 1 1.00000000 0.00000000 0.00000000 0.00000000
Neuron 539 3 0.50000000 1 1.00000000 0.00000000 0.00000000 0.00000000
Neuron 540 3 0.50000000 1 1.00000000 0.00000000 0.00000000 0.00000000
Neuron 546 3 0.37500000 1 1.00000000 0.00000000 0.00000000 0.00000000
Neuron 553 3 0.18750000 1 1.00000000 0.00000000 0.00000000 0.00000000
Neuron 567 3 0.93750000 1 1.00000000 0.00000000 0.00000000 0.00000000
Neuron 575 3 0.50000000 1 1.00000000 0.00000000 0.00000000 0.00000000
Neuron 576 3 0.62500000 1 1.00000000 0.00000000 0.00000000 0.00000000
Neuron 586 3 0.68750000 1 1.00000000 0.00000000 0.00000000 0.00000000
Neuron 590 3 0.75000000 1 1.00000000 0.00000000 0.00000000 0.00000000
Neuron 595 3 0.25000000 1 1.00000000 0.00000000 0.00000000 0.00000000
Neuron 598 3 0.12500000 1 1.00000000 0.00000000 0.00000000 0.00000000
Neuron 600 3 0.53125000 1 1.00000000 0.00000000 0.00000000 0.00000000
Neuron 601 3 0.62500000 1 1.00000000 0.00000000 0.00000000 0.00000000
Neuron 602 3 0.56250000 1 1.00000000 0.00000000 0.00000000 0.00000000
Neuron 603 3 0.12500000 1 1.00000000 0.00000000 0.00000000 0.00000000
Neuron 607 3 0.62500000 1 1.00000000 0.00000000 0.00000000 0.00000000
Neuron 612 3 0.28125000 1 1.00000000 0.00000000 0.00000000 0.00000000
Neuron 621 3 0.23437500 1 1.00000000 0.00000000 0.00000000 0.00000000
Neuron 623 3 0.37500000 1 1.00000000 0.00000000 0.00000000 0.00000000
Neuron 625 3 0.37500000 1 1.00000000 0.00000000 0.00000000 0.00000000
Neuron 635 3 0.50000000 1 1.00000000 0.00000000 0.00000000 0.00000000
Neuron 636 3 1.00000000 1 1.00000000 0.00000000 0.00000000 0.00000000
Neuron 637 3 0.37500000 1 1.00000000 0.00000000 0.00000000 0.00000000
Neuron 642 3 1.00000000 1 1.00000000 0.00000000 0.00000000 0.00000000
Neuron 645 3 0.62500000 1 1.00000000 0.00000000 0.00000000 0.00000000
Neuron 651 3 0.50000000 1 1.00000000 0.00000000 0.00000000 0.00000000
Neuron 652 3 0.12500000 1 1.00000000 0.00000000 0.00000000 0.00000000
Neuron 654 3 0.31250000 1 1.00000000 0.00000000 0.00000000 0.00000000
Neuron 658 3 0.56250000 1 1.00000000 0.00000000 0.00000000 0.00000000
Neuron 659 3 0.93750000 1 1.00000000 0.00000000 0.00000000 0.00000000
Neuron 662 3 0.75000000 1 1.00000000 0.00000000 0.00000000 0.00000000
Neuron 669 3 0.59375000 1 1.00000000 0.00000000 0.00000000 0.00000000
Neuron 677 3 0.81250000 1 1.00000000 0.00000000 0.00000000 0.00000000
Neuron 688 3 0.56250000 1 1.00000000 0.00000000 0.00000000 0.00000000
Neuron 701 3 0.15625000 1 1.00000000 0.00000000 0.00000000 0.00000000
Neuron 703 3 0.50000000 1 1.00000000 0.00000000 0.00000000 0.00000000
Neuron 707 3 0.28125000 1 1.00000000 0.00000000 0.00000000 0.00000000
Neuron 714 3 0.87500000 1 1.00000000 0.00000000 0.00000000 0.00000000
Neuron 720 3 0.40625000 1 1.00000000 0.00000000 0.00000000 0.00000000
Neuron 728 3 0.25000000 1 1.00000000 0.00000000 0.00000000 0.00000000
Neuron 729 3 0.81250000 1 1.00000000 0.00000000 0.00000000 0.00000000
Neuron 732 3 0.09375000 1 1.00000000 0.00000000 0.00000000 0.00000000
Neuron 736 3 0.62500000 1 1.00000000 0.00000000 0.00000000 0.00000000
Neuron 739 3 0.50000000 1 1.00000000 0.00000000 0.00000000 0.00000000
Neuron 742 3 0.75000000 1 1.00000000 0.00000000 0.00000000 0.00000000
Neuron 747 3 0.50000000 1 1.00000000 0.00000000 0.00000000 0.00000000
Neuron 751 3 0.34375000 1 1.00000000 0.00000000 0.00000000 0.00000000
Neuron 756 3 0.93750000 1 1.00000000 0.00000000 0.00000000 0.00000000
Neuron 757 3 0.31250000 1 1.00000000 0.00000000 0.00000000 0.00000000
Neuron 760 3 0.68750000 1 1.00000000 0.00000000 0.00000000 0.00000000
Neuron 769 3 0.75000000 1 1.00000000 0.00000000 0.00000000 0.00000000
Neuron 770 3 0.50000000 1 1.00000000 0.00000000 0.00000000 0.00000000
Neuron 773 3 0.18750000 1 1.00000000 0.00000000 0.00000000 0.00000000
Neuron 780 3 0.65625000 1 1.00000000 0.00000000 0.00000000 0.00000000
Neuron 792 3 0.50000000 1 1.00000000 0.00000000 0.00000000 0.00000000
Neuron 807 3 0.06250000 1 1.00000000 0.00000000 0.00000000 0.00000000
Neuron 808 3 0.56250000 1 1.00000000 0.00000000 0.00000000 0.00000000
Neuron 809 3 0.87500000 1 1.00000000 0.00000000 0.00000000 0.00000000
Neuron 813 3 0.68750000 1 1.00000000 0.00000000 0.00000000 0.00000000
Neuron 814 3 0.53125000 1 1.00000000 0.00000000 0.00000000 0.00000000
Neuron 817 3 0.31250000 1 1.00000000 0.00000000 0.00000000 0.00000000
Neuron 826 3 1.00000000 1 1.00000000 0.00000000 0.00000000 0.00000000
Neuron 831 3 0.87500000 1 1.00000000 0.00000000 0.00000000 0.00000000
Neuron 838 3 0.87500000 1 1.00000000 0.00000000 0.00000000 0.00000000
Neuron 839 3 0.56250000 1 1.00000000 0.00000000 0.00000000 0.00000000
Neuron 840 3 0.50000000 1 1.00000000 0.00000000 0.00000000 0.00000000
Neuron 846 3 0.68750000 1 1.00000000 0.00000000 0.00000000 0.00000000
Neuron 847 3 0.37500000 1 1.00000000 0.00000000 0.00000000 0.00000000
Neuron 869 3 0.53125000 1 1.00000000 0.00000000 0.00000000 0.00000000
Neuron 874 3 0.59375000 1 1.00000000 0.00000000 0.00000000 0.00000000
Neuron 885 3 0.50000000 1 1.00000000 0.00000000 0.00000000 0.00000000
Neuron 894 3 0.50000000 1 1.00000000 0.00000000 0.00000000 0.00000000
Neuron 899 3 0.71875000 1 1.00000000 0.00000000 0.00000000 0.00000000
Neuron 908 3 0.56250000 1 1.00000000 0.00000000 0.00000000 0.00000000
Neuron 914 3 0.50000000 1 1.00000000 0.00000000 0.00000000 0.00000000
Neuron 921 3 0.28125000 1 1.00000000 0.00000000 0.00000000 0.00000000
Neuron 929 3 0.56250000 1 1.00000000 0.00000000 0.00000000 0.00000000
Neuron 934 3 0.50000000 1 1.00000000 0.00000000 0.00000000 0.00000000
Neuron 936 3 0.56250000 1 1.00000000 0.00000000 0.00000000 0.00000000
Neuron 937 3 0.53125000 1 1.00000000 0.00000000 0.00000000 0.00000000
Neuron 938 3 0.78125000 1 1.00000000 0.00000000 0.00000000 0.00000000
Neuron 953 3 0.50000000 1 1.00000000 0.00000000 0.00000000 0.00000000
Neuron 954 3 0.76562500 1 1.00000000 0.00000000 0.00000000 0.00000000
Neuron 960 3 0.25000000 1 1.00000000 0.00000000 0.00000000 0.00000000
Neuron 988 3 0.93750000 1 1.00000000 0.00000000 0.00000000 0.00000000
Neuron 990 3 0.37500000 1 1.00000000 0.00000000 0.00000000 0.00000000
Neuron 992 3 0.68750000 1 1.00000000 0.00000000 0.00000000 0.00000000
Neuron 993 3 0.54687500 1 1.00000000 0.00000000 0.00000000 0.00000000
Neuron 998 3 0.37500000 1 1.00000000 0.00000000 0.00000000 0.00000000
Neuron 1007 3 0.31250000 1 1.00000000 0.00000000 0.00000000 0.00000000
Neuron 1009 3 0.50000000 1 1.00000000 0.00000000 0.00000000 0.00000000
Neuron 1012 3 0.32812500 1 1.00000000 0.00000000 0.00000000 0.00000000
Neuron 1014 3 0.81250000 1 1.00000000 0.00000000 0.00000000 0.00000000
Neuron 1017 3 0.40625000 1 1.00000000 0.00000000 0.00000000 0.00000000
Neuron 1018 3 0.18750000 1 1.00000000 0.00000000 0.00000000 0.00000000
Neuron 1022 3 0.62500000 1 1.00000000 0.00000000 0.00000000 0.00000000
Neuron 1033 3 0.25000000 1 1.00000000 0.00000000 0.00000000 0.00000000
Neuron 1042 3 0.65625000 1 1.00000000 0.00000000 0.00000000 0.00000000
Neuron 1047 3 0.31250000 1 1.00000000 0.00000000 0.00000000 0.00000000
Neuron 1054 3 0.62500000 1 1.00000000 0.00000000 0.00000000 0.00000000
Neuron 1066 3 0.34375000 1 1.00000000 0.00000000 0.00000000 0.00000000
Neuron 1068 3 0.25000000 1 1.00000000 0.00000000 0.00000000 0.00000000
Neuron 1080 3 0.56250000 1 1.00000000 0.00000000 0.00000000 0.00000000
Neuron 1087 3 0.31250000 1 1.00000000 0.00000000 0.00000000 0.00000000
Neuron 1098 3 0.87500000 1 1.00000000 0.00000000 0.00000000 0.00000000
Neuron 1103 3 0.93750000 1 1.00000000 0.00000000 0.00000000 0.00000000
Neuron 1111 3 0.53125000 1 1.00000000 0.00000000 0.00000000 0.00000000
Neuron 1118 3 0.50000000 1 1.00000000 0.00000000 0.00000000 0.00000000
Neuron 1132 3 0.62500000 1 1.00000000 0.00000000 0.00000000 0.00000000
Neuron 1143 3 0.37500000 1 1.00000000 0.00000000 0.00000000 0.00000000
Neuron 1165 3 0.43750000 1 1.00000000 0.00000000 0.00000000 0.00000000
Neuron 1168 3 0.28125000 1 1.00000000 0.00000000 0.00000000 0.00000000
Neuron 1175 3 0.75000000 1 1.00000000 0.00000000 0.00000000 0.00000000
Neuron 1179 3 0.25000000 1 1.00000000 0.00000000 0.00000000 0.00000000
Neuron 1211 3 0.56250000 1 1.00000000 0.00000000 0.00000000 0.00000000
Neuron 1239 3 0.51562500 1 1.00000000 0.00000000 0.00000000 0.00000000
Neuron 1255 3 0.62500000 1 1.00000000 0.00000000 0.00000000 0.00000000
Neuron 1273 3 0.65625000 1 1.00000000 0.00000000 0.00000000 0.00000000
Neuron 1280 3 0.42187500 1 1.00000000 0.00000000 0.00000000 0.00000000
Neuron 1281 3 1.00000000 1 1.00000000 0.00000000 0.00000000 0.00000000
Neuron 1284 3 0.60937500 1 1.00000000 0.00000000 0.00000000 0.00000000
Neuron 1304 3 0.93750000 1 1.00000000 0.00000000 0.00000000 0.00000000
Neuron 1327 3 1.00000000 1 1.00000000 0.00000000 0.00000000 0.00000000
Neuron 1331 3 0.75000000 1 1.00000000 0.00000000 0.00000000 0.00000000
Neuron 1343 3 0.62500000 1 1.00000000 0.00000000 0.00000000 0.00000000
Neuron 1435 3 0.60937500 1 1.00000000 0.00000000 0.00000000 0.00000000
Neuron 1443 3 0.50000000 1 1.00000000 0.00000000 0.00000000 0.00000000
Neuron 1450 3 0.51562500 1 1.00000000 0.00000000 0.00000000 0.00000000
Neuron 1488 3 0.37500000 1 1.00000000 0.00000000 0.00000000 0.00000000
Neuron 1528 3 0.73437500 1 1.00000000 0.00000000 0.00000000 0.00000000
Neuron 1532 3 1.00000000 1 1.00000000 0.00000000 0.00000000 0.00000000
Neuron 1558 3 0.87500000 1 1.00000000 0.00000000 0.00000000 0.00000000
Neuron 1571 3 0.12500000 1 1.00000000 0.00000000 0.00000000 0.00000000
Neuron 1618 3 0.50000000 1 1.00000000 0.00000000 0.00000000 0.00000000
Neuron 1677 3 0.65625000 1 1.00000000 0.00000000 0.00000000 0.00000000
Neuron 1690 3 0.59375000 1 1.00000000 0.00000000 0.00000000 0.00000000
Neuron 1699 3 0.53125000 1 1.00000000 0.00000000 0.00000000 0.00000000
Neuron 1708 3 0.50000000 1 1.00000000 0.00000000 0.00000000 0.00000000
Neuron 1710 3 0.68750000 1 1.00000000 0.00000000 0.00000000 0.00000000
Neuron 1722 3 0.50781250 1 1.00000000 0.00000000 0.00000000 0.00000000
Neuron 1745 3 0.68750000 1 1.00000000 0.00000000 0.00000000 0.00000000
Neuron 1956 3 0.46875000 1 1.00000000 0.00000000 0.00000000 0.00000000
Neuron 1963 3 0.53125000 1 1.00000000 0.00000000 0.00000000 0.00000000
Neuron 1981 3 0.57812500 1 1.00000000 0.00000000 0.00000000 0.00000000
Neuron 1984 3 0.52343750 1 1.00000000 0.00000000 0.00000000 0.00000000
Neuron 2019 3 1.00000000 1 1.00000000 0.00000000 0.00000000 0.00000000
Link 2 10 2 0 -1.48111165
Link 3 10 3 0 -0.87336639
Link 4 10 4 0 1.36228932
Link 5 10 5 0 0.71560018
Link 6 10 6 0 3.00921120
Link 7 10 7 0 0.07532398
Link 8 10 8 0 -0.70256710
Link 9 10 9 0 -1.58110512
Link 1 11 10 0 -0.94505162
Link 2 11 11 0 1.57612165
Link 3 11 12 0 0.01453480
Link 4 11 13 0 -1.49070495
Link 5 11 14 0 0.69182556
Link 6 11 15 0 -3.23576759
Link 7 11 16 0 -1.34883800
Link 8 11 17 0 -3.40666377
Link 9 11 18 0 0.71195499
Link 1 12 19 0 -3.99584291
Link 3 12 21 0 -1.66659031
Link 4 12 22 0 4.50461218
Link 5 12 23 0 1.18157192
Link 6 12 24 0 3.80395359
Link 7 12 25 0 -0.78220762
Link 9 12 27 0 1.54678048
Link 1 13 28 0 2.25365416
Link 2 13 29 0 1.57860799
Link 3 13 30 0 -3.44693913
Link 4 13 31 0 -1.78343957
Link 5 13 32 0 1.08058378
Link 6 13 33 0 -0.64052334
Link 8 13 35 0 1.85451138
Link 9 13 36 0 0.99251473
Link 1 14 37 0 3.03106899
Link 2 14 38 0 0.46822982
Link 3 14 39 0 1.29595187
Link 4 14 40 0 -3.65950934
Link 5 14 41 0 -1.80417347
Link 6 14 42 0 -2.77945812
Link 7 14 43 0 3.98387967
Link 8 14 44 0 1.17789696
Link 9 14 45 0 -1.74951211
Link 1 15 46 0 2.20229540
Link 3 15 48 0 3.01345154
Link 4 15 49 0 1.26481754
Link 5 15 50 0 1.11370954
Link 6 15 51 0 2.00274483
Link 7 15 52 0 0.29518742
Link 8 15 53 0 2.31238577
Link 9 15 54 0 -4.21299801
Link 1 16 55 0 2.23138636
Link 2 16 56 0 -0.97728787
Link 3 16 57 0 3.20521670
Link 4 16 58 0 2.15188729
Link 5 16 59 0 -0.03584052
Link 6 16 60 0 -1.13448789
Link 7 16 61 0 2.29024791
Link 8 16 62 0 0.65084396
Link 9 16 63 0 0.40711414
Link 17 16 66 0 -0.26628787
Link 7 18 68 0 -0.83160865
Link 18 15 69 0 0.35280920
Link 3 19 71 0 -0.07391819
Link 19 15 72 0 1.35440774
Link 6 20 74 0 -1.22333838
Link 20 10 75 0 3.38025805
Link 6 21 77 0 -1.32081555
Link 3 22 80 0 0.63300755
Link 22 10 81 0 0.03776998
Link 7 23 83 0 -1.05828000
Link 23 14 84 0 0.98528163
Link 2 24 86 0 -0.96725252
Link 7 25 89 0 0.36878705
Link 25 11 90 0 -5.59566582
Link 3 26 92 0 2.93904904
Link 26 12 93 0 3.42783799
Link 5 27 95 0 0.51614933
Link 27 11 96 0 -0.71064093
Link 6 28 98 0 -1.51527318
Link 28 15 99 0 1.98319790
Link 5 29 101 0 0.01508294
Link 29 14 102 0 -0.21405273
Link 5 32 110 0 -1.30686172
Link 32 16 111 0 1.65366912
Link 34 13 117 0 -0.97723858
Link 1 35 119 0 -1.02941051
Link 35 10 120 0 -0.08563801
Link 5 21 122 0 -0.13982088
Link 7 36 124 0 2.09909177
Link 36 10 125 0 -1.82507742
Link 5 37 127 0 0.58319775
Link 37 12 128 0 -0.35845793
Link 6 38 131 0 4.41169345
Link 38 11 132 0 0.57573171
Link 4 39 135 0 1.00696464
Link 39 12 136 0 1.86352923
Link 2 40 138 0 -4.98786772
Link 40 16 139 0 -1.18438689
Link 8 42 146 0 2.76470857
Link 42 13 147 0 -1.12972415
Link 43 10 151 0 -2.20389125
Link 1 44 153 0 0.55743342
Link 44 11 154 0 3.66080449
Link 46 14 161 0 -1.52729127
Link 3 47 163 0 0.76081523
Link 47 14 164 0 0.14903390
Link 7 48 166 0 -0.19350667
Link 48 13 167 0 -1.95855965
Link 3 20 171 0 2.63713038
Link 4 49 173 0 0.31466016
Link 49 14 174 0 2.61734226
Link 5 50 178 0 -1.31377455
Link 7 52 186 0 1.70205752
Link 52 16 187 0 -1.56290615
Link 14 14 188 1 0.95029392
Link 6 53 190 0 1.07912085
Link 53 16 191 0 1.35233344
Link 15 15 192 1 1.52352409
Link 2 55 197 0 -0.41002759
Link 5 57 208 0 -1.40846959
Link 57 15 209 0 1.76790430
Link 8 59 215 0 2.24142167
Link 59 11 216 0 -0.41818783
Link 3 60 219 0 -0.28258337
Link 60 11 220 0 -1.10011696
Link 62 10 226 0 -0.80734414
Link 4 63 229 0 0.47683920
Link 63 10 230 0 2.04247243
Link 64 14 234 0 -0.10006709
Link 5 65 236 0 0.25300506
Link 8 25 240 0 0.64313543
Link 2 66 247 0 -1.35189425
Link 66 15 248 0 0.75595849
Link 8 67 250 0 0.45812336
Link 67 12 251 0 -3.90735140
Link 6 69 262 0 -0.85446037
Link 69 14 263 0 0.86993375
Link 2 70 267 0 2.90281015
Link 3 23 273 0 1.07943556
Link 3 71 280 0 1.74782082
Link 44 73 288 0 -1.67788875
Link 73 11 289 0 3.42940634
Link 6 74 295 0 0.57382359
Link 13 13 298 1 -0.49706579
Link 11 11 308 1 -1.26250445
Link 8 49 310 0 0.17518305
Link 50 76 318 0 -0.06277615
Link 76 10 319 0 1.07043579
Link 7 77 321 0 2.29549365
Link 5 42 327 0 -1.51961092
Link 2 78 334 0 -1.75291768
Link 78 66 335 0 -3.44465091
Link 2 79 341 0 -1.15471794
Link 79 13 342 0 -2.97785479
Link 32 80 347 0 -0.41721636
Link 80 16 348 0 -0.00458835
Link 8 81 351 0 0.66547108
Link 81 16 352 0 1.28630247
Link 9 20 383 0 0.21528301
Link 5 86 394 0 0.90346641
Link 86 32 395 0 -2.53262989
Link 55 88 411 0 1.49303560
Link 88 12 412 0 1.22523764
Link 4 32 415 0 0.89721426
Link 49 10 431 0 -4.01939666
Link 71 92 435 0 0.18202521
Link 9 49 451 0 0.35560997
Link 12 66 468 1 0.09361415
Link 66 94 482 0 -1.13559354
Link 94 15 483 0 4.24730313
Link 29 10 504 0 -2.07114302
Link 100 11 535 0 2.74928751
Link 42 106 614 0 -0.14411993
Link 106 13 615 0 0.58387520
Link 48 12 653 0 0.41867957
Link 40 40 673 1 -0.70132851
Link 20 20 682 1 0.79749797
Link 6 113 693 0 -0.20322435
Link 113 20 694 0 -0.56366314
Link 40 114 696 0 -1.13944892
Link 114 16 697 0 -0.92826623
Link 1 116 707 0 -1.78249428
Link 116 31 708 0 0.45905330
Link 117 10 711 1 -3.55226460
Link 4 118 719 0 1.12189143
Link 118 49 720 0 -1.43704080
Link 2 120 730 0 -0.38928185
Link 2 121 736 0 2.74085065
Link 121 40 737 0 0.52359214
Link 15 125 784 1 -0.42478197
Link 125 49 785 1 -0.63508817
Link 67 128 813 0 2.10379596
Link 128 12 814 0 -2.31766436
Link 13 24 869 1 1.56404351
Link 8 136 878 0 0.58486918
Link 6 139 900 0 0.91538115
Link 139 53 901 0 1.09367235
Link 143 74 953 0 0.91062598
Link 50 11 965 0 0.30070587
Link 148 12 1000 0 -2.20031703
Link 3 149 1007 0 -1.21506586
Link 149 20 1008 0 -0.18422546
Link 5 150 1017 0 2.23544276
Link 150 50 1018 0 -2.82585265
Link 21 21 1032 1 -0.74316029
Link 6 152 1043 0 0.94346485
Link 152 38 1044 0 -1.64680749
Link 52 154 1057 0 -0.78246152
Link 154 16 1058 0 -0.27516235
Link 70 156 1069 0 -0.03831814
Link 156 11 1070 0 -0.04582187
Link 15 38 1076 1 0.54791496
Link 7 158 1099 0 -2.97714495
Link 12 70 1103 1 0.61889578
Link 70 70 1121 1 0.98399410
Link 3 163 1133 0 1.32681674
Link 163 17 1134 0 -2.22816221
Link 65 165 1141 0 -0.31737039
Link 165 13 1142 0 1.73232356
Link 22 166 1147 0 -0.73978726
Link 49 169 1164 0 -2.43668966
Link 169 14 1165 0 0.96656666
Link 20 29 1198 0 -1.50320962
Link 62 174 1205 0 2.92771217
Link 174 10 1206 0 0.97896887
Link 49 178 1232 0 -0.80072771
Link 178 169 1233 0 0.44677822
Link 53 185 1293 0 1.73644291
Link 185 16 1294 0 0.63917377
Link 186 10 1302 0 -0.88755188
Link 9 69 1317 0 -1.23126966
Link 8 48 1353 0 3.53448261
Link 60 14 1361 0 -0.22951113
Link 5 191 1368 0 -0.79129830
Link 191 65 1369 0 3.87490122
Link 4 125 1371 0 -0.91375694
Link 49 49 1374 1 1.94946958
Link 5 195 1392 0 1.81592721
Link 195 37 1393 0 -0.25247863
Link 21 197 1410 0 -2.43961184
Link 197 13 1411 0 1.72764144
Link 8 199 1417 0 -1.23668992
Link 199 59 1418 0 -2.39516245
Link 77 201 1438 0 -0.32681523
Link 48 14 1468 0 -0.50600097
Link 19 20 1519 0 0.68494987
Link 55 213 1524 0 -0.21664373
Link 213 88 1525 0 -0.98233705
Link 21 94 1535 0 0.99037412
Link 5 125 1536 0 -1.51164248
Link 92 218 1559 0 1.64279268
Link 218 60 1560 0 1.04003955
Link 23 20 1574 0 1.09537153
Link 48 10 1576 0 1.07119980
Link 32 50 1584 0 0.95422592
Link 40 25 1597 0 -1.37897047
Link 21 16 1645 0 -2.00571375
Link 229 53 1650 0 1.62900443
Link 230 17 1662 1 2.43918246
Link 31 234 1682 0 1.20863927
Link 234 66 1683 0 -0.69575466
Link 2 236 1692 0 -0.95023114
Link 236 55 1693 0 0.65422413
Link 31 230 1697 0 -3.45691522
Link 37 238 1717 0 0.48653563
Link 238 12 1718 0 -0.39893052
Link 8 239 1722 0 1.38442212
Link 239 42 1723 0 -0.04642835
Link 13 242 1739 1 -3.78601785
Link 16 248 1791 1 -1.21067392
Link 3 250 1804 0 0.00285107
Link 250 34 1805 0 -0.61899081
Link 3 253 1844 0 -4.68911231
Link 253 26 1845 0 -4.66929363
Link 31 94 1853 0 -0.35211418
Link 31 256 1855 0 -4.09587747
Link 256 234 1856 0 1.31802088
Link 24 258 1870 0 -2.39430162
Link 258 14 1871 0 1.76702826
Link 8 260 1885 0 0.00577094
Link 197 263 1904 0 1.90597771
Link 263 13 1905 0 1.93223522
Link 10 49 1915 1 3.69618319
Link 9 34 1931 0 3.30375536
Link 273 62 1977 0 -1.11930525
Link 186 19 1991 1 1.86617797
Link 4 291 2096 0 -1.56405545
Link 291 125 2097 0 -1.99301795
Link 116 116 2158 1 -1.22696297
Link 23 34 2159 0 1.10609480
Link 169 301 2178 1 -0.89813566
Link 301 34 2179 1 0.60747462
Link 55 169 2276 0 1.07476086
Link 66 318 2282 0 -0.06514176
Link 14 59 2285 1 0.46841556
Link 5 34 2309 0 0.57904041
Link 6 329 2345 0 -0.34174365
Link 329 12 2346 0 1.81091091
Link 169 331 2357 0 -4.30463969
Link 12 334 2379 1 3.65191884
Link 334 70 2380 1 3.41592739
Link 5 339 2417 0 2.24666793
Link 339 125 2418 0 0.60188046
Link 8 340 2426 0 -1.11677942
Link 65 35 2457 0 -1.62150636
Link 31 197 2472 0 -0.28360814
Link 4 301 2479 0 1.61296037
Link 24 20 2502 0 -1.86860167
Link 10 48 2507 1 -3.05560908
Link 186 351 2528 1 1.85938987
Link 69 57 2579 0 0.50097115
Link 69 15 2602 0 -1.72063751
Link 60 69 2640 0 0.64008201
Link 59 371 2649 1 -2.49014556
Link 371 59 2650 1 -0.63992766
Link 156 375 2674 0 2.78886584
Link 375 11 2675 0 0.10696084
Link 377 24 2692 0 0.50209682
Link 186 62 2707 1 -1.96541530
Link 14 40 2741 1 -2.28694537
Link 26 387 2746 0 -1.24167717
Link 387 12 2747 0 3.43961671
Link 329 389 2761 0 2.31352920
Link 393 169 2788 0 -1.97311574
Link 59 65 2802 0 1.83188976
Link 169 397 2809 1 -2.82808773
Link 397 301 2810 1 -1.60420158
Link 70 398 2813 0 -1.84222685
Link 398 24 2814 0 0.70831955
Link 21 399 2835 0 -3.01304367
Link 399 197 2836 0 -2.78967866
Link 31 402 2860 0 1.68097027
Link 4 403 2865 0 -0.89506781
Link 403 301 2866 0 -0.47269854
Link 113 410 2893 0 2.51512107
Link 410 20 2894 0 -3.93479169
Link 412 81 2909 0 -1.35553357
Link 1 230 2916 0 -1.81898108
Link 11 415 2924 1 -0.18297678
Link 415 62 2925 1 1.23532914
Link 76 419 2955 0 -1.99908935
Link 419 10 2956 0 2.86727756
Link 60 420 2964 0 -2.60186306
Link 420 100 2965 0 -1.00143676
Link 50 422 2975 0 3.45571696
Link 422 11 2976 0 2.50522871
Link 389 424 2993 0 -1.73582979
Link 424 12 2994 0 -0.67567990
Link 5 431 3049 0 2.39382152
Link 431 59 3050 0 -1.41666978
Link 34 398 3056 0 1.97189547
Link 8 435 3090 0 -1.29774460
Link 435 53 3091 0 -1.25715450
Link 11 55 3092 1 3.04355388
Link 351 437 3102 1 2.26374466
Link 437 19 3103 1 -1.02414114
Link 1 258 3114 0 -0.65990531
Link 13 439 3123 1 2.86556996
Link 439 49 3124 1 -2.30475391
Link 1 441 3132 0 0.52794476
Link 441 66 3133 0 2.39968572
Link 329 23 3138 0 0.82229634
Link 3 445 3157 0 0.53421021
Link 445 229 3158 0 -0.04905726
Link 398 447 3165 0 -0.27876371
Link 447 24 3166 0 0.07058934
Link 6 450 3191 0 -0.13078581
Link 450 16 3192 0 3.94802424
Link 13 46 3201 1 -1.75305059
Link 4 34 3221 0 -3.52283768
Link 19 81 3236 0 1.17330781
Link 117 329 3259 1 4.39171375
Link 364 463 3264 1 -3.40887520
Link 463 35 3265 1 1.80828094
Link 7 156 3270 0 -2.99253196
Link 318 465 3282 0 0.74525043
Link 465 186 3283 0 -0.21842271
Link 242 466 3285 1 -3.35253788
Link 466 13 3286 1 3.93519814
Link 318 69 3302 1 -0.79486617
Link 6 471 3312 0 -0.05813314
Link 471 113 3313 0 1.14430669
Link 6 48 3329 0 -4.85139001
Link 26 49 3363 0 -2.40231585
Link 29 38 3369 0 3.36263903
Link 1 485 3434 0 0.02096469
Link 485 364 3435 0 -1.23623307
Link 88 486 3441 0 -0.98809558
Link 486 12 3442 0 -2.99505402
Link 487 393 3454 0 0.98834729
Link 14 23 3460 1 -2.03920274
Link 242 230 3469 1 -1.08676069
Link 25 489 3471 0 -0.37046117
Link 29 490 3478 0 1.13682578
Link 490 46 3479 0 1.93168305
Link 69 12 3497 0 -0.10562291
Link 52 125 3499 0 1.91179074
Link 52 69 3531 0 -2.41011913
Link 26 20 3552 0 -0.66619046
Link 393 502 3557 0 -4.47072371
Link 11 504 3575 1 2.27095631
Link 504 55 3576 1 -0.77353509
Link 48 62 3583 0 -0.14159867
Link 4 507 3592 0 0.92507785
Link 507 23 3593 0 -0.78212874
Link 509 117 3610 1 3.03371532
Link 2 512 3640 0 -0.81062890
Link 512 10 3641 0 2.24891422
Link 42 88 3642 0 -0.17549349
Link 5 516 3661 0 0.39871009
Link 516 21 3662 0 0.74093107
Link 11 517 3665 1 0.59163920
Link 517 230 3666 1 1.30547497
Link 201 10 3683 0 1.79668543
Link 2 136 3684 0 -5.01380265
Link 6 522 3694 0 0.33347387
Link 522 143 3695 0 -0.62016251
Link 100 523 3700 1 1.66138989
Link 523 48 3701 1 3.09888581
Link 524 34 3709 1 -2.45104766
Link 528 64 3737 0 -1.26032831
Link 530 94 3751 0 0.40373268
Link 230 94 3766 0 0.63778166
Link 18 48 3814 0 1.20721832
Link 431 31 3826 0 -0.81415657
Link 2 539 3833 0 1.13339117
Link 539 12 3834 0 2.37051996
Link 52 540 3839 0 -0.80388836
Link 540 69 3840 0 -0.79218028
Link 1 546 3864 0 0.59638293
Link 546 258 3865 0 -1.48053581
Link 76 12 3887 0 -0.50211351
Link 25 74 3895 0 -3.52148228
Link 2 553 3901 0 0.75712149
Link 553 530 3902 0 0.74809907
Link 66 301 3910 0 1.06198139
Link 14 18 3959 1 0.04948164
Link 466 14 3995 0 3.02957022
Link 263 567 3997 0 -1.12720510
Link 567 13 3998 0 0.59267190
Link 71 100 4044 0 -1.05096433
Link 18 575 4049 0 -0.36463582
Link 575 48 4050 0 1.62497093
Link 55 576 4052 0 -2.54641243
Link 576 169 4053 0 0.22287571
Link 24 42 4104 0 -1.05365773
Link 230 586 4113 1 -0.13436683
Link 586 364 4114 1 -1.94328906
Link 14 590 4157 1 1.76964694
Link 590 18 4158 1 -0.14486579
Link 13 393 4184 1 -0.24561938
Link 2 595 4205 0 -2.34807212
Link 595 62 4206 0 -0.94123467
Link 301 23 4223 1 -1.36339419
Link 318 13 4235 0 -0.44740855
Link 34 76 4237 0 -2.98556472
Link 3 598 4240 0 -4.41703999
Link 598 250 4241 0 -0.42716343
Link 5 393 4258 0 2.75753442
Link 76 18 4259 1 -0.10953553
Link 463 600 4274 1 1.62907966
Link 600 35 4275 1 2.69299979
Link 601 49 4280 1 -1.13752119
Link 14 507 4281 1 -0.94489237
Link 66 602 4283 0 -2.55733932
Link 602 301 4284 0 -1.50369795
Link 81 273 4290 1 1.39603646
Link 4 603 4293 0 0.01543010
Link 603 507 4294 0 1.53704862
Link 113 169 4301 0 -0.47976629
Link 74 607 4325 0 1.00000000
Link 607 148 4326 0 -1.16008218
Link 32 69 4358 0 3.44895523
Link 487 612 4360 0 -0.69981775
Link 612 393 4361 0 -0.97783351
Link 253 602 4428 0 -0.90082285
Link 487 621 4432 0 0.25635936
Link 621 612 4433 0 3.03087668
Link 16 507 4451 1 -1.01486423
Link 507 623 4453 0 0.72043573
Link 623 23 4454 0 -1.00436153
Link 340 625 4464 0 0.06440358
Link 625 43 4465 0 2.05754168
Link 15 253 4466 1 -0.77925873
Link 60 169 4519 0 1.16887917
Link 250 88 4526 0 0.03289166
Link 635 11 4547 0 1.79802808
Link 65 253 4548 1 4.16189170
Link 48 424 4551 0 2.61499779
Link 158 637 4558 0 1.62518045
Link 637 18 4559 0 3.86429037
Link 76 158 4582 1 3.02967209
Link 15 642 4594 1 -3.46753518
Link 642 15 4595 1 -1.14438353
Link 645 18 4616 1 0.02698840
Link 3 507 4629 0 -1.98632641
Link 42 24 4670 0 -2.62804866
Link 651 49 4680 1 2.87702001
Link 439 598 4682 1 -0.13692471
Link 487 250 4689 0 0.91306584
Link 7 652 4693 0 -1.94526712
Link 158 654 4708 0 0.74067549
Link 654 637 4709 0 1.80645923
Link 76 258 4748 0 1.61911294
Link 301 658 4760 1 1.80487726
Link 658 23 4761 1 1.99941844
Link 331 659 4763 0 -0.75175464
Link 659 14 4764 0 -0.43925358
Link 14 662 4795 1 -0.47461780
Link 662 23 4796 1 -4.79389319
Link 15 31 4809 1 -0.21724761
Link 34 654 4818 1 -3.12423200
Link 602 669 4839 0 -2.18708233
Link 69 439 4856 0 1.88937505
Link 169 677 4924 0 0.85174355
Link 677 331 4925 0 2.48944498
Link 116 234 4931 0 -0.76285904
Link 23 602 4982 0 -0.67344663
Link 530 688 5015 0 1.00535876
Link 688 94 5016 0 0.68374892
Link 94 504 5017 0 2.30096059
Link 23 65 5052 0 -2.25472093
Link 507 331 5070 0 1.29188008
Link 29 117 5106 0 -2.16673011
Link 4 701 5115 0 -2.16771780
Link 701 403 5116 0 1.32601320
Link 1 250 5128 0 -0.95185491
Link 318 50 5129 1 -1.02408586
Link 5 703 5132 0 3.20028750
Link 703 12 5133 0 -0.81088453
Link 507 707 5159 0 0.27696752
Link 707 403 5160 0 -0.20340705
Link 507 13 5195 0 0.14925099
Link 3 64 5206 0 -0.78387463
Link 165 714 5211 0 1.17130226
Link 714 13 5212 0 -0.56312093
Link 5 487 5224 0 -1.21176511
Link 301 28 5232 1 0.04759095
Link 42 76 5247 0 2.59206976
Link 250 250 5266 1 0.63042304
Link 253 720 5268 0 4.45037850
Link 720 602 5269 0 -6.87395403
Link 49 106 5276 0 -1.42938972
Link 62 419 5280 0 -2.48980898
Link 23 10 5293 0 -1.72933322
Link 301 331 5303 0 -1.00572807
Link 253 52 5314 0 -1.89249742
Link 113 88 5321 0 -0.68579464
Link 2 728 5331 0 -1.34081148
Link 728 55 5332 0 -4.70251378
Link 331 729 5343 1 1.88078161
Link 487 398 5367 0 -1.48779629
Link 2 732 5373 0 2.03065996
Link 732 487 5374 0 -0.80707610
Link 7 439 5380 0 3.13500935
Link 29 125 5407 0 3.81430893
Link 42 736 5413 0 -1.18924469
Link 736 106 5414 0 1.76984003
Link 447 739 5453 0 -0.73228206
Link 739 24 5454 0 -1.36827056
Link 8 398 5461 0 -2.63384862
Link 76 742 5477 0 3.60361689
Link 364 398 5490 1 -5.01695597
Link 74 747 5511 0 2.56398822
Link 747 24 5512 0 -2.41420129
Link 654 751 5538 0 1.31435579
Link 751 637 5539 0 0.30516658
Link 88 20 5563 1 3.10692660
Link 419 756 5569 0 -1.88563668
Link 756 10 5570 0 -2.40358003
Link 757 273 5580 0 -1.41598827
Link 76 760 5592 1 0.36809207
Link 125 201 5622 0 -1.35334148
Link 48 318 5631 0 1.15420285
Link 195 50 5657 0 -1.76467749
Link 48 769 5685 0 0.15997775
Link 769 10 5686 0 2.40033245
Link 69 770 5693 0 -2.08190116
Link 770 57 5694 0 2.99960603
Link 652 773 5722 0 0.50860254
Link 773 158 5723 0 0.88979281
Link 149 169 5738 0 -2.01374802
Link 502 780 5797 0 -0.61000170
Link 780 169 5798 0 -2.12872916
Link 59 331 5854 0 3.93521210
Link 1 792 5863 0 -1.29264300
Link 792 10 5864 0 0.96766010
Link 602 23 5880 1 1.65808532
Link 6 807 5961 0 -0.63144317
Link 807 471 5962 0 0.10310499
Link 808 576 5965 0 -0.04168493
Link 489 809 5972 0 -0.48872280
Link 809 12 5973 0 0.03009748
Link 420 419 5984 0 -0.82536381
Link 654 654 6007 1 1.64350906
Link 55 813 6016 0 0.60470013
Link 813 331 6017 0 3.09586314
Link 37 26 6019 0 1.08283293
Link 658 814 6025 1 -2.64660689
Link 814 23 6026 1 2.23427461
Link 69 398 6040 0 -2.08545973
Link 113 817 6048 0 -0.97311928
Link 817 410 6049 0 2.77848841
Link 23 88 6052 0 0.14029279
Link 530 258 6068 0 -2.07005474
Link 50 121 6086 1 -0.59390206
Link 38 106 6121 0 1.61677111
Link 826 16 6132 1 -1.24951971
Link 154 831 6168 0 -0.75640067
Link 831 16 6169 0 1.33687538
Link 169 60 6171 1 1.85090774
Link 106 838 6210 0 -0.77310363
Link 339 839 6213 0 0.54763408
Link 839 125 6214 0 -3.07833992
Link 49 840 6222 1 -0.49906976
Link 840 651 6223 1 -1.17362076
Link 846 169 6271 0 0.83422610
Link 260 847 6273 0 3.12983018
Link 847 49 6274 0 -0.60924853
Link 602 869 6439 1 0.01753575
Link 869 23 6440 1 -3.01146843
Link 39 502 6449 0 4.19030786
Link 485 169 6453 0 -0.14411781
Link 393 677 6457 0 -4.07968315
Link 7 149 6461 0 0.18466118
Link 23 11 6477 0 -0.28234761
Link 301 874 6483 1 1.36035248
Link 874 335 6484 1 0.41288891
Link 546 331 6536 0 -3.11407822
Link 66 12 6538 0 -1.48359461
Link 185 148 6556 0 -0.52422102
Link 48 885 6589 1 0.46505782
Link 885 48 6590 1 3.57601138
Link 158 64 6608 0 1.37608680
Link 49 398 6660 0 -0.84547219
Link 894 169 6701 0 -0.27956447
Link 465 439 6706 0 -0.38995182
Link 586 40 6719 1 -0.31941370
Link 899 397 6733 1 2.45403501
Link 79 50 6743 0 0.77031970
Link 139 258 6751 0 0.62903350
Link 116 637 6826 0 -4.40552364
Link 908 528 6840 0 0.71944201
Link 70 486 6864 0 0.01508517
Link 6 914 6895 0 1.89593082
Link 914 11 6896 0 -3.07578765
Link 23 106 6936 0 -1.73449053
Link 120 921 6958 0 2.42951852
Link 921 757 6959 0 -1.79172808
Link 301 929 7027 1 2.41330878
Link 929 28 7028 1 -1.95643531
Link 29 412 7030 1 0.62543920
Link 156 339 7061 1 1.67697741
Link 59 934 7069 1 -1.33963271
Link 934 371 7070 1 0.97646963
Link 42 936 7083 0 0.38452083
Link 936 736 7084 0 -0.21779060
Link 403 937 7088 0 -1.70320191
Link 937 422 7089 0 0.50040078
Link 729 938 7095 1 1.36539091
Link 938 88 7096 1 -1.91352602
Link 229 197 7117 0 0.98036235
Link 22 78 7172 1 -1.02424277
Link 70 953 7231 1 -0.03010280
Link 953 70 7232 1 1.52049841
Link 258 88 7234 0 0.67250541
Link 938 954 7237 1 1.43631884
Link 954 88 7238 1 1.66641038
Link 3 960 7284 0 0.55121237
Link 960 23 7285 0 1.07015487
Link 1 339 7286 0 -1.38010758
Link 471 21 7289 0 1.12408289
Link 37 48 7304 0 0.11190735
Link 387 502 7319 1 0.12987652
Link 185 29 7393 1 -0.24676583
Link 52 659 7428 0 -0.55775847
Link 50 163 7449 1 -1.48792769
Link 158 156 7467 0 -1.12930801
Link 40 125 7520 0 -3.40684928
Link 809 988 7526 0 0.62928787
Link 988 12 7527 0 -2.03713841
Link 3 990 7540 0 -0.67748360
Link 990 64 7541 0 1.85667477
Link 439 992 7597 1 0.93423656
Link 992 601 7598 1 -2.22678176
Link 431 530 7600 0 -0.34468111
Link 335 993 7605 1 -3.71637085
Link 993 524 7606 1 1.51033536
Link 36 74 7616 0 -1.30905852
Link 69 389 7636 0 0.67784136
Link 195 998 7642 0 0.30705757
Link 998 37 7643 0 1.18798240
Link 139 125 7718 0 2.63706885
Link 136 1007 7735 0 -1.59935516
Link 1007 412 7736 0 -3.23460365
Link 23 1009 7753 0 -0.59344908
Link 1009 65 7754 0 -0.24197054
Link 914 46 7758 0 0.82065767
Link 253 1012 7785 0 0.79369017
Link 1012 720 7786 0 3.68423539
Link 34 371 7787 0 3.65338175
Link 57 34 7795 0 -1.43689359
Link 169 1014 7801 0 2.02123853
Link 1014 331 7802 0 -0.38035670
Link 79 25 7806 0 2.12023042
Link 236 1017 7833 0 2.79689298
Link 1017 602 7834 0 -1.64740017
Link 5 1018 7846 0 1.75231695
Link 1018 339 7847 0 0.99325577
Link 422 1022 7878 1 0.95049847
Link 1022 37 7879 1 0.65876698
Link 645 645 7909 1 -1.43703412
Link 2 1033 8010 0 0.17677876
Link 1033 40 8011 0 0.68345266
Link 701 645 8025 0 -0.13573864
Link 331 398 8040 1 3.38975936
Link 439 419 8061 0 -3.04175762
Link 387 1042 8109 1 -2.28311240
Link 116 1047 8140 0 -1.23967642
Link 1047 637 8141 0 0.58657295
Link 42 1054 8183 0 0.48978133
Link 1054 106 8184 0 1.50041773
Link 230 651 8210 1 0.54393850
Link 603 12 8244 0 1.55494764
Link 55 149 8270 1 1.22887043
Link 487 1066 8272 0 1.44627342
Link 1066 20 8273 0 -0.63557516
Link 3 1068 8285 0 1.17303495
Link 1068 20 8286 0 2.16687281
Link 364 1080 8382 1 -0.27526261
Link 1080 398 8383 1 0.47223713
Link 393 50 8437 0 -2.23548815
Link 186 113 8444 1 1.60742222
Link 654 1087 8448 1 -1.71069494
Link 1087 654 8449 1 0.91665257
Link 169 1098 8538 0 1.67811064
Link 1098 14 8539 0 1.00371208
Link 838 1103 8573 0 -1.18661233
Link 1103 13 8574 0 1.72429676
Link 55 659 8584 0 0.37533482
Link 2 652 8605 0 0.20064629
Link 47 154 8608 0 3.35206779
Link 929 27 8634 1 -0.98163095
Link 1111 808 8672 0 0.97212891
Link 586 504 8725 0 -0.19162544
Link 79 1118 8747 0 -2.33522430
Link 1118 50 8748 0 -0.08815166
Link 546 1132 8849 0 -2.88405846
Link 1132 331 8850 0 -1.20808909
Link 158 1143 8930 0 0.55368087
Link 1143 18 8931 0 -0.59840023
Link 677 654 9079 1 -2.55283891
Link 410 1165 9093 0 -0.50410351
Link 1165 20 9094 0 3.18462200
Link 487 1168 9114 0 0.23194501
Link 1168 393 9115 0 -2.51683873
Link 9 1022 9146 0 0.52857156
Link 12 739 9178 1 3.26653576
Link 48 1175 9208 0 0.73647077
Link 1175 12 9209 0 0.76454833
Link 5 489 9221 0 0.99005151
Link 8 1179 9250 0 -0.36411291
Link 1179 635 9251 0 -0.14548772
Link 21 1211 9553 0 -0.03118723
Link 1211 399 9554 0 1.27652028
Link 567 377 9581 1 1.35770522
Link 486 412 9640 1 0.37051151
Link 575 88 9655 0 2.05439740
Link 625 720 9685 0 1.46973531
Link 635 88 9696 0 -0.04513373
Link 238 838 9720 0 2.51289049
Link 707 1239 9757 0 1.51376383
Link 1239 114 9758 0 1.76997971
Link 25 1255 9869 0 1.16006316
Link 1255 489 9870 0 2.56152036
Link 39 739 9880 0 -2.18283003
Link 21 364 9955 0 0.86180425
Link 1087 291 9973 0 0.52444423
Link 178 1273 10045 0 0.58866637
Link 1273 846 10046 0 -0.48874883
Link 720 136 10047 1 0.50197129
Link 57 1280 10156 1 3.32257683
Link 1280 751 10157 1 -0.76513059
Link 636 1281 10159 1 1.18574814
Link 1281 509 10160 1 -1.00369919
Link 118 234 10161 0 1.24239313
Link 1042 1284 10183 1 -1.50252042
Link 1284 502 10184 1 2.10640458
Link 331 1304 10320 0 1.29281679
Link 1304 14 10321 0 0.20536847
Link 178 466 10376 0 -0.23228806
Link 435 158 10500 0 -0.48787534
Link 154 15 10570 0 -2.67275818
Link 10 1327 10593 1 1.16103473
Link 1327 636 10594 1 -1.29436260
Link 36 415 10595 0 0.41281307
Link 742 1331 10618 0 1.67748330
Link 1331 258 10619 0 2.99163190
Link 1111 688 10641 0 -0.85468883
Link 960 847 10707 0 -0.09968414
Link 38 1343 10780 0 -1.70263146
Link 1343 106 10781 0 -2.69289280
Link 769 128 10787 0 -0.42218935
Link 29 40 10839 0 -0.33053107
Link 4 419 11040 0 4.57177174
Link 76 28 11107 1 0.80534215
Link 60 463 11160 0 0.36523723
Link 1179 22 11305 0 -0.14756514
Link 960 26 11351 0 0.70356912
Link 623 12 11380 0 -2.22821021
Link 658 466 11484 0 -0.71088399
Link 156 234 11647 1 1.44456762
Link 669 1435 11664 0 0.87808417
Link 1435 301 11665 0 0.47122236
Link 8 742 11679 0 -1.14545415
Link 158 1239 11718 0 0.42796778
Link 34 1443 11736 0 0.48097199
Link 1443 371 11737 0 -2.77795852
Link 502 12 11775 0 -0.39304640
Link 31 399 11823 0 4.37656724
Link 410 335 11843 0 2.50528374
Link 34 489 11972 0 2.86736616
Link 331 419 11997 0 3.73202552
Link 49 238 12041 0 -2.02844225
Link 260 63 12208 0 -2.04814482
Link 149 1488 12214 0 1.01820528
Link 1488 894 12215 0 -2.07566242
Link 199 371 12371 0 -0.25233031
Link 169 1528 12655 1 0.52344962
Link 1528 899 12656 1 0.51126612
Link 248 1532 12683 1 1.07464000
Link 1532 826 12684 1 1.62243352
Link 291 720 12717 0 -0.88643709
Link 450 688 12724 0 0.78536814
Link 485 88 12902 0 -2.07463891
Link 55 86 12945 1 -1.21251973
Link 487 1284 12965 0 1.72205177
Link 166 1558 12992 0 2.92634112
Link 1558 10 12993 0 2.25022461
Link 1 773 13010 0 -3.05633934
Link 2 1571 13137 0 0.41582705
Link 1571 377 13138 0 0.58916146
Link 49 1618 13521 1 2.46035451
Link 1618 651 13522 1 4.84576812
Link 32 831 13683 0 2.26440829
Link 471 757 13880 0 -1.29003356
Link 121 934 13945 0 -5.13132622
Link 760 1677 14087 1 1.24032734
Link 1677 645 14088 1 0.24163536
Link 57 1690 14206 0 0.38904974
Link 1690 586 14207 0 0.96559431
Link 178 953 14227 1 0.60141438
Link 40 1699 14297 0 0.98941564
Link 1699 929 14298 0 -0.68847414
Link 35 1708 14397 0 0.57413985
Link 1708 65 14398 0 0.21917747
Link 76 1710 14423 1 1.50466295
Link 1710 645 14424 1 -0.27471575
Link 38 1722 14511 0 1.79548509
Link 1722 1450 14512 0 -3.54366263
Link 38 28 14668 0 5.48189454
Link 402 1745 14730 0 1.30786669
Link 1745 230 14731 0 -0.38309928
Link 65 528 14773 0 2.47769554
Link 992 12 14873 0 0.58523441
Link 415 44 14943 1 -0.93630821
Link 960 720 15023 0 -1.05233818
Link 256 94 15501 0 4.29759024
Link 707 586 15514 0 -2.79886990
Link 651 415 15718 0 1.65609748
Link 1098 642 15790 0 -2.72755127
Link 340 128 15861 0 1.66341755
Link 7 291 15885 0 -0.28061860
Link 757 64 16173 0 0.56220625
Link 1118 49 16200 0 0.50943639
Link 516 1118 16224 0 -1.16043739
Link 234 953 16255 0 2.50750366
Link 3 435 16369 0 1.16810591
Link 846 174 16389 0 0.23709871
Link 377 1956 16854 0 1.43295556
Link 23 1963 16907 0 1.53347298
Link 1963 908 16908 0 1.94886754
Link 1956 1981 17079 0 0.71251090
Link 1981 846 17080 0 0.33658612
Link 1450 1984 17108 0 0.99584068
Link 1984 1111 17109 0 -0.91470377
Link 15 921 17215 1 -1.66453782
Link 17 64 17391 0 0.84127087
Link 463 185 17413 0 -0.45401877
Link 136 335 17427 0 0.79411942
Link 248 2019 17530 1 0.94942905
Link 2019 16 17531 1 -1.40565750
Link 250 80 17588 0 -2.20768059
Link 66 637 17638 1 3.61789333
Link 1708 1745 17699 0 -1.08352324
Link 1111 375 17969 0 3.67666940
Link 652 847 18156 0 1.43454920
GenomeEnd

