GenomeStart 84334
Neuron 1 1 0.00000000 1 0.00000000 0.00000000 0.00000000 0.00000000
Neuron 2 1 0.00000000 1 0.00000000 0.00000000 0.00000000 0.00000000
Neuron 3 1 0.00000000 1 0.00000000 0.00000000 0.00000000 0.00000000
Neuron 4 1 0.00000000 1 0.00000000 0.00000000 0.00000000 0.00000000
Neuron 5 1 0.00000000 1 0.00000000 0.00000000 0.00000000 0.00000000
Neuron 6 1 0.00000000 1 0.00000000 0.00000000 0.00000000 0.00000000
Neuron 7 1 0.00000000 1 0.00000000 0.00000000 0.00000000 0.00000000
Neuron 8 1 0.00000000 1 0.00000000 0.00000000 0.00000000 0.00000000
Neuron 9 2 0.00000000 1 0.00000000 0.00000000 0.00000000 0.00000000
Neuron 10 4 1.00000000 0 1.00000000 0.00000000 0.00000000 0.00000000
Neuron 11 4 1.00000000 0 1.00000000 0.00000000 0.00000000 0.00000000
Neuron 12 4 1.00000000 0 1.00000000 0.00000000 0.00000000 0.00000000
Neuron 13 4 1.00000000 0 1.00000000 0.00000000 0.00000000 0.00000000
Neuron 14 4 1.00000000 0 1.00000000 0.00000000 0.00000000 0.00000000
Neuron 15 4 1.00000000 0 1.00000000 0.00000000 0.00000000 0.00000000
Neuron 16 4 1.00000000 0 1.00000000 0.00000000 0.00000000 0.00000000
Neuron 18 3 0.50000000 1 1.00000000 0.00000000 0.00000000 0.00000000
Neuron 20 3 0.50000000 1 1.00000000 0.00000000 0.00000000 0.00000000
Neuron 23 3 0.50000000 1 1.00000000 0.00000000 0.00000000 0.00000000
Neuron 24 3 0.50000000 1 1.00000000 0.00000000 0.00000000 0.00000000
Neuron 25 3 0.50000000 1 1.00000000 0.00000000 0.00000000 0.00000000
Neuron 26 3 0.50000000 1 1.00000000 0.00000000 0.00000000 0.00000000
Neuron 28 3 0.50000000 1 1.00000000 0.00000000 0.00000000 0.00000000
Neuron 30 3 0.50000000 1 1.00000000 0.00000000 0.00000000 0.00000000
Neuron 31 3 0.50000000 1 1.00000000 0.00000000 0.00000000 0.00000000
Neuron 32 3 0.50000000 1 1.00000000 0.00000000 0.00000000 0.00000000
Neuron 33 3 0.50000000 1 1.00000000 0.00000000 0.00000000 0.00000000
Neuron 34 3 0.50000000 1 1.00000000 0.00000000 0.00000000 0.00000000
Neuron 40 3 0.50000000 1 1.00000000 0.00000000 0.00000000 0.00000000
Neuron 42 3 0.50000000 1 1.00000000 0.00000000 0.00000000 0.00000000
Neuron 45 3 0.50000000 1 1.00000000 0.00000000 0.00000000 0.00000000
Neuron 47 3 0.50000000 1 1.00000000 0.00000000 0.00000000 0.00000000
Neuron 48 3 0.50000000 1 1.00000000 0.00000000 0.00000000 0.00000000
Neuron 49 3 0.50000000 1 1.00000000 0.00000000 0.00000000 0.00000000
Neuron 50 3 0.50000000 1 1.00000000 0.00000000 0.00000000 0.00000000
Neuron 51 3 0.50000000 1 1.00000000 0.00000000 0.00000000 0.00000000
Neuron 52 3 0.50000000 1 1.00000000 0.00000000 0.00000000 0.00000000
Neuron 55 3 0.50000000 1 1.00000000 0.00000000 0.00000000 0.00000000
Neuron 58 3 0.75000000 1 1.00000000 0.00000000 0.00000000 0.00000000
Neuron 61 3 0.50000000 1 1.00000000 0.00000000 0.00000000 0.00000000
Neuron 66 3 0.50000000 1 1.00000000 0.00000000 0.00000000 0.00000000
Neuron 69 3 0.50000000 1 1.00000000 0.00000000 0.00000000 0.00000000
Neuron 70 3 0.50000000 1 1.00000000 0.00000000 0.00000000 0.00000000
Neuron 72 3 0.75000000 1 1.00000000 0.00000000 0.00000000 0.00000000
Neuron 74 3 0.50000000 1 1.00000000 0.00000000 0.00000000 0.00000000
Neuron 76 3 0.75000000 1 1.00000000 0.00000000 0.00000000 0.00000000
Neuron 79 3 0.50000000 1 1.00000000 0.00000000 0.00000000 0.00000000
Neuron 80 3 0.75000000 1 1.00000000 0.00000000 0.00000000 0.00000000
Neuron 81 3 0.50000000 1 1.00000000 0.00000000 0.00000000 0.00000000
Neuron 86 3 0.25000000 1 1.00000000 0.00000000 0.00000000 0.00000000
Neuron 88 3 0.75000000 1 1.00000000 0.00000000 0.00000000 0.00000000
Neuron 106 3 0.75000000 1 1.00000000 0.00000000 0.00000000 0.00000000
Neuron 109 3 0.25000000 1 1.00000000 0.00000000 0.00000000 0.00000000
Neuron 113 3 0.25000000 1 1.00000000 0.00000000 0.00000000 0.00000000
Neuron 115 3 0.75000000 1 1.00000000 0.00000000 0.00000000 0.00000000
Neuron 121 3 0.25000000 1 1.00000000 0.00000000 0.00000000 0.00000000
Neuron 125 3 0.75000000 1 1.00000000 0.00000000 0.00000000 0.00000000
Neuron 135 3 0.75000000 1 1.00000000 0.00000000 0.00000000 0.00000000
Neuron 149 3 0.25000000 1 1.00000000 0.00000000 0.00000000 0.00000000
Neuron 154 3 0.75000000 1 1.00000000 0.00000000 0.00000000 0.00000000
Neuron 156 3 0.75000000 1 1.00000000 0.00000000 0.00000000 0.00000000
Neuron 169 3 0.75000000 1 1.00000000 0.00000000 0.00000000 0.00000000
Neuron 236 3 0.25000000 1 1.00000000 0.00000000 0.00000000 0.00000000
Neuron 250 3 0.25000000 1 1.00000000 0.00000000 0.00000000 0.00000000
Neuron 253 3 0.25000000 1 1.00000000 0.00000000 0.00000000 0.00000000
Neuron 258 3 0.75000000 1 1.00000000 0.00000000 0.00000000 0.00000000
Neuron 301 3 0.62500000 1 1.00000000 0.00000000 0.00000000 0.00000000
Neuron 331 3 0.87500000 1 1.00000000 0.00000000 0.00000000 0.00000000
Neuron 339 3 0.37500000 1 1.00000000 0.00000000 0.00000000 0.00000000
Neuron 354 3 0.62500000 1 1.00000000 0.00000000 0.00000000 0.00000000
Neuron 355 3 0.62500000 1 1.00000000 0.00000000 0.00000000 0.00000000
Neuron 387 3 0.75000000 1 1.00000000 0.00000000 0.00000000 0.00000000
Neuron 393 3 0.37500000 1 1.00000000 0.00000000 0.00000000 0.00000000
Neuron 397 3 0.68750000 1 1.00000000 0.00000000 0.00000000 0.00000000
Neuron 398 3 0.50000000 1 1.00000000 0.00000000 0.00000000 0.00000000
Neuron 403 3 0.31250000 1 1.00000000 0.00000000 0.00000000 0.00000000
Neuron 422 3 0.75000000 1 1.00000000 0.00000000 0.00000000 0.00000000
Neuron 436 3 0.50000000 1 1.00000000 0.00000000 0.00000000 0.00000000
Neuron 439 3 0.75000000 1 1.00000000 0.00000000 0.00000000 0.00000000
Neuron 447 3 0.50000000 1 1.00000000 0.00000000 0.00000000 0.00000000
Neuron 486 3 0.87500000 1 1.00000000 0.00000000 0.00000000 0.00000000
Neuron 487 3 0.18750000 1 1.00000000 0.00000000 0.00000000 0.00000000
Neuron 502 3 0.56250000 1 1.00000000 0.00000000 0.00000000 0.00000000
Neuron 504 3 0.75000000 1 1.00000000 0.00000000 0.00000000 0.00000000
Neuron 507 3 0.25000000 1 1.00000000 0.00000000 0.00000000 0.00000000
Neuron 526 3 0.50000000 1 1.00000000 0.00000000 0.00000000 0.00000000
Neuron 540 3 0.50000000 1 1.00000000 0.00000000 0.00000000 0.00000000
Neuron 541 3 0.12500000 1 1.00000000 0.00000000 0.00000000 0.00000000
Neuron 598 3 0.12500000 1 1.00000000 0.00000000 0.00000000 0.00000000
Neuron 612 3 0.28125000 1 1.00000000 0.00000000 0.00000000 0.00000000
Neuron 621 3 0.23437500 1 1.00000000 0.00000000 0.00000000 0.00000000
Neuron 622 3 0.50000000 1 1.00000000 0.00000000 0.00000000 0.00000000
Neuron 623 3 0.37500000 1 1.00000000 0.00000000 0.00000000 0.00000000
Neuron 646 3 0.87500000 1 1.00000000 0.00000000 0.00000000 0.00000000
Neuron 657 3 0.18750000 1 1.00000000 0.00000000 0.00000000 0.00000000
Neuron 687 3 0.81250000 1 1.00000000 0.00000000 0.00000000 0.00000000
Neuron 704 3 0.18750000 1 1.00000000 0.00000000 0.00000000 0.00000000
Neuron 707 3 0.28125000 1 1.00000000 0.00000000 0.00000000 0.00000000
Neuron 736 3 0.62500000 1 1.00000000 0.00000000 0.00000000 0.00000000
Neuron 753 3 0.25000000 1 1.00000000 0.00000000 0.00000000 0.00000000
Neuron 769 3 0.75000000 1 1.00000000 0.00000000 0.00000000 0.00000000
Neuron 799 3 0.87500000 1 1.00000000 0.00000000 0.00000000 0.00000000
Neuron 920 3 0.43750000 1 1.00000000 0.00000000 0.00000000 0.00000000
Neuron 936 3 0.56250000 1 1.00000000 0.00000000 0.00000000 0.00000000
Neuron 983 3 0.87500000 1 1.00000000 0.00000000 0.00000000 0.00000000
Neuron 1006 3 0.78125000 1 1.00000000 0.00000000 0.00000000 0.00000000
Neuron 1019 3 0.68750000 1 1.00000000 0.00000000 0.00000000 0.00000000
Neuron 1061 3 0.81250000 1 1.00000000 0.00000000 0.00000000 0.00000000
Neuron 1154 3 0.39062500 1 1.00000000 0.00000000 0.00000000 0.00000000
Neuron 1190 3 0.37500000 1 1.00000000 0.00000000 0.00000000 0.00000000
Neuron 1204 3 0.37500000 1 1.00000000 0.00000000 0.00000000 0.00000000
Neuron 1237 3 0.87500000 1 1.00000000 0.00000000 0.00000000 0.00000000
Neuron 1241 3 0.62500000 1 1.00000000 0.00000000 0.00000000 0.00000000
Neuron 1308 3 0.12500000 1 1.00000000 0.00000000 0.00000000 0.00000000
Neuron 1425 3 0.50000000 1 1.00000000 0.00000000 0.00000000 0.00000000
Neuron 1499 3 0.46875000 1 1.00000000 0.00000000 0.00000000 0.00000000
Neuron 1551 3 0.93750000 1 1.00000000 0.00000000 0.00000000 0.00000000
Neuron 1554 3 0.45312500 1 1.00000000 0.00000000 0.00000000 0.00000000
Neuron 1588 3 0.84375000 1 1.00000000 0.00000000 0.00000000 0.00000000
Neuron 1642 3 0.90625000 1 1.00000000 0.00000000 0.00000000 0.00000000
Link 1 10 1 0 -2.83725525
Link 2 10 2 0 0.08355123
Link 4 10 4 0 0.14028830
Link 7 10 7 0 1.18425037
Link 8 10 8 0 -0.60313316
Link 9 10 9 0 0.92867865
Link 1 11 10 0 -2.70478571
Link 3 11 12 0 1.16783610
Link 4 11 13 0 4.87323230
Link 5 11 14 0 1.37129328
Link 6 11 15 0 2.80958095
Link 8 11 17 0 -1.63491805
Link 9 11 18 0 0.74088746
Link 4 12 22 0 -3.54298267
Link 5 12 23 0 -0.98045432
Link 7 12 25 0 -0.02784557
Link 8 12 26 0 0.03245059
Link 9 12 27 0 -2.13382246
Link 1 13 28 0 -1.35429878
Link 4 13 31 0 0.54202744
Link 6 13 33 0 1.83337635
Link 5 14 41 0 0.59775949
Link 8 14 44 0 -0.04019249
Link 9 14 45 0 0.98298521
Link 3 15 48 0 1.24929730
Link 5 15 50 0 2.20206179
Link 8 15 53 0 1.60726304
Link 9 15 54 0 1.24710882
Link 3 16 57 0 0.58572438
Link 6 16 60 0 -0.23549282
Link 7 18 68 0 2.01150338
Link 18 15 69 0 0.35584326
Link 23 14 84 0 2.15506771
Link 2 24 86 0 2.34558683
Link 6 28 98 0 1.32022801
Link 28 15 99 0 -1.66386153
Link 1 30 104 0 -2.67395453
Link 30 16 105 0 -0.53664341
Link 1 31 107 0 -0.59627417
Link 1 33 113 0 1.17094852
Link 33 15 114 0 -0.41553337
Link 40 16 139 0 1.81965999
Link 8 42 146 0 0.98388716
Link 4 45 157 0 0.07027613
Link 3 47 163 0 2.13353002
Link 47 14 164 0 -4.08976549
Link 48 13 167 0 1.10829054
Link 4 49 173 0 -2.50090355
Link 5 50 178 0 -0.06074892
Link 4 51 181 0 0.88200034
Link 51 15 182 0 0.24129507
Link 7 52 186 0 2.02300814
Link 25 58 211 0 -0.01377275
Link 58 11 212 0 -1.14796640
Link 1 61 222 0 -0.46035425
Link 61 14 223 0 1.10155842
Link 2 66 247 0 1.33900536
Link 66 15 248 0 -3.42924482
Link 6 69 262 0 -0.09468228
Link 69 14 263 0 1.37223596
Link 2 70 267 0 -0.71420903
Link 20 72 283 0 0.28133742
Link 72 10 284 0 -1.85686683
Link 6 74 295 0 -1.26704520
Link 74 12 296 0 -0.41119677
Link 11 11 308 1 2.43835275
Link 50 76 318 0 0.32850932
Link 76 10 319 0 3.50579301
Link 2 79 341 0 0.92259585
Link 79 13 342 0 -0.57806345
Link 32 80 347 0 -0.84182872
Link 8 81 351 0 -1.99601631
Link 81 16 352 0 -1.14459893
Link 5 86 394 0 1.93229233
Link 86 32 395 0 -3.73791298
Link 55 88 411 0 0.57251174
Link 9 49 451 0 4.90697193
Link 45 45 616 1 0.44294226
Link 7 109 632 0 1.61341438
Link 109 25 633 0 -4.92485731
Link 6 113 693 0 -1.23867972
Link 113 20 694 0 3.15267509
Link 31 115 704 0 1.02184012
Link 115 12 705 0 -0.38931631
Link 2 121 736 0 1.31160716
Link 121 40 737 0 1.91684327
Link 15 125 784 1 -0.68029345
Link 13 24 869 1 1.49013396
Link 45 135 874 0 0.85531680
Link 135 16 875 0 -0.87584499
Link 6 50 931 0 0.72379650
Link 3 149 1007 0 -1.05037485
Link 149 20 1008 0 -1.99414284
Link 52 154 1057 0 0.47549508
Link 154 16 1058 0 2.92638738
Link 156 11 1070 0 0.10505491
Link 12 70 1103 1 -2.96445336
Link 70 70 1121 1 0.25311724
Link 49 169 1164 0 1.02839147
Link 8 48 1353 0 2.72889781
Link 4 125 1371 0 3.05927878
Link 49 49 1374 1 1.39264596
Link 23 20 1574 0 0.40842595
Link 2 236 1692 0 -0.14414427
Link 236 55 1693 0 -1.36269201
Link 250 34 1805 0 -1.38737796
Link 253 26 1845 0 -1.88014763
Link 258 14 1871 0 -3.80425186
Link 10 49 1915 1 1.47612991
Link 9 34 1931 0 1.14311061
Link 125 11 2176 0 2.63197636
Link 301 34 2179 1 0.94774738
Link 125 50 2204 1 -0.83824417
Link 169 331 2357 0 -1.61651254
Link 331 14 2358 0 -1.94887520
Link 5 339 2417 0 0.95604562
Link 339 125 2418 0 2.29288171
Link 4 301 2479 0 2.68435537
Link 24 20 2502 0 1.81384088
Link 74 26 2506 0 1.16275836
Link 24 354 2543 0 -0.33547544
Link 354 258 2544 0 -2.00788573
Link 70 355 2547 0 1.00502862
Link 355 156 2548 0 -2.40689984
Link 69 15 2602 0 0.50135515
Link 26 387 2746 0 1.88811459
Link 387 12 2747 0 -0.78394229
Link 169 397 2809 1 1.05416285
Link 397 301 2810 1 -1.79069133
Link 4 403 2865 0 2.84694778
Link 403 301 2866 0 0.38157041
Link 50 422 2975 0 1.07378257
Link 34 398 3056 0 0.05120596
Link 23 436 3094 0 -0.11267893
Link 436 34 3095 0 -1.31957159
Link 1 258 3114 0 2.09035778
Link 439 49 3124 1 2.60493750
Link 398 447 3165 0 0.89429880
Link 447 24 3166 0 0.88940230
Link 4 34 3221 0 -0.23752411
Link 486 12 3442 0 0.25248992
Link 393 502 3557 0 1.48081616
Link 502 169 3558 0 -1.17582472
Link 11 504 3575 1 -0.11068823
Link 504 55 3576 1 -3.58874476
Link 40 526 3723 1 0.47891831
Link 526 40 3724 1 0.67053704
Link 18 48 3814 0 2.06807485
Link 52 540 3839 0 1.98772692
Link 540 69 3840 0 -2.08457797
Link 3 541 3842 0 -0.50150240
Link 541 253 3843 0 -2.21197356
Link 76 12 3887 0 -0.45016661
Link 66 301 3910 0 0.79161074
Link 14 18 3959 1 0.07046306
Link 13 393 4184 1 3.54454239
Link 3 598 4240 0 -0.90249804
Link 14 507 4281 1 0.19996179
Link 113 169 4301 0 -0.10570301
Link 612 393 4361 0 2.45738423
Link 487 621 4432 0 1.64293201
Link 621 612 4433 0 -1.04687587
Link 70 622 4449 0 3.75278935
Link 622 398 4450 0 0.80388823
Link 507 623 4453 0 0.72241431
Link 23 24 4513 0 1.13980491
Link 42 42 4617 1 -1.71461698
Link 13 646 4640 1 2.52282493
Link 439 598 4682 1 0.92685120
Link 598 657 4743 0 1.67379815
Link 657 250 4744 0 -3.20230176
Link 69 439 4856 0 -0.80509823
Link 20 42 4881 0 -0.13500211
Link 88 687 4997 0 3.96869684
Link 125 398 5025 1 1.66327278
Link 106 393 5119 1 1.86653803
Link 5 704 5136 0 -0.45466619
Link 704 393 5137 0 -0.49958691
Link 507 707 5159 0 1.00000000
Link 707 403 5160 0 0.34196455
Link 5 487 5224 0 -0.12183729
Link 42 76 5247 0 -1.65287535
Link 439 10 5396 0 -3.65088585
Link 736 106 5414 0 2.91449908
Link 598 507 5425 0 1.53555807
Link 156 40 5520 1 0.86891780
Link 48 769 5685 0 1.50907816
Link 769 10 5686 0 -1.50136471
Link 20 398 5822 0 -0.69058855
Link 487 34 5853 0 1.12786518
Link 80 799 5899 0 2.40515333
Link 799 16 5900 0 -3.34788617
Link 20 393 6405 1 -0.21712506
Link 5 156 6516 0 0.45161391
Link 4 598 6615 0 0.89646033
Link 80 113 6791 1 1.36314076
Link 403 258 6852 0 -2.38262532
Link 623 920 6951 0 1.61523044
Link 42 936 7083 0 0.18745000
Link 936 736 7084 0 1.41582673
Link 106 70 7296 1 -1.19134189
Link 439 983 7480 0 -0.63054561
Link 983 14 7481 0 0.61875108
Link 156 1006 7696 0 1.38851415
Link 1006 687 7697 0 1.92828679
Link 125 135 7730 0 -3.67832729
Link 2 106 7759 0 1.74193135
Link 50 1019 7851 0 -5.15148436
Link 1019 486 7852 0 -4.30240747
Link 50 30 7853 0 2.20155104
Link 447 32 7945 0 -1.37486580
Link 646 1061 8227 1 2.03700332
Link 1061 439 8228 1 -2.57521762
Link 623 612 8421 1 -0.59547359
Link 1006 169 8592 1 2.09359556
Link 486 18 8740 1 2.96134541
Link 50 1154 9009 1 -2.55738126
Link 1154 612 9010 1 -1.91435414
Link 439 23 9110 1 0.14962005
Link 45 1190 9340 1 0.32238470
Link 1190 253 9341 1 -1.16047092
Link 753 1204 9496 0 1.76777733
Link 1204 32 9497 0 2.28528250
Link 753 20 9668 0 -2.65450404
Link 10 1237 9745 1 1.08121501
Link 1237 156 9746 1 -0.45620560
Link 80 1241 9772 1 0.65845381
Link 1241 45 9773 1 1.65678125
Link 447 502 9964 0 1.25536061
Link 9 657 10097 0 2.76221376
Link 30 1237 10215 0 -2.75928415
Link 51 34 10240 0 -2.38037572
Link 4 1308 10363 0 0.99905537
Link 1308 753 10364 0 0.43327387
Link 135 135 10414 1 0.36850102
Link 81 622 10437 0 -1.46780427
Link 40 646 10491 0 0.52198868
Link 646 11 10678 0 -1.84734550
Link 422 135 10777 0 -1.21264128
Link 1237 58 11033 1 3.24874573
Link 1 398 11101 0 -2.16715693
Link 623 1204 11269 0 -0.92795257
Link 26 1425 11567 0 -1.19469157
Link 1425 81 11568 0 0.23880038
Link 704 1061 12211 0 2.12920127
Link 354 687 12257 0 1.23746671
Link 507 28 12310 0 -4.26678588
Link 1499 23 12330 0 2.93508162
Link 387 920 12533 1 -0.25489161
Link 1551 12 12889 0 0.79015766
Link 34 1499 12906 1 1.72326221
Link 920 1554 12938 0 0.10480123
Link 1554 1499 12939 0 0.31118215
Link 1554 20 12989 0 -1.24107676
Link 113 52 13029 0 -0.55628293
Link 2 920 13117 0 2.47430905
Link 687 1588 13256 0 0.24352105
Link 1588 486 13257 0 3.36559551
Link 540 115 13372 0 3.09807686
Link 504 387 13633 0 0.31247990
Link 799 14 13771 0 2.06941319
Link 331 1642 13791 0 0.75079281
Link 1642 1551 13792 0 0.92669740
Link 1554 52 13839 0 -0.28547629
Link 1190 646 13863 0 0.43287799
Link 769 125 13884 0 2.13418544
Link 26 1241 14235 0 -1.06771666
GenomeEnd

