GenomeStart 93713
Neuron 1 1 0.00000000 1 0.00000000 0.00000000 0.00000000 0.00000000
Neuron 2 1 0.00000000 1 0.00000000 0.00000000 0.00000000 0.00000000
Neuron 3 1 0.00000000 1 0.00000000 0.00000000 0.00000000 0.00000000
Neuron 4 1 0.00000000 1 0.00000000 0.00000000 0.00000000 0.00000000
Neuron 5 1 0.00000000 1 0.00000000 0.00000000 0.00000000 0.00000000
Neuron 6 1 0.00000000 1 0.00000000 0.00000000 0.00000000 0.00000000
Neuron 7 1 0.00000000 1 0.00000000 0.00000000 0.00000000 0.00000000
Neuron 8 1 0.00000000 1 0.00000000 0.00000000 0.00000000 0.00000000
Neuron 9 2 0.00000000 1 0.00000000 0.00000000 0.00000000 0.00000000
Neuron 10 4 1.00000000 0 1.00000000 0.00000000 0.00000000 0.00000000
Neuron 11 4 1.00000000 0 1.00000000 0.00000000 0.00000000 0.00000000
Neuron 12 4 1.00000000 0 1.00000000 0.00000000 0.00000000 0.00000000
Neuron 13 4 1.00000000 0 1.00000000 0.00000000 0.00000000 0.00000000
Neuron 14 4 1.00000000 0 1.00000000 0.00000000 0.00000000 0.00000000
Neuron 15 4 1.00000000 0 1.00000000 0.00000000 0.00000000 0.00000000
Neuron 16 4 1.00000000 0 1.00000000 0.00000000 0.00000000 0.00000000
Neuron 17 3 0.50000000 1 1.00000000 0.00000000 0.00000000 0.00000000
Neuron 21 3 0.50000000 1 1.00000000 0.00000000 0.00000000 0.00000000
Neuron 22 3 0.50000000 1 1.00000000 0.00000000 0.00000000 0.00000000
Neuron 23 3 0.50000000 1 1.00000000 0.00000000 0.00000000 0.00000000
Neuron 26 3 0.50000000 1 1.00000000 0.00000000 0.00000000 0.00000000
Neuron 34 3 0.50000000 1 1.00000000 0.00000000 0.00000000 0.00000000
Neuron 49 3 0.50000000 1 1.00000000 0.00000000 0.00000000 0.00000000
Neuron 50 3 0.50000000 1 1.00000000 0.00000000 0.00000000 0.00000000
Neuron 51 3 0.50000000 1 1.00000000 0.00000000 0.00000000 0.00000000
Neuron 53 3 0.50000000 1 1.00000000 0.00000000 0.00000000 0.00000000
Neuron 59 3 0.50000000 1 1.00000000 0.00000000 0.00000000 0.00000000
Neuron 77 3 0.50000000 1 1.00000000 0.00000000 0.00000000 0.00000000
Neuron 90 3 0.75000000 1 1.00000000 0.00000000 0.00000000 0.00000000
Neuron 91 3 0.75000000 1 1.00000000 0.00000000 0.00000000 0.00000000
Neuron 146 3 0.25000000 1 1.00000000 0.00000000 0.00000000 0.00000000
Neuron 174 3 0.75000000 1 1.00000000 0.00000000 0.00000000 0.00000000
Neuron 197 3 0.50000000 1 1.00000000 0.00000000 0.00000000 0.00000000
Neuron 213 3 0.75000000 1 1.00000000 0.00000000 0.00000000 0.00000000
Neuron 226 3 0.25000000 1 1.00000000 0.00000000 0.00000000 0.00000000
Neuron 241 3 0.87500000 1 1.00000000 0.00000000 0.00000000 0.00000000
Neuron 333 3 0.25000000 1 1.00000000 0.00000000 0.00000000 0.00000000
Neuron 540 3 0.25000000 1 1.00000000 0.00000000 0.00000000 0.00000000
Neuron 587 3 0.25000000 1 1.00000000 0.00000000 0.00000000 0.00000000
Neuron 595 3 0.25000000 1 1.00000000 0.00000000 0.00000000 0.00000000
Neuron 610 3 0.81250000 1 1.00000000 0.00000000 0.00000000 0.00000000
Neuron 674 3 0.75000000 1 1.00000000 0.00000000 0.00000000 0.00000000
Neuron 677 3 0.12500000 1 1.00000000 0.00000000 0.00000000 0.00000000
Neuron 682 3 0.25000000 1 1.00000000 0.00000000 0.00000000 0.00000000
Neuron 786 3 0.62500000 1 1.00000000 0.00000000 0.00000000 0.00000000
Neuron 799 3 0.93750000 1 1.00000000 0.00000000 0.00000000 0.00000000
Neuron 802 3 0.56250000 1 1.00000000 0.00000000 0.00000000 0.00000000
Neuron 870 3 0.78125000 1 1.00000000 0.00000000 0.00000000 0.00000000
Neuron 879 3 0.84375000 1 1.00000000 0.00000000 0.00000000 0.00000000
Neuron 1005 3 0.40625000 1 1.00000000 0.00000000 0.00000000 0.00000000
Neuron 1023 3 0.37500000 1 1.00000000 0.00000000 0.00000000 0.00000000
Neuron 1028 3 0.37500000 1 1.00000000 0.00000000 0.00000000 0.00000000
Neuron 1030 3 0.48437500 1 1.00000000 0.00000000 0.00000000 0.00000000
Neuron 1068 3 0.64062500 1 1.00000000 0.00000000 0.00000000 0.00000000
Neuron 1070 3 0.56250000 1 1.00000000 0.00000000 0.00000000 0.00000000
Neuron 1074 3 0.45312500 1 1.00000000 0.00000000 0.00000000 0.00000000
Neuron 1081 3 0.31250000 1 1.00000000 0.00000000 0.00000000 0.00000000
Neuron 1083 3 0.43750000 1 1.00000000 0.00000000 0.00000000 0.00000000
Neuron 1100 3 0.82812500 1 1.00000000 0.00000000 0.00000000 0.00000000
Neuron 1101 3 0.37500000 1 1.00000000 0.00000000 0.00000000 0.00000000
Neuron 1104 3 0.65625000 1 1.00000000 0.00000000 0.00000000 0.00000000
Neuron 1157 3 0.37500000 1 1.00000000 0.00000000 0.00000000 0.00000000
Neuron 1173 3 0.37500000 1 1.00000000 0.00000000 0.00000000 0.00000000
Link 1 10 1 0 1.50374333
Link 2 10 2 0 3.19725373
Link 3 10 3 0 -0.41512055
Link 4 10 4 0 0.69678839
Link 5 10 5 0 -0.92265631
Link 6 10 6 0 2.18496790
Link 7 10 7 0 -3.48637000
Link 9 10 9 0 0.08087262
Link 1 11 10 0 1.50642164
Link 2 11 11 0 2.39323408
Link 4 11 13 0 -3.74256513
Link 6 11 15 0 2.06468939
Link 7 11 16 0 -0.74519490
Link 9 11 18 0 -0.12951764
Link 1 12 19 0 5.32512206
Link 2 12 20 0 2.48922230
Link 5 12 23 0 -2.38866760
Link 9 12 27 0 -2.00413374
Link 1 13 28 0 -0.33747477
Link 2 13 29 0 -0.92592221
Link 5 13 32 0 3.62933463
Link 6 13 33 0 0.57395624
Link 8 13 35 0 1.39653432
Link 9 13 36 0 -0.70908032
Link 1 14 37 0 -3.22067820
Link 2 14 38 0 0.45320650
Link 7 14 43 0 3.76731772
Link 9 14 45 0 1.56372391
Link 1 15 46 0 -0.09970084
Link 2 15 47 0 -0.91998362
Link 4 15 49 0 -0.63037907
Link 6 15 51 0 -4.59240341
Link 8 15 53 0 0.64698592
Link 9 15 54 0 -0.85000077
Link 1 16 55 0 -1.76374225
Link 3 16 57 0 -2.64558737
Link 8 16 62 0 2.69170981
Link 9 16 63 0 -0.43035954
Link 3 21 78 0 1.03415595
Link 21 16 79 0 0.78444770
Link 7 22 81 0 0.98738885
Link 22 12 82 0 1.30460935
Link 23 13 85 0 1.20903761
Link 5 34 119 0 1.09075837
Link 34 14 120 0 1.51743528
Link 49 16 171 0 -3.17145959
Link 8 50 173 0 1.71040006
Link 50 12 174 0 3.18672153
Link 6 51 176 0 1.15971336
Link 51 16 177 0 -0.52143183
Link 53 16 183 0 1.09201191
Link 59 16 208 0 0.74326712
Link 14 14 271 1 -0.93856156
Link 17 90 436 0 1.00050146
Link 77 91 465 0 1.31291103
Link 91 14 466 0 -0.78619555
Link 23 16 708 0 -0.12666430
Link 4 23 832 0 -3.33825311
Link 2 49 863 0 -0.96364420
Link 1 146 982 0 1.00000000
Link 146 77 983 0 -1.27929109
Link 3 53 1031 0 2.13583509
Link 53 23 1049 0 -1.84784244
Link 26 174 1213 0 1.06661050
Link 174 12 1214 0 1.69275308
Link 17 197 1386 0 1.26890658
Link 197 49 1387 0 -1.61238028
Link 13 213 1512 1 0.94907707
Link 10 197 1529 1 -3.38650774
Link 4 197 1751 0 2.06341008
Link 49 11 1790 0 -0.35341880
Link 5 333 2491 0 1.00000000
Link 333 26 2492 0 -2.14152622
Link 91 23 4197 1 -0.22397409
Link 4 540 4268 0 0.97183259
Link 540 197 4269 0 -2.46276930
Link 1 26 4370 0 -3.46095258
Link 3 587 4671 0 1.00000000
Link 587 51 4672 0 0.59226514
Link 5 595 4723 0 1.00000000
Link 595 53 4724 0 0.31782663
Link 11 674 5351 1 0.75359519
Link 674 59 5352 1 -1.11877535
Link 7 677 5371 0 0.92952858
Link 677 226 5372 0 1.06673877
Link 8 682 5417 0 0.95967362
Link 682 59 5418 0 -0.12544700
Link 17 91 5798 0 1.23563079
Link 53 50 6081 0 -1.98116617
Link 213 786 6391 1 1.00000000
Link 786 17 6392 1 0.20014943
Link 2 90 6567 0 2.47602166
Link 241 799 6592 0 0.93178459
Link 799 14 6593 0 -0.21402807
Link 241 802 6614 1 0.88892177
Link 226 213 7150 0 -2.43367756
Link 90 870 7334 0 1.00011394
Link 870 610 7335 0 1.02737867
Link 879 241 7398 0 0.86721728
Link 213 90 7548 0 -0.78993737
Link 7 674 7686 0 0.20313963
Link 4 674 7918 0 1.90411316
Link 2 677 8247 0 0.15785321
Link 1005 226 8643 1 -1.93751938
Link 13 50 8675 1 -0.86057280
Link 2 870 8720 0 1.00298064
Link 51 674 8740 0 -1.35143584
Link 8 1028 8853 0 1.03883857
Link 802 1030 8870 1 1.05613252
Link 1030 1005 8871 1 1.00000000
Link 146 23 9053 0 -1.75509965
Link 174 677 9206 1 -0.50744991
Link 34 1068 9274 0 1.00000000
Link 1068 870 9275 0 -0.63158571
Link 1028 1070 9297 0 1.00000000
Link 59 1074 9325 1 1.01896054
Link 1074 1005 9326 1 -2.05936301
Link 1023 1081 9407 1 1.01050138
Link 1081 587 9408 1 1.98953600
Link 17 1083 9430 1 1.00000000
Link 1083 1023 9431 1 1.00000000
Link 610 1100 9569 0 1.00000000
Link 1100 879 9570 0 0.91022855
Link 1101 1028 9585 0 2.64879197
Link 1070 1104 9620 0 1.00000000
Link 1104 90 9621 0 -2.76847465
Link 197 802 9717 0 0.51767162
Link 1157 1101 10116 0 1.00000000
Link 1023 1173 10317 0 1.00000000
Link 1173 1157 10318 0 1.00000000
Link 226 1005 10347 0 3.71242050
Link 802 90 10515 0 4.71895980
Link 50 870 10535 0 -2.67773662
Link 1030 802 10578 0 1.21861945
Link 22 1083 10770 1 -0.45533068
Link 53 1068 10884 0 -2.68959067
Link 1023 1083 10894 0 1.54929148
GenomeEnd

