GenomeStart 2284
Neuron 1 1 0.00000000 1 0.00000000 0.00000000 0.00000000 0.00000000
Neuron 2 1 0.00000000 1 0.00000000 0.00000000 0.00000000 0.00000000
Neuron 3 1 0.00000000 1 0.00000000 0.00000000 0.00000000 0.00000000
Neuron 4 1 0.00000000 1 0.00000000 0.00000000 0.00000000 0.00000000
Neuron 5 1 0.00000000 1 0.00000000 0.00000000 0.00000000 0.00000000
Neuron 6 1 0.00000000 1 0.00000000 0.00000000 0.00000000 0.00000000
Neuron 7 1 0.00000000 1 0.00000000 0.00000000 0.00000000 0.00000000
Neuron 8 1 0.00000000 1 0.00000000 0.00000000 0.00000000 0.00000000
Neuron 9 2 0.00000000 1 0.00000000 0.00000000 0.00000000 0.00000000
Neuron 10 4 1.00000000 0 1.00000000 0.00000000 0.00000000 0.00000000
Neuron 11 4 1.00000000 0 1.00000000 0.00000000 0.00000000 0.00000000
Neuron 12 4 1.00000000 0 1.00000000 0.00000000 0.00000000 0.00000000
Neuron 13 4 1.00000000 0 1.00000000 0.00000000 0.00000000 0.00000000
Neuron 14 4 1.00000000 0 1.00000000 0.00000000 0.00000000 0.00000000
Neuron 15 4 1.00000000 0 1.00000000 0.00000000 0.00000000 0.00000000
Neuron 16 4 1.00000000 0 1.00000000 0.00000000 0.00000000 0.00000000
Neuron 17 3 0.50000000 1 1.00000000 0.00000000 0.00000000 0.00000000
Neuron 23 3 0.50000000 1 1.00000000 0.00000000 0.00000000 0.00000000
Neuron 26 3 0.50000000 1 1.00000000 0.00000000 0.00000000 0.00000000
Neuron 49 3 0.50000000 1 1.00000000 0.00000000 0.00000000 0.00000000
Neuron 53 3 0.50000000 1 1.00000000 0.00000000 0.00000000 0.00000000
Link 1 10 1 0 1.49102659
Link 2 10 2 0 2.83133623
Link 3 10 3 0 -0.37486697
Link 4 10 4 0 -0.30679828
Link 5 10 5 0 -0.75150458
Link 6 10 6 0 2.36219606
Link 7 10 7 0 -3.01120098
Link 8 10 8 0 0.01130145
Link 9 10 9 0 0.15892382
Link 1 11 10 0 2.61227574
Link 2 11 11 0 1.66922374
Link 3 11 12 0 0.33286928
Link 4 11 13 0 -3.88569562
Link 5 11 14 0 -3.14648179
Link 6 11 15 0 1.90827836
Link 7 11 16 0 -0.62622057
Link 8 11 17 0 0.20003252
Link 9 11 18 0 -1.28182828
Link 1 12 19 0 5.13769834
Link 2 12 20 0 0.05449351
Link 3 12 21 0 1.39930951
Link 5 12 23 0 -0.78446602
Link 6 12 24 0 0.37005105
Link 7 12 25 0 1.34249979
Link 8 12 26 0 2.24127406
Link 9 12 27 0 -2.24570594
Link 1 13 28 0 -0.80042585
Link 2 13 29 0 3.88528618
Link 3 13 30 0 0.92892914
Link 4 13 31 0 4.56847909
Link 5 13 32 0 4.00104162
Link 6 13 33 0 0.77334607
Link 8 13 35 0 0.44617808
Link 9 13 36 0 -1.14748636
Link 1 14 37 0 -3.35510286
Link 2 14 38 0 1.27856697
Link 3 14 39 0 -3.94409653
Link 4 14 40 0 -0.55728799
Link 5 14 41 0 1.29223885
Link 7 14 43 0 4.05211570
Link 8 14 44 0 0.00296556
Link 9 14 45 0 0.64713008
Link 1 15 46 0 -0.92375487
Link 2 15 47 0 -0.83334956
Link 3 15 48 0 2.20432838
Link 4 15 49 0 -0.60406475
Link 5 15 50 0 2.63627294
Link 6 15 51 0 -3.70198629
Link 7 15 52 0 -0.33054452
Link 8 15 53 0 0.33959102
Link 9 15 54 0 0.09076971
Link 1 16 55 0 -1.28606413
Link 3 16 57 0 0.97710874
Link 4 16 58 0 0.97445517
Link 6 16 60 0 -1.13239772
Link 7 16 61 0 -2.39470754
Link 8 16 62 0 3.13741712
Link 9 16 63 0 -0.19675674
Link 6 17 65 0 0.59928903
Link 17 14 66 0 0.16875784
Link 7 23 84 0 1.00000000
Link 23 13 85 0 0.94719679
Link 4 26 94 0 1.00000000
Link 26 12 95 0 2.08937557
Link 5 49 170 0 1.00000000
Link 49 16 171 0 -3.43799606
Link 2 53 182 0 3.11493637
Link 53 16 183 0 1.74292995
GenomeEnd

