GenomeStart 50740
Neuron 1 1 0.00000000 1 0.00000000 0.00000000 0.00000000 0.00000000
Neuron 2 1 0.00000000 1 0.00000000 0.00000000 0.00000000 0.00000000
Neuron 3 1 0.00000000 1 0.00000000 0.00000000 0.00000000 0.00000000
Neuron 4 1 0.00000000 1 0.00000000 0.00000000 0.00000000 0.00000000
Neuron 5 1 0.00000000 1 0.00000000 0.00000000 0.00000000 0.00000000
Neuron 6 1 0.00000000 1 0.00000000 0.00000000 0.00000000 0.00000000
Neuron 7 1 0.00000000 1 0.00000000 0.00000000 0.00000000 0.00000000
Neuron 8 1 0.00000000 1 0.00000000 0.00000000 0.00000000 0.00000000
Neuron 9 2 0.00000000 1 0.00000000 0.00000000 0.00000000 0.00000000
Neuron 10 4 1.00000000 0 1.00000000 0.00000000 0.00000000 0.00000000
Neuron 11 4 1.00000000 0 1.00000000 0.00000000 0.00000000 0.00000000
Neuron 12 4 1.00000000 0 1.00000000 0.00000000 0.00000000 0.00000000
Neuron 13 4 1.00000000 0 1.00000000 0.00000000 0.00000000 0.00000000
Neuron 14 4 1.00000000 0 1.00000000 0.00000000 0.00000000 0.00000000
Neuron 15 4 1.00000000 0 1.00000000 0.00000000 0.00000000 0.00000000
Neuron 16 4 1.00000000 0 1.00000000 0.00000000 0.00000000 0.00000000
Neuron 17 3 0.50000000 1 1.00000000 0.00000000 0.00000000 0.00000000
Neuron 20 3 0.50000000 1 1.00000000 0.00000000 0.00000000 0.00000000
Neuron 22 3 0.50000000 1 1.00000000 0.00000000 0.00000000 0.00000000
Neuron 23 3 0.50000000 1 1.00000000 0.00000000 0.00000000 0.00000000
Neuron 26 3 0.50000000 1 1.00000000 0.00000000 0.00000000 0.00000000
Neuron 29 3 0.50000000 1 1.00000000 0.00000000 0.00000000 0.00000000
Neuron 31 3 0.50000000 1 1.00000000 0.00000000 0.00000000 0.00000000
Neuron 33 3 0.50000000 1 1.00000000 0.00000000 0.00000000 0.00000000
Neuron 34 3 0.50000000 1 1.00000000 0.00000000 0.00000000 0.00000000
Neuron 39 3 0.50000000 1 1.00000000 0.00000000 0.00000000 0.00000000
Neuron 41 3 0.50000000 1 1.00000000 0.00000000 0.00000000 0.00000000
Neuron 43 3 0.50000000 1 1.00000000 0.00000000 0.00000000 0.00000000
Neuron 46 3 0.50000000 1 1.00000000 0.00000000 0.00000000 0.00000000
Neuron 50 3 0.50000000 1 1.00000000 0.00000000 0.00000000 0.00000000
Neuron 54 3 0.50000000 1 1.00000000 0.00000000 0.00000000 0.00000000
Neuron 55 3 0.50000000 1 1.00000000 0.00000000 0.00000000 0.00000000
Neuron 57 3 0.50000000 1 1.00000000 0.00000000 0.00000000 0.00000000
Neuron 60 3 0.50000000 1 1.00000000 0.00000000 0.00000000 0.00000000
Neuron 62 3 0.50000000 1 1.00000000 0.00000000 0.00000000 0.00000000
Neuron 78 3 0.50000000 1 1.00000000 0.00000000 0.00000000 0.00000000
Neuron 100 3 0.25000000 1 1.00000000 0.00000000 0.00000000 0.00000000
Neuron 113 3 0.25000000 1 1.00000000 0.00000000 0.00000000 0.00000000
Neuron 114 3 0.25000000 1 1.00000000 0.00000000 0.00000000 0.00000000
Neuron 136 3 0.75000000 1 1.00000000 0.00000000 0.00000000 0.00000000
Neuron 215 3 0.25000000 1 1.00000000 0.00000000 0.00000000 0.00000000
Neuron 244 3 0.12500000 1 1.00000000 0.00000000 0.00000000 0.00000000
Neuron 247 3 0.75000000 1 1.00000000 0.00000000 0.00000000 0.00000000
Neuron 262 3 0.25000000 1 1.00000000 0.00000000 0.00000000 0.00000000
Neuron 282 3 0.50000000 1 1.00000000 0.00000000 0.00000000 0.00000000
Neuron 418 3 0.50000000 1 1.00000000 0.00000000 0.00000000 0.00000000
Neuron 437 3 0.50000000 1 1.00000000 0.00000000 0.00000000 0.00000000
Link 1 10 1 0 3.32418368
Link 2 10 2 0 1.04802367
Link 3 10 3 0 1.68888296
Link 4 10 4 0 -4.18936738
Link 5 10 5 0 1.38682088
Link 6 10 6 0 3.85623250
Link 9 10 9 0 0.98239382
Link 1 11 10 0 1.92103753
Link 3 11 12 0 1.51850211
Link 5 11 14 0 0.06363421
Link 6 11 15 0 -4.33910141
Link 7 11 16 0 1.15929362
Link 8 11 17 0 0.08095347
Link 9 11 18 0 1.90824935
Link 1 12 19 0 3.86896784
Link 2 12 20 0 -1.46085581
Link 3 12 21 0 -2.15728232
Link 7 12 25 0 -0.32617037
Link 8 12 26 0 -2.87888553
Link 9 12 27 0 -5.00129347
Link 1 13 28 0 1.49512585
Link 6 13 33 0 -3.18484299
Link 7 13 34 0 0.99037785
Link 9 13 36 0 1.10085830
Link 7 14 43 0 -0.36227596
Link 8 14 44 0 -0.55715012
Link 9 14 45 0 -1.48398069
Link 1 15 46 0 2.26962446
Link 2 15 47 0 -2.97261498
Link 3 15 48 0 4.75684314
Link 4 15 49 0 0.60117344
Link 5 15 50 0 -1.79798569
Link 6 15 51 0 2.52863696
Link 7 15 52 0 0.70944183
Link 9 15 54 0 -2.16776604
Link 1 16 55 0 1.47345223
Link 2 16 56 0 -2.95309507
Link 4 16 58 0 -3.61293339
Link 5 16 59 0 -1.14223559
Link 6 16 60 0 -0.56809569
Link 7 16 61 0 -2.97978240
Link 8 16 62 0 -3.74436518
Link 9 16 63 0 -0.30141175
Link 3 17 65 0 -2.74356700
Link 17 11 66 0 -3.68024528
Link 20 10 76 0 -3.56548645
Link 2 22 81 0 2.49863571
Link 16 16 83 1 -1.03728530
Link 1 23 85 0 0.66294540
Link 23 14 86 0 -4.28992393
Link 4 26 95 0 1.28575798
Link 26 15 96 0 1.60614595
Link 29 12 106 0 4.82481733
Link 6 31 111 0 0.55174047
Link 31 16 112 0 -3.84199501
Link 7 33 117 0 2.53243990
Link 3 34 121 0 1.61948942
Link 34 13 122 0 1.93686205
Link 39 13 137 0 -0.53524328
Link 3 41 142 0 0.26340354
Link 41 16 143 0 4.68167234
Link 7 43 148 0 -0.39245206
Link 43 16 149 0 2.18004964
Link 46 12 158 0 0.47626734
Link 4 50 169 0 -1.38417774
Link 50 14 170 0 -0.32611208
Link 5 54 189 0 0.98596821
Link 54 14 190 0 0.29213558
Link 5 23 196 0 -0.09831294
Link 55 10 201 0 0.91481586
Link 2 57 207 0 -0.22867668
Link 57 11 208 0 -1.74508520
Link 6 60 227 0 0.98081985
Link 4 62 236 0 0.51169200
Link 62 11 237 0 0.49806806
Link 6 43 278 0 -3.75873962
Link 5 78 360 0 0.51596022
Link 78 13 361 0 -1.00561680
Link 46 14 515 0 -5.36700771
Link 8 100 538 0 -0.97266587
Link 100 46 539 0 -1.76975370
Link 12 29 600 1 -0.51356253
Link 8 113 627 0 1.03577323
Link 113 39 628 0 -2.42458709
Link 6 114 640 0 0.98376631
Link 114 20 641 0 -0.57985784
Link 22 136 820 0 1.00000000
Link 136 13 821 0 -1.21437760
Link 1 17 1081 0 -0.62087478
Link 17 10 1111 0 1.84723436
Link 57 12 1239 0 -2.64805784
Link 78 14 1291 0 1.20610736
Link 41 10 1339 0 -2.58522562
Link 34 34 1393 1 0.89548161
Link 26 215 1570 1 1.70190227
Link 2 62 1574 0 2.80475908
Link 2 39 1613 0 -0.23557500
Link 3 55 1636 0 -4.48583022
Link 15 57 1652 1 3.94766553
Link 13 57 1787 1 -0.79961122
Link 8 244 1797 0 0.91465436
Link 244 215 1798 0 -0.22022186
Link 60 247 1809 0 1.00000000
Link 247 14 1810 0 -3.03985475
Link 1 46 1826 0 0.19551108
Link 26 78 1895 0 2.88299407
Link 3 262 1902 0 1.20913824
Link 262 29 1903 0 2.03827156
Link 8 20 1916 0 2.34229742
Link 26 41 1955 0 -0.93839300
Link 7 282 2050 0 1.45805959
Link 282 10 2051 0 2.35859352
Link 4 282 2188 0 -0.70649882
Link 20 55 2234 0 4.14620864
Link 39 57 2309 0 -2.79113545
Link 215 282 2886 0 0.80702754
Link 4 23 2968 0 -0.07576596
Link 33 418 3102 0 0.94497243
Link 418 39 3103 0 1.51788589
Link 41 12 3234 0 0.74964637
Link 4 437 3260 0 1.00000000
Link 437 14 3261 0 1.55706522
Link 55 54 3887 0 -1.35064308
Link 5 282 3929 0 1.96288814
Link 46 215 3972 1 -0.54443871
Link 100 57 4246 0 0.63358001
Link 39 215 4254 1 -0.21125049
Link 60 34 4289 0 2.45894234
Link 46 33 4341 0 -3.85853102
Link 62 22 4720 0 -0.21897359
Link 244 62 4729 0 0.19078768
Link 244 114 4747 0 -3.12099631
Link 60 54 4900 0 -0.33554088
Link 114 57 5286 0 0.02716317
GenomeEnd

