GenomeStart 55660
Neuron 1 1 0.00000000 1 0.00000000 0.00000000 0.00000000 0.00000000
Neuron 2 1 0.00000000 1 0.00000000 0.00000000 0.00000000 0.00000000
Neuron 3 1 0.00000000 1 0.00000000 0.00000000 0.00000000 0.00000000
Neuron 4 1 0.00000000 1 0.00000000 0.00000000 0.00000000 0.00000000
Neuron 5 1 0.00000000 1 0.00000000 0.00000000 0.00000000 0.00000000
Neuron 6 1 0.00000000 1 0.00000000 0.00000000 0.00000000 0.00000000
Neuron 7 1 0.00000000 1 0.00000000 0.00000000 0.00000000 0.00000000
Neuron 8 1 0.00000000 1 0.00000000 0.00000000 0.00000000 0.00000000
Neuron 9 2 0.00000000 1 0.00000000 0.00000000 0.00000000 0.00000000
Neuron 10 4 1.00000000 0 1.00000000 0.00000000 0.00000000 0.00000000
Neuron 11 4 1.00000000 0 1.00000000 0.00000000 0.00000000 0.00000000
Neuron 12 4 1.00000000 0 1.00000000 0.00000000 0.00000000 0.00000000
Neuron 13 4 1.00000000 0 1.00000000 0.00000000 0.00000000 0.00000000
Neuron 14 4 1.00000000 0 1.00000000 0.00000000 0.00000000 0.00000000
Neuron 15 4 1.00000000 0 1.00000000 0.00000000 0.00000000 0.00000000
Neuron 16 4 1.00000000 0 1.00000000 0.00000000 0.00000000 0.00000000
Neuron 17 3 0.50000000 1 1.00000000 0.00000000 0.00000000 0.00000000
Neuron 20 3 0.50000000 1 1.00000000 0.00000000 0.00000000 0.00000000
Neuron 22 3 0.50000000 1 1.00000000 0.00000000 0.00000000 0.00000000
Neuron 23 3 0.50000000 1 1.00000000 0.00000000 0.00000000 0.00000000
Neuron 26 3 0.50000000 1 1.00000000 0.00000000 0.00000000 0.00000000
Neuron 29 3 0.50000000 1 1.00000000 0.00000000 0.00000000 0.00000000
Neuron 31 3 0.50000000 1 1.00000000 0.00000000 0.00000000 0.00000000
Neuron 33 3 0.50000000 1 1.00000000 0.00000000 0.00000000 0.00000000
Neuron 34 3 0.50000000 1 1.00000000 0.00000000 0.00000000 0.00000000
Neuron 39 3 0.50000000 1 1.00000000 0.00000000 0.00000000 0.00000000
Neuron 41 3 0.50000000 1 1.00000000 0.00000000 0.00000000 0.00000000
Neuron 43 3 0.50000000 1 1.00000000 0.00000000 0.00000000 0.00000000
Neuron 46 3 0.50000000 1 1.00000000 0.00000000 0.00000000 0.00000000
Neuron 50 3 0.50000000 1 1.00000000 0.00000000 0.00000000 0.00000000
Neuron 54 3 0.50000000 1 1.00000000 0.00000000 0.00000000 0.00000000
Neuron 55 3 0.50000000 1 1.00000000 0.00000000 0.00000000 0.00000000
Neuron 57 3 0.50000000 1 1.00000000 0.00000000 0.00000000 0.00000000
Neuron 60 3 0.50000000 1 1.00000000 0.00000000 0.00000000 0.00000000
Neuron 62 3 0.50000000 1 1.00000000 0.00000000 0.00000000 0.00000000
Neuron 78 3 0.50000000 1 1.00000000 0.00000000 0.00000000 0.00000000
Neuron 100 3 0.25000000 1 1.00000000 0.00000000 0.00000000 0.00000000
Neuron 113 3 0.25000000 1 1.00000000 0.00000000 0.00000000 0.00000000
Neuron 114 3 0.25000000 1 1.00000000 0.00000000 0.00000000 0.00000000
Neuron 136 3 0.75000000 1 1.00000000 0.00000000 0.00000000 0.00000000
Neuron 215 3 0.25000000 1 1.00000000 0.00000000 0.00000000 0.00000000
Neuron 244 3 0.12500000 1 1.00000000 0.00000000 0.00000000 0.00000000
Neuron 247 3 0.75000000 1 1.00000000 0.00000000 0.00000000 0.00000000
Neuron 262 3 0.25000000 1 1.00000000 0.00000000 0.00000000 0.00000000
Neuron 282 3 0.50000000 1 1.00000000 0.00000000 0.00000000 0.00000000
Neuron 418 3 0.50000000 1 1.00000000 0.00000000 0.00000000 0.00000000
Neuron 437 3 0.50000000 1 1.00000000 0.00000000 0.00000000 0.00000000
Link 1 10 1 0 3.32415809
Link 2 10 2 0 1.04800607
Link 3 10 3 0 1.68851188
Link 4 10 4 0 -4.18936738
Link 5 10 5 0 1.38734216
Link 6 10 6 0 3.85806825
Link 8 10 8 0 1.58506039
Link 9 10 9 0 0.98215080
Link 1 11 10 0 1.92115901
Link 3 11 12 0 1.51850210
Link 5 11 14 0 0.06336029
Link 6 11 15 0 -4.33912773
Link 7 11 16 0 1.15708576
Link 8 11 17 0 0.08109255
Link 9 11 18 0 1.90816914
Link 1 12 19 0 3.86896798
Link 2 12 20 0 -1.46063205
Link 3 12 21 0 -2.15662405
Link 7 12 25 0 -0.32617036
Link 8 12 26 0 -2.87889102
Link 9 12 27 0 -5.00140089
Link 1 13 28 0 1.49522253
Link 6 13 33 0 -3.18499054
Link 7 13 34 0 0.99037785
Link 9 13 36 0 1.10119164
Link 7 14 43 0 -0.36227594
Link 9 14 45 0 -1.48398069
Link 1 15 46 0 2.26954093
Link 2 15 47 0 -2.97264002
Link 4 15 49 0 0.60123674
Link 5 15 50 0 -1.79778007
Link 6 15 51 0 2.52863695
Link 7 15 52 0 0.70982126
Link 9 15 54 0 -2.16729457
Link 1 16 55 0 1.47276069
Link 4 16 58 0 -3.61317289
Link 5 16 59 0 -1.14274042
Link 6 16 60 0 -0.56809569
Link 7 16 61 0 -2.98196396
Link 8 16 62 0 -3.74257291
Link 9 16 63 0 -0.30130152
Link 17 11 66 0 -3.67999573
Link 20 10 76 0 -3.56546478
Link 2 22 81 0 2.49863571
Link 16 16 83 1 -1.03742873
Link 1 23 85 0 0.66294539
Link 23 14 86 0 -4.29130780
Link 4 26 95 0 1.28584539
Link 26 15 96 0 1.60596231
Link 29 12 106 0 4.82481221
Link 6 31 111 0 0.55406252
Link 31 16 112 0 -3.84199501
Link 7 33 117 0 2.53243992
Link 34 13 122 0 1.93800676
Link 39 13 137 0 -0.53482930
Link 3 41 142 0 0.26340354
Link 41 16 143 0 4.68134393
Link 43 16 149 0 2.18004964
Link 46 12 158 0 0.47651409
Link 4 50 169 0 -1.38408427
Link 50 14 170 0 -0.32292508
Link 5 54 189 0 0.98585422
Link 54 14 190 0 0.29126951
Link 5 23 196 0 -0.10054147
Link 55 10 201 0 0.91485179
Link 57 11 208 0 -1.74463960
Link 6 60 227 0 0.98081984
Link 4 62 236 0 0.51249417
Link 62 11 237 0 0.49905524
Link 6 43 278 0 -3.76086914
Link 5 78 360 0 0.51595915
Link 78 13 361 0 -1.00525999
Link 8 22 485 0 -0.19984582
Link 46 14 515 0 -5.36700771
Link 8 100 538 0 -0.97262337
Link 100 46 539 0 -1.77033504
Link 12 29 600 1 -0.51479482
Link 8 113 627 0 1.03597829
Link 113 39 628 0 -2.42615333
Link 6 114 640 0 0.98397518
Link 114 20 641 0 -0.57985784
Link 22 136 820 0 1.00000000
Link 136 13 821 0 -1.21508195
Link 1 17 1081 0 -0.62087479
Link 17 10 1111 0 1.84729497
Link 57 12 1239 0 -2.64805784
Link 78 14 1291 0 1.20610736
Link 41 10 1339 0 -2.58423085
Link 34 34 1393 1 0.89548161
Link 215 50 1530 0 4.64514238
Link 26 215 1570 1 1.70212514
Link 2 62 1574 0 2.80450183
Link 3 55 1636 0 -4.48583021
Link 15 57 1652 1 3.94836058
Link 13 57 1787 1 -0.79934232
Link 8 244 1797 0 0.91492012
Link 244 215 1798 0 -0.22391967
Link 60 247 1809 0 1.00000000
Link 247 14 1810 0 -3.03985475
Link 1 46 1826 0 0.19506027
Link 26 78 1895 0 2.88270062
Link 3 262 1902 0 1.20913824
Link 262 29 1903 0 2.03804400
Link 8 20 1916 0 2.34229742
Link 26 41 1955 0 -0.93847807
Link 282 10 2051 0 2.35863660
Link 4 282 2188 0 -0.70618232
Link 20 55 2234 0 4.14623181
Link 39 57 2309 0 -2.79101394
Link 215 282 2886 0 0.80660226
Link 4 23 2968 0 -0.07577341
Link 33 418 3102 0 0.94562102
Link 418 39 3103 0 1.51784748
Link 41 12 3234 0 0.74963759
Link 4 437 3260 0 1.00000000
Link 437 14 3261 0 1.55706522
Link 50 50 3858 1 1.33267422
Link 55 54 3887 0 -1.35052560
Link 46 215 3972 1 -0.54466720
Link 100 57 4246 0 0.63369179
Link 39 215 4254 1 -0.21125049
Link 60 34 4289 0 2.45889660
Link 46 33 4341 0 -3.85853076
Link 62 22 4720 0 -0.21978461
Link 244 62 4729 0 0.19118806
Link 244 114 4747 0 -3.12099117
Link 60 54 4900 0 -0.33555028
Link 282 50 5238 0 3.36883580
GenomeEnd

