GenomeStart 63509
Neuron 1 1 0.00000000 1 0.00000000 0.00000000 0.00000000 0.00000000
Neuron 2 1 0.00000000 1 0.00000000 0.00000000 0.00000000 0.00000000
Neuron 3 1 0.00000000 1 0.00000000 0.00000000 0.00000000 0.00000000
Neuron 4 1 0.00000000 1 0.00000000 0.00000000 0.00000000 0.00000000
Neuron 5 1 0.00000000 1 0.00000000 0.00000000 0.00000000 0.00000000
Neuron 6 1 0.00000000 1 0.00000000 0.00000000 0.00000000 0.00000000
Neuron 7 1 0.00000000 1 0.00000000 0.00000000 0.00000000 0.00000000
Neuron 8 1 0.00000000 1 0.00000000 0.00000000 0.00000000 0.00000000
Neuron 9 2 0.00000000 1 0.00000000 0.00000000 0.00000000 0.00000000
Neuron 10 4 1.00000000 0 1.00000000 0.00000000 0.00000000 0.00000000
Neuron 11 4 1.00000000 0 1.00000000 0.00000000 0.00000000 0.00000000
Neuron 12 4 1.00000000 0 1.00000000 0.00000000 0.00000000 0.00000000
Neuron 13 4 1.00000000 0 1.00000000 0.00000000 0.00000000 0.00000000
Neuron 14 4 1.00000000 0 1.00000000 0.00000000 0.00000000 0.00000000
Neuron 15 4 1.00000000 0 1.00000000 0.00000000 0.00000000 0.00000000
Neuron 16 4 1.00000000 0 1.00000000 0.00000000 0.00000000 0.00000000
Neuron 18 3 0.50000000 1 1.00000000 0.00000000 0.00000000 0.00000000
Neuron 19 3 0.50000000 1 1.00000000 0.00000000 0.00000000 0.00000000
Neuron 21 3 0.50000000 1 1.00000000 0.00000000 0.00000000 0.00000000
Neuron 23 3 0.50000000 1 1.00000000 0.00000000 0.00000000 0.00000000
Neuron 25 3 0.50000000 1 1.00000000 0.00000000 0.00000000 0.00000000
Neuron 26 3 0.50000000 1 1.00000000 0.00000000 0.00000000 0.00000000
Neuron 40 3 0.50000000 1 1.00000000 0.00000000 0.00000000 0.00000000
Neuron 42 3 0.50000000 1 1.00000000 0.00000000 0.00000000 0.00000000
Neuron 43 3 0.50000000 1 1.00000000 0.00000000 0.00000000 0.00000000
Neuron 45 3 0.50000000 1 1.00000000 0.00000000 0.00000000 0.00000000
Neuron 52 3 0.50000000 1 1.00000000 0.00000000 0.00000000 0.00000000
Neuron 57 3 0.50000000 1 1.00000000 0.00000000 0.00000000 0.00000000
Neuron 58 3 0.50000000 1 1.00000000 0.00000000 0.00000000 0.00000000
Neuron 59 3 0.50000000 1 1.00000000 0.00000000 0.00000000 0.00000000
Neuron 74 3 0.50000000 1 1.00000000 0.00000000 0.00000000 0.00000000
Neuron 80 3 0.75000000 1 1.00000000 0.00000000 0.00000000 0.00000000
Neuron 82 3 0.50000000 1 1.00000000 0.00000000 0.00000000 0.00000000
Neuron 87 3 0.25000000 1 1.00000000 0.00000000 0.00000000 0.00000000
Neuron 90 3 0.50000000 1 1.00000000 0.00000000 0.00000000 0.00000000
Neuron 135 3 0.75000000 1 1.00000000 0.00000000 0.00000000 0.00000000
Neuron 147 3 0.75000000 1 1.00000000 0.00000000 0.00000000 0.00000000
Neuron 154 3 0.75000000 1 1.00000000 0.00000000 0.00000000 0.00000000
Neuron 164 3 0.25000000 1 1.00000000 0.00000000 0.00000000 0.00000000
Neuron 208 3 0.75000000 1 1.00000000 0.00000000 0.00000000 0.00000000
Neuron 249 3 0.25000000 1 1.00000000 0.00000000 0.00000000 0.00000000
Neuron 255 3 0.25000000 1 1.00000000 0.00000000 0.00000000 0.00000000
Neuron 256 3 0.37500000 1 1.00000000 0.00000000 0.00000000 0.00000000
Neuron 283 3 0.75000000 1 1.00000000 0.00000000 0.00000000 0.00000000
Neuron 296 3 0.50000000 1 1.00000000 0.00000000 0.00000000 0.00000000
Neuron 319 3 0.50000000 1 1.00000000 0.00000000 0.00000000 0.00000000
Neuron 379 3 0.12500000 1 1.00000000 0.00000000 0.00000000 0.00000000
Neuron 390 3 0.31250000 1 1.00000000 0.00000000 0.00000000 0.00000000
Neuron 391 3 0.62500000 1 1.00000000 0.00000000 0.00000000 0.00000000
Neuron 411 3 0.62500000 1 1.00000000 0.00000000 0.00000000 0.00000000
Neuron 456 3 0.50000000 1 1.00000000 0.00000000 0.00000000 0.00000000
Neuron 557 3 0.12500000 1 1.00000000 0.00000000 0.00000000 0.00000000
Neuron 568 3 0.50000000 1 1.00000000 0.00000000 0.00000000 0.00000000
Neuron 594 3 0.50000000 1 1.00000000 0.00000000 0.00000000 0.00000000
Neuron 634 3 0.06250000 1 1.00000000 0.00000000 0.00000000 0.00000000
Neuron 641 3 0.68750000 1 1.00000000 0.00000000 0.00000000 0.00000000
Neuron 715 3 0.03125000 1 1.00000000 0.00000000 0.00000000 0.00000000
Neuron 722 3 0.18750000 1 1.00000000 0.00000000 0.00000000 0.00000000
Neuron 779 3 0.68750000 1 1.00000000 0.00000000 0.00000000 0.00000000
Neuron 795 3 0.09375000 1 1.00000000 0.00000000 0.00000000 0.00000000
Link 1 10 1 0 -1.06220778
Link 2 10 2 0 0.79992925
Link 6 10 6 0 1.96266466
Link 7 10 7 0 3.68575402
Link 8 10 8 0 1.98553012
Link 9 10 9 0 -0.61777650
Link 1 11 10 0 -3.46269257
Link 2 11 11 0 1.99260456
Link 3 11 12 0 3.68902797
Link 5 11 14 0 3.76064666
Link 9 11 18 0 2.44536520
Link 1 12 19 0 -1.78488018
Link 3 12 21 0 -0.57203302
Link 5 12 23 0 0.06290434
Link 6 12 24 0 -4.47127744
Link 7 12 25 0 -0.19998260
Link 8 12 26 0 -2.13870659
Link 9 12 27 0 0.13484615
Link 1 13 28 0 -2.08726255
Link 3 13 30 0 0.12329203
Link 4 13 31 0 -3.03035871
Link 6 13 33 0 -2.41261878
Link 7 13 34 0 1.71471968
Link 9 13 36 0 2.20260156
Link 1 14 37 0 2.66012043
Link 3 14 39 0 -1.56888771
Link 4 14 40 0 -4.72832706
Link 9 14 45 0 -2.71760102
Link 2 15 47 0 3.50075493
Link 4 15 49 0 2.89392859
Link 6 15 51 0 2.54366919
Link 9 15 54 0 3.92746810
Link 3 16 57 0 -2.70557418
Link 8 16 62 0 6.73873656
Link 9 16 63 0 1.12305287
Link 18 11 69 0 -4.33453821
Link 1 19 71 0 -0.70623743
Link 19 15 72 0 -2.89881984
Link 2 21 77 0 1.79565389
Link 6 23 84 0 1.98115766
Link 7 25 91 0 1.05380803
Link 25 14 92 0 4.52611077
Link 7 26 95 0 1.23684002
Link 26 15 96 0 1.28783756
Link 7 40 138 0 -0.17474551
Link 40 16 139 0 1.36564035
Link 2 42 145 0 1.32369398
Link 42 16 146 0 -0.26724801
Link 8 43 148 0 1.31601857
Link 43 13 149 0 -1.01260436
Link 5 45 154 0 1.07048142
Link 13 13 197 1 3.21292668
Link 8 57 206 0 3.01302062
Link 57 11 207 0 0.09086246
Link 2 58 210 0 2.17639792
Link 1 59 213 0 1.23072969
Link 59 16 214 0 -3.14833389
Link 5 74 307 0 0.65717581
Link 74 16 308 0 -1.54784828
Link 3 18 354 0 -3.04258574
Link 52 80 359 0 -1.58308364
Link 80 16 360 0 4.38500317
Link 21 21 421 1 0.30926942
Link 10 18 426 1 -0.99001154
Link 90 15 437 0 0.74175091
Link 6 25 449 0 1.50524886
Link 7 58 515 0 4.37406641
Link 15 52 639 1 -2.46651770
Link 135 13 837 0 -2.52988572
Link 23 147 921 0 -0.85458532
Link 147 14 922 0 1.08396824
Link 21 154 970 0 0.77459648
Link 154 12 971 0 0.76011651
Link 6 164 1056 0 0.16741287
Link 164 52 1057 0 2.54285579
Link 58 15 1155 0 -3.69365755
Link 18 16 1180 0 -2.82582276
Link 12 58 1242 1 4.59146954
Link 58 11 1368 0 -0.57898736
Link 208 14 1388 0 1.91167923
Link 18 87 1456 1 2.12899370
Link 8 249 1700 0 1.00000000
Link 249 82 1701 0 1.06893898
Link 255 90 1743 0 0.72413399
Link 256 18 1749 0 -2.00929216
Link 45 283 1979 0 1.00000000
Link 283 14 1980 0 0.71539916
Link 296 23 2069 0 1.31608910
Link 18 319 2258 0 0.76346955
Link 319 58 2259 0 -0.97443235
Link 19 90 2396 0 -3.02670530
Link 5 379 2801 0 1.39858012
Link 87 390 2872 0 1.00000000
Link 390 256 2873 0 -0.35461229
Link 82 391 2882 0 1.00000000
Link 80 208 2945 0 -1.59426706
Link 90 57 3018 0 0.35176141
Link 45 87 3061 1 0.89469044
Link 58 411 3093 0 1.00000000
Link 16 256 3123 1 -0.34042232
Link 4 255 3197 0 0.06755117
Link 8 319 3351 0 1.06936929
Link 456 296 3455 0 0.09517444
Link 296 40 3716 0 -2.37305048
Link 147 296 4222 1 -3.22459062
Link 557 87 4364 0 -1.08226113
Link 58 568 4454 0 0.72100450
Link 379 59 4577 0 -2.97599278
Link 568 15 4615 0 -3.25096591
Link 557 456 4630 0 1.62141056
Link 568 594 4691 0 1.00000000
Link 594 456 4692 0 1.01582726
Link 45 26 4735 0 -1.50128824
Link 411 641 5181 0 0.22783341
Link 641 135 5182 0 1.54960830
Link 90 87 5314 1 0.56927447
Link 557 634 5563 1 -2.05286932
Link 5 715 5826 0 1.00000000
Link 715 634 5827 0 1.18870368
Link 379 722 5868 0 1.00000000
Link 722 255 5869 0 2.05070546
Link 154 208 6096 0 -0.09669765
Link 391 779 6329 0 1.00000000
Link 779 208 6330 0 -0.31675399
Link 634 795 6485 0 1.00000000
Link 795 557 6486 0 -0.24946442
GenomeEnd

