GenomeStart 176
Neuron 1 1 0.00000000 1 0.00000000 0.00000000 0.00000000 0.00000000
Neuron 2 1 0.00000000 1 0.00000000 0.00000000 0.00000000 0.00000000
Neuron 3 1 0.00000000 1 0.00000000 0.00000000 0.00000000 0.00000000
Neuron 4 1 0.00000000 1 0.00000000 0.00000000 0.00000000 0.00000000
Neuron 5 1 0.00000000 1 0.00000000 0.00000000 0.00000000 0.00000000
Neuron 6 1 0.00000000 1 0.00000000 0.00000000 0.00000000 0.00000000
Neuron 7 1 0.00000000 1 0.00000000 0.00000000 0.00000000 0.00000000
Neuron 8 1 0.00000000 1 0.00000000 0.00000000 0.00000000 0.00000000
Neuron 9 2 0.00000000 1 0.00000000 0.00000000 0.00000000 0.00000000
Neuron 10 4 1.00000000 0 1.00000000 0.00000000 0.00000000 0.00000000
Neuron 11 4 1.00000000 0 1.00000000 0.00000000 0.00000000 0.00000000
Neuron 12 4 1.00000000 0 1.00000000 0.00000000 0.00000000 0.00000000
Neuron 13 4 1.00000000 0 1.00000000 0.00000000 0.00000000 0.00000000
Neuron 14 4 1.00000000 0 1.00000000 0.00000000 0.00000000 0.00000000
Neuron 15 4 1.00000000 0 1.00000000 0.00000000 0.00000000 0.00000000
Neuron 16 4 1.00000000 0 1.00000000 0.00000000 0.00000000 0.00000000
Link 1 10 1 0 -0.77852106
Link 2 10 2 0 -0.12610435
Link 3 10 3 0 -0.61386710
Link 4 10 4 0 0.75538613
Link 5 10 5 0 0.80867540
Link 6 10 6 0 0.09276763
Link 7 10 7 0 -0.50953653
Link 8 10 8 0 0.31597334
Link 9 10 9 0 0.35684602
Link 1 11 10 0 -0.46721700
Link 2 11 11 0 -0.56408070
Link 3 11 12 0 0.05644656
Link 4 11 13 0 -0.72343946
Link 5 11 14 0 0.35977914
Link 6 11 15 0 -0.08752688
Link 7 11 16 0 -0.31873884
Link 8 11 17 0 -0.49754070
Link 9 11 18 0 -0.36856350
Link 1 12 19 0 -0.53622089
Link 2 12 20 0 -0.63268204
Link 3 12 21 0 0.09258052
Link 4 12 22 0 -0.02708109
Link 5 12 23 0 -0.10529120
Link 6 12 24 0 -0.98467993
Link 7 12 25 0 0.82112253
Link 8 12 26 0 0.61857087
Link 9 12 27 0 -0.40994166
Link 1 13 28 0 0.32075892
Link 2 13 29 0 0.42049364
Link 3 13 30 0 0.75968594
Link 4 13 31 0 0.20050179
Link 5 13 32 0 -0.36107089
Link 6 13 33 0 0.07726158
Link 7 13 34 0 0.01357887
Link 8 13 35 0 0.55943803
Link 9 13 36 0 -0.05738604
Link 1 14 37 0 -0.54950669
Link 2 14 38 0 -0.52266886
Link 3 14 39 0 0.55892105
Link 4 14 40 0 0.78525830
Link 5 14 41 0 -0.28374109
Link 6 14 42 0 0.30396838
Link 7 14 43 0 -0.05133719
Link 8 14 44 0 -0.45750689
Link 9 14 45 0 0.87197700
Link 1 15 46 0 0.17122840
Link 2 15 47 0 -0.42868725
Link 3 15 48 0 0.11995059
Link 4 15 49 0 0.07897026
Link 5 15 50 0 -0.57911946
Link 6 15 51 0 0.09816293
Link 7 15 52 0 -0.34789514
Link 8 15 53 0 0.50339605
Link 9 15 54 0 -1.17813201
Link 1 16 55 0 0.51364323
Link 2 16 56 0 1.20913285
Link 3 16 57 0 0.44617737
Link 4 16 58 0 0.21364238
Link 5 16 59 0 -0.24821279
Link 6 16 60 0 -0.18052614
Link 7 16 61 0 0.43802325
Link 8 16 62 0 -0.86705204
Link 9 16 63 0 -0.08775568
GenomeEnd

