GenomeStart 599
Neuron 1 1 0.00000000 1 0.00000000 0.00000000 0.00000000 0.00000000
Neuron 2 1 0.00000000 1 0.00000000 0.00000000 0.00000000 0.00000000
Neuron 3 1 0.00000000 1 0.00000000 0.00000000 0.00000000 0.00000000
Neuron 4 1 0.00000000 1 0.00000000 0.00000000 0.00000000 0.00000000
Neuron 5 1 0.00000000 1 0.00000000 0.00000000 0.00000000 0.00000000
Neuron 6 1 0.00000000 1 0.00000000 0.00000000 0.00000000 0.00000000
Neuron 7 1 0.00000000 1 0.00000000 0.00000000 0.00000000 0.00000000
Neuron 8 1 0.00000000 1 0.00000000 0.00000000 0.00000000 0.00000000
Neuron 9 2 0.00000000 1 0.00000000 0.00000000 0.00000000 0.00000000
Neuron 10 4 1.00000000 0 1.00000000 0.00000000 0.00000000 0.00000000
Neuron 11 4 1.00000000 0 1.00000000 0.00000000 0.00000000 0.00000000
Neuron 12 4 1.00000000 0 1.00000000 0.00000000 0.00000000 0.00000000
Neuron 13 4 1.00000000 0 1.00000000 0.00000000 0.00000000 0.00000000
Neuron 14 4 1.00000000 0 1.00000000 0.00000000 0.00000000 0.00000000
Neuron 15 4 1.00000000 0 1.00000000 0.00000000 0.00000000 0.00000000
Neuron 16 4 1.00000000 0 1.00000000 0.00000000 0.00000000 0.00000000
Link 1 10 1 0 -1.32028351
Link 2 10 2 0 0.71281697
Link 3 10 3 0 -0.37548054
Link 4 10 4 0 1.67036046
Link 5 10 5 0 -1.95843964
Link 6 10 6 0 1.45483570
Link 7 10 7 0 -0.75112129
Link 8 10 8 0 -0.21532220
Link 9 10 9 0 -0.94897302
Link 1 11 10 0 3.31472878
Link 2 11 11 0 0.73242508
Link 3 11 12 0 -0.47600718
Link 4 11 13 0 -1.83003730
Link 5 11 14 0 -0.22341808
Link 6 11 15 0 3.63068127
Link 7 11 16 0 -1.63697761
Link 8 11 17 0 -0.40056766
Link 9 11 18 0 -0.97595421
Link 1 12 19 0 1.04752961
Link 2 12 20 0 -2.09313870
Link 3 12 21 0 -0.24272978
Link 4 12 22 0 -0.43773710
Link 5 12 23 0 1.67158773
Link 6 12 24 0 -0.87117567
Link 7 12 25 0 -1.08740986
Link 8 12 26 0 0.26931385
Link 9 12 27 0 -0.81196370
Link 1 13 28 0 1.54373661
Link 2 13 29 0 1.67173156
Link 3 13 30 0 -0.17948426
Link 4 13 31 0 -0.00704743
Link 5 13 32 0 -2.40068072
Link 6 13 33 0 1.73454007
Link 7 13 34 0 -0.06999348
Link 8 13 35 0 4.57570848
Link 9 13 36 0 -0.73690268
Link 1 14 37 0 0.06975897
Link 2 14 38 0 -0.87084564
Link 3 14 39 0 0.00391135
Link 4 14 40 0 0.25423130
Link 5 14 41 0 3.03433172
Link 6 14 42 0 2.73727066
Link 7 14 43 0 -3.83168446
Link 8 14 44 0 -0.70120772
Link 9 14 45 0 -0.50104795
Link 1 15 46 0 3.06124521
Link 2 15 47 0 -0.21443781
Link 3 15 48 0 -0.66895986
Link 4 15 49 0 -0.10811629
Link 5 15 50 0 0.48395469
Link 6 15 51 0 3.02151947
Link 7 15 52 0 0.30529622
Link 8 15 53 0 -0.96580950
Link 9 15 54 0 0.31927617
Link 1 16 55 0 2.19087137
Link 2 16 56 0 -0.35075653
Link 3 16 57 0 1.12528360
Link 4 16 58 0 -0.75811188
Link 5 16 59 0 1.39862821
Link 6 16 60 0 1.95206977
Link 7 16 61 0 0.11517919
Link 8 16 62 0 -1.10534988
Link 9 16 63 0 -1.56170671
GenomeEnd

