GenomeStart 106919
Neuron 1 1 0.00000000 1 0.00000000 0.00000000 0.00000000 0.00000000
Neuron 2 1 0.00000000 1 0.00000000 0.00000000 0.00000000 0.00000000
Neuron 3 1 0.00000000 1 0.00000000 0.00000000 0.00000000 0.00000000
Neuron 4 1 0.00000000 1 0.00000000 0.00000000 0.00000000 0.00000000
Neuron 5 1 0.00000000 1 0.00000000 0.00000000 0.00000000 0.00000000
Neuron 6 1 0.00000000 1 0.00000000 0.00000000 0.00000000 0.00000000
Neuron 7 1 0.00000000 1 0.00000000 0.00000000 0.00000000 0.00000000
Neuron 8 1 0.00000000 1 0.00000000 0.00000000 0.00000000 0.00000000
Neuron 9 2 0.00000000 1 0.00000000 0.00000000 0.00000000 0.00000000
Neuron 10 4 1.00000000 0 1.00000000 0.00000000 0.00000000 0.00000000
Neuron 11 4 1.00000000 0 1.00000000 0.00000000 0.00000000 0.00000000
Neuron 12 4 1.00000000 0 1.00000000 0.00000000 0.00000000 0.00000000
Neuron 13 4 1.00000000 0 1.00000000 0.00000000 0.00000000 0.00000000
Neuron 14 4 1.00000000 0 1.00000000 0.00000000 0.00000000 0.00000000
Neuron 15 4 1.00000000 0 1.00000000 0.00000000 0.00000000 0.00000000
Neuron 16 4 1.00000000 0 1.00000000 0.00000000 0.00000000 0.00000000
Neuron 20 3 0.50000000 1 1.00000000 0.00000000 0.00000000 0.00000000
Neuron 21 3 0.50000000 1 1.00000000 0.00000000 0.00000000 0.00000000
Neuron 22 3 0.50000000 1 1.00000000 0.00000000 0.00000000 0.00000000
Neuron 43 3 0.50000000 1 1.00000000 0.00000000 0.00000000 0.00000000
Neuron 49 3 0.50000000 1 1.00000000 0.00000000 0.00000000 0.00000000
Neuron 54 3 0.50000000 1 1.00000000 0.00000000 0.00000000 0.00000000
Neuron 56 3 0.75000000 1 1.00000000 0.00000000 0.00000000 0.00000000
Neuron 73 3 0.25000000 1 1.00000000 0.00000000 0.00000000 0.00000000
Neuron 80 3 0.87500000 1 1.00000000 0.00000000 0.00000000 0.00000000
Neuron 108 3 0.50000000 1 1.00000000 0.00000000 0.00000000 0.00000000
Neuron 117 3 0.75000000 1 1.00000000 0.00000000 0.00000000 0.00000000
Neuron 161 3 0.75000000 1 1.00000000 0.00000000 0.00000000 0.00000000
Neuron 167 3 0.62500000 1 1.00000000 0.00000000 0.00000000 0.00000000
Neuron 171 3 0.37500000 1 1.00000000 0.00000000 0.00000000 0.00000000
Neuron 181 3 0.25000000 1 1.00000000 0.00000000 0.00000000 0.00000000
Neuron 185 3 0.56250000 1 1.00000000 0.00000000 0.00000000 0.00000000
Neuron 191 3 0.62500000 1 1.00000000 0.00000000 0.00000000 0.00000000
Neuron 202 3 0.50000000 1 1.00000000 0.00000000 0.00000000 0.00000000
Neuron 220 3 0.18750000 1 1.00000000 0.00000000 0.00000000 0.00000000
Neuron 294 3 0.37500000 1 1.00000000 0.00000000 0.00000000 0.00000000
Neuron 314 3 0.65625000 1 1.00000000 0.00000000 0.00000000 0.00000000
Neuron 318 3 0.81250000 1 1.00000000 0.00000000 0.00000000 0.00000000
Neuron 329 3 0.75000000 1 1.00000000 0.00000000 0.00000000 0.00000000
Neuron 352 3 0.56250000 1 1.00000000 0.00000000 0.00000000 0.00000000
Neuron 364 3 0.28125000 1 1.00000000 0.00000000 0.00000000 0.00000000
Neuron 373 3 0.68750000 1 1.00000000 0.00000000 0.00000000 0.00000000
Neuron 389 3 0.68750000 1 1.00000000 0.00000000 0.00000000 0.00000000
Neuron 399 3 0.71875000 1 1.00000000 0.00000000 0.00000000 0.00000000
Neuron 427 3 0.75000000 1 1.00000000 0.00000000 0.00000000 0.00000000
Neuron 432 3 0.50000000 1 1.00000000 0.00000000 0.00000000 0.00000000
Neuron 442 3 0.75000000 1 1.00000000 0.00000000 0.00000000 0.00000000
Neuron 443 3 0.50000000 1 1.00000000 0.00000000 0.00000000 0.00000000
Neuron 446 3 0.25000000 1 1.00000000 0.00000000 0.00000000 0.00000000
Neuron 450 3 0.25000000 1 1.00000000 0.00000000 0.00000000 0.00000000
Neuron 488 3 0.14062500 1 1.00000000 0.00000000 0.00000000 0.00000000
Neuron 500 3 0.43750000 1 1.00000000 0.00000000 0.00000000 0.00000000
Neuron 501 3 0.07031250 1 1.00000000 0.00000000 0.00000000 0.00000000
Neuron 504 3 0.18750000 1 1.00000000 0.00000000 0.00000000 0.00000000
Neuron 543 3 0.21093750 1 1.00000000 0.00000000 0.00000000 0.00000000
Neuron 549 3 0.43750000 1 1.00000000 0.00000000 0.00000000 0.00000000
Neuron 551 3 0.37500000 1 1.00000000 0.00000000 0.00000000 0.00000000
Neuron 585 3 0.50000000 1 1.00000000 0.00000000 0.00000000 0.00000000
Neuron 593 3 0.10546875 1 1.00000000 0.00000000 0.00000000 0.00000000
Neuron 602 3 0.50000000 1 1.00000000 0.00000000 0.00000000 0.00000000
Neuron 608 3 0.28515625 1 1.00000000 0.00000000 0.00000000 0.00000000
Neuron 617 3 0.45312500 1 1.00000000 0.00000000 0.00000000 0.00000000
Neuron 686 3 0.93750000 1 1.00000000 0.00000000 0.00000000 0.00000000
Neuron 690 3 0.57031250 1 1.00000000 0.00000000 0.00000000 0.00000000
Neuron 703 3 0.37500000 1 1.00000000 0.00000000 0.00000000 0.00000000
Neuron 706 3 0.07031250 1 1.00000000 0.00000000 0.00000000 0.00000000
Neuron 737 3 0.03515625 1 1.00000000 0.00000000 0.00000000 0.00000000
Neuron 754 3 0.75000000 1 1.00000000 0.00000000 0.00000000 0.00000000
Neuron 764 3 0.24609375 1 1.00000000 0.00000000 0.00000000 0.00000000
Neuron 789 3 0.25000000 1 1.00000000 0.00000000 0.00000000 0.00000000
Neuron 801 3 0.87500000 1 1.00000000 0.00000000 0.00000000 0.00000000
Neuron 843 3 0.68750000 1 1.00000000 0.00000000 0.00000000 0.00000000
Neuron 846 3 0.28125000 1 1.00000000 0.00000000 0.00000000 0.00000000
Neuron 848 3 0.18750000 1 1.00000000 0.00000000 0.00000000 0.00000000
Neuron 873 3 0.10546875 1 1.00000000 0.00000000 0.00000000 0.00000000
Neuron 880 3 0.62500000 1 1.00000000 0.00000000 0.00000000 0.00000000
Neuron 894 3 0.28515625 1 1.00000000 0.00000000 0.00000000 0.00000000
Neuron 895 3 0.32812500 1 1.00000000 0.00000000 0.00000000 0.00000000
Neuron 923 3 0.09375000 1 1.00000000 0.00000000 0.00000000 0.00000000
Neuron 928 3 0.37500000 1 1.00000000 0.00000000 0.00000000 0.00000000
Neuron 982 3 0.18750000 1 1.00000000 0.00000000 0.00000000 0.00000000
Neuron 1006 3 0.50000000 1 1.00000000 0.00000000 0.00000000 0.00000000
Neuron 1047 3 0.09375000 1 1.00000000 0.00000000 0.00000000 0.00000000
Neuron 1086 3 0.56250000 1 1.00000000 0.00000000 0.00000000 0.00000000
Neuron 1091 3 0.01757812 1 1.00000000 0.00000000 0.00000000 0.00000000
Neuron 1092 3 0.70312500 1 1.00000000 0.00000000 0.00000000 0.00000000
Neuron 1094 3 0.35546875 1 1.00000000 0.00000000 0.00000000 0.00000000
Neuron 1102 3 0.56250000 1 1.00000000 0.00000000 0.00000000 0.00000000
Neuron 1107 3 0.81250000 1 1.00000000 0.00000000 0.00000000 0.00000000
Neuron 1114 3 0.18750000 1 1.00000000 0.00000000 0.00000000 0.00000000
Neuron 1121 3 0.12304688 1 1.00000000 0.00000000 0.00000000 0.00000000
Neuron 1136 3 0.12500000 1 1.00000000 0.00000000 0.00000000 0.00000000
Neuron 1140 3 0.04687500 1 1.00000000 0.00000000 0.00000000 0.00000000
Neuron 1159 3 0.68750000 1 1.00000000 0.00000000 0.00000000 0.00000000
Neuron 1166 3 0.46875000 1 1.00000000 0.00000000 0.00000000 0.00000000
Neuron 1169 3 0.39257812 1 1.00000000 0.00000000 0.00000000 0.00000000
Neuron 1176 3 0.71875000 1 1.00000000 0.00000000 0.00000000 0.00000000
Neuron 1187 3 0.25000000 1 1.00000000 0.00000000 0.00000000 0.00000000
Neuron 1196 3 0.41796875 1 1.00000000 0.00000000 0.00000000 0.00000000
Neuron 1213 3 0.68750000 1 1.00000000 0.00000000 0.00000000 0.00000000
Neuron 1227 3 0.53125000 1 1.00000000 0.00000000 0.00000000 0.00000000
Neuron 1269 3 0.17773438 1 1.00000000 0.00000000 0.00000000 0.00000000
Neuron 1340 3 0.87500000 1 1.00000000 0.00000000 0.00000000 0.00000000
Neuron 1342 3 0.14062500 1 1.00000000 0.00000000 0.00000000 0.00000000
Neuron 1356 3 0.78515625 1 1.00000000 0.00000000 0.00000000 0.00000000
Neuron 1372 3 0.39257812 1 1.00000000 0.00000000 0.00000000 0.00000000
Neuron 1373 3 0.70312500 1 1.00000000 0.00000000 0.00000000 0.00000000
Neuron 1446 3 0.46289062 1 1.00000000 0.00000000 0.00000000 0.00000000
Neuron 1448 3 0.28125000 1 1.00000000 0.00000000 0.00000000 0.00000000
Neuron 1503 3 0.65625000 1 1.00000000 0.00000000 0.00000000 0.00000000
Neuron 1539 3 0.62500000 1 1.00000000 0.00000000 0.00000000 0.00000000
Neuron 1562 3 0.67187500 1 1.00000000 0.00000000 0.00000000 0.00000000
Neuron 1609 3 0.18750000 1 1.00000000 0.00000000 0.00000000 0.00000000
Neuron 1625 3 0.50000000 1 1.00000000 0.00000000 0.00000000 0.00000000
Neuron 1628 3 0.33398438 1 1.00000000 0.00000000 0.00000000 0.00000000
Neuron 1629 3 0.16601562 1 1.00000000 0.00000000 0.00000000 0.00000000
Neuron 1665 3 0.71093750 1 1.00000000 0.00000000 0.00000000 0.00000000
Neuron 1672 3 0.12304688 1 1.00000000 0.00000000 0.00000000 0.00000000
Neuron 1749 3 0.68750000 1 1.00000000 0.00000000 0.00000000 0.00000000
Neuron 1760 3 0.51562500 1 1.00000000 0.00000000 0.00000000 0.00000000
Neuron 1764 3 0.42773438 1 1.00000000 0.00000000 0.00000000 0.00000000
Neuron 1778 3 0.54687500 1 1.00000000 0.00000000 0.00000000 0.00000000
Neuron 1785 3 0.42187500 1 1.00000000 0.00000000 0.00000000 0.00000000
Neuron 1828 3 0.46875000 1 1.00000000 0.00000000 0.00000000 0.00000000
Neuron 1873 3 0.50000000 1 1.00000000 0.00000000 0.00000000 0.00000000
Neuron 1911 3 0.56054688 1 1.00000000 0.00000000 0.00000000 0.00000000
Neuron 1950 3 0.42187500 1 1.00000000 0.00000000 0.00000000 0.00000000
Neuron 1954 3 0.29687500 1 1.00000000 0.00000000 0.00000000 0.00000000
Neuron 2007 3 0.23437500 1 1.00000000 0.00000000 0.00000000 0.00000000
Neuron 2073 3 0.53125000 1 1.00000000 0.00000000 0.00000000 0.00000000
Neuron 2118 3 0.81250000 1 1.00000000 0.00000000 0.00000000 0.00000000
Neuron 2121 3 0.60937500 1 1.00000000 0.00000000 0.00000000 0.00000000
Neuron 2169 3 0.66406250 1 1.00000000 0.00000000 0.00000000 0.00000000
Neuron 2180 3 0.16406250 1 1.00000000 0.00000000 0.00000000 0.00000000
Neuron 2294 3 0.53906250 1 1.00000000 0.00000000 0.00000000 0.00000000
Neuron 2421 3 0.57812500 1 1.00000000 0.00000000 0.00000000 0.00000000
Neuron 2430 3 0.53515625 1 1.00000000 0.00000000 0.00000000 0.00000000
Neuron 2474 3 0.53906250 1 1.00000000 0.00000000 0.00000000 0.00000000
Neuron 2487 3 0.47265625 1 1.00000000 0.00000000 0.00000000 0.00000000
Neuron 2528 3 0.73437500 1 1.00000000 0.00000000 0.00000000 0.00000000
Neuron 2669 3 0.72656250 1 1.00000000 0.00000000 0.00000000 0.00000000
Link 1 10 1 0 0.97668384
Link 2 10 2 0 -1.42371028
Link 3 10 3 0 -0.92678387
Link 7 10 7 0 -3.52108799
Link 8 10 8 0 -1.25707503
Link 9 10 9 0 -2.95965814
Link 1 11 10 0 1.25799523
Link 2 11 11 0 -5.31058715
Link 3 11 12 0 2.91877212
Link 5 11 14 0 -1.36285798
Link 6 11 15 0 1.52118226
Link 7 11 16 0 0.83877497
Link 8 11 17 0 1.75304003
Link 9 11 18 0 -2.41864180
Link 1 12 19 0 2.58927751
Link 2 12 20 0 2.12931927
Link 3 12 21 0 -1.49320854
Link 4 12 22 0 1.75023344
Link 6 12 24 0 2.26277783
Link 7 12 25 0 -3.64847575
Link 9 12 27 0 -0.91860137
Link 1 13 28 0 4.17623193
Link 2 13 29 0 -4.15837720
Link 3 13 30 0 0.29364422
Link 5 13 32 0 2.29369872
Link 6 13 33 0 -0.47897736
Link 7 13 34 0 4.09668638
Link 8 13 35 0 3.01078683
Link 9 13 36 0 -0.82968210
Link 1 14 37 0 -1.69178094
Link 2 14 38 0 -2.92107961
Link 3 14 39 0 0.76126369
Link 4 14 40 0 -1.12792451
Link 5 14 41 0 2.29918479
Link 6 14 42 0 2.23289442
Link 7 14 43 0 1.31153202
Link 9 14 45 0 4.31370766
Link 1 15 46 0 -0.91486751
Link 3 15 48 0 -1.29583022
Link 4 15 49 0 -2.01561658
Link 5 15 50 0 -2.68847450
Link 6 15 51 0 -1.02410318
Link 7 15 52 0 0.66032787
Link 1 16 55 0 1.17285485
Link 3 16 57 0 0.81315164
Link 5 16 59 0 -6.15234833
Link 8 16 62 0 0.12963214
Link 9 16 63 0 -3.15048980
Link 4 20 74 0 3.93049398
Link 20 13 75 0 2.49243682
Link 2 21 77 0 1.61369290
Link 6 22 80 0 0.83790833
Link 22 10 81 0 0.03792934
Link 5 43 146 0 -1.01239928
Link 43 10 147 0 0.17836726
Link 49 16 167 0 -0.21364344
Link 14 20 271 1 -0.66747504
Link 8 73 298 0 0.99532194
Link 73 54 299 0 -4.80964265
Link 80 13 344 0 -1.46667752
Link 10 56 381 1 3.90593073
Link 12 12 440 1 1.02638643
Link 7 56 522 0 -2.28667469
Link 117 12 655 0 0.15688966
Link 2 43 685 0 -5.10542924
Link 161 54 1032 1 -0.52732882
Link 6 181 1190 0 1.22062831
Link 181 54 1191 0 0.35487973
Link 171 185 1224 0 -1.41828113
Link 54 13 1282 0 0.20054512
Link 15 117 1321 1 -1.31583660
Link 1 220 1446 0 1.59552438
Link 220 171 1447 0 1.78595357
Link 2 54 1697 0 -0.08784285
Link 54 171 1803 1 1.71707079
Link 117 56 1932 0 -2.45580389
Link 3 20 1938 0 2.05169950
Link 294 56 2032 0 -2.04981360
Link 185 314 2188 0 0.83269807
Link 56 318 2211 0 1.11952965
Link 318 80 2212 0 1.03608589
Link 16 49 2227 1 -0.07011276
Link 108 329 2275 0 0.80698757
Link 4 108 2377 0 4.73954088
Link 54 352 2418 0 -0.42003415
Link 352 191 2419 0 -0.77352399
Link 364 185 2472 0 -1.20458185
Link 80 373 2536 1 1.47786409
Link 373 108 2537 1 -2.27188568
Link 191 389 2672 0 0.38486052
Link 9 185 2685 0 1.53906547
Link 80 191 2732 1 0.74895948
Link 399 117 2735 0 -0.65651473
Link 21 427 2929 0 0.82409441
Link 427 15 2930 0 0.45189764
Link 432 54 2956 0 -3.00821842
Link 56 442 3005 1 1.00000000
Link 442 56 3006 1 1.41416322
Link 108 443 3009 0 0.46582620
Link 443 202 3010 0 2.34253265
Link 7 446 3035 0 1.03424609
Link 446 20 3036 0 -0.30199812
Link 4 450 3052 0 3.13878935
Link 450 108 3053 0 -1.01019608
Link 3 364 3098 0 -3.78609494
Link 500 171 3357 1 2.45635908
Link 117 488 3540 1 -0.90032617
Link 20 202 3599 0 2.94621583
Link 488 543 3661 0 0.49700865
Link 294 549 3707 0 0.82808349
Link 549 21 3708 0 0.04107707
Link 5 551 3729 0 -0.09797017
Link 551 551 3758 1 0.56129656
Link 202 585 3974 0 1.00538256
Link 585 443 3975 0 2.07393839
Link 501 593 4029 0 1.15219645
Link 21 108 4031 0 2.85707712
Link 108 602 4084 0 1.53041875
Link 602 20 4085 0 -0.32518654
Link 608 443 4115 0 -2.84198774
Link 364 617 4161 0 0.26811598
Link 617 191 4162 0 0.56995284
Link 9 364 4611 0 -0.09882138
Link 11 686 4641 1 0.99928681
Link 686 80 4642 1 0.00156282
Link 171 703 4745 1 0.92646391
Link 703 171 4746 1 0.05875542
Link 7 706 4765 0 1.57668398
Link 549 185 4810 0 -0.61023027
Link 7 191 4937 0 0.11653888
Link 427 754 5078 1 0.82212105
Link 754 427 5079 1 -3.53781299
Link 543 764 5151 0 0.83811581
Link 764 364 5152 0 2.45155227
Link 549 549 5233 1 1.65779268
Link 329 801 5357 0 1.32243982
Link 801 10 5358 0 -0.23600827
Link 543 191 5500 0 2.57046703
Link 167 843 5688 0 -0.15725702
Link 843 56 5689 0 0.23347226
Link 504 846 5700 0 1.61168908
Link 1 848 5716 0 1.09401638
Link 848 294 5717 0 3.84239378
Link 706 185 5880 0 0.64977718
Link 706 873 5906 0 0.93374463
Link 450 364 5908 0 -2.17594850
Link 20 880 5968 0 1.21353429
Link 880 427 5969 0 -2.50874048
Link 894 501 6065 1 -4.17262243
Link 846 895 6080 0 1.15718779
Link 895 294 6081 0 1.28415165
Link 501 10 6180 0 0.16293889
Link 171 488 6215 1 0.44585661
Link 7 923 6324 0 0.80370676
Link 923 504 6325 0 0.10911513
Link 789 928 6357 0 1.18371759
Link 928 21 6358 0 1.77539655
Link 488 880 6359 0 3.93143159
Link 1 551 6505 0 -0.54473473
Link 501 801 6630 0 -0.95147470
Link 450 450 6670 1 -0.00500802
Link 4 982 6720 0 1.00250768
Link 549 1006 6926 0 0.78661830
Link 8 389 7234 0 -0.43653553
Link 11 427 7377 1 -1.61656520
Link 608 789 7466 1 -5.30415657
Link 880 1086 7539 1 0.22481217
Link 1086 21 7540 1 0.18410496
Link 8 1091 7592 0 1.09875435
Link 1091 737 7593 0 0.52261892
Link 314 1092 7595 0 1.00000000
Link 1094 488 7618 1 -0.86074429
Link 2 1091 7656 0 -0.99888286
Link 15 1107 7714 1 -0.47936160
Link 7 1114 7766 0 0.72767285
Link 1114 294 7767 0 0.12825154
Link 4 593 7791 0 -3.02784981
Link 3 549 7794 0 -1.08415798
Link 488 504 7811 0 -2.41481242
Link 593 1121 7813 0 1.03315131
Link 1121 488 7814 0 0.85161358
Link 8 1136 7956 0 1.51465616
Link 1 1140 7990 0 0.80104845
Link 1140 1047 7991 0 3.55012491
Link 551 450 8089 1 -3.20379445
Link 373 1159 8091 1 1.14682032
Link 1159 373 8092 1 2.51081076
Link 551 1166 8135 0 2.35186918
Link 1166 1102 8136 0 0.29724709
Link 1169 894 8164 1 -0.29997218
Link 1107 1176 8217 1 0.93836712
Link 1176 191 8218 1 1.49544914
Link 1 1187 8293 0 1.02471025
Link 1187 602 8294 0 0.94961769
Link 543 1196 8341 0 0.84650199
Link 1196 167 8342 0 3.04486316
Link 11 1213 8457 1 0.90431103
Link 202 202 8666 1 -0.77706994
Link 501 1269 8882 0 1.00000000
Link 1269 608 8883 0 0.58709551
Link 191 1166 8998 1 -2.10550419
Link 880 167 9017 0 -1.56916623
Link 117 399 9036 1 -3.63820591
Link 171 329 9060 0 -2.49111766
Link 3 764 9082 0 1.38080438
Link 894 450 9179 1 -1.93943375
Link 501 1107 9191 0 -1.79980703
Link 1114 399 9343 0 -2.33376367
Link 12 1340 9382 1 1.86496380
Link 1047 1342 9393 0 0.44269943
Link 10 1356 9488 1 0.50112763
Link 1356 690 9489 1 1.15756337
Link 602 737 9575 1 -1.47691284
Link 894 1372 9590 0 0.89853627
Link 1372 108 9591 0 1.53859429
Link 389 1373 9593 0 1.26261526
Link 16 314 9660 1 0.38072374
Link 706 1136 9715 0 -1.14061459
Link 617 202 9795 0 1.27492352
Link 11 389 9821 1 -1.66356751
Link 690 1446 10045 1 1.03532345
Link 1446 1094 10046 1 1.17742876
Link 1448 171 10061 0 -1.54703496
Link 446 880 10101 0 1.39671778
Link 789 191 10221 0 1.11124682
Link 549 446 10247 1 3.98412871
Link 1102 1503 10418 0 0.98311059
Link 1503 56 10419 0 1.15995902
Link 108 1539 10693 0 1.03669915
Link 4 389 10742 0 2.03877047
Link 1102 1102 10825 1 -1.62636930
Link 1227 1562 10848 0 1.00880677
Link 1562 1107 10849 0 -1.77096896
Link 191 167 11010 0 1.11117815
Link 551 49 11066 0 -1.48635132
Link 895 895 11103 1 -3.57799952
Link 1136 1609 11215 0 1.00000000
Link 1609 789 11216 0 0.16733405
Link 873 873 11280 1 -0.96646346
Link 202 1625 11336 0 1.00000000
Link 1625 432 11337 0 1.10197594
Link 873 1628 11349 0 1.72870466
Link 1628 1102 11350 0 -2.73163014
Link 608 1629 11352 1 1.64647132
Link 1629 1140 11353 1 3.56717664
Link 14 443 11456 1 -0.16496496
Link 843 549 11502 1 1.37150298
Link 11 801 11580 1 0.63377881
Link 1373 1665 11634 0 1.06302682
Link 1665 399 11635 0 1.70916897
Link 873 1672 11678 0 1.22366947
Link 1672 488 11679 0 -1.97699007
Link 617 1539 12124 0 2.64713416
Link 7 894 12144 0 0.52159071
Link 1539 1749 12237 0 1.08494206
Link 1749 754 12238 0 -1.28244388
Link 801 1169 12315 1 -1.05355842
Link 1006 1760 12317 0 1.00847660
Link 1760 1227 12318 0 1.52070461
Link 873 1764 12343 0 1.20642699
Link 1764 754 12344 0 3.72924584
Link 117 1176 12450 1 -1.95543513
Link 1778 185 12475 0 -0.11636108
Link 504 1785 12518 0 0.97079394
Link 737 1672 12565 0 0.33252234
Link 1091 432 12567 0 1.11926444
Link 21 1828 12828 1 1.00000000
Link 1828 500 12829 1 1.32076541
Link 7 789 12854 0 3.69381649
Link 108 399 12873 0 0.89232648
Link 49 1873 13121 0 0.82671589
Link 1873 54 13122 0 3.75740072
Link 801 1911 13370 1 1.00000000
Link 1911 764 13371 1 1.61068653
Link 13 181 13643 1 1.45346052
Link 1047 1950 13646 0 0.51444155
Link 1950 117 13647 0 -0.38007180
Link 1166 1954 13672 1 1.01182633
Link 1954 1136 13673 1 2.40312238
Link 706 846 13782 0 -2.86983030
Link 608 171 13831 0 0.17262802
Link 54 1176 13972 0 -3.37091399
Link 894 21 14070 0 -2.36728166
Link 764 737 14094 1 -4.42044238
Link 982 2007 14111 0 0.99826164
Link 2007 1448 14112 0 1.00522448
Link 181 1340 14135 0 -3.93131690
Link 1227 1373 14565 0 -3.48831983
Link 1213 2073 14654 1 1.19538881
Link 2073 171 14655 1 5.24191333
Link 450 789 14857 0 0.98674964
Link 1340 2118 14979 1 0.94053071
Link 2118 161 14980 1 1.11313873
Link 49 2121 14997 0 1.00000000
Link 2121 1176 14998 0 -0.63112858
Link 1629 2118 15005 0 1.08682299
Link 14 2169 15372 1 1.00000000
Link 2169 895 15373 1 3.71678477
Link 432 427 15398 0 0.92538275
Link 1342 2180 15487 0 0.95218244
Link 2180 504 15488 0 3.14747394
Link 1047 593 15590 0 -1.27922287
Link 551 2180 15615 1 2.28659479
Link 10 1372 15878 1 -1.63615293
Link 2294 1778 16345 0 1.23807921
Link 801 20 16364 1 -0.44308585
Link 1778 1373 16441 0 2.78132122
Link 1091 488 16488 0 0.81631132
Link 543 1340 16895 0 3.76161130
Link 894 608 17053 0 -0.94150225
Link 1950 1176 17095 0 1.34903641
Link 2294 161 17121 0 3.54509658
Link 1340 2421 17406 1 0.80397395
Link 2421 846 17407 1 2.96907279
Link 737 1764 17439 0 1.52012248
Link 1227 2430 17488 0 0.99452365
Link 2430 2294 17489 0 1.00000000
Link 220 1196 17511 0 2.85294436
Link 1785 2474 17867 0 1.00226314
Link 2474 314 17868 0 -3.09593185
Link 220 982 17913 0 -1.76245495
Link 1136 1373 17930 0 -4.57832608
Link 801 2487 17981 1 1.00000000
Link 2487 501 17982 1 0.85036151
Link 1196 843 18065 0 -3.21000873
Link 446 1159 18141 0 -1.58483355
Link 1828 1373 18242 0 -1.81702858
Link 1176 2528 18293 0 1.01377026
Link 2528 329 18294 0 3.58016145
Link 364 2474 18393 0 -1.63570616
Link 446 2421 18687 0 2.14565839
Link 1136 1764 18806 0 2.70606936
Link 171 1136 18912 1 3.24923535
Link 20 1778 19087 0 -0.89054122
Link 1227 373 19172 0 0.24468940
Link 1092 2669 19274 0 1.00000000
Link 2669 56 19275 0 -4.41489255
GenomeEnd

