GenomeStart 99822
Neuron 1 1 0.00000000 1 0.00000000 0.00000000 0.00000000 0.00000000
Neuron 2 1 0.00000000 1 0.00000000 0.00000000 0.00000000 0.00000000
Neuron 3 1 0.00000000 1 0.00000000 0.00000000 0.00000000 0.00000000
Neuron 4 1 0.00000000 1 0.00000000 0.00000000 0.00000000 0.00000000
Neuron 5 1 0.00000000 1 0.00000000 0.00000000 0.00000000 0.00000000
Neuron 6 1 0.00000000 1 0.00000000 0.00000000 0.00000000 0.00000000
Neuron 7 1 0.00000000 1 0.00000000 0.00000000 0.00000000 0.00000000
Neuron 8 1 0.00000000 1 0.00000000 0.00000000 0.00000000 0.00000000
Neuron 9 2 0.00000000 1 0.00000000 0.00000000 0.00000000 0.00000000
Neuron 10 4 1.00000000 0 1.00000000 0.00000000 0.00000000 0.00000000
Neuron 11 4 1.00000000 0 1.00000000 0.00000000 0.00000000 0.00000000
Neuron 12 4 1.00000000 0 1.00000000 0.00000000 0.00000000 0.00000000
Neuron 13 4 1.00000000 0 1.00000000 0.00000000 0.00000000 0.00000000
Neuron 14 4 1.00000000 0 1.00000000 0.00000000 0.00000000 0.00000000
Neuron 15 4 1.00000000 0 1.00000000 0.00000000 0.00000000 0.00000000
Neuron 16 4 1.00000000 0 1.00000000 0.00000000 0.00000000 0.00000000
Neuron 20 3 0.50000000 1 1.00000000 0.00000000 0.00000000 0.00000000
Neuron 21 3 0.50000000 1 1.00000000 0.00000000 0.00000000 0.00000000
Neuron 22 3 0.50000000 1 1.00000000 0.00000000 0.00000000 0.00000000
Neuron 43 3 0.50000000 1 1.00000000 0.00000000 0.00000000 0.00000000
Neuron 49 3 0.50000000 1 1.00000000 0.00000000 0.00000000 0.00000000
Neuron 54 3 0.50000000 1 1.00000000 0.00000000 0.00000000 0.00000000
Neuron 56 3 0.75000000 1 1.00000000 0.00000000 0.00000000 0.00000000
Neuron 73 3 0.25000000 1 1.00000000 0.00000000 0.00000000 0.00000000
Neuron 80 3 0.87500000 1 1.00000000 0.00000000 0.00000000 0.00000000
Neuron 108 3 0.50000000 1 1.00000000 0.00000000 0.00000000 0.00000000
Neuron 117 3 0.75000000 1 1.00000000 0.00000000 0.00000000 0.00000000
Neuron 161 3 0.75000000 1 1.00000000 0.00000000 0.00000000 0.00000000
Neuron 167 3 0.62500000 1 1.00000000 0.00000000 0.00000000 0.00000000
Neuron 171 3 0.37500000 1 1.00000000 0.00000000 0.00000000 0.00000000
Neuron 181 3 0.25000000 1 1.00000000 0.00000000 0.00000000 0.00000000
Neuron 185 3 0.56250000 1 1.00000000 0.00000000 0.00000000 0.00000000
Neuron 191 3 0.62500000 1 1.00000000 0.00000000 0.00000000 0.00000000
Neuron 202 3 0.50000000 1 1.00000000 0.00000000 0.00000000 0.00000000
Neuron 220 3 0.18750000 1 1.00000000 0.00000000 0.00000000 0.00000000
Neuron 294 3 0.37500000 1 1.00000000 0.00000000 0.00000000 0.00000000
Neuron 314 3 0.65625000 1 1.00000000 0.00000000 0.00000000 0.00000000
Neuron 318 3 0.81250000 1 1.00000000 0.00000000 0.00000000 0.00000000
Neuron 329 3 0.75000000 1 1.00000000 0.00000000 0.00000000 0.00000000
Neuron 343 3 0.46875000 1 1.00000000 0.00000000 0.00000000 0.00000000
Neuron 352 3 0.56250000 1 1.00000000 0.00000000 0.00000000 0.00000000
Neuron 364 3 0.28125000 1 1.00000000 0.00000000 0.00000000 0.00000000
Neuron 373 3 0.68750000 1 1.00000000 0.00000000 0.00000000 0.00000000
Neuron 389 3 0.68750000 1 1.00000000 0.00000000 0.00000000 0.00000000
Neuron 399 3 0.71875000 1 1.00000000 0.00000000 0.00000000 0.00000000
Neuron 427 3 0.75000000 1 1.00000000 0.00000000 0.00000000 0.00000000
Neuron 432 3 0.50000000 1 1.00000000 0.00000000 0.00000000 0.00000000
Neuron 443 3 0.50000000 1 1.00000000 0.00000000 0.00000000 0.00000000
Neuron 446 3 0.25000000 1 1.00000000 0.00000000 0.00000000 0.00000000
Neuron 450 3 0.25000000 1 1.00000000 0.00000000 0.00000000 0.00000000
Neuron 488 3 0.14062500 1 1.00000000 0.00000000 0.00000000 0.00000000
Neuron 500 3 0.43750000 1 1.00000000 0.00000000 0.00000000 0.00000000
Neuron 501 3 0.07031250 1 1.00000000 0.00000000 0.00000000 0.00000000
Neuron 504 3 0.18750000 1 1.00000000 0.00000000 0.00000000 0.00000000
Neuron 543 3 0.21093750 1 1.00000000 0.00000000 0.00000000 0.00000000
Neuron 549 3 0.43750000 1 1.00000000 0.00000000 0.00000000 0.00000000
Neuron 551 3 0.37500000 1 1.00000000 0.00000000 0.00000000 0.00000000
Neuron 585 3 0.50000000 1 1.00000000 0.00000000 0.00000000 0.00000000
Neuron 593 3 0.10546875 1 1.00000000 0.00000000 0.00000000 0.00000000
Neuron 602 3 0.50000000 1 1.00000000 0.00000000 0.00000000 0.00000000
Neuron 608 3 0.28515625 1 1.00000000 0.00000000 0.00000000 0.00000000
Neuron 617 3 0.45312500 1 1.00000000 0.00000000 0.00000000 0.00000000
Neuron 690 3 0.57031250 1 1.00000000 0.00000000 0.00000000 0.00000000
Neuron 703 3 0.37500000 1 1.00000000 0.00000000 0.00000000 0.00000000
Neuron 706 3 0.07031250 1 1.00000000 0.00000000 0.00000000 0.00000000
Neuron 737 3 0.03515625 1 1.00000000 0.00000000 0.00000000 0.00000000
Neuron 754 3 0.75000000 1 1.00000000 0.00000000 0.00000000 0.00000000
Neuron 764 3 0.24609375 1 1.00000000 0.00000000 0.00000000 0.00000000
Neuron 789 3 0.25000000 1 1.00000000 0.00000000 0.00000000 0.00000000
Neuron 801 3 0.87500000 1 1.00000000 0.00000000 0.00000000 0.00000000
Neuron 843 3 0.68750000 1 1.00000000 0.00000000 0.00000000 0.00000000
Neuron 846 3 0.28125000 1 1.00000000 0.00000000 0.00000000 0.00000000
Neuron 848 3 0.18750000 1 1.00000000 0.00000000 0.00000000 0.00000000
Neuron 873 3 0.10546875 1 1.00000000 0.00000000 0.00000000 0.00000000
Neuron 880 3 0.62500000 1 1.00000000 0.00000000 0.00000000 0.00000000
Neuron 894 3 0.28515625 1 1.00000000 0.00000000 0.00000000 0.00000000
Neuron 895 3 0.32812500 1 1.00000000 0.00000000 0.00000000 0.00000000
Neuron 923 3 0.09375000 1 1.00000000 0.00000000 0.00000000 0.00000000
Neuron 928 3 0.37500000 1 1.00000000 0.00000000 0.00000000 0.00000000
Neuron 982 3 0.18750000 1 1.00000000 0.00000000 0.00000000 0.00000000
Neuron 1006 3 0.50000000 1 1.00000000 0.00000000 0.00000000 0.00000000
Neuron 1047 3 0.09375000 1 1.00000000 0.00000000 0.00000000 0.00000000
Neuron 1086 3 0.56250000 1 1.00000000 0.00000000 0.00000000 0.00000000
Neuron 1091 3 0.01757812 1 1.00000000 0.00000000 0.00000000 0.00000000
Neuron 1094 3 0.35546875 1 1.00000000 0.00000000 0.00000000 0.00000000
Neuron 1102 3 0.56250000 1 1.00000000 0.00000000 0.00000000 0.00000000
Neuron 1107 3 0.81250000 1 1.00000000 0.00000000 0.00000000 0.00000000
Neuron 1114 3 0.18750000 1 1.00000000 0.00000000 0.00000000 0.00000000
Neuron 1121 3 0.12304688 1 1.00000000 0.00000000 0.00000000 0.00000000
Neuron 1136 3 0.12500000 1 1.00000000 0.00000000 0.00000000 0.00000000
Neuron 1140 3 0.04687500 1 1.00000000 0.00000000 0.00000000 0.00000000
Neuron 1159 3 0.68750000 1 1.00000000 0.00000000 0.00000000 0.00000000
Neuron 1166 3 0.46875000 1 1.00000000 0.00000000 0.00000000 0.00000000
Neuron 1169 3 0.39257812 1 1.00000000 0.00000000 0.00000000 0.00000000
Neuron 1176 3 0.71875000 1 1.00000000 0.00000000 0.00000000 0.00000000
Neuron 1187 3 0.25000000 1 1.00000000 0.00000000 0.00000000 0.00000000
Neuron 1196 3 0.41796875 1 1.00000000 0.00000000 0.00000000 0.00000000
Neuron 1213 3 0.68750000 1 1.00000000 0.00000000 0.00000000 0.00000000
Neuron 1227 3 0.53125000 1 1.00000000 0.00000000 0.00000000 0.00000000
Neuron 1269 3 0.17773438 1 1.00000000 0.00000000 0.00000000 0.00000000
Neuron 1340 3 0.87500000 1 1.00000000 0.00000000 0.00000000 0.00000000
Neuron 1342 3 0.14062500 1 1.00000000 0.00000000 0.00000000 0.00000000
Neuron 1356 3 0.78515625 1 1.00000000 0.00000000 0.00000000 0.00000000
Neuron 1372 3 0.39257812 1 1.00000000 0.00000000 0.00000000 0.00000000
Neuron 1373 3 0.70312500 1 1.00000000 0.00000000 0.00000000 0.00000000
Neuron 1503 3 0.65625000 1 1.00000000 0.00000000 0.00000000 0.00000000
Neuron 1539 3 0.62500000 1 1.00000000 0.00000000 0.00000000 0.00000000
Neuron 1562 3 0.67187500 1 1.00000000 0.00000000 0.00000000 0.00000000
Neuron 1609 3 0.18750000 1 1.00000000 0.00000000 0.00000000 0.00000000
Neuron 1628 3 0.33398438 1 1.00000000 0.00000000 0.00000000 0.00000000
Neuron 1629 3 0.16601562 1 1.00000000 0.00000000 0.00000000 0.00000000
Neuron 1665 3 0.71093750 1 1.00000000 0.00000000 0.00000000 0.00000000
Neuron 1672 3 0.12304688 1 1.00000000 0.00000000 0.00000000 0.00000000
Neuron 1749 3 0.68750000 1 1.00000000 0.00000000 0.00000000 0.00000000
Neuron 1760 3 0.51562500 1 1.00000000 0.00000000 0.00000000 0.00000000
Neuron 1764 3 0.42773438 1 1.00000000 0.00000000 0.00000000 0.00000000
Neuron 1778 3 0.54687500 1 1.00000000 0.00000000 0.00000000 0.00000000
Neuron 1785 3 0.42187500 1 1.00000000 0.00000000 0.00000000 0.00000000
Neuron 1873 3 0.50000000 1 1.00000000 0.00000000 0.00000000 0.00000000
Neuron 1950 3 0.42187500 1 1.00000000 0.00000000 0.00000000 0.00000000
Neuron 2073 3 0.53125000 1 1.00000000 0.00000000 0.00000000 0.00000000
Neuron 2118 3 0.81250000 1 1.00000000 0.00000000 0.00000000 0.00000000
Neuron 2169 3 0.66406250 1 1.00000000 0.00000000 0.00000000 0.00000000
Neuron 2180 3 0.16406250 1 1.00000000 0.00000000 0.00000000 0.00000000
Neuron 2294 3 0.53906250 1 1.00000000 0.00000000 0.00000000 0.00000000
Neuron 2421 3 0.57812500 1 1.00000000 0.00000000 0.00000000 0.00000000
Neuron 2430 3 0.53515625 1 1.00000000 0.00000000 0.00000000 0.00000000
Neuron 2474 3 0.53906250 1 1.00000000 0.00000000 0.00000000 0.00000000
Link 1 10 1 0 0.97668384
Link 2 10 2 0 -1.45118675
Link 3 10 3 0 -0.92678387
Link 7 10 7 0 -3.50101831
Link 8 10 8 0 -1.25677634
Link 9 10 9 0 -2.92013663
Link 1 11 10 0 1.26901134
Link 2 11 11 0 -5.22408071
Link 3 11 12 0 2.91650085
Link 5 11 14 0 -1.37579085
Link 6 11 15 0 1.52118226
Link 7 11 16 0 0.83705142
Link 8 11 17 0 1.75304003
Link 9 11 18 0 -2.43227331
Link 1 12 19 0 2.58927751
Link 2 12 20 0 2.14518268
Link 3 12 21 0 -1.47090274
Link 4 12 22 0 1.76140719
Link 6 12 24 0 2.26277783
Link 7 12 25 0 -3.60037676
Link 9 12 27 0 -0.87474503
Link 1 13 28 0 4.19367283
Link 2 13 29 0 -4.20848569
Link 3 13 30 0 0.28258274
Link 5 13 32 0 2.28715031
Link 6 13 33 0 -0.46220816
Link 7 13 34 0 4.12076612
Link 8 13 35 0 2.97004709
Link 9 13 36 0 -0.82968210
Link 1 14 37 0 -1.68157452
Link 2 14 38 0 -2.92107961
Link 3 14 39 0 0.76284774
Link 4 14 40 0 -1.14121853
Link 5 14 41 0 2.28968662
Link 6 14 42 0 2.25260226
Link 7 14 43 0 1.30780546
Link 9 14 45 0 4.31370766
Link 1 15 46 0 -0.91486751
Link 3 15 48 0 -1.29277735
Link 4 15 49 0 -1.97150145
Link 5 15 50 0 -2.68566747
Link 6 15 51 0 -1.02410318
Link 7 15 52 0 0.64790806
Link 1 16 55 0 1.17285485
Link 3 16 57 0 0.81315164
Link 4 16 58 0 -3.26698493
Link 5 16 59 0 -6.13507389
Link 8 16 62 0 0.12424506
Link 9 16 63 0 -3.14453544
Link 4 20 74 0 3.89255258
Link 20 13 75 0 2.49989024
Link 2 21 77 0 1.62459520
Link 6 22 80 0 0.84691962
Link 22 10 81 0 0.03792934
Link 5 43 146 0 -1.01239928
Link 43 10 147 0 0.14916981
Link 2 49 166 0 0.84888337
Link 49 16 167 0 -0.21364344
Link 14 20 271 1 -0.66747504
Link 56 56 272 1 1.41698923
Link 8 73 298 0 1.00000000
Link 73 54 299 0 -4.81301692
Link 80 13 344 0 -1.41043406
Link 10 56 381 1 3.86101169
Link 12 12 440 1 1.02638643
Link 7 56 522 0 -2.24352544
Link 117 12 655 0 0.14590194
Link 2 43 685 0 -5.10882558
Link 161 54 1032 1 -0.54657090
Link 20 167 1077 0 1.69892082
Link 6 181 1190 0 1.22062831
Link 181 54 1191 0 0.36072687
Link 54 13 1282 0 0.19886397
Link 15 117 1321 1 -1.31583660
Link 1 220 1446 0 1.63345684
Link 220 171 1447 0 1.78640630
Link 2 54 1697 0 -0.08784285
Link 54 171 1803 1 1.71902070
Link 117 56 1932 0 -2.45580389
Link 3 20 1938 0 1.97120325
Link 294 56 2032 0 -2.04052014
Link 185 314 2188 0 0.82518320
Link 314 56 2189 0 -4.41489255
Link 56 318 2211 0 1.11389026
Link 318 80 2212 0 0.99643843
Link 16 49 2227 1 -0.05240956
Link 108 329 2275 0 0.80698757
Link 171 343 2359 0 1.00000000
Link 343 185 2360 0 -1.41828113
Link 4 108 2377 0 4.78279733
Link 54 352 2418 0 -0.41808222
Link 352 191 2419 0 -0.77352399
Link 364 185 2472 0 -1.20458185
Link 80 373 2536 1 1.48526981
Link 373 108 2537 1 -2.29231117
Link 191 389 2672 0 0.38486052
Link 9 185 2685 0 1.52033632
Link 80 191 2732 1 0.73320381
Link 399 117 2735 0 -0.65651473
Link 21 427 2929 0 0.82409441
Link 427 15 2930 0 0.43504590
Link 202 432 2955 0 1.10197594
Link 432 54 2956 0 -2.99460806
Link 108 443 3009 0 0.49439719
Link 443 202 3010 0 2.34253265
Link 7 446 3035 0 1.03424609
Link 446 20 3036 0 -0.26899148
Link 4 450 3052 0 3.11435190
Link 450 108 3053 0 -1.01030230
Link 3 364 3098 0 -3.78609494
Link 21 500 3356 1 1.33214289
Link 500 171 3357 1 2.44880950
Link 117 488 3540 1 -0.90032617
Link 20 202 3599 0 2.96660603
Link 488 543 3661 0 0.47483100
Link 294 549 3707 0 0.81701085
Link 549 21 3708 0 0.07541264
Link 5 551 3729 0 -0.12851571
Link 551 551 3758 1 0.59082557
Link 11 80 3871 1 0.00156282
Link 202 585 3974 0 1.01105493
Link 585 443 3975 0 2.03012464
Link 501 593 4029 0 1.16342226
Link 21 108 4031 0 2.85664179
Link 108 602 4084 0 1.52103005
Link 602 20 4085 0 -0.33208092
Link 608 443 4115 0 -2.84378644
Link 364 617 4161 0 0.29872800
Link 617 191 4162 0 0.56995284
Link 9 364 4611 0 -0.08176265
Link 171 703 4745 1 0.92842779
Link 703 171 4746 1 0.05875542
Link 7 706 4765 0 1.58646220
Link 549 185 4810 0 -0.61023027
Link 7 191 4937 0 0.06283042
Link 427 754 5078 1 0.80724935
Link 754 427 5079 1 -3.55959985
Link 543 764 5151 0 0.85804361
Link 764 364 5152 0 2.45155227
Link 549 549 5233 1 1.61255687
Link 329 801 5357 0 1.32243982
Link 801 10 5358 0 -0.23515122
Link 543 191 5500 0 2.55768402
Link 167 843 5688 0 -0.20300342
Link 843 56 5689 0 0.23347226
Link 504 846 5700 0 1.62020263
Link 1 848 5716 0 1.04639920
Link 848 294 5717 0 3.80663610
Link 706 185 5880 0 0.61410904
Link 706 873 5906 0 0.87786804
Link 450 364 5908 0 -2.18078909
Link 20 880 5968 0 1.19537206
Link 880 427 5969 0 -2.50874048
Link 894 501 6065 1 -4.18959318
Link 846 895 6080 0 1.14707253
Link 895 294 6081 0 1.28415165
Link 501 10 6180 0 0.15999657
Link 171 488 6215 1 0.44847931
Link 7 923 6324 0 0.80561522
Link 923 504 6325 0 0.10911513
Link 789 928 6357 0 1.18371759
Link 928 21 6358 0 1.77539655
Link 488 880 6359 0 3.93143159
Link 1 551 6505 0 -0.52189814
Link 501 801 6630 0 -0.91524543
Link 450 450 6670 1 0.04090690
Link 4 982 6720 0 1.00000000
Link 982 171 6721 0 -1.55186989
Link 549 1006 6926 0 0.78661830
Link 8 389 7234 0 -0.42751992
Link 11 427 7377 1 -1.64903163
Link 608 789 7466 1 -5.31392546
Link 880 1086 7539 1 0.17164359
Link 1086 21 7540 1 0.18410496
Link 8 1091 7592 0 1.09875435
Link 1091 737 7593 0 0.52261892
Link 690 1094 7617 1 1.19418461
Link 1094 488 7618 1 -0.83151030
Link 2 1091 7656 0 -1.04477057
Link 15 1107 7714 1 -0.49729117
Link 7 1114 7766 0 0.67664063
Link 1114 294 7767 0 0.12846134
Link 4 593 7791 0 -3.02661299
Link 3 549 7794 0 -1.04885749
Link 488 504 7811 0 -2.44471465
Link 593 1121 7813 0 1.04114171
Link 1121 488 7814 0 0.85161358
Link 8 1136 7956 0 1.52086530
Link 1 1140 7990 0 0.80104845
Link 1140 1047 7991 0 3.55314043
Link 551 450 8089 1 -3.21509800
Link 373 1159 8091 1 1.16034114
Link 1159 373 8092 1 2.51334957
Link 551 1166 8135 0 2.36785785
Link 1166 1102 8136 0 0.33558260
Link 1169 894 8164 1 -0.29997218
Link 1107 1176 8217 1 0.89400675
Link 1176 191 8218 1 1.49544914
Link 1 1187 8293 0 1.00000000
Link 1187 602 8294 0 0.94961769
Link 543 1196 8341 0 0.81230655
Link 1196 167 8342 0 3.00318004
Link 11 1213 8457 1 0.92051405
Link 202 202 8666 1 -0.78274949
Link 501 1269 8882 0 1.00000000
Link 1269 608 8883 0 0.61536015
Link 191 1166 8998 1 -2.10550419
Link 880 167 9017 0 -1.56916623
Link 117 399 9036 1 -3.63820591
Link 171 329 9060 0 -2.49760939
Link 3 764 9082 0 1.40098635
Link 894 450 9179 1 -1.93943375
Link 501 1107 9191 0 -1.80209724
Link 1114 399 9343 0 -2.36348366
Link 12 1340 9382 1 1.86164068
Link 1047 1342 9393 0 0.44269943
Link 10 1356 9488 1 0.49357429
Link 1356 690 9489 1 1.15756337
Link 602 737 9575 1 -1.47691284
Link 894 1372 9590 0 0.89853627
Link 1372 108 9591 0 1.54041926
Link 389 1373 9593 0 1.20967033
Link 16 314 9660 1 0.40654953
Link 706 1136 9715 0 -1.11650577
Link 617 202 9795 0 1.27464525
Link 11 389 9821 1 -1.68928894
Link 446 880 10101 0 1.39671778
Link 49 1176 10190 0 -0.67181509
Link 789 191 10221 0 1.11124682
Link 549 446 10247 1 3.99037184
Link 1102 1503 10418 0 0.98311059
Link 1503 56 10419 0 1.14313187
Link 108 1539 10693 0 1.00781173
Link 4 389 10742 0 2.04684062
Link 1102 1102 10825 1 -1.62078152
Link 1227 1562 10848 0 0.97385887
Link 1562 1107 10849 0 -1.75756796
Link 191 167 11010 0 1.11466348
Link 551 49 11066 0 -1.48635132
Link 895 895 11103 1 -3.52906339
Link 1136 1609 11215 0 1.00000000
Link 1609 789 11216 0 0.16733405
Link 873 873 11280 1 -0.96646346
Link 873 1628 11349 0 1.73231430
Link 1628 1102 11350 0 -2.73163014
Link 608 1629 11352 1 1.64647132
Link 1629 1140 11353 1 3.58550288
Link 14 443 11456 1 -0.16496496
Link 843 549 11502 1 1.37345527
Link 11 801 11580 1 0.63377881
Link 1373 1665 11634 0 1.06302682
Link 1665 399 11635 0 1.65880439
Link 873 1672 11678 0 1.22150650
Link 1672 488 11679 0 -1.99749181
Link 801 764 11850 1 1.59904768
Link 1166 1136 12105 1 2.40312238
Link 617 1539 12124 0 2.64713416
Link 7 894 12144 0 0.51753601
Link 1539 1749 12237 0 1.10088920
Link 1749 754 12238 0 -1.28244388
Link 801 1169 12315 1 -1.00909400
Link 1006 1760 12317 0 1.00847660
Link 1760 1227 12318 0 1.53512543
Link 873 1764 12343 0 1.18835739
Link 1764 754 12344 0 3.72838149
Link 117 1176 12450 1 -1.93521280
Link 1778 185 12475 0 -0.06386406
Link 504 1785 12518 0 0.97079394
Link 737 1672 12565 0 0.33061547
Link 7 789 12854 0 3.68637172
Link 108 399 12873 0 0.89232648
Link 49 1873 13121 0 0.82690962
Link 1873 54 13122 0 3.75740072
Link 13 181 13643 1 1.42139392
Link 1047 1950 13646 0 0.51444155
Link 1950 117 13647 0 -0.38007180
Link 706 846 13782 0 -2.86526678
Link 54 1176 13972 0 -3.36281837
Link 894 21 14070 0 -2.37505422
Link 764 737 14094 1 -4.40311703
Link 181 1340 14135 0 -3.94327900
Link 1227 1373 14565 0 -3.51426785
Link 1213 2073 14654 1 1.21839606
Link 2073 171 14655 1 5.20558271
Link 450 789 14857 0 0.98302925
Link 1340 2118 14979 1 0.94053071
Link 2118 161 14980 1 1.13828882
Link 1629 2118 15005 0 1.11596479
Link 801 501 15067 1 0.86123183
Link 14 2169 15372 1 1.00000000
Link 2169 895 15373 1 3.71678477
Link 432 427 15398 0 0.97318498
Link 1342 2180 15487 0 0.95495128
Link 2180 504 15488 0 3.15476397
Link 1047 593 15590 0 -1.27922287
Link 551 2180 15615 1 2.27543440
Link 10 1372 15878 1 -1.63615293
Link 2294 1778 16345 0 1.22797083
Link 801 20 16364 1 -0.45077956
Link 1778 1373 16441 0 2.78132122
Link 1091 488 16488 0 0.81315357
Link 543 1340 16895 0 3.76174583
Link 894 608 17053 0 -0.89961780
Link 1950 1176 17095 0 1.34903641
Link 2294 161 17121 0 3.53154924
Link 1340 2421 17406 1 0.83235277
Link 2421 846 17407 1 2.96907279
Link 737 1764 17439 0 1.50901160
Link 1227 2430 17488 0 1.00000000
Link 2430 2294 17489 0 1.00000000
Link 220 1196 17511 0 2.85511906
Link 1176 329 17732 0 3.56084371
Link 1785 2474 17867 0 1.00000000
Link 2474 314 17868 0 -3.08953267
GenomeEnd

