GenomeStart 100823
Neuron 1 1 0.00000000 1 0.00000000 0.00000000 0.00000000 0.00000000
Neuron 2 1 0.00000000 1 0.00000000 0.00000000 0.00000000 0.00000000
Neuron 3 1 0.00000000 1 0.00000000 0.00000000 0.00000000 0.00000000
Neuron 4 1 0.00000000 1 0.00000000 0.00000000 0.00000000 0.00000000
Neuron 5 1 0.00000000 1 0.00000000 0.00000000 0.00000000 0.00000000
Neuron 6 1 0.00000000 1 0.00000000 0.00000000 0.00000000 0.00000000
Neuron 7 1 0.00000000 1 0.00000000 0.00000000 0.00000000 0.00000000
Neuron 8 1 0.00000000 1 0.00000000 0.00000000 0.00000000 0.00000000
Neuron 9 2 0.00000000 1 0.00000000 0.00000000 0.00000000 0.00000000
Neuron 10 4 1.00000000 0 1.00000000 0.00000000 0.00000000 0.00000000
Neuron 11 4 1.00000000 0 1.00000000 0.00000000 0.00000000 0.00000000
Neuron 12 4 1.00000000 0 1.00000000 0.00000000 0.00000000 0.00000000
Neuron 13 4 1.00000000 0 1.00000000 0.00000000 0.00000000 0.00000000
Neuron 14 4 1.00000000 0 1.00000000 0.00000000 0.00000000 0.00000000
Neuron 15 4 1.00000000 0 1.00000000 0.00000000 0.00000000 0.00000000
Neuron 16 4 1.00000000 0 1.00000000 0.00000000 0.00000000 0.00000000
Neuron 17 3 0.50000000 1 1.00000000 0.00000000 0.00000000 0.00000000
Neuron 18 3 0.50000000 1 1.00000000 0.00000000 0.00000000 0.00000000
Neuron 19 3 0.50000000 1 1.00000000 0.00000000 0.00000000 0.00000000
Neuron 20 3 0.50000000 1 1.00000000 0.00000000 0.00000000 0.00000000
Neuron 22 3 0.50000000 1 1.00000000 0.00000000 0.00000000 0.00000000
Neuron 23 3 0.50000000 1 1.00000000 0.00000000 0.00000000 0.00000000
Neuron 26 3 0.50000000 1 1.00000000 0.00000000 0.00000000 0.00000000
Neuron 27 3 0.50000000 1 1.00000000 0.00000000 0.00000000 0.00000000
Neuron 28 3 0.50000000 1 1.00000000 0.00000000 0.00000000 0.00000000
Neuron 32 3 0.50000000 1 1.00000000 0.00000000 0.00000000 0.00000000
Neuron 33 3 0.50000000 1 1.00000000 0.00000000 0.00000000 0.00000000
Neuron 34 3 0.50000000 1 1.00000000 0.00000000 0.00000000 0.00000000
Neuron 35 3 0.50000000 1 1.00000000 0.00000000 0.00000000 0.00000000
Neuron 36 3 0.50000000 1 1.00000000 0.00000000 0.00000000 0.00000000
Neuron 37 3 0.50000000 1 1.00000000 0.00000000 0.00000000 0.00000000
Neuron 38 3 0.50000000 1 1.00000000 0.00000000 0.00000000 0.00000000
Neuron 39 3 0.50000000 1 1.00000000 0.00000000 0.00000000 0.00000000
Neuron 41 3 0.50000000 1 1.00000000 0.00000000 0.00000000 0.00000000
Neuron 42 3 0.50000000 1 1.00000000 0.00000000 0.00000000 0.00000000
Neuron 44 3 0.50000000 1 1.00000000 0.00000000 0.00000000 0.00000000
Neuron 46 3 0.50000000 1 1.00000000 0.00000000 0.00000000 0.00000000
Neuron 48 3 0.50000000 1 1.00000000 0.00000000 0.00000000 0.00000000
Neuron 50 3 0.50000000 1 1.00000000 0.00000000 0.00000000 0.00000000
Neuron 52 3 0.50000000 1 1.00000000 0.00000000 0.00000000 0.00000000
Neuron 53 3 0.50000000 1 1.00000000 0.00000000 0.00000000 0.00000000
Neuron 54 3 0.50000000 1 1.00000000 0.00000000 0.00000000 0.00000000
Neuron 56 3 0.50000000 1 1.00000000 0.00000000 0.00000000 0.00000000
Neuron 58 3 0.50000000 1 1.00000000 0.00000000 0.00000000 0.00000000
Neuron 59 3 0.50000000 1 1.00000000 0.00000000 0.00000000 0.00000000
Neuron 60 3 0.50000000 1 1.00000000 0.00000000 0.00000000 0.00000000
Neuron 63 3 0.50000000 1 1.00000000 0.00000000 0.00000000 0.00000000
Neuron 64 3 0.75000000 1 1.00000000 0.00000000 0.00000000 0.00000000
Neuron 65 3 0.50000000 1 1.00000000 0.00000000 0.00000000 0.00000000
Neuron 67 3 0.50000000 1 1.00000000 0.00000000 0.00000000 0.00000000
Neuron 68 3 0.50000000 1 1.00000000 0.00000000 0.00000000 0.00000000
Neuron 70 3 0.50000000 1 1.00000000 0.00000000 0.00000000 0.00000000
Neuron 71 3 0.50000000 1 1.00000000 0.00000000 0.00000000 0.00000000
Neuron 76 3 0.75000000 1 1.00000000 0.00000000 0.00000000 0.00000000
Neuron 77 3 0.25000000 1 1.00000000 0.00000000 0.00000000 0.00000000
Neuron 80 3 0.25000000 1 1.00000000 0.00000000 0.00000000 0.00000000
Neuron 82 3 0.25000000 1 1.00000000 0.00000000 0.00000000 0.00000000
Neuron 84 3 0.50000000 1 1.00000000 0.00000000 0.00000000 0.00000000
Neuron 92 3 0.87500000 1 1.00000000 0.00000000 0.00000000 0.00000000
Neuron 94 3 0.25000000 1 1.00000000 0.00000000 0.00000000 0.00000000
Neuron 98 3 0.75000000 1 1.00000000 0.00000000 0.00000000 0.00000000
Neuron 100 3 0.75000000 1 1.00000000 0.00000000 0.00000000 0.00000000
Neuron 106 3 0.25000000 1 1.00000000 0.00000000 0.00000000 0.00000000
Neuron 117 3 0.50000000 1 1.00000000 0.00000000 0.00000000 0.00000000
Neuron 121 3 0.25000000 1 1.00000000 0.00000000 0.00000000 0.00000000
Neuron 127 3 0.75000000 1 1.00000000 0.00000000 0.00000000 0.00000000
Neuron 135 3 0.75000000 1 1.00000000 0.00000000 0.00000000 0.00000000
Neuron 138 3 0.25000000 1 1.00000000 0.00000000 0.00000000 0.00000000
Neuron 147 3 0.25000000 1 1.00000000 0.00000000 0.00000000 0.00000000
Neuron 155 3 0.25000000 1 1.00000000 0.00000000 0.00000000 0.00000000
Neuron 158 3 0.87500000 1 1.00000000 0.00000000 0.00000000 0.00000000
Neuron 162 3 0.75000000 1 1.00000000 0.00000000 0.00000000 0.00000000
Neuron 164 3 0.75000000 1 1.00000000 0.00000000 0.00000000 0.00000000
Neuron 169 3 0.25000000 1 1.00000000 0.00000000 0.00000000 0.00000000
Neuron 170 3 0.25000000 1 1.00000000 0.00000000 0.00000000 0.00000000
Neuron 182 3 0.37500000 1 1.00000000 0.00000000 0.00000000 0.00000000
Neuron 189 3 0.75000000 1 1.00000000 0.00000000 0.00000000 0.00000000
Neuron 199 3 0.75000000 1 1.00000000 0.00000000 0.00000000 0.00000000
Neuron 201 3 0.25000000 1 1.00000000 0.00000000 0.00000000 0.00000000
Neuron 209 3 0.25000000 1 1.00000000 0.00000000 0.00000000 0.00000000
Neuron 210 3 0.25000000 1 1.00000000 0.00000000 0.00000000 0.00000000
Neuron 212 3 0.75000000 1 1.00000000 0.00000000 0.00000000 0.00000000
Neuron 225 3 0.50000000 1 1.00000000 0.00000000 0.00000000 0.00000000
Neuron 237 3 0.25000000 1 1.00000000 0.00000000 0.00000000 0.00000000
Neuron 251 3 1.00000000 1 1.00000000 0.00000000 0.00000000 0.00000000
Neuron 259 3 0.62500000 1 1.00000000 0.00000000 0.00000000 0.00000000
Neuron 260 3 0.50000000 1 1.00000000 0.00000000 0.00000000 0.00000000
Neuron 262 3 0.25000000 1 1.00000000 0.00000000 0.00000000 0.00000000
Neuron 268 3 0.87500000 1 1.00000000 0.00000000 0.00000000 0.00000000
Neuron 277 3 0.25000000 1 1.00000000 0.00000000 0.00000000 0.00000000
Neuron 287 3 0.25000000 1 1.00000000 0.00000000 0.00000000 0.00000000
Neuron 289 3 0.50000000 1 1.00000000 0.00000000 0.00000000 0.00000000
Neuron 299 3 0.75000000 1 1.00000000 0.00000000 0.00000000 0.00000000
Neuron 319 3 0.50000000 1 1.00000000 0.00000000 0.00000000 0.00000000
Neuron 332 3 0.25000000 1 1.00000000 0.00000000 0.00000000 0.00000000
Neuron 364 3 0.50000000 1 1.00000000 0.00000000 0.00000000 0.00000000
Neuron 376 3 0.50000000 1 1.00000000 0.00000000 0.00000000 0.00000000
Neuron 387 3 0.87500000 1 1.00000000 0.00000000 0.00000000 0.00000000
Neuron 397 3 0.75000000 1 1.00000000 0.00000000 0.00000000 0.00000000
Neuron 407 3 0.50000000 1 1.00000000 0.00000000 0.00000000 0.00000000
Neuron 419 3 0.50000000 1 1.00000000 0.00000000 0.00000000 0.00000000
Neuron 436 3 0.50000000 1 1.00000000 0.00000000 0.00000000 0.00000000
Neuron 442 3 0.87500000 1 1.00000000 0.00000000 0.00000000 0.00000000
Neuron 459 3 0.50000000 1 1.00000000 0.00000000 0.00000000 0.00000000
Neuron 478 3 0.50000000 1 1.00000000 0.00000000 0.00000000 0.00000000
Neuron 480 3 0.50000000 1 1.00000000 0.00000000 0.00000000 0.00000000
Neuron 485 3 0.75000000 1 1.00000000 0.00000000 0.00000000 0.00000000
Neuron 490 3 0.81250000 1 1.00000000 0.00000000 0.00000000 0.00000000
Neuron 501 3 0.50000000 1 1.00000000 0.00000000 0.00000000 0.00000000
Neuron 532 3 0.25000000 1 1.00000000 0.00000000 0.00000000 0.00000000
Neuron 538 3 0.75000000 1 1.00000000 0.00000000 0.00000000 0.00000000
Neuron 553 3 0.87500000 1 1.00000000 0.00000000 0.00000000 0.00000000
Neuron 560 3 0.12500000 1 1.00000000 0.00000000 0.00000000 0.00000000
Neuron 588 3 0.75000000 1 1.00000000 0.00000000 0.00000000 0.00000000
Neuron 589 3 0.25000000 1 1.00000000 0.00000000 0.00000000 0.00000000
Neuron 600 3 0.50000000 1 1.00000000 0.00000000 0.00000000 0.00000000
Neuron 605 3 0.37500000 1 1.00000000 0.00000000 0.00000000 0.00000000
Neuron 669 3 0.62500000 1 1.00000000 0.00000000 0.00000000 0.00000000
Neuron 735 3 0.75000000 1 1.00000000 0.00000000 0.00000000 0.00000000
Neuron 737 3 0.50000000 1 1.00000000 0.00000000 0.00000000 0.00000000
Neuron 738 3 0.62500000 1 1.00000000 0.00000000 0.00000000 0.00000000
Neuron 745 3 0.81250000 1 1.00000000 0.00000000 0.00000000 0.00000000
Neuron 759 3 0.37500000 1 1.00000000 0.00000000 0.00000000 0.00000000
Neuron 777 3 0.37500000 1 1.00000000 0.00000000 0.00000000 0.00000000
Neuron 809 3 0.37500000 1 1.00000000 0.00000000 0.00000000 0.00000000
Neuron 871 3 0.68750000 1 1.00000000 0.00000000 0.00000000 0.00000000
Neuron 916 3 0.68750000 1 1.00000000 0.00000000 0.00000000 0.00000000
Neuron 925 3 0.50000000 1 1.00000000 0.00000000 0.00000000 0.00000000
Neuron 934 3 0.12500000 1 1.00000000 0.00000000 0.00000000 0.00000000
Neuron 940 3 0.37500000 1 1.00000000 0.00000000 0.00000000 0.00000000
Neuron 947 3 0.75000000 1 1.00000000 0.00000000 0.00000000 0.00000000
Neuron 948 3 0.75000000 1 1.00000000 0.00000000 0.00000000 0.00000000
Neuron 956 3 0.50000000 1 1.00000000 0.00000000 0.00000000 0.00000000
Neuron 979 3 0.31250000 1 1.00000000 0.00000000 0.00000000 0.00000000
Neuron 994 3 0.06250000 1 1.00000000 0.00000000 0.00000000 0.00000000
Neuron 1027 3 0.12500000 1 1.00000000 0.00000000 0.00000000 0.00000000
Neuron 1030 3 0.37500000 1 1.00000000 0.00000000 0.00000000 0.00000000
Neuron 1052 3 0.50000000 1 1.00000000 0.00000000 0.00000000 0.00000000
Neuron 1062 3 0.12500000 1 1.00000000 0.00000000 0.00000000 0.00000000
Neuron 1075 3 0.56250000 1 1.00000000 0.00000000 0.00000000 0.00000000
Neuron 1084 3 0.75000000 1 1.00000000 0.00000000 0.00000000 0.00000000
Neuron 1096 3 0.62500000 1 1.00000000 0.00000000 0.00000000 0.00000000
Neuron 1245 3 0.25000000 1 1.00000000 0.00000000 0.00000000 0.00000000
Neuron 1253 3 0.12500000 1 1.00000000 0.00000000 0.00000000 0.00000000
Neuron 1259 3 0.25000000 1 1.00000000 0.00000000 0.00000000 0.00000000
Neuron 1270 3 0.37500000 1 1.00000000 0.00000000 0.00000000 0.00000000
Neuron 1306 3 0.50000000 1 1.00000000 0.00000000 0.00000000 0.00000000
Neuron 1348 3 0.37500000 1 1.00000000 0.00000000 0.00000000 0.00000000
Neuron 1351 3 0.18750000 1 1.00000000 0.00000000 0.00000000 0.00000000
Neuron 1444 3 0.25000000 1 1.00000000 0.00000000 0.00000000 0.00000000
Neuron 1479 3 0.87500000 1 1.00000000 0.00000000 0.00000000 0.00000000
Neuron 1502 3 0.62500000 1 1.00000000 0.00000000 0.00000000 0.00000000
Neuron 1630 3 0.43750000 1 1.00000000 0.00000000 0.00000000 0.00000000
Neuron 1637 3 0.93750000 1 1.00000000 0.00000000 0.00000000 0.00000000
Neuron 1675 3 0.06250000 1 1.00000000 0.00000000 0.00000000 0.00000000
Neuron 1679 3 0.37500000 1 1.00000000 0.00000000 0.00000000 0.00000000
Neuron 1703 3 0.68750000 1 1.00000000 0.00000000 0.00000000 0.00000000
Neuron 1723 3 0.50000000 1 1.00000000 0.00000000 0.00000000 0.00000000
Neuron 1739 3 0.50000000 1 1.00000000 0.00000000 0.00000000 0.00000000
Neuron 1939 3 0.50000000 1 1.00000000 0.00000000 0.00000000 0.00000000
Neuron 1962 3 0.43750000 1 1.00000000 0.00000000 0.00000000 0.00000000
Neuron 2072 3 0.50000000 1 1.00000000 0.00000000 0.00000000 0.00000000
Neuron 2148 3 0.25000000 1 1.00000000 0.00000000 0.00000000 0.00000000
Link 1 10 1 0 1.75145106
Link 2 10 2 0 1.25739265
Link 3 10 3 0 2.32478826
Link 4 10 4 0 -0.63694954
Link 7 10 7 0 2.63623498
Link 8 10 8 0 1.96356098
Link 9 10 9 0 -1.78866934
Link 1 11 10 0 2.46668911
Link 2 11 11 0 -1.86370759
Link 3 11 12 0 2.00997612
Link 6 11 15 0 1.01915853
Link 8 11 17 0 2.39503158
Link 9 11 18 0 0.50958581
Link 1 12 19 0 2.72452874
Link 3 12 21 0 -0.26670616
Link 4 12 22 0 0.36492164
Link 5 12 23 0 -1.22930925
Link 6 12 24 0 0.26954383
Link 8 12 26 0 -0.65532353
Link 1 13 28 0 -0.31001860
Link 2 13 29 0 -1.33955501
Link 3 13 30 0 1.23444833
Link 5 13 32 0 0.34570158
Link 6 13 33 0 -0.52081663
Link 8 13 35 0 0.50903223
Link 1 14 37 0 -1.11947667
Link 2 14 38 0 -1.18038228
Link 5 14 41 0 1.37236461
Link 7 14 43 0 1.19551832
Link 8 14 44 0 1.95165207
Link 9 14 45 0 -0.45025315
Link 3 15 48 0 2.21346277
Link 4 15 49 0 -1.85902877
Link 9 15 54 0 0.19695347
Link 1 16 55 0 1.64051139
Link 3 16 57 0 2.52313224
Link 4 16 58 0 -1.61374758
Link 5 16 59 0 -0.00390192
Link 7 16 61 0 -1.41354363
Link 8 17 65 0 0.04842899
Link 17 16 66 0 -0.88319116
Link 18 14 69 0 -1.43845892
Link 6 19 71 0 -1.53252546
Link 19 10 72 0 -0.37399218
Link 20 12 75 0 -2.86524667
Link 7 22 80 0 1.14042168
Link 22 11 81 0 1.22640685
Link 4 23 83 0 -2.68022918
Link 23 15 84 0 -1.69309063
Link 2 26 93 0 -0.13035399
Link 26 14 94 0 1.25537083
Link 27 14 97 0 -0.77111687
Link 28 11 100 0 -2.60649099
Link 4 33 114 0 -1.50094179
Link 5 34 117 0 2.11318070
Link 34 11 118 0 0.31383383
Link 4 35 120 0 -1.29072926
Link 35 13 121 0 0.09302876
Link 2 36 123 0 1.12953038
Link 6 37 126 0 1.68746520
Link 37 11 127 0 2.33732388
Link 4 38 129 0 -1.32400343
Link 38 14 130 0 3.25581640
Link 39 16 133 0 0.82103812
Link 41 14 140 0 -1.14450308
Link 7 42 143 0 1.08657009
Link 8 44 149 0 -2.35858549
Link 8 46 155 0 -0.67808654
Link 48 10 162 0 0.57187141
Link 50 16 168 0 0.15657368
Link 52 13 175 0 0.03273926
Link 8 42 176 0 -2.01978616
Link 1 53 178 0 -1.41834369
Link 53 14 179 0 2.25892035
Link 46 10 191 0 -0.82902858
Link 56 13 194 0 2.74477931
Link 12 46 195 1 -0.32540467
Link 58 15 203 0 0.34420466
Link 3 59 210 0 1.33960948
Link 5 60 214 0 1.15715381
Link 60 10 215 0 0.78588658
Link 9 22 222 0 -0.74639598
Link 23 10 228 0 -2.67724131
Link 6 63 246 0 -1.77987288
Link 63 16 247 0 0.33862505
Link 42 64 250 0 -2.38186122
Link 2 65 261 0 2.47749067
Link 65 15 262 0 0.45349470
Link 67 13 273 0 -2.58819370
Link 36 13 290 0 1.83731649
Link 6 27 291 0 0.69011101
Link 2 68 303 0 -0.25272037
Link 68 11 304 0 0.92175207
Link 70 15 315 0 -0.13961209
Link 28 28 343 1 0.48862447
Link 52 11 346 0 -0.08630183
Link 46 76 350 0 2.11753012
Link 6 77 358 0 -0.32578152
Link 77 41 359 0 -1.59081333
Link 8 80 391 0 1.71911811
Link 80 27 392 0 0.22085042
Link 1 82 409 0 -2.21282643
Link 7 84 422 0 -0.18886229
Link 84 16 423 0 1.72856592
Link 11 36 435 1 -0.71666028
Link 52 52 465 1 -0.60151943
Link 46 12 511 0 1.94490785
Link 64 92 519 0 -1.21645039
Link 92 15 520 0 -1.30068310
Link 46 14 531 0 2.39329794
Link 7 94 544 0 0.98999827
Link 94 20 545 0 -0.71832127
Link 44 98 592 0 1.86015442
Link 36 100 609 0 -0.30870205
Link 100 12 610 0 0.68113154
Link 3 106 667 0 -1.49253593
Link 15 42 714 1 0.48789801
Link 28 117 762 0 0.22524197
Link 117 52 763 0 -1.64318790
Link 54 127 824 0 -0.33768869
Link 127 15 825 0 0.26114479
Link 3 52 832 0 -1.96465668
Link 7 67 841 0 -2.08997628
Link 135 56 878 1 -0.72002002
Link 6 138 889 0 1.10130223
Link 138 58 890 0 -1.18695381
Link 2 22 893 0 -1.54198747
Link 147 18 973 0 -0.16306325
Link 13 53 1001 1 -0.64625932
Link 53 67 1032 0 -3.06122405
Link 98 158 1075 0 -0.68582377
Link 158 12 1076 0 0.06859628
Link 71 162 1104 0 0.59592487
Link 162 13 1105 0 0.13848776
Link 33 164 1110 0 -3.38599953
Link 164 10 1111 0 -0.46741521
Link 2 169 1149 0 -1.40950119
Link 169 50 1150 0 -1.12644733
Link 2 170 1153 0 0.12476916
Link 170 67 1154 0 4.11895300
Link 182 48 1241 0 0.91689340
Link 28 39 1313 0 -3.62188958
Link 32 199 1358 0 2.38402446
Link 5 201 1373 0 1.74125793
Link 201 32 1374 0 2.24115499
Link 6 209 1417 0 1.21010685
Link 209 67 1418 0 -0.11993185
Link 53 76 1419 0 0.44747436
Link 5 210 1422 0 1.58134202
Link 210 70 1423 0 -2.54670727
Link 59 212 1440 0 1.46752306
Link 212 14 1441 0 1.45980438
Link 135 13 1456 0 -0.19924691
Link 225 22 1509 0 1.13448392
Link 8 34 1623 0 1.24933086
Link 15 251 1662 1 0.27434084
Link 251 15 1663 1 1.40703803
Link 39 259 1695 0 0.03709205
Link 259 189 1696 0 2.75150828
Link 36 68 1700 0 -0.50600268
Link 7 262 1707 0 -0.48597116
Link 262 71 1708 0 -0.79602891
Link 13 268 1757 1 -0.06515847
Link 34 19 1797 0 -0.35486598
Link 3 277 1799 0 -0.88896094
Link 277 56 1800 0 1.61044780
Link 3 287 1877 0 3.89337415
Link 7 289 1884 0 -1.63874542
Link 15 32 1939 1 1.59546472
Link 13 299 1949 1 -1.12266742
Link 299 67 1950 1 2.03178116
Link 17 44 1976 0 -0.42782761
Link 7 319 2100 0 -0.37012425
Link 319 11 2101 0 0.82613282
Link 17 33 2129 0 0.50411549
Link 54 84 2176 0 -1.78791126
Link 54 364 2392 0 0.45106511
Link 54 54 2403 1 -1.55627699
Link 376 225 2456 0 0.91405735
Link 28 23 2507 0 -4.41995627
Link 189 387 2530 0 1.17144360
Link 387 16 2531 0 -0.15568209
Link 46 397 2613 0 1.37612660
Link 397 15 2614 0 -2.39604269
Link 44 407 2696 0 1.25708921
Link 46 52 2760 0 0.17918946
Link 6 419 2787 0 2.46477720
Link 63 15 2820 0 1.57345820
Link 2 436 2903 0 0.97237498
Link 436 12 2904 0 1.52045358
Link 442 15 2928 0 0.36424637
Link 22 76 3000 0 -2.55843299
Link 1 459 3050 0 1.59403719
Link 459 15 3051 0 2.50068579
Link 5 106 3079 0 -1.00752032
Link 22 478 3189 0 0.65497360
Link 478 27 3190 0 0.22958766
Link 407 480 3206 0 -0.78513470
Link 480 63 3207 0 -0.01073110
Link 16 485 3238 1 -1.81080234
Link 48 27 3261 0 -2.64948372
Link 76 490 3263 0 -0.31730806
Link 490 442 3264 0 -0.10724984
Link 28 26 3288 0 -1.98164563
Link 44 501 3376 0 -0.69426198
Link 501 84 3377 0 0.51571601
Link 23 268 3393 0 0.79454497
Link 12 54 3467 1 -0.85699298
Link 8 251 3552 0 -1.74607893
Link 3 532 3627 0 0.88308424
Link 260 538 3673 0 0.75093085
Link 538 13 3674 0 -1.96113943
Link 199 553 3781 0 -2.07398686
Link 553 13 3782 0 -1.81444385
Link 1 560 3826 0 0.77656059
Link 7 589 4035 0 -1.32866352
Link 364 600 4128 0 -0.45213252
Link 600 22 4129 0 -0.04906004
Link 36 605 4164 1 0.89918395
Link 605 209 4165 1 1.37613258
Link 41 225 4455 0 -0.49190194
Link 84 17 4896 0 1.64648867
Link 121 71 5179 0 1.38252743
Link 76 735 5224 0 1.29191056
Link 735 199 5225 0 0.20428390
Link 28 737 5236 0 1.73146154
Link 737 48 5237 0 -1.90030505
Link 189 738 5239 1 -0.95173634
Link 738 37 5240 1 -1.25828824
Link 268 745 5288 1 1.27785596
Link 745 135 5289 1 -0.91057388
Link 289 100 5354 0 -2.08057097
Link 287 759 5393 0 -0.04633732
Link 759 39 5394 0 0.40194616
Link 532 777 5558 0 1.15057048
Link 777 56 5559 0 1.52949458
Link 237 809 5803 0 -1.39076715
Link 809 28 5804 0 0.46195703
Link 237 121 6066 0 -2.11130058
Link 67 289 6231 0 -0.93834028
Link 52 871 6259 0 0.64128851
Link 871 268 6260 0 0.94110853
Link 5 442 6511 0 1.68999692
Link 485 916 6586 1 -0.40796840
Link 916 669 6587 1 -0.71558795
Link 36 925 6643 0 0.84524586
Link 925 26 6644 0 2.22514727
Link 16 121 6684 1 1.92718143
Link 934 155 6711 0 0.46526726
Link 155 940 6755 0 1.42309899
Link 940 46 6756 0 -3.18674346
Link 37 36 6758 0 0.90559421
Link 64 947 6819 0 0.53296516
Link 947 76 6820 0 -2.18924828
Link 39 948 6822 0 1.46337870
Link 948 251 6823 0 0.34497400
Link 37 956 6928 0 1.33790313
Link 956 376 6929 0 2.79249773
Link 209 189 6967 0 1.27184874
Link 67 26 7035 0 0.55694825
Link 98 387 7108 0 1.83968059
Link 106 979 7155 0 0.46037671
Link 979 182 7156 0 -0.41504906
Link 7 994 7282 0 -2.05063255
Link 994 934 7283 0 0.63800620
Link 12 138 7292 1 -0.38540173
Link 201 532 7317 0 -1.71915816
Link 127 48 7364 1 1.91262974
Link 553 289 7397 1 -0.54051420
Link 4 1027 7553 0 -0.48850530
Link 1027 237 7554 0 -0.27747784
Link 121 1030 7592 0 -1.16313101
Link 1030 52 7593 0 2.35984903
Link 34 1052 7754 0 -1.32141021
Link 1052 18 7755 0 -0.82907694
Link 26 199 7823 0 -2.48294255
Link 5 1062 7838 0 1.81843168
Link 1062 332 7839 0 -1.08100837
Link 934 10 7914 0 0.39411315
Link 669 1075 7958 1 0.43001957
Link 1075 46 7959 1 2.10740589
Link 26 98 7969 0 1.98885794
Link 201 237 8027 0 0.78212366
Link 419 1084 8063 0 1.63931573
Link 1084 16 8064 0 0.41024440
Link 376 18 8068 0 -0.48922522
Link 53 1096 8221 0 -0.85406732
Link 1096 98 8222 0 -1.01874558
Link 948 199 8593 0 -0.24516726
Link 41 948 8645 0 -1.53278301
Link 28 490 8682 0 0.17308226
Link 54 71 8684 0 1.19534351
Link 33 53 8811 0 0.17271996
Link 39 940 8875 1 -0.76637362
Link 155 155 8899 1 -2.85977473
Link 15 155 9316 1 1.15003034
Link 501 777 9427 1 -1.95349823
Link 1245 259 9644 0 2.54256425
Link 1253 147 9678 0 -1.25372360
Link 237 1259 9723 0 0.35896802
Link 1259 1245 9724 0 -2.57921365
Link 98 442 9786 0 -1.62836610
Link 82 1270 9796 0 0.39813894
Link 1270 54 9797 0 1.70599633
Link 71 956 9917 0 0.90731872
Link 485 947 9956 0 0.06752330
Link 376 237 10034 1 -1.64863799
Link 478 84 10066 0 4.25614713
Link 42 1306 10083 0 -0.47132019
Link 1306 23 10084 0 0.29270105
Link 277 17 10198 0 -0.16842359
Link 20 956 10372 0 -0.68249223
Link 332 1348 10445 0 2.18544275
Link 1348 18 10446 0 1.05428031
Link 560 1351 10471 0 0.91429136
Link 1351 121 10472 0 0.60022385
Link 947 735 10473 0 2.50174222
Link 121 947 10856 0 0.23338278
Link 364 10 10954 0 -1.47288852
Link 809 76 10978 0 0.94342843
Link 26 100 11238 0 0.08753320
Link 5 1444 11240 0 -2.57846490
Link 1444 501 11241 0 1.46783490
Link 106 33 11259 0 -2.13253576
Link 64 127 11394 0 2.46272942
Link 82 994 11404 1 -0.75838455
Link 956 76 11431 0 1.80959927
Link 106 994 11452 1 -2.27899083
Link 36 268 11468 0 -3.95222248
Link 7 397 11583 0 0.57814168
Link 588 1479 11598 0 0.28139909
Link 289 1502 11797 0 -0.74144072
Link 1502 588 11798 0 -1.89376815
Link 33 1096 12573 0 -2.59048827
Link 37 147 12584 1 2.57850217
Link 212 777 12632 1 -3.29774177
Link 32 1630 12998 1 0.90633744
Link 1630 605 12999 1 0.32927642
Link 1479 1637 13060 0 0.64131016
Link 1637 15 13061 0 -3.38908447
Link 319 809 13084 1 0.57265507
Link 7 1675 13411 0 -1.39905637
Link 1675 1253 13412 0 1.93195359
Link 589 1679 13438 0 2.13053509
Link 1679 260 13439 0 1.58972443
Link 1259 1259 13445 1 -0.55266112
Link 34 934 13486 1 2.37891360
Link 158 1703 13621 1 2.82686113
Link 1703 23 13622 1 0.21669630
Link 42 199 13711 0 -2.96114674
Link 37 1723 13800 0 0.66531242
Link 1723 26 13801 0 -1.92107994
Link 36 1739 13926 0 -2.27388724
Link 1739 54 13927 0 -2.09936014
Link 6 442 14169 0 -1.46595310
Link 48 364 14630 0 -1.25911104
Link 42 553 14866 0 0.04540374
Link 1306 32 15103 0 -3.13949000
Link 397 138 15328 1 1.57680427
Link 478 14 15404 0 -3.91257901
Link 260 64 15408 0 -1.30292137
Link 48 442 15595 0 -0.35484379
Link 18 1939 15708 1 -2.03291701
Link 1939 18 15709 1 0.61824507
Link 1348 13 15789 0 0.71152915
Link 259 1962 15911 1 -2.12398461
Link 1962 1259 15912 1 -2.15338556
Link 485 170 15976 1 -3.07774844
Link 268 22 16079 1 3.20539062
Link 170 387 16437 0 -0.65092680
Link 106 2072 16894 0 -2.68861146
Link 2072 64 16895 0 -3.11259944
Link 11 68 17540 1 -0.66381222
Link 940 738 17597 0 0.82849599
Link 277 2148 17621 0 1.00000000
Link 2148 287 17622 0 1.87533489
Link 19 605 17660 1 1.07677046
GenomeEnd

