GenomeStart 42881
Neuron 1 1 0.00000000 1 0.00000000 0.00000000 0.00000000 0.00000000
Neuron 2 1 0.00000000 1 0.00000000 0.00000000 0.00000000 0.00000000
Neuron 3 1 0.00000000 1 0.00000000 0.00000000 0.00000000 0.00000000
Neuron 4 1 0.00000000 1 0.00000000 0.00000000 0.00000000 0.00000000
Neuron 5 1 0.00000000 1 0.00000000 0.00000000 0.00000000 0.00000000
Neuron 6 1 0.00000000 1 0.00000000 0.00000000 0.00000000 0.00000000
Neuron 7 1 0.00000000 1 0.00000000 0.00000000 0.00000000 0.00000000
Neuron 8 1 0.00000000 1 0.00000000 0.00000000 0.00000000 0.00000000
Neuron 9 2 0.00000000 1 0.00000000 0.00000000 0.00000000 0.00000000
Neuron 10 4 1.00000000 0 1.00000000 0.00000000 0.00000000 0.00000000
Neuron 11 4 1.00000000 0 1.00000000 0.00000000 0.00000000 0.00000000
Neuron 12 4 1.00000000 0 1.00000000 0.00000000 0.00000000 0.00000000
Neuron 13 4 1.00000000 0 1.00000000 0.00000000 0.00000000 0.00000000
Neuron 14 4 1.00000000 0 1.00000000 0.00000000 0.00000000 0.00000000
Neuron 15 4 1.00000000 0 1.00000000 0.00000000 0.00000000 0.00000000
Neuron 16 4 1.00000000 0 1.00000000 0.00000000 0.00000000 0.00000000
Neuron 17 3 0.50000000 1 1.00000000 0.00000000 0.00000000 0.00000000
Neuron 18 3 0.50000000 1 1.00000000 0.00000000 0.00000000 0.00000000
Neuron 19 3 0.50000000 1 1.00000000 0.00000000 0.00000000 0.00000000
Neuron 20 3 0.50000000 1 1.00000000 0.00000000 0.00000000 0.00000000
Neuron 23 3 0.50000000 1 1.00000000 0.00000000 0.00000000 0.00000000
Neuron 24 3 0.50000000 1 1.00000000 0.00000000 0.00000000 0.00000000
Neuron 29 3 0.50000000 1 1.00000000 0.00000000 0.00000000 0.00000000
Neuron 38 3 0.50000000 1 1.00000000 0.00000000 0.00000000 0.00000000
Neuron 43 3 0.50000000 1 1.00000000 0.00000000 0.00000000 0.00000000
Neuron 45 3 0.50000000 1 1.00000000 0.00000000 0.00000000 0.00000000
Neuron 52 3 0.50000000 1 1.00000000 0.00000000 0.00000000 0.00000000
Neuron 55 3 0.50000000 1 1.00000000 0.00000000 0.00000000 0.00000000
Neuron 65 3 0.50000000 1 1.00000000 0.00000000 0.00000000 0.00000000
Neuron 66 3 0.50000000 1 1.00000000 0.00000000 0.00000000 0.00000000
Neuron 69 3 0.50000000 1 1.00000000 0.00000000 0.00000000 0.00000000
Neuron 70 3 0.50000000 1 1.00000000 0.00000000 0.00000000 0.00000000
Neuron 87 3 0.25000000 1 1.00000000 0.00000000 0.00000000 0.00000000
Neuron 94 3 0.25000000 1 1.00000000 0.00000000 0.00000000 0.00000000
Neuron 128 3 0.37500000 1 1.00000000 0.00000000 0.00000000 0.00000000
Neuron 130 3 0.75000000 1 1.00000000 0.00000000 0.00000000 0.00000000
Neuron 132 3 0.75000000 1 1.00000000 0.00000000 0.00000000 0.00000000
Neuron 134 3 0.25000000 1 1.00000000 0.00000000 0.00000000 0.00000000
Neuron 177 3 0.75000000 1 1.00000000 0.00000000 0.00000000 0.00000000
Neuron 193 3 0.75000000 1 1.00000000 0.00000000 0.00000000 0.00000000
Neuron 197 3 0.75000000 1 1.00000000 0.00000000 0.00000000 0.00000000
Neuron 204 3 0.25000000 1 1.00000000 0.00000000 0.00000000 0.00000000
Neuron 216 3 0.87500000 1 1.00000000 0.00000000 0.00000000 0.00000000
Neuron 234 3 0.75000000 1 1.00000000 0.00000000 0.00000000 0.00000000
Neuron 238 3 0.75000000 1 1.00000000 0.00000000 0.00000000 0.00000000
Neuron 245 3 0.62500000 1 1.00000000 0.00000000 0.00000000 0.00000000
Neuron 285 3 0.87500000 1 1.00000000 0.00000000 0.00000000 0.00000000
Neuron 293 3 0.81250000 1 1.00000000 0.00000000 0.00000000 0.00000000
Neuron 309 3 0.50000000 1 1.00000000 0.00000000 0.00000000 0.00000000
Neuron 379 3 0.12500000 1 1.00000000 0.00000000 0.00000000 0.00000000
Neuron 401 3 0.62500000 1 1.00000000 0.00000000 0.00000000 0.00000000
Neuron 405 3 0.78125000 1 1.00000000 0.00000000 0.00000000 0.00000000
Neuron 427 3 0.12500000 1 1.00000000 0.00000000 0.00000000 0.00000000
Neuron 474 3 0.75000000 1 1.00000000 0.00000000 0.00000000 0.00000000
Neuron 495 3 0.37500000 1 1.00000000 0.00000000 0.00000000 0.00000000
Neuron 500 3 0.62500000 1 1.00000000 0.00000000 0.00000000 0.00000000
Neuron 507 3 0.25000000 1 1.00000000 0.00000000 0.00000000 0.00000000
Neuron 519 3 0.37500000 1 1.00000000 0.00000000 0.00000000 0.00000000
Neuron 525 3 0.25000000 1 1.00000000 0.00000000 0.00000000 0.00000000
Neuron 603 3 0.31250000 1 1.00000000 0.00000000 0.00000000 0.00000000
Neuron 604 3 1.00000000 1 1.00000000 0.00000000 0.00000000 0.00000000
Neuron 632 3 0.87500000 1 1.00000000 0.00000000 0.00000000 0.00000000
Neuron 661 3 0.75000000 1 1.00000000 0.00000000 0.00000000 0.00000000
Neuron 663 3 0.87500000 1 1.00000000 0.00000000 0.00000000 0.00000000
Neuron 671 3 0.25000000 1 1.00000000 0.00000000 0.00000000 0.00000000
Neuron 903 3 0.34375000 1 1.00000000 0.00000000 0.00000000 0.00000000
Link 2 10 2 0 -0.69255550
Link 3 10 3 0 -6.84692163
Link 4 10 4 0 3.15096892
Link 5 10 5 0 -2.97548287
Link 8 10 8 0 -2.88235455
Link 9 10 9 0 -2.44699261
Link 1 11 10 0 2.41094887
Link 2 11 11 0 5.24060307
Link 4 11 13 0 2.43181217
Link 6 11 15 0 3.32076517
Link 7 11 16 0 5.25770857
Link 9 11 18 0 -0.97258225
Link 1 12 19 0 5.93115726
Link 2 12 20 0 0.00897085
Link 4 12 22 0 -0.51529884
Link 5 12 23 0 3.90933327
Link 8 12 26 0 -2.58294338
Link 9 12 27 0 -0.79948233
Link 2 13 29 0 -3.36335176
Link 3 13 30 0 -0.66093224
Link 6 13 33 0 4.87361286
Link 7 13 34 0 4.57790792
Link 8 13 35 0 -0.83490430
Link 9 13 36 0 0.00955317
Link 1 14 37 0 -1.97720711
Link 2 14 38 0 -1.79257982
Link 3 14 39 0 -6.93534095
Link 6 14 42 0 0.91130632
Link 8 14 44 0 -1.19858148
Link 9 14 45 0 -1.09216215
Link 1 15 46 0 -4.69854486
Link 6 15 51 0 1.02605427
Link 7 15 52 0 -4.80588918
Link 8 15 53 0 2.97051264
Link 9 15 54 0 1.00609579
Link 4 16 58 0 1.54052764
Link 5 16 59 0 1.94489147
Link 6 16 60 0 6.44503267
Link 9 16 63 0 -3.10077829
Link 8 17 65 0 1.25377412
Link 17 16 66 0 -1.17862439
Link 7 18 68 0 -4.94499663
Link 18 14 69 0 4.80099489
Link 6 19 71 0 1.00000000
Link 19 10 72 0 -0.91941068
Link 4 23 83 0 -0.10725155
Link 23 15 84 0 2.86940020
Link 4 38 129 0 0.94299728
Link 8 43 146 0 -2.98375398
Link 43 11 147 0 1.92348686
Link 45 11 153 0 4.13392137
Link 1 52 174 0 1.79647281
Link 52 13 175 0 0.40809500
Link 6 55 186 0 1.12678547
Link 55 12 187 0 -2.05550474
Link 2 65 261 0 1.00000000
Link 65 15 262 0 0.48808357
Link 3 66 269 0 0.89894514
Link 66 15 270 0 0.76347205
Link 1 69 309 0 1.23047522
Link 5 70 314 0 -0.19494259
Link 70 15 315 0 -2.41607959
Link 52 11 346 0 0.45466083
Link 9 18 405 0 -1.99750585
Link 1 24 426 0 1.53332042
Link 3 87 450 0 -0.12323524
Link 87 45 451 0 0.22675995
Link 18 24 554 0 0.83064682
Link 128 20 838 0 2.84760312
Link 130 52 854 1 -1.42209835
Link 38 132 863 0 1.87429266
Link 3 134 873 0 0.95278637
Link 134 24 874 0 -1.79382077
Link 18 20 938 0 -4.75450586
Link 94 14 961 0 3.89166363
Link 11 177 1209 1 -3.54799492
Link 177 43 1210 1 -1.35075739
Link 193 12 1311 0 0.32103387
Link 197 12 1351 0 -1.99233037
Link 204 24 1391 0 2.39797734
Link 10 216 1458 1 1.24044959
Link 216 130 1459 1 1.05293450
Link 69 234 1546 0 2.36493716
Link 234 16 1547 0 5.06624540
Link 29 238 1580 0 0.97906855
Link 238 10 1581 0 2.05260029
Link 24 245 1626 0 2.40640313
Link 245 197 1627 0 0.01663950
Link 4 197 1754 0 2.89421176
Link 285 14 1869 0 -2.21128239
Link 293 285 1907 0 0.77960790
Link 7 309 2017 0 0.92988956
Link 309 14 2018 0 4.25586310
Link 285 13 2106 0 0.43423636
Link 285 10 2120 0 -3.53807520
Link 6 285 2254 0 -1.92141994
Link 70 52 2284 0 -1.49738607
Link 7 379 2471 0 0.14121204
Link 379 94 2472 0 -3.02194727
Link 94 293 2510 0 -0.61941466
Link 14 401 2634 1 -0.06490691
Link 401 204 2635 1 -0.86636830
Link 177 405 2654 0 2.57542847
Link 405 293 2655 0 0.11122185
Link 18 12 2657 0 0.59061919
Link 24 16 2769 0 -0.45886125
Link 177 16 2826 0 3.95885473
Link 7 427 2840 0 0.84448029
Link 427 204 2841 0 0.93239721
Link 20 474 3150 0 1.29739900
Link 245 495 3313 1 3.07553881
Link 495 427 3314 1 0.84743353
Link 20 500 3357 0 0.24336059
Link 500 193 3358 0 2.21884107
Link 94 507 3420 1 -0.85770610
Link 3 519 3477 0 1.91517069
Link 519 177 3478 0 -1.68597180
Link 1 525 3537 0 3.11119320
Link 525 29 3538 0 1.43547270
Link 38 20 3677 0 -1.19969296
Link 427 23 3708 0 -4.43259182
Link 23 193 3711 0 0.01918457
Link 7 134 3768 0 0.05500725
Link 10 55 3888 1 4.25426390
Link 45 193 3987 0 3.64965022
Link 94 603 4147 0 0.72399198
Link 12 604 4157 1 0.90290105
Link 604 12 4158 1 -0.15148954
Link 5 66 4180 0 2.24131481
Link 525 10 4228 0 0.63075802
Link 38 12 4249 0 -0.20349189
Link 132 632 4407 0 1.00000000
Link 632 14 4408 0 -0.85692247
Link 18 401 4413 0 -0.89441341
Link 52 69 4428 0 2.11024734
Link 4 507 4565 0 -1.43349477
Link 525 474 4632 0 -2.12929358
Link 474 661 4657 1 1.22091756
Link 661 474 4658 1 0.56920479
Link 474 663 4669 0 -0.86069852
Link 663 11 4670 0 -0.80223906
Link 507 671 4733 1 0.60702679
Link 671 94 4734 1 -2.27829212
Link 427 427 4769 1 0.33867594
Link 401 525 4935 1 0.58407820
Link 38 405 4977 0 -3.85760449
Link 1 130 4995 0 1.94021686
Link 238 238 5137 1 1.52502079
Link 128 38 5186 0 1.41497648
Link 405 20 5208 1 -1.63370576
Link 525 525 5308 1 4.39289822
Link 519 245 5322 0 0.60412535
Link 8 663 5480 0 0.80880294
Link 132 401 5767 1 -3.32869631
Link 130 204 5811 1 -1.30177618
Link 17 87 5911 1 -0.64474973
Link 55 52 5973 0 0.09646047
Link 507 24 6112 0 3.49065987
Link 29 495 6147 1 4.74687177
Link 603 603 6348 1 -4.03040961
Link 193 238 6442 0 0.12960244
Link 603 903 6474 0 0.97645457
Link 903 128 6475 0 0.57034806
Link 234 177 6734 0 -0.70803547
Link 38 69 6903 0 2.54442814
Link 427 134 6931 0 3.98103745
GenomeEnd

