GenomeStart 87780
Neuron 1 1 0.00000000 1 0.00000000 0.00000000 0.00000000 0.00000000
Neuron 2 1 0.00000000 1 0.00000000 0.00000000 0.00000000 0.00000000
Neuron 3 1 0.00000000 1 0.00000000 0.00000000 0.00000000 0.00000000
Neuron 4 1 0.00000000 1 0.00000000 0.00000000 0.00000000 0.00000000
Neuron 5 1 0.00000000 1 0.00000000 0.00000000 0.00000000 0.00000000
Neuron 6 1 0.00000000 1 0.00000000 0.00000000 0.00000000 0.00000000
Neuron 7 1 0.00000000 1 0.00000000 0.00000000 0.00000000 0.00000000
Neuron 8 1 0.00000000 1 0.00000000 0.00000000 0.00000000 0.00000000
Neuron 9 2 0.00000000 1 0.00000000 0.00000000 0.00000000 0.00000000
Neuron 10 4 1.00000000 0 1.00000000 0.00000000 0.00000000 0.00000000
Neuron 11 4 1.00000000 0 1.00000000 0.00000000 0.00000000 0.00000000
Neuron 12 4 1.00000000 0 1.00000000 0.00000000 0.00000000 0.00000000
Neuron 13 4 1.00000000 0 1.00000000 0.00000000 0.00000000 0.00000000
Neuron 14 4 1.00000000 0 1.00000000 0.00000000 0.00000000 0.00000000
Neuron 15 4 1.00000000 0 1.00000000 0.00000000 0.00000000 0.00000000
Neuron 16 4 1.00000000 0 1.00000000 0.00000000 0.00000000 0.00000000
Neuron 17 3 0.50000000 1 1.00000000 0.00000000 0.00000000 0.00000000
Neuron 18 3 0.50000000 1 1.00000000 0.00000000 0.00000000 0.00000000
Neuron 20 3 0.50000000 1 1.00000000 0.00000000 0.00000000 0.00000000
Neuron 22 3 0.50000000 1 1.00000000 0.00000000 0.00000000 0.00000000
Neuron 23 3 0.50000000 1 1.00000000 0.00000000 0.00000000 0.00000000
Neuron 26 3 0.50000000 1 1.00000000 0.00000000 0.00000000 0.00000000
Neuron 27 3 0.50000000 1 1.00000000 0.00000000 0.00000000 0.00000000
Neuron 28 3 0.50000000 1 1.00000000 0.00000000 0.00000000 0.00000000
Neuron 32 3 0.50000000 1 1.00000000 0.00000000 0.00000000 0.00000000
Neuron 33 3 0.50000000 1 1.00000000 0.00000000 0.00000000 0.00000000
Neuron 34 3 0.50000000 1 1.00000000 0.00000000 0.00000000 0.00000000
Neuron 35 3 0.50000000 1 1.00000000 0.00000000 0.00000000 0.00000000
Neuron 36 3 0.50000000 1 1.00000000 0.00000000 0.00000000 0.00000000
Neuron 37 3 0.50000000 1 1.00000000 0.00000000 0.00000000 0.00000000
Neuron 39 3 0.50000000 1 1.00000000 0.00000000 0.00000000 0.00000000
Neuron 41 3 0.50000000 1 1.00000000 0.00000000 0.00000000 0.00000000
Neuron 42 3 0.50000000 1 1.00000000 0.00000000 0.00000000 0.00000000
Neuron 44 3 0.50000000 1 1.00000000 0.00000000 0.00000000 0.00000000
Neuron 45 3 0.50000000 1 1.00000000 0.00000000 0.00000000 0.00000000
Neuron 46 3 0.50000000 1 1.00000000 0.00000000 0.00000000 0.00000000
Neuron 48 3 0.50000000 1 1.00000000 0.00000000 0.00000000 0.00000000
Neuron 50 3 0.50000000 1 1.00000000 0.00000000 0.00000000 0.00000000
Neuron 52 3 0.50000000 1 1.00000000 0.00000000 0.00000000 0.00000000
Neuron 53 3 0.50000000 1 1.00000000 0.00000000 0.00000000 0.00000000
Neuron 54 3 0.50000000 1 1.00000000 0.00000000 0.00000000 0.00000000
Neuron 55 3 0.50000000 1 1.00000000 0.00000000 0.00000000 0.00000000
Neuron 56 3 0.50000000 1 1.00000000 0.00000000 0.00000000 0.00000000
Neuron 58 3 0.50000000 1 1.00000000 0.00000000 0.00000000 0.00000000
Neuron 59 3 0.50000000 1 1.00000000 0.00000000 0.00000000 0.00000000
Neuron 63 3 0.50000000 1 1.00000000 0.00000000 0.00000000 0.00000000
Neuron 64 3 0.75000000 1 1.00000000 0.00000000 0.00000000 0.00000000
Neuron 65 3 0.50000000 1 1.00000000 0.00000000 0.00000000 0.00000000
Neuron 67 3 0.50000000 1 1.00000000 0.00000000 0.00000000 0.00000000
Neuron 68 3 0.50000000 1 1.00000000 0.00000000 0.00000000 0.00000000
Neuron 69 3 0.50000000 1 1.00000000 0.00000000 0.00000000 0.00000000
Neuron 70 3 0.50000000 1 1.00000000 0.00000000 0.00000000 0.00000000
Neuron 71 3 0.50000000 1 1.00000000 0.00000000 0.00000000 0.00000000
Neuron 76 3 0.75000000 1 1.00000000 0.00000000 0.00000000 0.00000000
Neuron 77 3 0.25000000 1 1.00000000 0.00000000 0.00000000 0.00000000
Neuron 82 3 0.25000000 1 1.00000000 0.00000000 0.00000000 0.00000000
Neuron 84 3 0.50000000 1 1.00000000 0.00000000 0.00000000 0.00000000
Neuron 98 3 0.75000000 1 1.00000000 0.00000000 0.00000000 0.00000000
Neuron 100 3 0.75000000 1 1.00000000 0.00000000 0.00000000 0.00000000
Neuron 102 3 0.75000000 1 1.00000000 0.00000000 0.00000000 0.00000000
Neuron 106 3 0.25000000 1 1.00000000 0.00000000 0.00000000 0.00000000
Neuron 112 3 0.75000000 1 1.00000000 0.00000000 0.00000000 0.00000000
Neuron 121 3 0.25000000 1 1.00000000 0.00000000 0.00000000 0.00000000
Neuron 125 3 0.25000000 1 1.00000000 0.00000000 0.00000000 0.00000000
Neuron 126 3 0.50000000 1 1.00000000 0.00000000 0.00000000 0.00000000
Neuron 127 3 0.75000000 1 1.00000000 0.00000000 0.00000000 0.00000000
Neuron 135 3 0.75000000 1 1.00000000 0.00000000 0.00000000 0.00000000
Neuron 138 3 0.25000000 1 1.00000000 0.00000000 0.00000000 0.00000000
Neuron 140 3 0.25000000 1 1.00000000 0.00000000 0.00000000 0.00000000
Neuron 143 3 0.12500000 1 1.00000000 0.00000000 0.00000000 0.00000000
Neuron 147 3 0.25000000 1 1.00000000 0.00000000 0.00000000 0.00000000
Neuron 155 3 0.25000000 1 1.00000000 0.00000000 0.00000000 0.00000000
Neuron 162 3 0.75000000 1 1.00000000 0.00000000 0.00000000 0.00000000
Neuron 166 3 0.25000000 1 1.00000000 0.00000000 0.00000000 0.00000000
Neuron 182 3 0.37500000 1 1.00000000 0.00000000 0.00000000 0.00000000
Neuron 189 3 0.75000000 1 1.00000000 0.00000000 0.00000000 0.00000000
Neuron 199 3 0.75000000 1 1.00000000 0.00000000 0.00000000 0.00000000
Neuron 201 3 0.25000000 1 1.00000000 0.00000000 0.00000000 0.00000000
Neuron 209 3 0.25000000 1 1.00000000 0.00000000 0.00000000 0.00000000
Neuron 210 3 0.25000000 1 1.00000000 0.00000000 0.00000000 0.00000000
Neuron 211 3 0.75000000 1 1.00000000 0.00000000 0.00000000 0.00000000
Neuron 212 3 0.75000000 1 1.00000000 0.00000000 0.00000000 0.00000000
Neuron 225 3 0.50000000 1 1.00000000 0.00000000 0.00000000 0.00000000
Neuron 234 3 0.75000000 1 1.00000000 0.00000000 0.00000000 0.00000000
Neuron 237 3 0.25000000 1 1.00000000 0.00000000 0.00000000 0.00000000
Neuron 251 3 1.00000000 1 1.00000000 0.00000000 0.00000000 0.00000000
Neuron 259 3 0.62500000 1 1.00000000 0.00000000 0.00000000 0.00000000
Neuron 260 3 0.50000000 1 1.00000000 0.00000000 0.00000000 0.00000000
Neuron 262 3 0.25000000 1 1.00000000 0.00000000 0.00000000 0.00000000
Neuron 265 3 0.75000000 1 1.00000000 0.00000000 0.00000000 0.00000000
Neuron 268 3 0.87500000 1 1.00000000 0.00000000 0.00000000 0.00000000
Neuron 277 3 0.25000000 1 1.00000000 0.00000000 0.00000000 0.00000000
Neuron 289 3 0.50000000 1 1.00000000 0.00000000 0.00000000 0.00000000
Neuron 299 3 0.75000000 1 1.00000000 0.00000000 0.00000000 0.00000000
Neuron 332 3 0.25000000 1 1.00000000 0.00000000 0.00000000 0.00000000
Neuron 355 3 0.25000000 1 1.00000000 0.00000000 0.00000000 0.00000000
Neuron 364 3 0.50000000 1 1.00000000 0.00000000 0.00000000 0.00000000
Neuron 365 3 1.00000000 1 1.00000000 0.00000000 0.00000000 0.00000000
Neuron 376 3 0.50000000 1 1.00000000 0.00000000 0.00000000 0.00000000
Neuron 387 3 0.87500000 1 1.00000000 0.00000000 0.00000000 0.00000000
Neuron 397 3 0.75000000 1 1.00000000 0.00000000 0.00000000 0.00000000
Neuron 407 3 0.50000000 1 1.00000000 0.00000000 0.00000000 0.00000000
Neuron 436 3 0.50000000 1 1.00000000 0.00000000 0.00000000 0.00000000
Neuron 442 3 0.87500000 1 1.00000000 0.00000000 0.00000000 0.00000000
Neuron 447 3 0.50000000 1 1.00000000 0.00000000 0.00000000 0.00000000
Neuron 478 3 0.50000000 1 1.00000000 0.00000000 0.00000000 0.00000000
Neuron 480 3 0.50000000 1 1.00000000 0.00000000 0.00000000 0.00000000
Neuron 485 3 0.75000000 1 1.00000000 0.00000000 0.00000000 0.00000000
Neuron 488 3 0.75000000 1 1.00000000 0.00000000 0.00000000 0.00000000
Neuron 490 3 0.81250000 1 1.00000000 0.00000000 0.00000000 0.00000000
Neuron 498 3 0.93750000 1 1.00000000 0.00000000 0.00000000 0.00000000
Neuron 501 3 0.50000000 1 1.00000000 0.00000000 0.00000000 0.00000000
Neuron 526 3 0.12500000 1 1.00000000 0.00000000 0.00000000 0.00000000
Neuron 532 3 0.25000000 1 1.00000000 0.00000000 0.00000000 0.00000000
Neuron 547 3 0.87500000 1 1.00000000 0.00000000 0.00000000 0.00000000
Neuron 553 3 0.87500000 1 1.00000000 0.00000000 0.00000000 0.00000000
Neuron 556 3 0.62500000 1 1.00000000 0.00000000 0.00000000 0.00000000
Neuron 559 3 0.84375000 1 1.00000000 0.00000000 0.00000000 0.00000000
Neuron 560 3 0.12500000 1 1.00000000 0.00000000 0.00000000 0.00000000
Neuron 588 3 0.75000000 1 1.00000000 0.00000000 0.00000000 0.00000000
Neuron 599 3 0.78125000 1 1.00000000 0.00000000 0.00000000 0.00000000
Neuron 635 3 0.87500000 1 1.00000000 0.00000000 0.00000000 0.00000000
Neuron 643 3 0.87500000 1 1.00000000 0.00000000 0.00000000 0.00000000
Neuron 669 3 0.62500000 1 1.00000000 0.00000000 0.00000000 0.00000000
Neuron 709 3 0.75000000 1 1.00000000 0.00000000 0.00000000 0.00000000
Neuron 735 3 0.75000000 1 1.00000000 0.00000000 0.00000000 0.00000000
Neuron 738 3 0.62500000 1 1.00000000 0.00000000 0.00000000 0.00000000
Neuron 745 3 0.81250000 1 1.00000000 0.00000000 0.00000000 0.00000000
Neuron 777 3 0.37500000 1 1.00000000 0.00000000 0.00000000 0.00000000
Neuron 780 3 0.50000000 1 1.00000000 0.00000000 0.00000000 0.00000000
Neuron 809 3 0.37500000 1 1.00000000 0.00000000 0.00000000 0.00000000
Neuron 871 3 0.68750000 1 1.00000000 0.00000000 0.00000000 0.00000000
Neuron 934 3 0.12500000 1 1.00000000 0.00000000 0.00000000 0.00000000
Neuron 940 3 0.37500000 1 1.00000000 0.00000000 0.00000000 0.00000000
Neuron 947 3 0.75000000 1 1.00000000 0.00000000 0.00000000 0.00000000
Neuron 948 3 0.75000000 1 1.00000000 0.00000000 0.00000000 0.00000000
Neuron 956 3 0.50000000 1 1.00000000 0.00000000 0.00000000 0.00000000
Neuron 960 3 0.12500000 1 1.00000000 0.00000000 0.00000000 0.00000000
Neuron 983 3 0.50000000 1 1.00000000 0.00000000 0.00000000 0.00000000
Neuron 994 3 0.06250000 1 1.00000000 0.00000000 0.00000000 0.00000000
Neuron 1030 3 0.37500000 1 1.00000000 0.00000000 0.00000000 0.00000000
Neuron 1032 3 0.37500000 1 1.00000000 0.00000000 0.00000000 0.00000000
Neuron 1052 3 0.50000000 1 1.00000000 0.00000000 0.00000000 0.00000000
Neuron 1061 3 0.50000000 1 1.00000000 0.00000000 0.00000000 0.00000000
Neuron 1062 3 0.12500000 1 1.00000000 0.00000000 0.00000000 0.00000000
Neuron 1075 3 0.56250000 1 1.00000000 0.00000000 0.00000000 0.00000000
Neuron 1096 3 0.62500000 1 1.00000000 0.00000000 0.00000000 0.00000000
Neuron 1100 3 0.87500000 1 1.00000000 0.00000000 0.00000000 0.00000000
Neuron 1133 3 0.43750000 1 1.00000000 0.00000000 0.00000000 0.00000000
Neuron 1160 3 0.87500000 1 1.00000000 0.00000000 0.00000000 0.00000000
Neuron 1161 3 0.50000000 1 1.00000000 0.00000000 0.00000000 0.00000000
Neuron 1245 3 0.25000000 1 1.00000000 0.00000000 0.00000000 0.00000000
Neuron 1253 3 0.12500000 1 1.00000000 0.00000000 0.00000000 0.00000000
Neuron 1259 3 0.25000000 1 1.00000000 0.00000000 0.00000000 0.00000000
Neuron 1306 3 0.50000000 1 1.00000000 0.00000000 0.00000000 0.00000000
Neuron 1311 3 0.65625000 1 1.00000000 0.00000000 0.00000000 0.00000000
Neuron 1380 3 0.87500000 1 1.00000000 0.00000000 0.00000000 0.00000000
Neuron 1405 3 0.73437500 1 1.00000000 0.00000000 0.00000000 0.00000000
Neuron 1430 3 0.43750000 1 1.00000000 0.00000000 0.00000000 0.00000000
Neuron 1609 3 0.85937500 1 1.00000000 0.00000000 0.00000000 0.00000000
Neuron 1641 3 0.65625000 1 1.00000000 0.00000000 0.00000000 0.00000000
Link 1 10 1 0 1.95127304
Link 2 10 2 0 2.80459197
Link 3 10 3 0 -2.09221841
Link 4 10 4 0 -0.99407973
Link 5 10 5 0 1.27205109
Link 6 10 6 0 2.44335200
Link 7 10 7 0 -0.07855231
Link 8 10 8 0 2.36028809
Link 9 10 9 0 -0.15146256
Link 1 11 10 0 1.43190296
Link 6 11 15 0 3.44306599
Link 7 11 16 0 -2.60360911
Link 8 11 17 0 2.36184567
Link 9 11 18 0 -0.33594650
Link 1 12 19 0 3.51664513
Link 3 12 21 0 -1.59682827
Link 4 12 22 0 -5.30139696
Link 5 12 23 0 -1.80297467
Link 8 12 26 0 -0.29619880
Link 9 12 27 0 -1.77000155
Link 1 13 28 0 -1.32661798
Link 2 13 29 0 -0.11339976
Link 3 13 30 0 1.65366925
Link 6 13 33 0 -1.37478898
Link 8 13 35 0 0.69313862
Link 2 14 38 0 -1.30579412
Link 4 14 40 0 0.48390684
Link 5 14 41 0 -2.80958608
Link 7 14 43 0 -0.99555083
Link 8 14 44 0 2.82823702
Link 9 14 45 0 -3.30001761
Link 1 15 46 0 4.02119336
Link 3 15 48 0 0.06892512
Link 4 15 49 0 -1.70342350
Link 9 15 54 0 -2.88547413
Link 3 16 57 0 3.76919972
Link 4 16 58 0 -0.98519657
Link 5 16 59 0 3.75993053
Link 6 16 60 0 4.33956887
Link 7 16 61 0 1.21354377
Link 8 17 65 0 -0.51387696
Link 17 16 66 0 -1.44120241
Link 18 14 69 0 -1.98894378
Link 7 20 74 0 0.16189910
Link 20 12 75 0 3.44598763
Link 22 11 81 0 2.16655963
Link 23 15 84 0 1.38229285
Link 2 26 93 0 1.85081761
Link 8 27 96 0 -2.95323268
Link 27 14 97 0 1.71778569
Link 28 11 100 0 -1.45309892
Link 4 33 114 0 -0.35725378
Link 33 10 115 0 2.38629842
Link 5 34 117 0 0.57848855
Link 34 11 118 0 -1.37160728
Link 4 35 120 0 2.05464196
Link 35 13 121 0 0.82721943
Link 2 36 123 0 -0.54589237
Link 6 37 126 0 2.44662431
Link 37 11 127 0 -1.42697416
Link 3 39 132 0 -1.62213486
Link 39 16 133 0 -3.16104620
Link 41 14 140 0 -0.37043095
Link 7 42 143 0 -0.96611711
Link 3 45 152 0 3.11121523
Link 45 11 153 0 2.37698537
Link 8 46 155 0 -1.10113707
Link 48 10 162 0 -2.29005766
Link 2 50 167 0 1.66963102
Link 50 16 168 0 -1.90398511
Link 52 13 175 0 0.31128147
Link 8 42 176 0 -2.08470658
Link 53 14 179 0 1.55754921
Link 6 55 186 0 3.62844520
Link 55 12 187 0 -1.24258091
Link 46 10 191 0 1.59661250
Link 56 13 194 0 -1.08805397
Link 12 46 195 1 -0.08158540
Link 3 59 210 0 -2.42978112
Link 9 22 222 0 1.29909992
Link 23 12 229 0 -0.61535033
Link 6 63 246 0 2.58243788
Link 63 16 247 0 -1.63381567
Link 42 64 250 0 0.33110417
Link 64 15 251 0 3.18322260
Link 2 65 261 0 4.14098661
Link 65 15 262 0 3.77365263
Link 2 67 272 0 -1.05007160
Link 36 13 290 0 -0.09421497
Link 6 27 291 0 1.73128125
Link 1 69 309 0 -0.11711989
Link 28 28 343 1 3.07342963
Link 52 11 346 0 -0.29250501
Link 77 41 359 0 0.67526707
Link 28 52 395 0 1.25965643
Link 1 82 409 0 0.83327742
Link 82 54 410 0 -0.02921670
Link 7 84 422 0 -1.02374654
Link 84 16 423 0 3.48740002
Link 11 36 435 1 -0.83753011
Link 52 52 465 1 1.26147223
Link 46 12 511 0 -2.58254664
Link 46 14 531 0 -0.63687343
Link 44 98 592 0 -4.25672330
Link 98 12 593 0 -0.50880870
Link 36 100 609 0 -1.66178322
Link 68 102 619 0 1.46231568
Link 102 11 620 0 -1.60068805
Link 41 41 686 1 -0.73516444
Link 58 112 707 0 0.02878558
Link 15 42 714 1 0.80639827
Link 8 125 806 0 1.96302759
Link 125 44 807 0 2.34030618
Link 2 126 817 0 0.85470122
Link 126 11 818 0 0.40431349
Link 54 127 824 0 0.24957103
Link 127 15 825 0 1.40478952
Link 3 52 832 0 -2.68594460
Link 7 67 841 0 0.23702462
Link 135 56 878 1 -1.16727454
Link 6 138 889 0 2.99983003
Link 138 58 890 0 4.61152519
Link 2 22 893 0 5.32050236
Link 7 140 906 0 0.82466558
Link 140 22 907 0 2.92302752
Link 6 143 927 0 1.05997783
Link 143 77 928 0 -0.24403535
Link 147 18 973 0 -1.61398269
Link 13 53 1001 1 1.79822862
Link 53 67 1032 0 2.13333124
Link 71 162 1104 0 1.73367541
Link 162 13 1105 0 2.73258221
Link 1 166 1136 0 -1.92761825
Link 166 53 1137 0 2.04067598
Link 106 182 1240 0 -2.89382882
Link 182 48 1241 0 1.59142412
Link 28 39 1313 0 -2.09752748
Link 32 199 1358 0 3.07443081
Link 201 32 1374 0 -0.49375955
Link 6 209 1417 0 2.76985711
Link 209 67 1418 0 -1.11039052
Link 5 210 1422 0 -2.09995842
Link 210 70 1423 0 1.35141785
Link 26 211 1429 0 1.28503257
Link 211 14 1430 0 -2.08906370
Link 59 212 1440 0 -3.18468787
Link 135 13 1456 0 -0.31750519
Link 225 22 1509 0 -0.48262146
Link 69 234 1546 0 0.56665954
Link 234 16 1547 0 1.06730843
Link 4 237 1571 0 3.98152155
Link 8 34 1623 0 -1.69933847
Link 15 251 1662 1 -2.31642058
Link 39 259 1695 0 0.64993205
Link 259 189 1696 0 0.37890676
Link 7 260 1698 0 0.41731026
Link 260 13 1699 0 -0.82954820
Link 36 68 1700 0 -0.71332879
Link 7 262 1707 0 -1.39796839
Link 262 71 1708 0 -5.37342828
Link 70 265 1731 0 3.95454649
Link 13 268 1757 1 -0.28985110
Link 3 277 1799 0 -0.48667380
Link 277 56 1800 0 -1.60999982
Link 7 289 1884 0 -2.71263028
Link 15 32 1939 1 2.46616356
Link 299 67 1950 1 -0.24582107
Link 54 84 2176 0 -0.40746030
Link 332 18 2212 0 1.81879314
Link 4 355 2344 0 0.69588711
Link 355 23 2345 0 -1.06503762
Link 54 364 2392 0 -3.11238349
Link 364 22 2393 0 -0.09677764
Link 251 365 2397 1 2.02291281
Link 365 15 2398 1 3.96695081
Link 54 54 2403 1 -0.90788085
Link 376 225 2456 0 -2.04511414
Link 28 23 2507 0 0.89823984
Link 189 387 2530 0 -0.51377147
Link 387 16 2531 0 -0.60171893
Link 48 135 2533 0 0.43393072
Link 46 397 2613 0 1.97085696
Link 397 15 2614 0 -0.15839897
Link 44 407 2696 0 -4.76490216
Link 36 209 2736 1 -0.40225165
Link 63 15 2820 0 -4.41656166
Link 2 436 2903 0 -2.02975017
Link 5 447 2971 0 -0.05447315
Link 447 13 2972 0 0.37312761
Link 22 76 3000 0 -1.41846881
Link 5 106 3079 0 -1.93911296
Link 478 27 3190 0 -0.42471726
Link 407 480 3206 0 0.19504288
Link 480 63 3207 0 0.17891298
Link 16 485 3238 1 -0.78924304
Link 67 488 3255 0 2.21220479
Link 488 13 3256 0 1.12626178
Link 28 26 3288 0 -3.95050677
Link 442 498 3335 0 -3.10591314
Link 498 15 3336 0 1.02166593
Link 44 501 3376 0 -0.40602645
Link 12 54 3467 1 0.98135099
Link 3 526 3550 0 -0.03207441
Link 526 106 3551 0 1.58007172
Link 8 251 3552 0 1.57854516
Link 3 532 3627 0 -2.43445989
Link 112 547 3730 0 -0.58611467
Link 547 15 3731 0 -0.99560128
Link 199 553 3781 0 -0.70974887
Link 553 13 3782 0 -3.91987902
Link 53 556 3791 0 1.73972048
Link 556 76 3792 0 0.67548951
Link 260 260 3816 1 5.17066053
Link 490 559 3823 0 1.78464367
Link 1 560 3826 0 -0.01117542
Link 560 121 3827 0 -2.04576981
Link 289 588 4026 0 -0.67310500
Link 588 15 4027 0 2.70714413
Link 76 599 4125 0 -0.10625831
Link 599 490 4126 0 1.16091308
Link 46 199 4150 0 1.22312585
Link 265 635 4440 0 0.54138498
Link 635 15 4441 0 -3.48295006
Link 36 26 4452 0 0.94512687
Link 100 643 4493 0 1.40922028
Link 643 12 4494 0 1.25101727
Link 485 669 4722 1 -3.51308531
Link 436 709 5039 0 0.82498944
Link 709 12 5040 0 3.66545256
Link 100 100 5077 1 -3.33672414
Link 28 48 5100 0 1.61743275
Link 76 735 5224 0 3.67147435
Link 735 199 5225 0 2.83935905
Link 189 738 5239 1 3.18597394
Link 738 37 5240 1 -0.28242612
Link 268 745 5288 1 -0.98602546
Link 745 135 5289 1 -1.36997849
Link 289 100 5354 0 0.23606365
Link 532 777 5558 0 0.07383846
Link 22 780 5600 0 2.47706446
Link 780 478 5601 0 0.72497860
Link 237 809 5803 0 -0.47414798
Link 809 28 5804 0 0.61798202
Link 237 121 6066 0 -2.16407783
Link 52 871 6259 0 0.18246576
Link 871 268 6260 0 1.79085280
Link 5 442 6511 0 1.25385592
Link 16 121 6684 1 -0.59382140
Link 934 155 6711 0 1.21550506
Link 155 940 6755 0 -1.71995847
Link 940 46 6756 0 -1.07713556
Link 37 36 6758 0 1.64059387
Link 64 947 6819 0 -0.28951062
Link 947 76 6820 0 4.69639707
Link 39 948 6822 0 -0.04927517
Link 37 956 6928 0 -0.57413700
Link 956 376 6929 0 -0.02984629
Link 209 189 6967 0 3.31790589
Link 5 960 6978 0 0.99845269
Link 960 201 6979 0 -0.14904491
Link 67 26 7035 0 3.67878584
Link 98 387 7108 0 1.32156148
Link 67 983 7186 0 0.52945404
Link 983 289 7187 0 -0.76293959
Link 7 994 7282 0 0.00331123
Link 994 934 7283 0 -1.21356456
Link 201 532 7317 0 -0.06178284
Link 127 48 7364 1 1.15376640
Link 553 289 7397 1 -1.50602027
Link 225 442 7404 0 2.14723114
Link 121 1030 7592 0 -3.22330401
Link 1030 52 7593 0 -0.40902167
Link 121 1032 7604 0 0.90557977
Link 1032 71 7605 0 -1.28416311
Link 34 1052 7754 0 -1.37262192
Link 1052 18 7755 0 2.75297491
Link 501 1061 7821 0 0.63223556
Link 1061 84 7822 0 -2.91913439
Link 26 199 7823 0 -3.99433282
Link 5 1062 7838 0 -3.48080449
Link 1062 332 7839 0 0.83850698
Link 934 10 7914 0 4.01758228
Link 669 1075 7958 1 2.63215079
Link 1075 46 7959 1 -2.98470351
Link 26 98 7969 0 2.97352172
Link 376 18 8068 0 1.24337668
Link 53 1096 8221 0 -0.01716681
Link 1096 98 8222 0 2.36980937
Link 13 1100 8277 1 0.64526069
Link 1100 299 8278 1 -3.75674157
Link 777 1133 8595 0 -0.80462953
Link 1133 56 8596 0 -1.68391549
Link 41 948 8645 0 -0.78877981
Link 33 53 8811 0 1.16090325
Link 212 1160 8870 0 0.58065122
Link 1160 14 8871 0 -0.49374354
Link 39 940 8875 1 0.15902300
Link 56 1161 8877 0 1.70031764
Link 1161 956 8878 0 -0.29773574
Link 15 155 9316 1 -0.91597440
Link 501 777 9427 1 -0.56627364
Link 7 1253 9677 0 0.60718846
Link 1253 147 9678 0 -3.74958452
Link 237 1259 9723 0 -1.27894849
Link 1259 1245 9724 0 0.42202687
Link 98 442 9786 0 0.43394335
Link 71 956 9917 0 1.75072393
Link 485 947 9956 0 -0.41906147
Link 376 237 10034 1 -0.52508815
Link 42 1306 10083 0 4.01436503
Link 1306 23 10084 0 1.09187515
Link 28 1311 10115 0 0.03865792
Link 994 669 10197 0 -1.61927537
Link 485 63 10208 1 0.72180276
Link 201 478 10306 0 -0.17877175
Link 7 56 10477 0 -1.02748531
Link 948 1380 10702 0 1.34905347
Link 1380 251 10703 0 1.68562855
Link 9 121 10787 0 -0.85773797
Link 166 15 10871 0 -1.05982075
Link 2 947 10891 0 -0.77471703
Link 1311 1405 10923 0 0.72119288
Link 1405 490 10924 0 1.13970192
Link 436 36 11017 0 -1.12035197
Link 112 1133 11059 1 -2.59191216
Link 1245 1430 11108 0 -0.76156918
Link 1430 259 11109 0 2.24673685
Link 532 532 11111 1 1.25468662
Link 376 155 11588 1 1.74750463
Link 588 1245 11704 1 1.85043820
Link 225 260 11744 0 2.26642892
Link 33 1306 11829 0 2.03802073
Link 35 18 11879 0 0.28915593
Link 1061 1052 11937 0 1.57051032
Link 436 1405 12072 0 0.16539244
Link 559 1609 12825 0 2.22888349
Link 1609 442 12826 0 -1.24614937
Link 100 956 13089 1 -0.68803850
Link 44 1641 13091 0 -0.02022525
Link 1641 745 13092 0 -3.89176305
Link 478 960 13120 1 4.14518843
Link 17 125 13184 1 3.91927881
Link 478 211 13314 0 4.45653079
Link 5 121 14044 0 -1.66263069
Link 52 745 14123 0 -1.52563091
Link 1160 871 14170 1 1.77173914
Link 387 480 14632 1 -2.09750839
Link 643 182 14663 1 -1.43095039
Link 1062 84 14719 0 -3.06812848
Link 485 397 14807 0 3.07918916
Link 809 34 14833 0 1.53678863
Link 1030 488 15029 0 -2.23114658
Link 526 547 15179 0 -2.20981200
GenomeEnd

