GenomeStart 63412
Neuron 1 1 0.00000000 1 0.00000000 0.00000000 0.00000000 0.00000000
Neuron 2 1 0.00000000 1 0.00000000 0.00000000 0.00000000 0.00000000
Neuron 3 1 0.00000000 1 0.00000000 0.00000000 0.00000000 0.00000000
Neuron 4 1 0.00000000 1 0.00000000 0.00000000 0.00000000 0.00000000
Neuron 5 1 0.00000000 1 0.00000000 0.00000000 0.00000000 0.00000000
Neuron 6 1 0.00000000 1 0.00000000 0.00000000 0.00000000 0.00000000
Neuron 7 1 0.00000000 1 0.00000000 0.00000000 0.00000000 0.00000000
Neuron 8 1 0.00000000 1 0.00000000 0.00000000 0.00000000 0.00000000
Neuron 9 2 0.00000000 1 0.00000000 0.00000000 0.00000000 0.00000000
Neuron 10 4 1.00000000 0 1.00000000 0.00000000 0.00000000 0.00000000
Neuron 11 4 1.00000000 0 1.00000000 0.00000000 0.00000000 0.00000000
Neuron 12 4 1.00000000 0 1.00000000 0.00000000 0.00000000 0.00000000
Neuron 13 4 1.00000000 0 1.00000000 0.00000000 0.00000000 0.00000000
Neuron 14 4 1.00000000 0 1.00000000 0.00000000 0.00000000 0.00000000
Neuron 15 4 1.00000000 0 1.00000000 0.00000000 0.00000000 0.00000000
Neuron 16 4 1.00000000 0 1.00000000 0.00000000 0.00000000 0.00000000
Neuron 17 3 0.50000000 1 1.00000000 0.00000000 0.00000000 0.00000000
Neuron 18 3 0.50000000 1 1.00000000 0.00000000 0.00000000 0.00000000
Neuron 19 3 0.50000000 1 1.00000000 0.00000000 0.00000000 0.00000000
Neuron 20 3 0.50000000 1 1.00000000 0.00000000 0.00000000 0.00000000
Neuron 21 3 0.50000000 1 1.00000000 0.00000000 0.00000000 0.00000000
Neuron 22 3 0.50000000 1 1.00000000 0.00000000 0.00000000 0.00000000
Neuron 23 3 0.50000000 1 1.00000000 0.00000000 0.00000000 0.00000000
Neuron 24 3 0.50000000 1 1.00000000 0.00000000 0.00000000 0.00000000
Neuron 27 3 0.50000000 1 1.00000000 0.00000000 0.00000000 0.00000000
Neuron 28 3 0.50000000 1 1.00000000 0.00000000 0.00000000 0.00000000
Neuron 29 3 0.50000000 1 1.00000000 0.00000000 0.00000000 0.00000000
Neuron 31 3 0.50000000 1 1.00000000 0.00000000 0.00000000 0.00000000
Neuron 32 3 0.50000000 1 1.00000000 0.00000000 0.00000000 0.00000000
Neuron 33 3 0.50000000 1 1.00000000 0.00000000 0.00000000 0.00000000
Neuron 34 3 0.50000000 1 1.00000000 0.00000000 0.00000000 0.00000000
Neuron 35 3 0.50000000 1 1.00000000 0.00000000 0.00000000 0.00000000
Neuron 36 3 0.50000000 1 1.00000000 0.00000000 0.00000000 0.00000000
Neuron 37 3 0.50000000 1 1.00000000 0.00000000 0.00000000 0.00000000
Neuron 38 3 0.50000000 1 1.00000000 0.00000000 0.00000000 0.00000000
Neuron 39 3 0.50000000 1 1.00000000 0.00000000 0.00000000 0.00000000
Neuron 41 3 0.50000000 1 1.00000000 0.00000000 0.00000000 0.00000000
Neuron 42 3 0.50000000 1 1.00000000 0.00000000 0.00000000 0.00000000
Neuron 43 3 0.50000000 1 1.00000000 0.00000000 0.00000000 0.00000000
Neuron 44 3 0.50000000 1 1.00000000 0.00000000 0.00000000 0.00000000
Neuron 45 3 0.50000000 1 1.00000000 0.00000000 0.00000000 0.00000000
Neuron 46 3 0.50000000 1 1.00000000 0.00000000 0.00000000 0.00000000
Neuron 51 3 0.50000000 1 1.00000000 0.00000000 0.00000000 0.00000000
Neuron 52 3 0.50000000 1 1.00000000 0.00000000 0.00000000 0.00000000
Neuron 54 3 0.50000000 1 1.00000000 0.00000000 0.00000000 0.00000000
Neuron 55 3 0.50000000 1 1.00000000 0.00000000 0.00000000 0.00000000
Neuron 56 3 0.50000000 1 1.00000000 0.00000000 0.00000000 0.00000000
Neuron 58 3 0.50000000 1 1.00000000 0.00000000 0.00000000 0.00000000
Neuron 59 3 0.50000000 1 1.00000000 0.00000000 0.00000000 0.00000000
Neuron 60 3 0.50000000 1 1.00000000 0.00000000 0.00000000 0.00000000
Neuron 63 3 0.50000000 1 1.00000000 0.00000000 0.00000000 0.00000000
Neuron 64 3 0.75000000 1 1.00000000 0.00000000 0.00000000 0.00000000
Neuron 65 3 0.50000000 1 1.00000000 0.00000000 0.00000000 0.00000000
Neuron 66 3 0.50000000 1 1.00000000 0.00000000 0.00000000 0.00000000
Neuron 68 3 0.50000000 1 1.00000000 0.00000000 0.00000000 0.00000000
Neuron 69 3 0.50000000 1 1.00000000 0.00000000 0.00000000 0.00000000
Neuron 70 3 0.50000000 1 1.00000000 0.00000000 0.00000000 0.00000000
Neuron 71 3 0.50000000 1 1.00000000 0.00000000 0.00000000 0.00000000
Neuron 76 3 0.75000000 1 1.00000000 0.00000000 0.00000000 0.00000000
Neuron 78 3 0.25000000 1 1.00000000 0.00000000 0.00000000 0.00000000
Neuron 80 3 0.25000000 1 1.00000000 0.00000000 0.00000000 0.00000000
Neuron 83 3 0.75000000 1 1.00000000 0.00000000 0.00000000 0.00000000
Neuron 84 3 0.50000000 1 1.00000000 0.00000000 0.00000000 0.00000000
Neuron 87 3 0.25000000 1 1.00000000 0.00000000 0.00000000 0.00000000
Neuron 89 3 0.75000000 1 1.00000000 0.00000000 0.00000000 0.00000000
Neuron 93 3 0.50000000 1 1.00000000 0.00000000 0.00000000 0.00000000
Neuron 94 3 0.25000000 1 1.00000000 0.00000000 0.00000000 0.00000000
Neuron 102 3 0.75000000 1 1.00000000 0.00000000 0.00000000 0.00000000
Neuron 119 3 0.75000000 1 1.00000000 0.00000000 0.00000000 0.00000000
Neuron 125 3 0.25000000 1 1.00000000 0.00000000 0.00000000 0.00000000
Neuron 126 3 0.50000000 1 1.00000000 0.00000000 0.00000000 0.00000000
Neuron 130 3 0.75000000 1 1.00000000 0.00000000 0.00000000 0.00000000
Neuron 134 3 0.25000000 1 1.00000000 0.00000000 0.00000000 0.00000000
Neuron 136 3 0.25000000 1 1.00000000 0.00000000 0.00000000 0.00000000
Neuron 138 3 0.25000000 1 1.00000000 0.00000000 0.00000000 0.00000000
Neuron 140 3 0.25000000 1 1.00000000 0.00000000 0.00000000 0.00000000
Neuron 148 3 0.25000000 1 1.00000000 0.00000000 0.00000000 0.00000000
Neuron 151 3 0.62500000 1 1.00000000 0.00000000 0.00000000 0.00000000
Neuron 177 3 0.75000000 1 1.00000000 0.00000000 0.00000000 0.00000000
Neuron 178 3 0.25000000 1 1.00000000 0.00000000 0.00000000 0.00000000
Neuron 187 3 0.75000000 1 1.00000000 0.00000000 0.00000000 0.00000000
Neuron 188 3 0.75000000 1 1.00000000 0.00000000 0.00000000 0.00000000
Neuron 189 3 0.75000000 1 1.00000000 0.00000000 0.00000000 0.00000000
Neuron 193 3 0.75000000 1 1.00000000 0.00000000 0.00000000 0.00000000
Neuron 197 3 0.75000000 1 1.00000000 0.00000000 0.00000000 0.00000000
Neuron 199 3 0.75000000 1 1.00000000 0.00000000 0.00000000 0.00000000
Neuron 204 3 0.25000000 1 1.00000000 0.00000000 0.00000000 0.00000000
Neuron 220 3 0.25000000 1 1.00000000 0.00000000 0.00000000 0.00000000
Neuron 224 3 0.25000000 1 1.00000000 0.00000000 0.00000000 0.00000000
Neuron 225 3 0.50000000 1 1.00000000 0.00000000 0.00000000 0.00000000
Neuron 239 3 0.25000000 1 1.00000000 0.00000000 0.00000000 0.00000000
Neuron 245 3 0.62500000 1 1.00000000 0.00000000 0.00000000 0.00000000
Neuron 251 3 1.00000000 1 1.00000000 0.00000000 0.00000000 0.00000000
Neuron 256 3 0.75000000 1 1.00000000 0.00000000 0.00000000 0.00000000
Neuron 259 3 0.62500000 1 1.00000000 0.00000000 0.00000000 0.00000000
Neuron 260 3 0.50000000 1 1.00000000 0.00000000 0.00000000 0.00000000
Neuron 262 3 0.25000000 1 1.00000000 0.00000000 0.00000000 0.00000000
Neuron 264 3 0.25000000 1 1.00000000 0.00000000 0.00000000 0.00000000
Neuron 265 3 0.75000000 1 1.00000000 0.00000000 0.00000000 0.00000000
Neuron 277 3 0.25000000 1 1.00000000 0.00000000 0.00000000 0.00000000
Neuron 281 3 0.75000000 1 1.00000000 0.00000000 0.00000000 0.00000000
Neuron 283 3 0.37500000 1 1.00000000 0.00000000 0.00000000 0.00000000
Neuron 285 3 0.87500000 1 1.00000000 0.00000000 0.00000000 0.00000000
Neuron 288 3 0.75000000 1 1.00000000 0.00000000 0.00000000 0.00000000
Neuron 293 3 0.81250000 1 1.00000000 0.00000000 0.00000000 0.00000000
Neuron 304 3 0.25000000 1 1.00000000 0.00000000 0.00000000 0.00000000
Neuron 308 3 1.00000000 1 1.00000000 0.00000000 0.00000000 0.00000000
Neuron 317 3 0.75000000 1 1.00000000 0.00000000 0.00000000 0.00000000
Neuron 318 3 0.12500000 1 1.00000000 0.00000000 0.00000000 0.00000000
Neuron 319 3 0.50000000 1 1.00000000 0.00000000 0.00000000 0.00000000
Neuron 327 3 0.75000000 1 1.00000000 0.00000000 0.00000000 0.00000000
Neuron 336 3 0.50000000 1 1.00000000 0.00000000 0.00000000 0.00000000
Neuron 376 3 0.50000000 1 1.00000000 0.00000000 0.00000000 0.00000000
Neuron 379 3 0.12500000 1 1.00000000 0.00000000 0.00000000 0.00000000
Neuron 382 3 0.25000000 1 1.00000000 0.00000000 0.00000000 0.00000000
Neuron 387 3 0.87500000 1 1.00000000 0.00000000 0.00000000 0.00000000
Neuron 388 3 0.50000000 1 1.00000000 0.00000000 0.00000000 0.00000000
Neuron 405 3 0.78125000 1 1.00000000 0.00000000 0.00000000 0.00000000
Neuron 410 3 0.12500000 1 1.00000000 0.00000000 0.00000000 0.00000000
Neuron 427 3 0.12500000 1 1.00000000 0.00000000 0.00000000 0.00000000
Neuron 429 3 0.75000000 1 1.00000000 0.00000000 0.00000000 0.00000000
Neuron 436 3 0.50000000 1 1.00000000 0.00000000 0.00000000 0.00000000
Neuron 448 3 0.75000000 1 1.00000000 0.00000000 0.00000000 0.00000000
Neuron 449 3 0.50000000 1 1.00000000 0.00000000 0.00000000 0.00000000
Neuron 451 3 0.75000000 1 1.00000000 0.00000000 0.00000000 0.00000000
Neuron 459 3 0.50000000 1 1.00000000 0.00000000 0.00000000 0.00000000
Neuron 460 3 0.12500000 1 1.00000000 0.00000000 0.00000000 0.00000000
Neuron 472 3 0.50000000 1 1.00000000 0.00000000 0.00000000 0.00000000
Neuron 474 3 0.75000000 1 1.00000000 0.00000000 0.00000000 0.00000000
Neuron 495 3 0.37500000 1 1.00000000 0.00000000 0.00000000 0.00000000
Neuron 499 3 0.50000000 1 1.00000000 0.00000000 0.00000000 0.00000000
Neuron 500 3 0.62500000 1 1.00000000 0.00000000 0.00000000 0.00000000
Neuron 507 3 0.25000000 1 1.00000000 0.00000000 0.00000000 0.00000000
Neuron 512 3 0.43750000 1 1.00000000 0.00000000 0.00000000 0.00000000
Neuron 525 3 0.25000000 1 1.00000000 0.00000000 0.00000000 0.00000000
Neuron 544 3 0.50000000 1 1.00000000 0.00000000 0.00000000 0.00000000
Neuron 548 3 0.53125000 1 1.00000000 0.00000000 0.00000000 0.00000000
Neuron 570 3 0.75000000 1 1.00000000 0.00000000 0.00000000 0.00000000
Neuron 626 3 0.62500000 1 1.00000000 0.00000000 0.00000000 0.00000000
Neuron 636 3 0.75000000 1 1.00000000 0.00000000 0.00000000 0.00000000
Neuron 680 3 0.50000000 1 1.00000000 0.00000000 0.00000000 0.00000000
Neuron 686 3 0.75000000 1 1.00000000 0.00000000 0.00000000 0.00000000
Neuron 687 3 0.87500000 1 1.00000000 0.00000000 0.00000000 0.00000000
Neuron 715 3 0.62500000 1 1.00000000 0.00000000 0.00000000 0.00000000
Neuron 729 3 0.12500000 1 1.00000000 0.00000000 0.00000000 0.00000000
Neuron 750 3 0.50000000 1 1.00000000 0.00000000 0.00000000 0.00000000
Neuron 760 3 0.06250000 1 1.00000000 0.00000000 0.00000000 0.00000000
Neuron 768 3 0.37500000 1 1.00000000 0.00000000 0.00000000 0.00000000
Neuron 864 3 0.18750000 1 1.00000000 0.00000000 0.00000000 0.00000000
Neuron 881 3 0.06250000 1 1.00000000 0.00000000 0.00000000 0.00000000
Neuron 901 3 0.50000000 1 1.00000000 0.00000000 0.00000000 0.00000000
Neuron 992 3 0.37500000 1 1.00000000 0.00000000 0.00000000 0.00000000
Neuron 1074 3 0.25000000 1 1.00000000 0.00000000 0.00000000 0.00000000
Neuron 1099 3 0.56250000 1 1.00000000 0.00000000 0.00000000 0.00000000
Neuron 1215 3 0.25000000 1 1.00000000 0.00000000 0.00000000 0.00000000
Neuron 1301 3 0.37500000 1 1.00000000 0.00000000 0.00000000 0.00000000
Neuron 1337 3 0.62500000 1 1.00000000 0.00000000 0.00000000 0.00000000
Link 1 10 1 0 -4.62297776
Link 2 10 2 0 -1.89436995
Link 3 10 3 0 1.60980566
Link 4 10 4 0 0.66804290
Link 6 10 6 0 -1.62731147
Link 7 10 7 0 0.36191922
Link 8 10 8 0 -1.35804485
Link 9 10 9 0 0.61687087
Link 1 11 10 0 -3.39246808
Link 3 11 12 0 3.76746729
Link 4 11 13 0 -1.23605859
Link 5 11 14 0 -2.27698740
Link 8 11 17 0 -3.01003077
Link 9 11 18 0 -1.19169839
Link 1 12 19 0 -0.15941303
Link 2 12 20 0 -0.15115101
Link 4 12 22 0 0.41074652
Link 5 12 23 0 -0.78893209
Link 6 12 24 0 1.61651944
Link 7 12 25 0 -1.56463214
Link 8 12 26 0 -0.83440328
Link 9 12 27 0 -1.25804238
Link 1 13 28 0 -3.42631176
Link 3 13 30 0 -3.46903831
Link 4 13 31 0 -4.82926463
Link 5 13 32 0 2.62109334
Link 6 13 33 0 4.08603747
Link 7 13 34 0 1.29338758
Link 8 13 35 0 2.11909680
Link 9 13 36 0 -3.31202038
Link 1 14 37 0 -1.57924575
Link 2 14 38 0 -2.08070920
Link 3 14 39 0 -1.63805879
Link 4 14 40 0 -1.97067953
Link 5 14 41 0 -2.25833409
Link 6 14 42 0 1.72923379
Link 7 14 43 0 -1.16571119
Link 8 14 44 0 -0.46707239
Link 9 14 45 0 -1.44505003
Link 2 15 47 0 -0.33550890
Link 3 15 48 0 -6.33167098
Link 4 15 49 0 -4.15367341
Link 5 15 50 0 3.23148347
Link 6 15 51 0 -2.33937079
Link 7 15 52 0 -0.12807531
Link 8 15 53 0 -0.48394823
Link 9 15 54 0 0.80158447
Link 1 16 55 0 -2.70322274
Link 2 16 56 0 -0.81971888
Link 3 16 57 0 3.51876510
Link 4 16 58 0 -3.29568830
Link 5 16 59 0 3.24380572
Link 6 16 60 0 2.05645454
Link 7 16 61 0 -1.06668662
Link 8 16 62 0 0.78812874
Link 9 16 63 0 -0.17950215
Link 17 16 66 0 -0.01968634
Link 7 18 68 0 -1.93808270
Link 18 14 69 0 1.17125032
Link 6 19 71 0 -1.52978543
Link 19 10 72 0 0.61243706
Link 8 21 77 0 -2.19074937
Link 21 13 78 0 -0.20995666
Link 7 22 80 0 2.02866754
Link 22 11 81 0 1.03633722
Link 4 23 83 0 1.21679419
Link 23 15 84 0 0.16344266
Link 3 24 86 0 -0.48070854
Link 24 12 87 0 -0.05180023
Link 4 28 99 0 -0.20330200
Link 28 11 100 0 -2.46143352
Link 1 29 102 0 0.42681455
Link 29 10 103 0 -1.98132586
Link 8 31 108 0 3.19740854
Link 31 10 109 0 0.05878499
Link 5 32 111 0 -2.78398265
Link 4 33 114 0 -0.62311839
Link 33 10 115 0 -3.11942978
Link 5 34 117 0 -3.74151898
Link 34 11 118 0 2.76902788
Link 4 35 120 0 2.62559489
Link 36 12 124 0 -0.68986394
Link 6 37 126 0 -0.97076727
Link 37 11 127 0 -1.47765268
Link 4 38 129 0 1.58253758
Link 38 14 130 0 5.01812947
Link 3 39 132 0 -3.40107906
Link 6 41 139 0 1.15998857
Link 41 14 140 0 1.99066676
Link 8 43 146 0 1.51849807
Link 43 11 147 0 -2.96962831
Link 8 44 149 0 -2.27093599
Link 44 12 150 0 -1.43280031
Link 3 45 152 0 -1.18017951
Link 45 11 153 0 0.29877508
Link 8 46 155 0 -2.53859032
Link 46 15 156 0 -1.27104828
Link 1 51 170 0 1.28007804
Link 51 11 171 0 -1.46422398
Link 1 52 174 0 -1.47967171
Link 52 13 175 0 -1.79068204
Link 8 42 176 0 3.68801993
Link 1 54 182 0 -0.24484591
Link 54 15 183 0 -1.81905351
Link 6 55 186 0 -0.22807074
Link 2 45 190 0 -0.46628275
Link 56 13 194 0 0.41965822
Link 58 15 203 0 2.21977075
Link 3 59 210 0 -4.71632890
Link 59 14 211 0 -1.37501963
Link 5 60 214 0 0.45847321
Link 60 10 215 0 -3.82454473
Link 9 22 222 0 -1.55796451
Link 16 46 226 1 1.19023805
Link 6 63 246 0 -5.02345047
Link 63 16 247 0 1.75582046
Link 64 15 251 0 -1.14221581
Link 2 65 261 0 2.28133919
Link 65 15 262 0 2.78706307
Link 3 66 269 0 -0.97879111
Link 12 12 305 1 -1.10522593
Link 1 69 309 0 0.27537944
Link 69 16 310 0 1.76748286
Link 5 70 314 0 -3.47559285
Link 71 13 319 0 -1.35413370
Link 7 46 332 0 0.75198757
Link 42 10 341 0 -0.34958453
Link 52 11 346 0 0.89524890
Link 46 76 350 0 -1.05566610
Link 76 15 351 0 1.18536054
Link 78 17 366 0 1.26227077
Link 8 80 391 0 0.75293999
Link 80 27 392 0 -0.50016623
Link 28 52 395 0 2.73361591
Link 4 56 396 0 3.62740819
Link 9 18 405 0 2.77730452
Link 12 83 416 1 -1.35394100
Link 83 46 417 1 1.77868452
Link 7 84 422 0 -1.42039299
Link 1 24 426 0 -3.95444709
Link 16 33 434 1 0.97200333
Link 11 36 435 1 -2.10742739
Link 3 87 450 0 -1.12194463
Link 87 45 451 0 -0.47461209
Link 52 52 465 1 -4.79592957
Link 35 89 489 0 1.88030353
Link 89 13 490 0 2.67364002
Link 5 44 507 0 0.21160423
Link 93 12 527 0 2.81308952
Link 94 20 545 0 -0.08100400
Link 18 24 554 0 2.69192065
Link 8 45 598 0 1.02537069
Link 68 102 619 0 -0.63203289
Link 102 11 620 0 0.83889720
Link 13 27 716 1 -1.54362946
Link 5 36 756 0 -2.26298753
Link 36 119 770 0 2.38327465
Link 119 13 771 0 -0.89647694
Link 8 125 806 0 -2.13196321
Link 2 126 817 0 0.29569855
Link 126 11 818 0 0.41831992
Link 3 52 832 0 4.54816527
Link 36 10 833 0 0.88961963
Link 10 130 853 1 -1.98773418
Link 10 33 856 1 0.59896031
Link 3 134 873 0 3.12645687
Link 2 136 881 0 0.47684227
Link 136 68 882 0 1.88694897
Link 138 58 890 0 -1.36117652
Link 7 140 906 0 3.30216588
Link 140 22 907 0 -2.99263663
Link 33 36 947 0 -2.84973165
Link 94 14 961 0 2.89633683
Link 44 63 975 0 1.11029727
Link 7 148 983 0 -1.12335589
Link 148 42 984 0 -1.25971757
Link 130 151 996 1 -1.81418898
Link 45 16 1116 0 -1.29396140
Link 2 42 1151 0 1.44006582
Link 51 138 1155 1 2.28387592
Link 51 10 1165 0 1.08312011
Link 11 177 1209 1 -0.55533514
Link 177 43 1210 1 1.70635687
Link 44 15 1215 0 -1.16137623
Link 5 178 1221 0 -0.45244674
Link 15 36 1226 1 -0.48383480
Link 5 18 1250 0 -0.40382297
Link 10 63 1259 1 -2.45072812
Link 63 187 1268 0 -3.77196667
Link 187 16 1269 0 -1.85362796
Link 46 188 1271 0 -0.95584827
Link 188 12 1272 0 0.58223763
Link 193 12 1311 0 2.83515297
Link 28 39 1313 0 3.26177125
Link 197 12 1351 0 -0.12295675
Link 32 199 1358 0 4.04220842
Link 199 13 1359 0 -2.75416753
Link 54 22 1364 0 -2.31404181
Link 204 24 1391 0 0.22426156
Link 7 220 1479 0 2.50000205
Link 220 84 1480 0 -3.83650017
Link 224 31 1497 0 -0.02582826
Link 225 22 1509 0 -2.47215775
Link 6 17 1517 0 0.29247564
Link 2 239 1583 0 2.40073550
Link 239 22 1584 0 0.85064670
Link 24 245 1626 0 0.50648561
Link 245 197 1627 0 -1.42380626
Link 251 15 1663 1 -1.58656488
Link 84 256 1685 0 1.64945806
Link 256 16 1686 0 0.93658867
Link 39 259 1695 0 -2.28571047
Link 259 189 1696 0 1.69447724
Link 7 260 1698 0 2.94182422
Link 260 13 1699 0 -0.98988930
Link 36 68 1700 0 0.72020338
Link 7 262 1707 0 -0.09504057
Link 262 71 1708 0 -4.70891017
Link 4 264 1721 0 -4.04241134
Link 264 33 1722 0 2.92201579
Link 70 265 1731 0 0.60526830
Link 265 15 1732 0 2.51195555
Link 16 52 1752 1 1.90712929
Link 4 197 1754 0 1.09714275
Link 41 125 1766 1 -3.12683302
Link 13 39 1769 1 2.51948910
Link 3 277 1799 0 0.82465402
Link 277 56 1800 0 1.13199584
Link 4 63 1806 0 -2.96885377
Link 125 283 1853 0 2.84805932
Link 283 44 1854 0 -2.94544940
Link 22 16 1864 0 -2.16184123
Link 285 14 1869 0 -1.76106166
Link 44 288 1880 0 -4.96606111
Link 288 13 1881 0 -3.81586881
Link 46 46 1893 1 -2.81456003
Link 293 285 1907 0 -0.86074415
Link 3 177 1943 0 -2.89547472
Link 4 283 1959 0 -0.25828793
Link 2 304 1995 0 -0.49762952
Link 304 41 1996 0 2.62661740
Link 15 308 2010 1 -1.71690563
Link 308 251 2011 1 -2.44173345
Link 52 317 2085 0 -3.86130831
Link 317 11 2086 0 -2.05478504
Link 8 318 2096 0 0.34746881
Link 318 78 2097 0 2.62726417
Link 7 319 2100 0 -3.32408206
Link 285 13 2106 0 2.89125735
Link 285 10 2120 0 3.64228782
Link 66 327 2170 0 -0.86897552
Link 327 15 2171 0 -5.12402864
Link 3 336 2228 0 -2.24036922
Link 336 13 2229 0 0.83237577
Link 63 31 2247 0 -1.03696337
Link 63 28 2310 0 -0.64386699
Link 14 204 2399 1 -1.40265576
Link 21 21 2415 1 -1.94418993
Link 37 376 2455 0 3.00715140
Link 376 225 2456 0 2.17146866
Link 379 94 2472 0 -0.32641304
Link 5 382 2488 0 -3.38266059
Link 382 63 2489 0 0.56517025
Link 15 304 2518 1 -0.06185821
Link 189 387 2530 0 1.54967236
Link 387 16 2531 0 -3.68620760
Link 58 388 2549 0 4.69428646
Link 138 14 2608 0 1.64203689
Link 7 44 2626 0 -1.18398985
Link 177 405 2654 0 1.06205963
Link 405 293 2655 0 -1.43454781
Link 18 12 2657 0 -1.92284147
Link 63 17 2667 0 -0.50601502
Link 5 251 2670 0 -0.31708442
Link 41 304 2687 1 -0.20520406
Link 9 63 2692 0 1.77049096
Link 12 225 2701 1 2.22179421
Link 44 304 2712 1 2.34771306
Link 6 410 2723 0 -0.03113553
Link 410 138 2724 0 0.85546916
Link 44 31 2742 0 -1.64210575
Link 24 16 2769 0 0.53050640
Link 177 16 2826 0 0.10358456
Link 11 84 2836 1 -1.62085418
Link 71 68 2837 0 -0.78981840
Link 427 204 2841 0 1.74215505
Link 55 429 2851 0 2.26322218
Link 429 12 2852 0 2.10597788
Link 10 36 2892 1 2.89329512
Link 2 436 2903 0 -0.57851378
Link 436 12 2904 0 3.31359153
Link 6 78 2961 0 1.72683918
Link 16 448 2976 1 1.58421920
Link 8 449 2981 0 -3.58954594
Link 44 451 2994 0 0.47821042
Link 451 11 2995 0 2.09965970
Link 1 459 3050 0 -2.10509479
Link 459 15 3051 0 4.55866452
Link 8 460 3054 0 1.00000000
Link 460 224 3055 0 4.03079445
Link 8 472 3140 0 -0.40464715
Link 472 11 3141 0 3.31320096
Link 20 474 3150 0 -1.37110977
Link 474 11 3151 0 -4.40120449
Link 3 58 3284 0 -0.49001072
Link 245 495 3313 1 -0.38699966
Link 495 427 3314 1 1.28329500
Link 499 11 3341 0 2.91428048
Link 20 500 3357 0 -2.95145412
Link 500 193 3358 0 2.51614673
Link 94 507 3420 1 -2.23760886
Link 507 94 3421 1 -1.02519732
Link 6 512 3448 0 0.01532351
Link 512 285 3449 0 0.00321447
Link 140 14 3491 0 4.90130637
Link 1 525 3537 0 -2.70414529
Link 525 29 3538 0 -0.79749768
Link 4 187 3543 0 2.11945373
Link 68 44 3615 0 0.18270516
Link 18 54 3658 0 -3.26890693
Link 38 20 3677 0 0.26284476
Link 427 23 3708 0 2.14802746
Link 388 544 3715 0 -2.18908673
Link 544 22 3716 0 -1.13766029
Link 94 548 3736 0 0.87209507
Link 548 293 3737 0 -0.88472817
Link 336 472 3766 0 4.65153057
Link 7 134 3768 0 0.39231634
Link 12 570 3883 1 2.19929981
Link 570 31 3884 1 1.91500806
Link 10 55 3888 1 3.41719672
Link 45 193 3987 0 3.96656982
Link 138 388 4011 0 1.38805443
Link 5 66 4180 0 1.41674007
Link 285 525 4271 1 -0.48600649
Link 42 626 4354 0 3.11431753
Link 626 64 4355 0 -3.30960442
Link 319 636 4443 0 -1.26969034
Link 636 11 4444 0 2.42335407
Link 138 20 4602 0 4.60942763
Link 43 34 4609 0 -1.01774479
Link 51 680 4788 1 0.20735809
Link 680 51 4789 1 2.00450523
Link 449 686 4836 0 -3.79559640
Link 686 13 4837 0 -1.57505271
Link 281 687 4853 0 -2.11408508
Link 687 14 4854 0 -1.69354999
Link 19 500 4857 0 -2.48282351
Link 29 285 5085 0 2.95976136
Link 27 715 5094 0 0.98237494
Link 715 281 5095 0 -0.33263540
Link 1 729 5176 0 0.60071633
Link 525 245 5200 0 0.85197449
Link 304 84 5298 0 2.07823366
Link 3 750 5340 0 -2.59187288
Link 750 12 5341 0 0.26304557
Link 7 760 5398 0 1.71935704
Link 760 427 5399 0 -4.71215769
Link 134 768 5498 0 0.50838290
Link 768 24 5499 0 -2.39345821
Link 264 138 5530 0 1.68643690
Link 197 11 5556 0 -1.71601142
Link 55 245 5583 0 0.37581496
Link 204 327 5787 0 0.64100471
Link 507 626 5964 0 -1.77490260
Link 204 19 5981 0 1.49046735
Link 130 197 6034 0 -0.02909083
Link 1 188 6045 0 -2.52288486
Link 125 729 6223 1 2.49550194
Link 729 864 6229 0 1.75572401
Link 864 507 6230 0 2.52436798
Link 177 239 6300 1 -2.50724002
Link 7 881 6337 0 0.68232293
Link 881 379 6338 0 1.16420402
Link 28 901 6465 0 2.18079655
Link 901 336 6466 0 -2.68779402
Link 387 285 6582 0 -2.88504214
Link 410 187 6655 0 0.10403516
Link 729 260 6792 0 -1.58462172
Link 197 288 6815 0 -1.25350526
Link 41 436 6939 0 0.91612651
Link 20 626 7011 0 -1.60681079
Link 251 436 7030 1 3.45589048
Link 277 10 7182 0 3.23835890
Link 178 992 7253 0 1.11474294
Link 992 93 7254 0 -0.84710056
Link 239 193 7301 0 2.75657701
Link 204 55 7324 0 -2.12385338
Link 125 22 7345 0 0.39732054
Link 93 245 7555 0 -2.64621319
Link 379 495 7670 0 -3.42233239
Link 55 449 7740 0 2.98071264
Link 4 1074 7947 0 -0.15810601
Link 1074 18 7948 0 3.64327137
Link 259 188 7995 0 -2.27143596
Link 992 308 8150 0 -1.91572858
Link 151 1099 8259 1 0.12060245
Link 1099 52 8260 1 -1.63934981
Link 59 251 8330 0 3.27056496
Link 22 24 8599 0 3.51326214
Link 23 83 8815 0 0.88795633
Link 35 293 8830 0 -2.18514448
Link 293 84 9034 1 -0.03251448
Link 16 59 9117 1 -0.80298064
Link 6 1215 9299 0 0.63467000
Link 239 199 9382 0 0.11250481
Link 283 376 9460 0 4.03388903
Link 760 239 9481 0 -1.12869624
Link 46 119 9521 0 -0.91137853
Link 427 21 9552 0 0.43658518
Link 68 94 9587 1 2.99201041
Link 51 387 9611 0 1.61733689
Link 283 436 9632 0 -2.58605195
Link 262 1215 9663 0 -0.09713980
Link 138 102 9925 0 0.65836531
Link 1215 1301 10046 0 1.64652398
Link 1301 499 10047 0 0.52088965
Link 448 1337 10377 1 0.57127192
Link 1337 225 10378 1 2.37099930
GenomeEnd

