GenomeStart 30215
Neuron 1 1 0.00000000 1 0.00000000 0.00000000 0.00000000 0.00000000
Neuron 2 1 0.00000000 1 0.00000000 0.00000000 0.00000000 0.00000000
Neuron 3 1 0.00000000 1 0.00000000 0.00000000 0.00000000 0.00000000
Neuron 4 1 0.00000000 1 0.00000000 0.00000000 0.00000000 0.00000000
Neuron 5 1 0.00000000 1 0.00000000 0.00000000 0.00000000 0.00000000
Neuron 6 1 0.00000000 1 0.00000000 0.00000000 0.00000000 0.00000000
Neuron 7 1 0.00000000 1 0.00000000 0.00000000 0.00000000 0.00000000
Neuron 8 1 0.00000000 1 0.00000000 0.00000000 0.00000000 0.00000000
Neuron 9 2 0.00000000 1 0.00000000 0.00000000 0.00000000 0.00000000
Neuron 10 4 1.00000000 0 1.00000000 0.00000000 0.00000000 0.00000000
Neuron 11 4 1.00000000 0 1.00000000 0.00000000 0.00000000 0.00000000
Neuron 12 4 1.00000000 0 1.00000000 0.00000000 0.00000000 0.00000000
Neuron 13 4 1.00000000 0 1.00000000 0.00000000 0.00000000 0.00000000
Neuron 14 4 1.00000000 0 1.00000000 0.00000000 0.00000000 0.00000000
Neuron 15 4 1.00000000 0 1.00000000 0.00000000 0.00000000 0.00000000
Neuron 16 4 1.00000000 0 1.00000000 0.00000000 0.00000000 0.00000000
Neuron 17 3 0.50000000 1 1.00000000 0.00000000 0.00000000 0.00000000
Neuron 18 3 0.50000000 1 1.00000000 0.00000000 0.00000000 0.00000000
Neuron 22 3 0.50000000 1 1.00000000 0.00000000 0.00000000 0.00000000
Neuron 23 3 0.50000000 1 1.00000000 0.00000000 0.00000000 0.00000000
Neuron 26 3 0.50000000 1 1.00000000 0.00000000 0.00000000 0.00000000
Neuron 27 3 0.50000000 1 1.00000000 0.00000000 0.00000000 0.00000000
Neuron 28 3 0.50000000 1 1.00000000 0.00000000 0.00000000 0.00000000
Neuron 32 3 0.50000000 1 1.00000000 0.00000000 0.00000000 0.00000000
Neuron 33 3 0.50000000 1 1.00000000 0.00000000 0.00000000 0.00000000
Neuron 34 3 0.50000000 1 1.00000000 0.00000000 0.00000000 0.00000000
Neuron 36 3 0.50000000 1 1.00000000 0.00000000 0.00000000 0.00000000
Neuron 37 3 0.50000000 1 1.00000000 0.00000000 0.00000000 0.00000000
Neuron 39 3 0.50000000 1 1.00000000 0.00000000 0.00000000 0.00000000
Neuron 42 3 0.50000000 1 1.00000000 0.00000000 0.00000000 0.00000000
Neuron 44 3 0.50000000 1 1.00000000 0.00000000 0.00000000 0.00000000
Neuron 46 3 0.50000000 1 1.00000000 0.00000000 0.00000000 0.00000000
Neuron 48 3 0.50000000 1 1.00000000 0.00000000 0.00000000 0.00000000
Neuron 52 3 0.50000000 1 1.00000000 0.00000000 0.00000000 0.00000000
Neuron 53 3 0.50000000 1 1.00000000 0.00000000 0.00000000 0.00000000
Neuron 54 3 0.50000000 1 1.00000000 0.00000000 0.00000000 0.00000000
Neuron 55 3 0.50000000 1 1.00000000 0.00000000 0.00000000 0.00000000
Neuron 56 3 0.50000000 1 1.00000000 0.00000000 0.00000000 0.00000000
Neuron 63 3 0.50000000 1 1.00000000 0.00000000 0.00000000 0.00000000
Neuron 64 3 0.75000000 1 1.00000000 0.00000000 0.00000000 0.00000000
Neuron 65 3 0.50000000 1 1.00000000 0.00000000 0.00000000 0.00000000
Neuron 67 3 0.50000000 1 1.00000000 0.00000000 0.00000000 0.00000000
Neuron 68 3 0.50000000 1 1.00000000 0.00000000 0.00000000 0.00000000
Neuron 71 3 0.50000000 1 1.00000000 0.00000000 0.00000000 0.00000000
Neuron 76 3 0.75000000 1 1.00000000 0.00000000 0.00000000 0.00000000
Neuron 80 3 0.25000000 1 1.00000000 0.00000000 0.00000000 0.00000000
Neuron 84 3 0.50000000 1 1.00000000 0.00000000 0.00000000 0.00000000
Neuron 100 3 0.75000000 1 1.00000000 0.00000000 0.00000000 0.00000000
Neuron 106 3 0.25000000 1 1.00000000 0.00000000 0.00000000 0.00000000
Neuron 121 3 0.25000000 1 1.00000000 0.00000000 0.00000000 0.00000000
Neuron 135 3 0.75000000 1 1.00000000 0.00000000 0.00000000 0.00000000
Neuron 140 3 0.25000000 1 1.00000000 0.00000000 0.00000000 0.00000000
Neuron 150 3 0.25000000 1 1.00000000 0.00000000 0.00000000 0.00000000
Neuron 182 3 0.37500000 1 1.00000000 0.00000000 0.00000000 0.00000000
Neuron 187 3 0.75000000 1 1.00000000 0.00000000 0.00000000 0.00000000
Neuron 189 3 0.75000000 1 1.00000000 0.00000000 0.00000000 0.00000000
Neuron 199 3 0.75000000 1 1.00000000 0.00000000 0.00000000 0.00000000
Neuron 209 3 0.25000000 1 1.00000000 0.00000000 0.00000000 0.00000000
Neuron 225 3 0.50000000 1 1.00000000 0.00000000 0.00000000 0.00000000
Neuron 251 3 1.00000000 1 1.00000000 0.00000000 0.00000000 0.00000000
Neuron 256 3 0.75000000 1 1.00000000 0.00000000 0.00000000 0.00000000
Neuron 268 3 0.87500000 1 1.00000000 0.00000000 0.00000000 0.00000000
Neuron 277 3 0.25000000 1 1.00000000 0.00000000 0.00000000 0.00000000
Neuron 287 3 0.25000000 1 1.00000000 0.00000000 0.00000000 0.00000000
Neuron 289 3 0.50000000 1 1.00000000 0.00000000 0.00000000 0.00000000
Neuron 364 3 0.50000000 1 1.00000000 0.00000000 0.00000000 0.00000000
Neuron 376 3 0.50000000 1 1.00000000 0.00000000 0.00000000 0.00000000
Neuron 387 3 0.87500000 1 1.00000000 0.00000000 0.00000000 0.00000000
Neuron 407 3 0.50000000 1 1.00000000 0.00000000 0.00000000 0.00000000
Neuron 436 3 0.50000000 1 1.00000000 0.00000000 0.00000000 0.00000000
Neuron 442 3 0.87500000 1 1.00000000 0.00000000 0.00000000 0.00000000
Neuron 459 3 0.50000000 1 1.00000000 0.00000000 0.00000000 0.00000000
Neuron 480 3 0.50000000 1 1.00000000 0.00000000 0.00000000 0.00000000
Neuron 485 3 0.75000000 1 1.00000000 0.00000000 0.00000000 0.00000000
Neuron 490 3 0.81250000 1 1.00000000 0.00000000 0.00000000 0.00000000
Neuron 501 3 0.50000000 1 1.00000000 0.00000000 0.00000000 0.00000000
Neuron 532 3 0.25000000 1 1.00000000 0.00000000 0.00000000 0.00000000
Link 1 10 1 0 -1.04315347
Link 2 10 2 0 0.59114007
Link 3 10 3 0 -0.53690089
Link 4 10 4 0 -0.08358415
Link 5 10 5 0 1.87531595
Link 6 10 6 0 0.01892320
Link 7 10 7 0 -1.63650209
Link 8 10 8 0 0.12927508
Link 9 10 9 0 -0.90979424
Link 1 11 10 0 -2.04277456
Link 2 11 11 0 0.87319455
Link 3 11 12 0 -0.11506437
Link 4 11 13 0 -2.50353101
Link 6 11 15 0 -1.24924250
Link 7 11 16 0 1.09145467
Link 8 11 17 0 2.10478351
Link 9 11 18 0 -2.68072538
Link 1 12 19 0 -1.71595425
Link 3 12 21 0 -2.32833547
Link 5 12 23 0 1.09153761
Link 7 12 25 0 0.13499264
Link 8 12 26 0 -3.00921794
Link 9 12 27 0 0.28845717
Link 1 13 28 0 -5.59496876
Link 2 13 29 0 -0.06791243
Link 3 13 30 0 2.03876269
Link 4 13 31 0 2.49335455
Link 5 13 32 0 -1.25094793
Link 6 13 33 0 1.16222523
Link 7 13 34 0 -2.57644889
Link 8 13 35 0 1.44024714
Link 9 13 36 0 0.09318189
Link 1 14 37 0 -1.14023820
Link 2 14 38 0 0.97492474
Link 3 14 39 0 -3.64698694
Link 4 14 40 0 -1.70393246
Link 5 14 41 0 0.59023718
Link 6 14 42 0 -2.44845777
Link 7 14 43 0 3.66961065
Link 8 14 44 0 1.67368428
Link 9 14 45 0 0.40104915
Link 3 15 48 0 -1.27261003
Link 4 15 49 0 0.00424938
Link 5 15 50 0 -1.45315270
Link 6 15 51 0 0.49253954
Link 9 15 54 0 -0.44372976
Link 1 16 55 0 -2.79270329
Link 2 16 56 0 0.69832396
Link 3 16 57 0 2.14117312
Link 4 16 58 0 -3.70921380
Link 5 16 59 0 -1.82216708
Link 6 16 60 0 1.45201183
Link 7 16 61 0 0.67916763
Link 9 16 63 0 0.02995797
Link 8 17 65 0 2.05210744
Link 17 16 66 0 -2.01229799
Link 7 18 68 0 0.65963294
Link 18 14 69 0 2.23892819
Link 22 11 81 0 0.78013705
Link 4 23 83 0 -0.32647600
Link 23 15 84 0 0.93362442
Link 2 26 93 0 -4.50163951
Link 26 14 94 0 -1.77694934
Link 27 14 97 0 -1.69505917
Link 4 28 99 0 -0.30109682
Link 28 11 100 0 1.56010869
Link 5 32 111 0 1.48303627
Link 4 33 114 0 -1.09506452
Link 33 10 115 0 0.46856625
Link 5 34 117 0 1.03542140
Link 34 11 118 0 0.65982365
Link 2 36 123 0 -0.46479479
Link 37 11 127 0 0.21632075
Link 39 16 133 0 0.69751344
Link 7 42 143 0 -2.02288043
Link 8 44 149 0 1.74897014
Link 44 12 150 0 1.80731752
Link 8 46 155 0 3.68929861
Link 46 15 156 0 0.90116841
Link 48 10 162 0 0.38559293
Link 52 13 175 0 -4.03351203
Link 8 42 176 0 -0.52266733
Link 1 53 178 0 -0.92864966
Link 53 14 179 0 1.53310104
Link 1 54 182 0 -1.09777026
Link 54 15 183 0 -0.72929693
Link 6 55 186 0 0.84680021
Link 55 12 187 0 -1.42110895
Link 56 13 194 0 -0.95776658
Link 12 46 195 1 -2.16419010
Link 9 22 222 0 -1.37522664
Link 6 63 246 0 0.98847095
Link 42 64 250 0 0.69957988
Link 64 15 251 0 1.40569626
Link 2 65 261 0 1.65846839
Link 65 15 262 0 -3.56665609
Link 2 67 272 0 -0.57496850
Link 67 13 273 0 1.53988990
Link 36 13 290 0 0.31442509
Link 6 27 291 0 -0.57401488
Link 2 68 303 0 3.53428793
Link 68 11 304 0 1.90429009
Link 7 71 318 0 -1.73444821
Link 71 13 319 0 2.96176764
Link 7 46 332 0 -3.87249268
Link 52 11 346 0 2.24894038
Link 46 76 350 0 -0.89938457
Link 8 80 391 0 0.79414828
Link 80 27 392 0 3.52578983
Link 28 52 395 0 -0.85988029
Link 7 84 422 0 -2.98809683
Link 11 36 435 1 1.21143093
Link 52 52 465 1 0.39815617
Link 46 12 511 0 -1.17962018
Link 46 14 531 0 1.32832062
Link 13 67 559 1 4.33203348
Link 36 100 609 0 0.46991224
Link 100 12 610 0 0.87712414
Link 3 106 667 0 1.59836833
Link 1 121 786 0 4.27285461
Link 121 52 787 0 -0.88645855
Link 3 52 832 0 -4.04644625
Link 7 67 841 0 -0.95144018
Link 135 56 878 1 0.03603225
Link 2 22 893 0 -2.44672097
Link 7 140 906 0 1.59279957
Link 140 22 907 0 1.43847460
Link 6 150 993 0 1.04070437
Link 150 37 994 0 -1.69118182
Link 13 53 1001 1 -0.27470830
Link 53 67 1032 0 1.89427394
Link 106 182 1240 0 -0.64743028
Link 182 48 1241 0 -1.07274747
Link 5 18 1250 0 1.82754503
Link 63 187 1268 0 1.30304212
Link 187 16 1269 0 -1.09647541
Link 39 189 1274 0 -1.11659556
Link 28 39 1313 0 0.80586418
Link 32 199 1358 0 1.43458072
Link 199 13 1359 0 0.10879493
Link 8 18 1386 0 1.00610446
Link 6 209 1417 0 -2.84909429
Link 209 67 1418 0 -0.18318015
Link 53 76 1419 0 0.97410026
Link 135 13 1456 0 -0.83711435
Link 225 22 1509 0 -1.73009666
Link 15 251 1662 1 0.70186011
Link 251 15 1663 1 0.60254311
Link 84 256 1685 0 0.67326783
Link 256 16 1686 0 0.48571408
Link 36 68 1700 0 2.50131424
Link 13 268 1757 1 0.89051443
Link 268 135 1758 1 2.04186446
Link 3 277 1799 0 -1.77817948
Link 277 56 1800 0 -0.66304889
Link 3 287 1877 0 1.05578273
Link 287 39 1878 0 -0.38092852
Link 7 289 1884 0 3.11737509
Link 289 15 1885 0 -0.75489068
Link 15 32 1939 1 2.74796846
Link 54 84 2176 0 1.55849700
Link 189 37 2334 1 1.21311812
Link 54 364 2392 0 0.87016039
Link 364 22 2393 0 -2.88833844
Link 54 54 2403 1 -2.92911809
Link 37 376 2455 0 3.97429149
Link 376 225 2456 0 1.48915365
Link 22 27 2490 0 -1.44383605
Link 28 23 2507 0 3.16771691
Link 189 387 2530 0 0.39641691
Link 387 16 2531 0 0.75495501
Link 44 407 2696 0 0.09313206
Link 36 209 2736 1 -0.07214706
Link 63 15 2820 0 0.54572900
Link 2 436 2903 0 2.13641591
Link 436 12 2904 0 -0.58493450
Link 442 15 2928 0 3.99125848
Link 22 76 3000 0 1.95341964
Link 1 459 3050 0 1.01754641
Link 459 15 3051 0 0.67196985
Link 5 106 3079 0 -1.11171789
Link 407 480 3206 0 -0.43043931
Link 480 63 3207 0 -0.25649899
Link 16 485 3238 1 0.07504703
Link 485 46 3239 1 1.39904973
Link 76 490 3263 0 1.59424993
Link 490 442 3264 0 1.60014223
Link 28 26 3288 0 1.99388288
Link 44 501 3376 0 2.24251245
Link 501 84 3377 0 1.46545877
Link 12 54 3467 1 4.88448203
Link 8 251 3552 0 1.46159059
Link 3 532 3627 0 -0.20827028
Link 532 56 3628 0 -1.15602967
Link 76 199 4222 0 0.65429354
Link 55 100 4467 0 2.28911636
GenomeEnd

