GenomeStart 89322
Neuron 1 1 0.00000000 1 0.00000000 0.00000000 0.00000000 0.00000000
Neuron 2 1 0.00000000 1 0.00000000 0.00000000 0.00000000 0.00000000
Neuron 3 1 0.00000000 1 0.00000000 0.00000000 0.00000000 0.00000000
Neuron 4 1 0.00000000 1 0.00000000 0.00000000 0.00000000 0.00000000
Neuron 5 1 0.00000000 1 0.00000000 0.00000000 0.00000000 0.00000000
Neuron 6 1 0.00000000 1 0.00000000 0.00000000 0.00000000 0.00000000
Neuron 7 1 0.00000000 1 0.00000000 0.00000000 0.00000000 0.00000000
Neuron 8 1 0.00000000 1 0.00000000 0.00000000 0.00000000 0.00000000
Neuron 9 2 0.00000000 1 0.00000000 0.00000000 0.00000000 0.00000000
Neuron 10 4 1.00000000 0 1.00000000 0.00000000 0.00000000 0.00000000
Neuron 11 4 1.00000000 0 1.00000000 0.00000000 0.00000000 0.00000000
Neuron 12 4 1.00000000 0 1.00000000 0.00000000 0.00000000 0.00000000
Neuron 13 4 1.00000000 0 1.00000000 0.00000000 0.00000000 0.00000000
Neuron 14 4 1.00000000 0 1.00000000 0.00000000 0.00000000 0.00000000
Neuron 15 4 1.00000000 0 1.00000000 0.00000000 0.00000000 0.00000000
Neuron 16 4 1.00000000 0 1.00000000 0.00000000 0.00000000 0.00000000
Neuron 17 3 0.50000000 1 1.00000000 0.00000000 0.00000000 0.00000000
Neuron 18 3 0.50000000 1 1.00000000 0.00000000 0.00000000 0.00000000
Neuron 20 3 0.50000000 1 1.00000000 0.00000000 0.00000000 0.00000000
Neuron 22 3 0.50000000 1 1.00000000 0.00000000 0.00000000 0.00000000
Neuron 23 3 0.50000000 1 1.00000000 0.00000000 0.00000000 0.00000000
Neuron 26 3 0.50000000 1 1.00000000 0.00000000 0.00000000 0.00000000
Neuron 27 3 0.50000000 1 1.00000000 0.00000000 0.00000000 0.00000000
Neuron 28 3 0.50000000 1 1.00000000 0.00000000 0.00000000 0.00000000
Neuron 32 3 0.50000000 1 1.00000000 0.00000000 0.00000000 0.00000000
Neuron 33 3 0.50000000 1 1.00000000 0.00000000 0.00000000 0.00000000
Neuron 34 3 0.50000000 1 1.00000000 0.00000000 0.00000000 0.00000000
Neuron 35 3 0.50000000 1 1.00000000 0.00000000 0.00000000 0.00000000
Neuron 36 3 0.50000000 1 1.00000000 0.00000000 0.00000000 0.00000000
Neuron 37 3 0.50000000 1 1.00000000 0.00000000 0.00000000 0.00000000
Neuron 39 3 0.50000000 1 1.00000000 0.00000000 0.00000000 0.00000000
Neuron 41 3 0.50000000 1 1.00000000 0.00000000 0.00000000 0.00000000
Neuron 42 3 0.50000000 1 1.00000000 0.00000000 0.00000000 0.00000000
Neuron 44 3 0.50000000 1 1.00000000 0.00000000 0.00000000 0.00000000
Neuron 45 3 0.50000000 1 1.00000000 0.00000000 0.00000000 0.00000000
Neuron 46 3 0.50000000 1 1.00000000 0.00000000 0.00000000 0.00000000
Neuron 48 3 0.50000000 1 1.00000000 0.00000000 0.00000000 0.00000000
Neuron 50 3 0.50000000 1 1.00000000 0.00000000 0.00000000 0.00000000
Neuron 52 3 0.50000000 1 1.00000000 0.00000000 0.00000000 0.00000000
Neuron 53 3 0.50000000 1 1.00000000 0.00000000 0.00000000 0.00000000
Neuron 54 3 0.50000000 1 1.00000000 0.00000000 0.00000000 0.00000000
Neuron 55 3 0.50000000 1 1.00000000 0.00000000 0.00000000 0.00000000
Neuron 56 3 0.50000000 1 1.00000000 0.00000000 0.00000000 0.00000000
Neuron 58 3 0.50000000 1 1.00000000 0.00000000 0.00000000 0.00000000
Neuron 59 3 0.50000000 1 1.00000000 0.00000000 0.00000000 0.00000000
Neuron 63 3 0.50000000 1 1.00000000 0.00000000 0.00000000 0.00000000
Neuron 64 3 0.75000000 1 1.00000000 0.00000000 0.00000000 0.00000000
Neuron 65 3 0.50000000 1 1.00000000 0.00000000 0.00000000 0.00000000
Neuron 67 3 0.50000000 1 1.00000000 0.00000000 0.00000000 0.00000000
Neuron 68 3 0.50000000 1 1.00000000 0.00000000 0.00000000 0.00000000
Neuron 69 3 0.50000000 1 1.00000000 0.00000000 0.00000000 0.00000000
Neuron 70 3 0.50000000 1 1.00000000 0.00000000 0.00000000 0.00000000
Neuron 71 3 0.50000000 1 1.00000000 0.00000000 0.00000000 0.00000000
Neuron 76 3 0.75000000 1 1.00000000 0.00000000 0.00000000 0.00000000
Neuron 77 3 0.25000000 1 1.00000000 0.00000000 0.00000000 0.00000000
Neuron 82 3 0.25000000 1 1.00000000 0.00000000 0.00000000 0.00000000
Neuron 83 3 0.75000000 1 1.00000000 0.00000000 0.00000000 0.00000000
Neuron 84 3 0.50000000 1 1.00000000 0.00000000 0.00000000 0.00000000
Neuron 98 3 0.75000000 1 1.00000000 0.00000000 0.00000000 0.00000000
Neuron 100 3 0.75000000 1 1.00000000 0.00000000 0.00000000 0.00000000
Neuron 102 3 0.75000000 1 1.00000000 0.00000000 0.00000000 0.00000000
Neuron 106 3 0.25000000 1 1.00000000 0.00000000 0.00000000 0.00000000
Neuron 112 3 0.75000000 1 1.00000000 0.00000000 0.00000000 0.00000000
Neuron 121 3 0.25000000 1 1.00000000 0.00000000 0.00000000 0.00000000
Neuron 125 3 0.25000000 1 1.00000000 0.00000000 0.00000000 0.00000000
Neuron 126 3 0.50000000 1 1.00000000 0.00000000 0.00000000 0.00000000
Neuron 127 3 0.75000000 1 1.00000000 0.00000000 0.00000000 0.00000000
Neuron 135 3 0.75000000 1 1.00000000 0.00000000 0.00000000 0.00000000
Neuron 138 3 0.25000000 1 1.00000000 0.00000000 0.00000000 0.00000000
Neuron 140 3 0.25000000 1 1.00000000 0.00000000 0.00000000 0.00000000
Neuron 143 3 0.12500000 1 1.00000000 0.00000000 0.00000000 0.00000000
Neuron 147 3 0.25000000 1 1.00000000 0.00000000 0.00000000 0.00000000
Neuron 155 3 0.25000000 1 1.00000000 0.00000000 0.00000000 0.00000000
Neuron 162 3 0.75000000 1 1.00000000 0.00000000 0.00000000 0.00000000
Neuron 166 3 0.25000000 1 1.00000000 0.00000000 0.00000000 0.00000000
Neuron 182 3 0.37500000 1 1.00000000 0.00000000 0.00000000 0.00000000
Neuron 189 3 0.75000000 1 1.00000000 0.00000000 0.00000000 0.00000000
Neuron 199 3 0.75000000 1 1.00000000 0.00000000 0.00000000 0.00000000
Neuron 201 3 0.25000000 1 1.00000000 0.00000000 0.00000000 0.00000000
Neuron 209 3 0.25000000 1 1.00000000 0.00000000 0.00000000 0.00000000
Neuron 210 3 0.25000000 1 1.00000000 0.00000000 0.00000000 0.00000000
Neuron 211 3 0.75000000 1 1.00000000 0.00000000 0.00000000 0.00000000
Neuron 212 3 0.75000000 1 1.00000000 0.00000000 0.00000000 0.00000000
Neuron 225 3 0.50000000 1 1.00000000 0.00000000 0.00000000 0.00000000
Neuron 234 3 0.75000000 1 1.00000000 0.00000000 0.00000000 0.00000000
Neuron 237 3 0.25000000 1 1.00000000 0.00000000 0.00000000 0.00000000
Neuron 251 3 1.00000000 1 1.00000000 0.00000000 0.00000000 0.00000000
Neuron 259 3 0.62500000 1 1.00000000 0.00000000 0.00000000 0.00000000
Neuron 260 3 0.50000000 1 1.00000000 0.00000000 0.00000000 0.00000000
Neuron 262 3 0.25000000 1 1.00000000 0.00000000 0.00000000 0.00000000
Neuron 265 3 0.75000000 1 1.00000000 0.00000000 0.00000000 0.00000000
Neuron 268 3 0.87500000 1 1.00000000 0.00000000 0.00000000 0.00000000
Neuron 277 3 0.25000000 1 1.00000000 0.00000000 0.00000000 0.00000000
Neuron 281 3 0.75000000 1 1.00000000 0.00000000 0.00000000 0.00000000
Neuron 289 3 0.50000000 1 1.00000000 0.00000000 0.00000000 0.00000000
Neuron 299 3 0.75000000 1 1.00000000 0.00000000 0.00000000 0.00000000
Neuron 332 3 0.25000000 1 1.00000000 0.00000000 0.00000000 0.00000000
Neuron 355 3 0.25000000 1 1.00000000 0.00000000 0.00000000 0.00000000
Neuron 364 3 0.50000000 1 1.00000000 0.00000000 0.00000000 0.00000000
Neuron 365 3 1.00000000 1 1.00000000 0.00000000 0.00000000 0.00000000
Neuron 376 3 0.50000000 1 1.00000000 0.00000000 0.00000000 0.00000000
Neuron 387 3 0.87500000 1 1.00000000 0.00000000 0.00000000 0.00000000
Neuron 397 3 0.75000000 1 1.00000000 0.00000000 0.00000000 0.00000000
Neuron 407 3 0.50000000 1 1.00000000 0.00000000 0.00000000 0.00000000
Neuron 436 3 0.50000000 1 1.00000000 0.00000000 0.00000000 0.00000000
Neuron 442 3 0.87500000 1 1.00000000 0.00000000 0.00000000 0.00000000
Neuron 447 3 0.50000000 1 1.00000000 0.00000000 0.00000000 0.00000000
Neuron 478 3 0.50000000 1 1.00000000 0.00000000 0.00000000 0.00000000
Neuron 480 3 0.50000000 1 1.00000000 0.00000000 0.00000000 0.00000000
Neuron 485 3 0.75000000 1 1.00000000 0.00000000 0.00000000 0.00000000
Neuron 488 3 0.75000000 1 1.00000000 0.00000000 0.00000000 0.00000000
Neuron 490 3 0.81250000 1 1.00000000 0.00000000 0.00000000 0.00000000
Neuron 498 3 0.93750000 1 1.00000000 0.00000000 0.00000000 0.00000000
Neuron 501 3 0.50000000 1 1.00000000 0.00000000 0.00000000 0.00000000
Neuron 526 3 0.12500000 1 1.00000000 0.00000000 0.00000000 0.00000000
Neuron 532 3 0.25000000 1 1.00000000 0.00000000 0.00000000 0.00000000
Neuron 547 3 0.87500000 1 1.00000000 0.00000000 0.00000000 0.00000000
Neuron 553 3 0.87500000 1 1.00000000 0.00000000 0.00000000 0.00000000
Neuron 556 3 0.62500000 1 1.00000000 0.00000000 0.00000000 0.00000000
Neuron 559 3 0.84375000 1 1.00000000 0.00000000 0.00000000 0.00000000
Neuron 560 3 0.12500000 1 1.00000000 0.00000000 0.00000000 0.00000000
Neuron 588 3 0.75000000 1 1.00000000 0.00000000 0.00000000 0.00000000
Neuron 599 3 0.78125000 1 1.00000000 0.00000000 0.00000000 0.00000000
Neuron 635 3 0.87500000 1 1.00000000 0.00000000 0.00000000 0.00000000
Neuron 643 3 0.87500000 1 1.00000000 0.00000000 0.00000000 0.00000000
Neuron 669 3 0.62500000 1 1.00000000 0.00000000 0.00000000 0.00000000
Neuron 709 3 0.75000000 1 1.00000000 0.00000000 0.00000000 0.00000000
Neuron 735 3 0.75000000 1 1.00000000 0.00000000 0.00000000 0.00000000
Neuron 738 3 0.62500000 1 1.00000000 0.00000000 0.00000000 0.00000000
Neuron 745 3 0.81250000 1 1.00000000 0.00000000 0.00000000 0.00000000
Neuron 777 3 0.37500000 1 1.00000000 0.00000000 0.00000000 0.00000000
Neuron 780 3 0.50000000 1 1.00000000 0.00000000 0.00000000 0.00000000
Neuron 809 3 0.37500000 1 1.00000000 0.00000000 0.00000000 0.00000000
Neuron 871 3 0.68750000 1 1.00000000 0.00000000 0.00000000 0.00000000
Neuron 934 3 0.12500000 1 1.00000000 0.00000000 0.00000000 0.00000000
Neuron 940 3 0.37500000 1 1.00000000 0.00000000 0.00000000 0.00000000
Neuron 947 3 0.75000000 1 1.00000000 0.00000000 0.00000000 0.00000000
Neuron 948 3 0.75000000 1 1.00000000 0.00000000 0.00000000 0.00000000
Neuron 956 3 0.50000000 1 1.00000000 0.00000000 0.00000000 0.00000000
Neuron 960 3 0.12500000 1 1.00000000 0.00000000 0.00000000 0.00000000
Neuron 983 3 0.50000000 1 1.00000000 0.00000000 0.00000000 0.00000000
Neuron 994 3 0.06250000 1 1.00000000 0.00000000 0.00000000 0.00000000
Neuron 1030 3 0.37500000 1 1.00000000 0.00000000 0.00000000 0.00000000
Neuron 1032 3 0.37500000 1 1.00000000 0.00000000 0.00000000 0.00000000
Neuron 1052 3 0.50000000 1 1.00000000 0.00000000 0.00000000 0.00000000
Neuron 1061 3 0.50000000 1 1.00000000 0.00000000 0.00000000 0.00000000
Neuron 1062 3 0.12500000 1 1.00000000 0.00000000 0.00000000 0.00000000
Neuron 1075 3 0.56250000 1 1.00000000 0.00000000 0.00000000 0.00000000
Neuron 1096 3 0.62500000 1 1.00000000 0.00000000 0.00000000 0.00000000
Neuron 1100 3 0.87500000 1 1.00000000 0.00000000 0.00000000 0.00000000
Neuron 1133 3 0.43750000 1 1.00000000 0.00000000 0.00000000 0.00000000
Neuron 1160 3 0.87500000 1 1.00000000 0.00000000 0.00000000 0.00000000
Neuron 1161 3 0.50000000 1 1.00000000 0.00000000 0.00000000 0.00000000
Neuron 1245 3 0.25000000 1 1.00000000 0.00000000 0.00000000 0.00000000
Neuron 1253 3 0.12500000 1 1.00000000 0.00000000 0.00000000 0.00000000
Neuron 1259 3 0.25000000 1 1.00000000 0.00000000 0.00000000 0.00000000
Neuron 1306 3 0.50000000 1 1.00000000 0.00000000 0.00000000 0.00000000
Neuron 1311 3 0.65625000 1 1.00000000 0.00000000 0.00000000 0.00000000
Neuron 1380 3 0.87500000 1 1.00000000 0.00000000 0.00000000 0.00000000
Neuron 1405 3 0.73437500 1 1.00000000 0.00000000 0.00000000 0.00000000
Neuron 1430 3 0.43750000 1 1.00000000 0.00000000 0.00000000 0.00000000
Neuron 1609 3 0.85937500 1 1.00000000 0.00000000 0.00000000 0.00000000
Neuron 1641 3 0.65625000 1 1.00000000 0.00000000 0.00000000 0.00000000
Neuron 1849 3 0.75000000 1 1.00000000 0.00000000 0.00000000 0.00000000
Link 1 10 1 0 2.27753384
Link 2 10 2 0 2.96409846
Link 3 10 3 0 -2.01109861
Link 4 10 4 0 -0.75031800
Link 5 10 5 0 1.51939539
Link 6 10 6 0 2.96418951
Link 7 10 7 0 0.01769666
Link 8 10 8 0 2.09394982
Link 9 10 9 0 -0.25828624
Link 1 11 10 0 1.55242438
Link 6 11 15 0 2.98633947
Link 7 11 16 0 -2.15828788
Link 8 11 17 0 2.34680969
Link 9 11 18 0 -0.26288704
Link 1 12 19 0 3.16626646
Link 3 12 21 0 -1.17943233
Link 4 12 22 0 -5.60330795
Link 5 12 23 0 -1.86481151
Link 8 12 26 0 -0.40415779
Link 9 12 27 0 -1.15255923
Link 1 13 28 0 -1.42235369
Link 2 13 29 0 -0.21800125
Link 3 13 30 0 1.27294271
Link 6 13 33 0 -1.45967943
Link 8 13 35 0 1.18183079
Link 2 14 38 0 -1.35722979
Link 4 14 40 0 0.15282002
Link 5 14 41 0 -3.00036970
Link 7 14 43 0 -1.14403598
Link 8 14 44 0 3.15446585
Link 9 14 45 0 -3.23677702
Link 1 15 46 0 4.17769578
Link 3 15 48 0 -0.08360390
Link 4 15 49 0 -1.79160046
Link 9 15 54 0 -2.64509842
Link 3 16 57 0 3.75809319
Link 4 16 58 0 -1.00374874
Link 5 16 59 0 4.17954032
Link 6 16 60 0 4.42283762
Link 7 16 61 0 0.60630533
Link 8 17 65 0 -0.59043663
Link 17 16 66 0 -1.40014397
Link 18 14 69 0 -2.25360029
Link 7 20 74 0 0.18731521
Link 20 12 75 0 3.58286249
Link 22 11 81 0 2.30160686
Link 23 15 84 0 1.54741659
Link 2 26 93 0 1.94758773
Link 8 27 96 0 -2.87815602
Link 28 11 100 0 -1.11902576
Link 4 33 114 0 -0.07011311
Link 33 10 115 0 1.74265720
Link 5 34 117 0 1.02645490
Link 34 11 118 0 -1.37874447
Link 4 35 120 0 2.06409103
Link 35 13 121 0 0.83458239
Link 2 36 123 0 -0.27580210
Link 6 37 126 0 2.23827385
Link 37 11 127 0 -1.33396195
Link 3 39 132 0 -1.58061166
Link 39 16 133 0 -2.55133649
Link 41 14 140 0 -0.39747215
Link 7 42 143 0 -1.02283192
Link 3 45 152 0 2.93117473
Link 45 11 153 0 2.13782064
Link 8 46 155 0 -1.18701596
Link 48 10 162 0 -2.62376091
Link 2 50 167 0 1.46640489
Link 50 16 168 0 -1.84936078
Link 52 13 175 0 0.39620183
Link 8 42 176 0 -1.96622080
Link 53 14 179 0 1.85840065
Link 6 55 186 0 3.53565453
Link 55 12 187 0 -1.18400821
Link 46 10 191 0 1.79648859
Link 56 13 194 0 -1.40520462
Link 3 59 210 0 -2.32834094
Link 9 22 222 0 1.35653347
Link 23 12 229 0 -0.66339450
Link 6 63 246 0 2.31190302
Link 63 16 247 0 -1.50397763
Link 42 64 250 0 0.45704345
Link 64 15 251 0 3.85080212
Link 2 65 261 0 3.84203558
Link 65 15 262 0 3.58999272
Link 2 67 272 0 -0.56923327
Link 36 13 290 0 0.11536276
Link 6 27 291 0 1.65029380
Link 1 69 309 0 -0.23139371
Link 28 28 343 1 3.37838779
Link 52 11 346 0 -0.35099968
Link 77 41 359 0 -0.14695442
Link 28 52 395 0 1.53895170
Link 1 82 409 0 0.70937247
Link 82 54 410 0 -0.45126691
Link 12 83 416 1 1.00000000
Link 83 46 417 1 0.43376375
Link 7 84 422 0 -0.84036305
Link 84 16 423 0 3.03087729
Link 11 36 435 1 -1.38432062
Link 52 52 465 1 1.40576800
Link 46 12 511 0 -2.49054049
Link 46 14 531 0 -0.71189835
Link 44 98 592 0 -4.02156603
Link 98 12 593 0 -0.14032902
Link 36 100 609 0 -1.53258188
Link 68 102 619 0 1.27130297
Link 102 11 620 0 -1.66693399
Link 41 41 686 1 -0.70302727
Link 58 112 707 0 0.01860506
Link 15 42 714 1 0.79654558
Link 8 125 806 0 1.87497409
Link 125 44 807 0 2.18194236
Link 2 126 817 0 0.62228069
Link 126 11 818 0 0.68813415
Link 54 127 824 0 0.70174998
Link 127 15 825 0 1.28839067
Link 3 52 832 0 -2.51501070
Link 7 67 841 0 0.30967289
Link 135 56 878 1 -1.27739872
Link 6 138 889 0 3.14891201
Link 138 58 890 0 4.68276951
Link 2 22 893 0 5.38210295
Link 7 140 906 0 0.44858666
Link 140 22 907 0 2.94046363
Link 6 143 927 0 1.05334046
Link 143 77 928 0 0.00828879
Link 147 18 973 0 -1.70650127
Link 13 53 1001 1 2.21615430
Link 53 67 1032 0 2.23732318
Link 71 162 1104 0 1.57915365
Link 162 13 1105 0 3.25020454
Link 1 166 1136 0 -2.43028912
Link 166 53 1137 0 1.80194765
Link 106 182 1240 0 -3.40300044
Link 182 48 1241 0 1.55490264
Link 28 39 1313 0 -1.97657109
Link 32 199 1358 0 2.98899755
Link 201 32 1374 0 0.35623751
Link 6 209 1417 0 3.28590935
Link 209 67 1418 0 -1.38172849
Link 5 210 1422 0 -2.30169225
Link 210 70 1423 0 1.43570640
Link 26 211 1429 0 1.72119059
Link 211 14 1430 0 -2.43496313
Link 59 212 1440 0 -2.95328295
Link 135 13 1456 0 -0.55101031
Link 225 22 1509 0 -0.50335060
Link 69 234 1546 0 0.49050649
Link 234 16 1547 0 1.04472201
Link 4 237 1571 0 3.80109853
Link 8 34 1623 0 -1.83969778
Link 15 251 1662 1 -2.50839104
Link 39 259 1695 0 0.62305914
Link 259 189 1696 0 0.34423944
Link 7 260 1698 0 0.60806403
Link 260 13 1699 0 -0.75135362
Link 36 68 1700 0 -0.62385457
Link 7 262 1707 0 -1.11066627
Link 262 71 1708 0 -5.54134108
Link 70 265 1731 0 4.16154131
Link 13 268 1757 1 0.45132371
Link 3 277 1799 0 -0.56391640
Link 277 56 1800 0 -2.26060314
Link 27 281 1835 0 1.00000000
Link 281 14 1836 0 1.73611372
Link 7 289 1884 0 -2.45955979
Link 15 32 1939 1 2.19945467
Link 299 67 1950 1 -0.12027290
Link 54 84 2176 0 -0.24917893
Link 332 18 2212 0 1.92737413
Link 4 355 2344 0 0.52852450
Link 355 23 2345 0 -1.23309598
Link 54 364 2392 0 -3.00033806
Link 364 22 2393 0 -0.04009058
Link 251 365 2397 1 1.81945992
Link 365 15 2398 1 3.90561863
Link 54 54 2403 1 -0.96390653
Link 376 225 2456 0 -2.10227927
Link 28 23 2507 0 1.23569219
Link 189 387 2530 0 -0.30702807
Link 387 16 2531 0 -0.54713805
Link 48 135 2533 0 0.57307615
Link 46 397 2613 0 1.25185423
Link 397 15 2614 0 -0.20634134
Link 44 407 2696 0 -4.29029342
Link 36 209 2736 1 -0.64850964
Link 63 15 2820 0 -4.14358274
Link 2 436 2903 0 -2.65274322
Link 5 447 2971 0 -0.98190275
Link 447 13 2972 0 0.61306122
Link 22 76 3000 0 -1.08482740
Link 5 106 3079 0 -1.62866339
Link 478 27 3190 0 -0.55091643
Link 407 480 3206 0 0.44976408
Link 480 63 3207 0 0.19275072
Link 16 485 3238 1 -0.58924630
Link 67 488 3255 0 2.13877228
Link 488 13 3256 0 0.81981849
Link 28 26 3288 0 -4.22323911
Link 442 498 3335 0 -2.80154337
Link 498 15 3336 0 0.67065031
Link 44 501 3376 0 -0.83269928
Link 12 54 3467 1 0.97316277
Link 3 526 3550 0 0.17393609
Link 526 106 3551 0 1.56033688
Link 8 251 3552 0 1.32905446
Link 3 532 3627 0 -2.19820493
Link 112 547 3730 0 -0.68611244
Link 547 15 3731 0 -1.02139410
Link 199 553 3781 0 -0.60520902
Link 553 13 3782 0 -3.69188125
Link 53 556 3791 0 1.39166242
Link 556 76 3792 0 0.36372188
Link 260 260 3816 1 4.94999218
Link 490 559 3823 0 1.79212355
Link 1 560 3826 0 -0.30437029
Link 560 121 3827 0 -2.35473554
Link 289 588 4026 0 -0.70600108
Link 588 15 4027 0 2.15284303
Link 76 599 4125 0 -0.46160340
Link 599 490 4126 0 0.77400371
Link 46 199 4150 0 1.44244192
Link 265 635 4440 0 0.63432281
Link 635 15 4441 0 -3.75253203
Link 36 26 4452 0 1.15479332
Link 100 643 4493 0 1.79232422
Link 643 12 4494 0 0.17370739
Link 485 669 4722 1 -3.07120253
Link 436 709 5039 0 1.15242257
Link 709 12 5040 0 2.88746562
Link 28 48 5100 0 1.73401073
Link 76 735 5224 0 3.49970660
Link 735 199 5225 0 3.03509202
Link 189 738 5239 1 3.21734188
Link 738 37 5240 1 -0.23036099
Link 268 745 5288 1 -1.55686326
Link 745 135 5289 1 -1.51507206
Link 289 100 5354 0 0.47763978
Link 532 777 5558 0 0.23262512
Link 22 780 5600 0 2.32349621
Link 780 478 5601 0 0.91993090
Link 237 809 5803 0 -0.33870398
Link 809 28 5804 0 0.80324500
Link 237 121 6066 0 -1.97857733
Link 52 871 6259 0 0.19434331
Link 871 268 6260 0 2.03944653
Link 5 442 6511 0 1.13513884
Link 16 121 6684 1 -0.57866855
Link 934 155 6711 0 0.86958464
Link 155 940 6755 0 -1.66324255
Link 940 46 6756 0 -1.05020053
Link 37 36 6758 0 1.83459412
Link 64 947 6819 0 -0.25045312
Link 947 76 6820 0 4.72146123
Link 39 948 6822 0 0.60024263
Link 37 956 6928 0 -0.75737449
Link 956 376 6929 0 -0.18229672
Link 209 189 6967 0 3.30151743
Link 5 960 6978 0 1.22799736
Link 960 201 6979 0 0.24653171
Link 67 26 7035 0 3.67007677
Link 98 387 7108 0 1.51974655
Link 67 983 7186 0 0.57208727
Link 983 289 7187 0 -1.44060302
Link 7 994 7282 0 0.07842553
Link 994 934 7283 0 -1.34439482
Link 201 532 7317 0 -0.16928060
Link 127 48 7364 1 1.43606484
Link 553 289 7397 1 -1.49322062
Link 225 442 7404 0 2.06217582
Link 121 1030 7592 0 -3.25031020
Link 1030 52 7593 0 -0.00020384
Link 121 1032 7604 0 1.42794308
Link 1032 71 7605 0 -1.59920838
Link 34 1052 7754 0 -1.30227139
Link 1052 18 7755 0 2.95145721
Link 501 1061 7821 0 0.73424155
Link 1061 84 7822 0 -3.00471665
Link 26 199 7823 0 -3.75428937
Link 5 1062 7838 0 -4.00270229
Link 1062 332 7839 0 0.67068063
Link 934 10 7914 0 4.16046383
Link 669 1075 7958 1 2.66057275
Link 1075 46 7959 1 -2.47417637
Link 26 98 7969 0 3.38898981
Link 376 18 8068 0 1.15913899
Link 53 1096 8221 0 -0.68876921
Link 1096 98 8222 0 2.24350300
Link 13 1100 8277 1 0.51200698
Link 1100 299 8278 1 -3.82005767
Link 777 1133 8595 0 -0.30216978
Link 1133 56 8596 0 -1.71336424
Link 41 948 8645 0 -1.00023795
Link 33 53 8811 0 1.08652123
Link 212 1160 8870 0 0.91022498
Link 1160 14 8871 0 -0.83697502
Link 39 940 8875 1 -0.15934644
Link 56 1161 8877 0 2.00044147
Link 1161 956 8878 0 -0.74667265
Link 15 155 9316 1 -1.30231529
Link 501 777 9427 1 -0.92937854
Link 7 1253 9677 0 0.63385664
Link 1253 147 9678 0 -3.81362667
Link 237 1259 9723 0 -1.39583172
Link 1259 1245 9724 0 0.15682615
Link 98 442 9786 0 0.22207529
Link 71 956 9917 0 1.61152762
Link 485 947 9956 0 -0.42305177
Link 376 237 10034 1 -0.56515795
Link 42 1306 10083 0 3.96644394
Link 1306 23 10084 0 0.57785920
Link 28 1311 10115 0 0.17282141
Link 994 669 10197 0 -1.64826697
Link 485 63 10208 1 1.30811734
Link 201 478 10306 0 -0.23516710
Link 7 56 10477 0 -0.87049768
Link 948 1380 10702 0 2.00299458
Link 1380 251 10703 0 1.55258821
Link 9 121 10787 0 -0.79216013
Link 166 15 10871 0 -0.86755003
Link 2 947 10891 0 -0.83524694
Link 1311 1405 10923 0 0.37206426
Link 1405 490 10924 0 1.30349181
Link 436 36 11017 0 -1.28365210
Link 112 1133 11059 1 -2.47921847
Link 1245 1430 11108 0 -0.46664323
Link 1430 259 11109 0 2.44473249
Link 532 532 11111 1 1.22721148
Link 376 155 11588 1 1.02524401
Link 480 12 11657 0 -0.53328577
Link 588 1245 11704 1 2.11718135
Link 225 260 11744 0 2.03285535
Link 33 1306 11829 0 1.79114674
Link 35 18 11879 0 0.37835196
Link 1061 1052 11937 0 2.06652367
Link 436 1405 12072 0 0.51193015
Link 559 1609 12825 0 1.98770739
Link 1609 442 12826 0 -1.11923975
Link 100 956 13089 1 -0.66412513
Link 44 1641 13091 0 0.76122658
Link 1641 745 13092 0 -3.71420924
Link 478 960 13120 1 4.05151729
Link 17 125 13184 1 4.01060407
Link 478 211 13314 0 4.01003312
Link 1133 1133 13872 1 -1.00625084
Link 5 121 14044 0 -1.42107991
Link 52 745 14123 0 -1.48207254
Link 1160 871 14170 1 2.08380426
Link 387 480 14632 1 -2.03720709
Link 643 182 14663 1 -1.22441833
Link 1062 84 14719 0 -3.28453935
Link 485 397 14807 0 3.01899604
Link 809 34 14833 0 1.54034387
Link 100 1849 14851 1 1.00000000
Link 1849 100 14852 1 -3.15918876
Link 1030 488 15029 0 -2.41535989
Link 526 547 15179 0 -1.54772612
Link 1052 1430 15503 1 0.38980824
GenomeEnd

