GenomeStart 22486
Neuron 1 1 0.00000000 1 0.00000000 0.00000000 0.00000000 0.00000000
Neuron 2 1 0.00000000 1 0.00000000 0.00000000 0.00000000 0.00000000
Neuron 3 1 0.00000000 1 0.00000000 0.00000000 0.00000000 0.00000000
Neuron 4 1 0.00000000 1 0.00000000 0.00000000 0.00000000 0.00000000
Neuron 5 1 0.00000000 1 0.00000000 0.00000000 0.00000000 0.00000000
Neuron 6 1 0.00000000 1 0.00000000 0.00000000 0.00000000 0.00000000
Neuron 7 1 0.00000000 1 0.00000000 0.00000000 0.00000000 0.00000000
Neuron 8 1 0.00000000 1 0.00000000 0.00000000 0.00000000 0.00000000
Neuron 9 2 0.00000000 1 0.00000000 0.00000000 0.00000000 0.00000000
Neuron 10 4 1.00000000 0 1.00000000 0.00000000 0.00000000 0.00000000
Neuron 11 4 1.00000000 0 1.00000000 0.00000000 0.00000000 0.00000000
Neuron 12 4 1.00000000 0 1.00000000 0.00000000 0.00000000 0.00000000
Neuron 13 4 1.00000000 0 1.00000000 0.00000000 0.00000000 0.00000000
Neuron 14 4 1.00000000 0 1.00000000 0.00000000 0.00000000 0.00000000
Neuron 15 4 1.00000000 0 1.00000000 0.00000000 0.00000000 0.00000000
Neuron 16 4 1.00000000 0 1.00000000 0.00000000 0.00000000 0.00000000
Neuron 17 3 0.50000000 1 1.00000000 0.00000000 0.00000000 0.00000000
Neuron 22 3 0.50000000 1 1.00000000 0.00000000 0.00000000 0.00000000
Neuron 31 3 0.50000000 1 1.00000000 0.00000000 0.00000000 0.00000000
Neuron 33 3 0.50000000 1 1.00000000 0.00000000 0.00000000 0.00000000
Neuron 36 3 0.50000000 1 1.00000000 0.00000000 0.00000000 0.00000000
Neuron 42 3 0.50000000 1 1.00000000 0.00000000 0.00000000 0.00000000
Neuron 44 3 0.50000000 1 1.00000000 0.00000000 0.00000000 0.00000000
Neuron 51 3 0.50000000 1 1.00000000 0.00000000 0.00000000 0.00000000
Neuron 58 3 0.50000000 1 1.00000000 0.00000000 0.00000000 0.00000000
Neuron 59 3 0.50000000 1 1.00000000 0.00000000 0.00000000 0.00000000
Neuron 63 3 0.50000000 1 1.00000000 0.00000000 0.00000000 0.00000000
Neuron 65 3 0.50000000 1 1.00000000 0.00000000 0.00000000 0.00000000
Neuron 66 3 0.50000000 1 1.00000000 0.00000000 0.00000000 0.00000000
Neuron 70 3 0.50000000 1 1.00000000 0.00000000 0.00000000 0.00000000
Neuron 78 3 0.25000000 1 1.00000000 0.00000000 0.00000000 0.00000000
Neuron 84 3 0.50000000 1 1.00000000 0.00000000 0.00000000 0.00000000
Neuron 138 3 0.25000000 1 1.00000000 0.00000000 0.00000000 0.00000000
Neuron 140 3 0.25000000 1 1.00000000 0.00000000 0.00000000 0.00000000
Neuron 148 3 0.25000000 1 1.00000000 0.00000000 0.00000000 0.00000000
Neuron 187 3 0.75000000 1 1.00000000 0.00000000 0.00000000 0.00000000
Neuron 212 3 0.75000000 1 1.00000000 0.00000000 0.00000000 0.00000000
Neuron 220 3 0.25000000 1 1.00000000 0.00000000 0.00000000 0.00000000
Neuron 224 3 0.25000000 1 1.00000000 0.00000000 0.00000000 0.00000000
Neuron 382 3 0.25000000 1 1.00000000 0.00000000 0.00000000 0.00000000
Neuron 410 3 0.12500000 1 1.00000000 0.00000000 0.00000000 0.00000000
Link 1 10 1 0 -2.67796585
Link 2 10 2 0 -0.35536498
Link 3 10 3 0 0.73569092
Link 5 10 5 0 0.36693273
Link 6 10 6 0 -0.96559357
Link 7 10 7 0 -0.66668779
Link 9 10 9 0 3.00693892
Link 2 11 11 0 3.29647705
Link 3 11 12 0 -1.79648386
Link 4 11 13 0 3.06108022
Link 5 11 14 0 -0.37316235
Link 6 11 15 0 2.53709692
Link 8 11 17 0 -1.85080613
Link 9 11 18 0 0.92497802
Link 1 12 19 0 -2.98995445
Link 3 12 21 0 0.30349472
Link 4 12 22 0 3.96013106
Link 5 12 23 0 2.22283620
Link 6 12 24 0 4.72641875
Link 7 12 25 0 -0.35791190
Link 9 12 27 0 2.58875829
Link 1 13 28 0 -2.27039548
Link 2 13 29 0 -0.88662940
Link 3 13 30 0 2.72594319
Link 4 13 31 0 0.71386232
Link 5 13 32 0 1.17660891
Link 6 13 33 0 1.95180919
Link 7 13 34 0 0.28024512
Link 8 13 35 0 1.46529642
Link 9 13 36 0 -1.05213004
Link 1 14 37 0 3.35742180
Link 2 14 38 0 0.47128480
Link 4 14 40 0 0.80770822
Link 5 14 41 0 0.82444151
Link 6 14 42 0 3.36349757
Link 7 14 43 0 3.24977884
Link 8 14 44 0 -0.04818774
Link 9 14 45 0 -0.02084024
Link 1 15 46 0 5.19157528
Link 4 15 49 0 1.77913156
Link 8 15 53 0 -4.22688970
Link 9 15 54 0 -1.67572011
Link 1 16 55 0 -1.38222229
Link 2 16 56 0 0.74458584
Link 3 16 57 0 1.30253513
Link 4 16 58 0 1.03625574
Link 5 16 59 0 -0.84896122
Link 9 16 63 0 1.07891568
Link 17 16 66 0 -0.39394890
Link 22 11 81 0 -2.06457877
Link 31 10 109 0 -0.31870553
Link 4 33 114 0 0.47823351
Link 33 10 115 0 -2.36692421
Link 2 36 123 0 1.72717893
Link 36 12 124 0 -1.12796589
Link 42 15 144 0 -0.31772096
Link 8 44 149 0 0.67509050
Link 44 12 150 0 3.02030129
Link 1 51 170 0 1.65016187
Link 51 11 171 0 1.10050090
Link 58 15 203 0 -0.10524927
Link 3 59 210 0 1.83260341
Link 6 63 246 0 -1.70786296
Link 2 65 261 0 3.72214701
Link 65 15 262 0 0.24149095
Link 3 66 269 0 1.41479984
Link 66 15 270 0 2.99786163
Link 5 70 314 0 1.72126100
Link 70 15 315 0 0.44843298
Link 8 78 365 0 -1.26466495
Link 78 17 366 0 2.25544483
Link 84 16 423 0 -1.94119788
Link 5 44 507 0 -1.24345252
Link 138 58 890 0 4.02696090
Link 7 140 906 0 -0.87925781
Link 140 22 907 0 1.74194236
Link 33 36 947 0 -1.83076702
Link 7 148 983 0 2.20418517
Link 148 42 984 0 -0.11742408
Link 51 138 1155 1 -0.09694581
Link 15 36 1226 1 0.66877638
Link 10 63 1259 1 -3.40230564
Link 63 187 1268 0 -3.39594238
Link 187 16 1269 0 -0.68551894
Link 59 212 1440 0 1.00000000
Link 212 14 1441 0 0.56631700
Link 7 220 1479 0 -4.24244745
Link 220 84 1480 0 -4.84907874
Link 8 224 1496 0 0.36817759
Link 224 31 1497 0 1.62490736
Link 6 17 1517 0 -2.54816694
Link 4 63 1806 0 -2.90088769
Link 58 22 1819 0 4.70556379
Link 22 16 1864 0 -1.18539004
Link 63 31 2247 0 -0.57424435
Link 5 382 2488 0 1.72239310
Link 382 63 2489 0 0.88228428
Link 138 14 2608 0 -0.33420200
Link 63 17 2667 0 1.19146896
Link 9 63 2692 0 1.08120776
Link 6 410 2723 0 0.74451625
Link 410 138 2724 0 1.28362952
Link 44 31 2742 0 -1.59446287
Link 10 36 2892 1 -0.38618764
Link 6 78 2961 0 0.06565395
Link 51 51 2989 1 4.58014824
Link 3 58 3284 0 -4.19179616
Link 220 78 3506 0 2.91188440
GenomeEnd

