GenomeStart 74582
Neuron 1 1 0.00000000 1 0.00000000 0.00000000 0.00000000 0.00000000
Neuron 2 1 0.00000000 1 0.00000000 0.00000000 0.00000000 0.00000000
Neuron 3 1 0.00000000 1 0.00000000 0.00000000 0.00000000 0.00000000
Neuron 4 1 0.00000000 1 0.00000000 0.00000000 0.00000000 0.00000000
Neuron 5 1 0.00000000 1 0.00000000 0.00000000 0.00000000 0.00000000
Neuron 6 1 0.00000000 1 0.00000000 0.00000000 0.00000000 0.00000000
Neuron 7 1 0.00000000 1 0.00000000 0.00000000 0.00000000 0.00000000
Neuron 8 1 0.00000000 1 0.00000000 0.00000000 0.00000000 0.00000000
Neuron 9 2 0.00000000 1 0.00000000 0.00000000 0.00000000 0.00000000
Neuron 10 4 1.00000000 0 1.00000000 0.00000000 0.00000000 0.00000000
Neuron 11 4 1.00000000 0 1.00000000 0.00000000 0.00000000 0.00000000
Neuron 12 4 1.00000000 0 1.00000000 0.00000000 0.00000000 0.00000000
Neuron 13 4 1.00000000 0 1.00000000 0.00000000 0.00000000 0.00000000
Neuron 14 4 1.00000000 0 1.00000000 0.00000000 0.00000000 0.00000000
Neuron 15 4 1.00000000 0 1.00000000 0.00000000 0.00000000 0.00000000
Neuron 16 4 1.00000000 0 1.00000000 0.00000000 0.00000000 0.00000000
Neuron 17 3 0.50000000 1 1.00000000 0.00000000 0.00000000 0.00000000
Neuron 18 3 0.50000000 1 1.00000000 0.00000000 0.00000000 0.00000000
Neuron 20 3 0.50000000 1 1.00000000 0.00000000 0.00000000 0.00000000
Neuron 22 3 0.50000000 1 1.00000000 0.00000000 0.00000000 0.00000000
Neuron 23 3 0.50000000 1 1.00000000 0.00000000 0.00000000 0.00000000
Neuron 26 3 0.50000000 1 1.00000000 0.00000000 0.00000000 0.00000000
Neuron 27 3 0.50000000 1 1.00000000 0.00000000 0.00000000 0.00000000
Neuron 28 3 0.50000000 1 1.00000000 0.00000000 0.00000000 0.00000000
Neuron 32 3 0.50000000 1 1.00000000 0.00000000 0.00000000 0.00000000
Neuron 33 3 0.50000000 1 1.00000000 0.00000000 0.00000000 0.00000000
Neuron 34 3 0.50000000 1 1.00000000 0.00000000 0.00000000 0.00000000
Neuron 35 3 0.50000000 1 1.00000000 0.00000000 0.00000000 0.00000000
Neuron 36 3 0.50000000 1 1.00000000 0.00000000 0.00000000 0.00000000
Neuron 37 3 0.50000000 1 1.00000000 0.00000000 0.00000000 0.00000000
Neuron 39 3 0.50000000 1 1.00000000 0.00000000 0.00000000 0.00000000
Neuron 41 3 0.50000000 1 1.00000000 0.00000000 0.00000000 0.00000000
Neuron 42 3 0.50000000 1 1.00000000 0.00000000 0.00000000 0.00000000
Neuron 44 3 0.50000000 1 1.00000000 0.00000000 0.00000000 0.00000000
Neuron 46 3 0.50000000 1 1.00000000 0.00000000 0.00000000 0.00000000
Neuron 48 3 0.50000000 1 1.00000000 0.00000000 0.00000000 0.00000000
Neuron 52 3 0.50000000 1 1.00000000 0.00000000 0.00000000 0.00000000
Neuron 53 3 0.50000000 1 1.00000000 0.00000000 0.00000000 0.00000000
Neuron 54 3 0.50000000 1 1.00000000 0.00000000 0.00000000 0.00000000
Neuron 55 3 0.50000000 1 1.00000000 0.00000000 0.00000000 0.00000000
Neuron 56 3 0.50000000 1 1.00000000 0.00000000 0.00000000 0.00000000
Neuron 58 3 0.50000000 1 1.00000000 0.00000000 0.00000000 0.00000000
Neuron 59 3 0.50000000 1 1.00000000 0.00000000 0.00000000 0.00000000
Neuron 61 3 0.50000000 1 1.00000000 0.00000000 0.00000000 0.00000000
Neuron 63 3 0.50000000 1 1.00000000 0.00000000 0.00000000 0.00000000
Neuron 64 3 0.75000000 1 1.00000000 0.00000000 0.00000000 0.00000000
Neuron 65 3 0.50000000 1 1.00000000 0.00000000 0.00000000 0.00000000
Neuron 67 3 0.50000000 1 1.00000000 0.00000000 0.00000000 0.00000000
Neuron 68 3 0.50000000 1 1.00000000 0.00000000 0.00000000 0.00000000
Neuron 69 3 0.50000000 1 1.00000000 0.00000000 0.00000000 0.00000000
Neuron 70 3 0.50000000 1 1.00000000 0.00000000 0.00000000 0.00000000
Neuron 71 3 0.50000000 1 1.00000000 0.00000000 0.00000000 0.00000000
Neuron 76 3 0.75000000 1 1.00000000 0.00000000 0.00000000 0.00000000
Neuron 77 3 0.25000000 1 1.00000000 0.00000000 0.00000000 0.00000000
Neuron 82 3 0.25000000 1 1.00000000 0.00000000 0.00000000 0.00000000
Neuron 84 3 0.50000000 1 1.00000000 0.00000000 0.00000000 0.00000000
Neuron 98 3 0.75000000 1 1.00000000 0.00000000 0.00000000 0.00000000
Neuron 100 3 0.75000000 1 1.00000000 0.00000000 0.00000000 0.00000000
Neuron 102 3 0.75000000 1 1.00000000 0.00000000 0.00000000 0.00000000
Neuron 106 3 0.25000000 1 1.00000000 0.00000000 0.00000000 0.00000000
Neuron 112 3 0.75000000 1 1.00000000 0.00000000 0.00000000 0.00000000
Neuron 121 3 0.25000000 1 1.00000000 0.00000000 0.00000000 0.00000000
Neuron 127 3 0.75000000 1 1.00000000 0.00000000 0.00000000 0.00000000
Neuron 135 3 0.75000000 1 1.00000000 0.00000000 0.00000000 0.00000000
Neuron 143 3 0.12500000 1 1.00000000 0.00000000 0.00000000 0.00000000
Neuron 147 3 0.25000000 1 1.00000000 0.00000000 0.00000000 0.00000000
Neuron 155 3 0.25000000 1 1.00000000 0.00000000 0.00000000 0.00000000
Neuron 166 3 0.25000000 1 1.00000000 0.00000000 0.00000000 0.00000000
Neuron 182 3 0.37500000 1 1.00000000 0.00000000 0.00000000 0.00000000
Neuron 189 3 0.75000000 1 1.00000000 0.00000000 0.00000000 0.00000000
Neuron 199 3 0.75000000 1 1.00000000 0.00000000 0.00000000 0.00000000
Neuron 201 3 0.25000000 1 1.00000000 0.00000000 0.00000000 0.00000000
Neuron 209 3 0.25000000 1 1.00000000 0.00000000 0.00000000 0.00000000
Neuron 210 3 0.25000000 1 1.00000000 0.00000000 0.00000000 0.00000000
Neuron 211 3 0.75000000 1 1.00000000 0.00000000 0.00000000 0.00000000
Neuron 212 3 0.75000000 1 1.00000000 0.00000000 0.00000000 0.00000000
Neuron 225 3 0.50000000 1 1.00000000 0.00000000 0.00000000 0.00000000
Neuron 234 3 0.75000000 1 1.00000000 0.00000000 0.00000000 0.00000000
Neuron 237 3 0.25000000 1 1.00000000 0.00000000 0.00000000 0.00000000
Neuron 250 3 0.25000000 1 1.00000000 0.00000000 0.00000000 0.00000000
Neuron 251 3 1.00000000 1 1.00000000 0.00000000 0.00000000 0.00000000
Neuron 259 3 0.62500000 1 1.00000000 0.00000000 0.00000000 0.00000000
Neuron 260 3 0.50000000 1 1.00000000 0.00000000 0.00000000 0.00000000
Neuron 262 3 0.25000000 1 1.00000000 0.00000000 0.00000000 0.00000000
Neuron 265 3 0.75000000 1 1.00000000 0.00000000 0.00000000 0.00000000
Neuron 266 3 0.75000000 1 1.00000000 0.00000000 0.00000000 0.00000000
Neuron 268 3 0.87500000 1 1.00000000 0.00000000 0.00000000 0.00000000
Neuron 277 3 0.25000000 1 1.00000000 0.00000000 0.00000000 0.00000000
Neuron 289 3 0.50000000 1 1.00000000 0.00000000 0.00000000 0.00000000
Neuron 299 3 0.75000000 1 1.00000000 0.00000000 0.00000000 0.00000000
Neuron 332 3 0.25000000 1 1.00000000 0.00000000 0.00000000 0.00000000
Neuron 364 3 0.50000000 1 1.00000000 0.00000000 0.00000000 0.00000000
Neuron 376 3 0.50000000 1 1.00000000 0.00000000 0.00000000 0.00000000
Neuron 387 3 0.87500000 1 1.00000000 0.00000000 0.00000000 0.00000000
Neuron 397 3 0.75000000 1 1.00000000 0.00000000 0.00000000 0.00000000
Neuron 407 3 0.50000000 1 1.00000000 0.00000000 0.00000000 0.00000000
Neuron 436 3 0.50000000 1 1.00000000 0.00000000 0.00000000 0.00000000
Neuron 442 3 0.87500000 1 1.00000000 0.00000000 0.00000000 0.00000000
Neuron 478 3 0.50000000 1 1.00000000 0.00000000 0.00000000 0.00000000
Neuron 480 3 0.50000000 1 1.00000000 0.00000000 0.00000000 0.00000000
Neuron 485 3 0.75000000 1 1.00000000 0.00000000 0.00000000 0.00000000
Neuron 490 3 0.81250000 1 1.00000000 0.00000000 0.00000000 0.00000000
Neuron 498 3 0.93750000 1 1.00000000 0.00000000 0.00000000 0.00000000
Neuron 501 3 0.50000000 1 1.00000000 0.00000000 0.00000000 0.00000000
Neuron 526 3 0.12500000 1 1.00000000 0.00000000 0.00000000 0.00000000
Neuron 532 3 0.25000000 1 1.00000000 0.00000000 0.00000000 0.00000000
Neuron 547 3 0.87500000 1 1.00000000 0.00000000 0.00000000 0.00000000
Neuron 553 3 0.87500000 1 1.00000000 0.00000000 0.00000000 0.00000000
Neuron 559 3 0.84375000 1 1.00000000 0.00000000 0.00000000 0.00000000
Neuron 560 3 0.12500000 1 1.00000000 0.00000000 0.00000000 0.00000000
Neuron 588 3 0.75000000 1 1.00000000 0.00000000 0.00000000 0.00000000
Neuron 669 3 0.62500000 1 1.00000000 0.00000000 0.00000000 0.00000000
Neuron 709 3 0.75000000 1 1.00000000 0.00000000 0.00000000 0.00000000
Neuron 735 3 0.75000000 1 1.00000000 0.00000000 0.00000000 0.00000000
Neuron 738 3 0.62500000 1 1.00000000 0.00000000 0.00000000 0.00000000
Neuron 745 3 0.81250000 1 1.00000000 0.00000000 0.00000000 0.00000000
Neuron 777 3 0.37500000 1 1.00000000 0.00000000 0.00000000 0.00000000
Neuron 871 3 0.68750000 1 1.00000000 0.00000000 0.00000000 0.00000000
Neuron 934 3 0.12500000 1 1.00000000 0.00000000 0.00000000 0.00000000
Neuron 940 3 0.37500000 1 1.00000000 0.00000000 0.00000000 0.00000000
Neuron 947 3 0.75000000 1 1.00000000 0.00000000 0.00000000 0.00000000
Neuron 948 3 0.75000000 1 1.00000000 0.00000000 0.00000000 0.00000000
Neuron 956 3 0.50000000 1 1.00000000 0.00000000 0.00000000 0.00000000
Neuron 960 3 0.12500000 1 1.00000000 0.00000000 0.00000000 0.00000000
Neuron 983 3 0.50000000 1 1.00000000 0.00000000 0.00000000 0.00000000
Neuron 994 3 0.06250000 1 1.00000000 0.00000000 0.00000000 0.00000000
Neuron 1004 3 0.50000000 1 1.00000000 0.00000000 0.00000000 0.00000000
Neuron 1030 3 0.37500000 1 1.00000000 0.00000000 0.00000000 0.00000000
Neuron 1052 3 0.50000000 1 1.00000000 0.00000000 0.00000000 0.00000000
Neuron 1061 3 0.50000000 1 1.00000000 0.00000000 0.00000000 0.00000000
Neuron 1062 3 0.12500000 1 1.00000000 0.00000000 0.00000000 0.00000000
Neuron 1072 3 0.68750000 1 1.00000000 0.00000000 0.00000000 0.00000000
Neuron 1075 3 0.56250000 1 1.00000000 0.00000000 0.00000000 0.00000000
Neuron 1096 3 0.62500000 1 1.00000000 0.00000000 0.00000000 0.00000000
Neuron 1133 3 0.43750000 1 1.00000000 0.00000000 0.00000000 0.00000000
Neuron 1160 3 0.87500000 1 1.00000000 0.00000000 0.00000000 0.00000000
Neuron 1245 3 0.25000000 1 1.00000000 0.00000000 0.00000000 0.00000000
Neuron 1259 3 0.25000000 1 1.00000000 0.00000000 0.00000000 0.00000000
Neuron 1306 3 0.50000000 1 1.00000000 0.00000000 0.00000000 0.00000000
Neuron 1311 3 0.65625000 1 1.00000000 0.00000000 0.00000000 0.00000000
Neuron 1403 3 0.25000000 1 1.00000000 0.00000000 0.00000000 0.00000000
Neuron 1557 3 0.37500000 1 1.00000000 0.00000000 0.00000000 0.00000000
Neuron 1567 3 0.62500000 1 1.00000000 0.00000000 0.00000000 0.00000000
Link 1 10 1 0 1.72506438
Link 2 10 2 0 1.48235003
Link 3 10 3 0 0.82938423
Link 4 10 4 0 -2.07557582
Link 5 10 5 0 0.09861162
Link 6 10 6 0 0.40625610
Link 8 10 8 0 2.06677023
Link 9 10 9 0 -0.24299732
Link 1 11 10 0 1.77348740
Link 2 11 11 0 1.96338600
Link 3 11 12 0 -0.38080100
Link 6 11 15 0 0.98321875
Link 7 11 16 0 -0.50737765
Link 8 11 17 0 1.38346270
Link 9 11 18 0 -0.98618985
Link 1 12 19 0 4.00700023
Link 3 12 21 0 0.08783605
Link 4 12 22 0 -4.95463924
Link 5 12 23 0 -1.63209293
Link 8 12 26 0 0.83183587
Link 9 12 27 0 -1.40041833
Link 1 13 28 0 -1.05642490
Link 2 13 29 0 0.63847330
Link 3 13 30 0 2.37225639
Link 5 13 32 0 -0.26082748
Link 6 13 33 0 0.69849682
Link 8 13 35 0 -0.44242974
Link 1 14 37 0 -0.06951089
Link 2 14 38 0 -2.42739618
Link 4 14 40 0 0.39918574
Link 5 14 41 0 -1.38907657
Link 7 14 43 0 -1.47608574
Link 8 14 44 0 2.70992647
Link 9 14 45 0 -1.95924109
Link 1 15 46 0 2.73982675
Link 3 15 48 0 0.64153825
Link 4 15 49 0 -2.80454074
Link 9 15 54 0 0.51431630
Link 2 16 56 0 -0.98472432
Link 3 16 57 0 2.83038514
Link 4 16 58 0 -1.20152614
Link 5 16 59 0 1.57160301
Link 6 16 60 0 0.76640976
Link 7 16 61 0 -1.74135194
Link 8 17 65 0 -1.41387223
Link 17 16 66 0 -0.90928107
Link 18 14 69 0 -1.97465361
Link 7 20 74 0 0.56515610
Link 20 12 75 0 2.50646215
Link 7 22 80 0 3.38754222
Link 22 11 81 0 2.97477474
Link 4 23 83 0 -0.17836682
Link 23 15 84 0 0.68690270
Link 2 26 93 0 2.43864474
Link 8 27 96 0 -0.82752319
Link 27 14 97 0 0.45452872
Link 28 11 100 0 0.13478585
Link 4 33 114 0 0.89510704
Link 33 10 115 0 1.96667096
Link 5 34 117 0 -1.31887706
Link 4 35 120 0 1.82343157
Link 35 13 121 0 1.67766896
Link 2 36 123 0 -2.29902000
Link 6 37 126 0 1.66452518
Link 37 11 127 0 -0.08219915
Link 3 39 132 0 -2.38188268
Link 41 14 140 0 0.53820862
Link 7 42 143 0 -0.29684607
Link 8 44 149 0 3.09757420
Link 8 46 155 0 -2.40999419
Link 48 10 162 0 -2.61480324
Link 52 13 175 0 -0.53014413
Link 8 42 176 0 0.22257017
Link 53 14 179 0 2.19804649
Link 6 55 186 0 3.44650354
Link 55 12 187 0 -1.09703929
Link 46 10 191 0 1.02895863
Link 56 13 194 0 -0.23355540
Link 12 46 195 1 1.15671812
Link 6 58 202 0 2.21366874
Link 3 59 210 0 -0.53067672
Link 7 61 217 0 1.08267373
Link 61 10 218 0 -0.88989667
Link 9 22 222 0 1.05464817
Link 63 16 247 0 -1.48891434
Link 42 64 250 0 0.12957785
Link 64 15 251 0 0.70888318
Link 2 65 261 0 1.73184184
Link 65 15 262 0 0.89223145
Link 2 67 272 0 0.76499763
Link 67 13 273 0 -0.86279970
Link 36 13 290 0 1.21461770
Link 6 27 291 0 0.46967785
Link 2 68 303 0 0.76266711
Link 1 69 309 0 0.68284876
Link 71 13 319 0 2.78641214
Link 28 28 343 1 3.28517379
Link 52 11 346 0 -0.19123452
Link 77 41 359 0 -1.03131234
Link 28 52 395 0 3.14833525
Link 1 82 409 0 1.86089842
Link 82 54 410 0 -1.19233182
Link 7 84 422 0 -0.94176012
Link 84 16 423 0 3.12705698
Link 11 36 435 1 0.01718564
Link 52 52 465 1 1.42278393
Link 46 12 511 0 -0.52607470
Link 46 14 531 0 -1.78904449
Link 44 98 592 0 -3.18121517
Link 98 12 593 0 -1.59409299
Link 36 100 609 0 -0.22840548
Link 100 12 610 0 -0.21089412
Link 68 102 619 0 1.44943805
Link 102 11 620 0 -2.01337881
Link 58 112 707 0 -2.13918432
Link 15 42 714 1 -0.48725636
Link 54 127 824 0 -2.94560337
Link 127 15 825 0 0.30069035
Link 3 52 832 0 -0.67149073
Link 7 67 841 0 0.09750264
Link 135 56 878 1 -0.11619026
Link 2 22 893 0 3.20154864
Link 6 143 927 0 0.62790371
Link 143 77 928 0 -0.34596066
Link 7 147 972 0 -2.76225379
Link 147 18 973 0 -0.62698582
Link 13 53 1001 1 1.80299727
Link 53 67 1032 0 0.91014053
Link 1 166 1136 0 -1.36652804
Link 166 53 1137 0 0.88325444
Link 106 182 1240 0 -2.19733829
Link 182 48 1241 0 1.57923833
Link 28 39 1313 0 -3.30370558
Link 32 199 1358 0 1.94127350
Link 201 32 1374 0 -1.10558353
Link 6 209 1417 0 -0.69303342
Link 209 67 1418 0 -0.15949822
Link 53 76 1419 0 1.26865124
Link 5 210 1422 0 -2.86326003
Link 210 70 1423 0 0.48062996
Link 26 211 1429 0 1.81541488
Link 211 14 1430 0 -1.93329869
Link 59 212 1440 0 -2.08107838
Link 135 13 1456 0 0.91471989
Link 225 22 1509 0 -0.75298358
Link 69 234 1546 0 1.26386189
Link 234 16 1547 0 0.05165470
Link 4 237 1571 0 2.13948123
Link 237 28 1572 0 0.91149381
Link 6 250 1659 0 0.91136233
Link 250 63 1660 0 0.59078789
Link 15 251 1662 1 -1.44120552
Link 251 15 1663 1 3.73392925
Link 39 259 1695 0 0.66342573
Link 259 189 1696 0 0.91915739
Link 7 260 1698 0 -0.24900368
Link 260 13 1699 0 -0.17163268
Link 36 68 1700 0 -1.08476487
Link 7 262 1707 0 -0.57553395
Link 262 71 1708 0 -3.88307925
Link 70 265 1731 0 2.63732703
Link 265 15 1732 0 -3.63797441
Link 34 266 1735 0 1.00000000
Link 266 11 1736 0 0.30961537
Link 13 268 1757 1 0.76458018
Link 56 56 1781 1 -0.82345370
Link 3 277 1799 0 0.42870896
Link 277 56 1800 0 -1.51076818
Link 7 289 1884 0 -2.08137048
Link 15 32 1939 1 2.07416877
Link 13 299 1949 1 -2.17455619
Link 299 67 1950 1 -1.45940986
Link 54 84 2176 0 -0.32877938
Link 332 18 2212 0 1.13174062
Link 54 364 2392 0 -1.72535477
Link 364 22 2393 0 -0.15939499
Link 54 54 2403 1 -1.39575543
Link 376 225 2456 0 -1.04168908
Link 28 23 2507 0 0.60826105
Link 189 387 2530 0 0.42245757
Link 387 16 2531 0 -1.23547262
Link 48 135 2533 0 -1.48393709
Link 46 397 2613 0 2.70313369
Link 397 15 2614 0 -0.64871769
Link 44 407 2696 0 -2.92320083
Link 36 209 2736 1 -1.83396172
Link 63 15 2820 0 -3.15211058
Link 2 436 2903 0 -3.13907094
Link 22 76 3000 0 0.75157410
Link 5 106 3079 0 -0.83576537
Link 22 478 3189 0 -0.72783601
Link 478 27 3190 0 0.07220076
Link 480 63 3207 0 0.14200563
Link 16 485 3238 1 0.76834445
Link 76 490 3263 0 1.09610319
Link 28 26 3288 0 -3.51637261
Link 442 498 3335 0 -3.66348218
Link 498 15 3336 0 0.99791438
Link 44 501 3376 0 -1.47056034
Link 12 54 3467 1 2.17058058
Link 3 526 3550 0 0.65785770
Link 526 106 3551 0 1.33975383
Link 8 251 3552 0 1.55895874
Link 3 532 3627 0 -2.09227116
Link 112 547 3730 0 0.41807851
Link 547 15 3731 0 -0.71746673
Link 199 553 3781 0 0.61580936
Link 553 13 3782 0 -2.76888904
Link 490 559 3823 0 2.79115796
Link 559 442 3824 0 -1.98608080
Link 1 560 3826 0 1.40884215
Link 560 121 3827 0 -2.64916289
Link 289 588 4026 0 -1.50725500
Link 588 15 4027 0 2.54288730
Link 46 199 4150 0 -1.20329404
Link 36 26 4452 0 0.43835999
Link 485 669 4722 1 -2.47049727
Link 436 709 5039 0 1.00000000
Link 709 12 5040 0 1.58133315
Link 28 48 5100 0 -0.13531155
Link 121 71 5179 0 -0.60242360
Link 76 735 5224 0 1.93996243
Link 735 199 5225 0 3.85598970
Link 189 738 5239 1 1.51505469
Link 738 37 5240 1 -2.06737771
Link 268 745 5288 1 1.08216362
Link 745 135 5289 1 -0.80067712
Link 289 100 5354 0 1.36443819
Link 532 777 5558 0 2.36173640
Link 237 121 6066 0 -0.18488314
Link 52 871 6259 0 1.98918532
Link 871 268 6260 0 1.29524933
Link 5 442 6511 0 0.74016571
Link 16 121 6684 1 -2.04189938
Link 934 155 6711 0 1.46931304
Link 155 940 6755 0 -1.26871211
Link 940 46 6756 0 -1.29506330
Link 37 36 6758 0 -0.38565751
Link 64 947 6819 0 -0.87594688
Link 947 76 6820 0 2.15821578
Link 39 948 6822 0 1.05636339
Link 948 251 6823 0 2.11709338
Link 37 956 6928 0 0.34552822
Link 956 376 6929 0 0.78011671
Link 209 189 6967 0 1.53055601
Link 5 960 6978 0 0.41627552
Link 960 201 6979 0 0.65402942
Link 67 26 7035 0 1.44025501
Link 121 289 7051 0 -2.34164109
Link 98 387 7108 0 1.43344534
Link 67 983 7186 0 1.30672908
Link 983 289 7187 0 -0.92352372
Link 7 994 7282 0 1.69345655
Link 994 934 7283 0 0.51267438
Link 201 532 7317 0 -0.94117818
Link 127 48 7364 1 3.58887271
Link 407 1004 7399 0 1.14304525
Link 1004 480 7400 0 -0.51387637
Link 121 1030 7592 0 -3.48771603
Link 1030 52 7593 0 0.65983813
Link 34 1052 7754 0 -0.63655378
Link 1052 18 7755 0 3.04856438
Link 501 1061 7821 0 0.22082781
Link 1061 84 7822 0 -4.48236851
Link 26 199 7823 0 -1.60217290
Link 5 1062 7838 0 -1.32659099
Link 1062 332 7839 0 0.80584320
Link 934 10 7914 0 3.25690532
Link 553 1072 7938 1 0.40402145
Link 1072 289 7939 1 0.70401065
Link 669 1075 7958 1 1.94428310
Link 1075 46 7959 1 -3.61253571
Link 26 98 7969 0 1.30388483
Link 376 18 8068 0 1.73476752
Link 53 1096 8221 0 0.65099352
Link 1096 98 8222 0 -0.03193651
Link 777 1133 8595 0 -0.67995864
Link 1133 56 8596 0 0.26176680
Link 41 948 8645 0 1.96359719
Link 56 956 8780 0 1.27985926
Link 33 53 8811 0 1.29937617
Link 212 1160 8870 0 0.63085210
Link 1160 14 8871 0 -1.73564277
Link 39 940 8875 1 -1.81566625
Link 15 155 9316 1 -0.75904500
Link 501 777 9427 1 -1.67260458
Link 1245 259 9644 0 -0.03255217
Link 237 1259 9723 0 -0.68263434
Link 1259 1245 9724 0 2.07013696
Link 98 442 9786 0 0.54766784
Link 71 956 9917 0 -0.24801826
Link 485 947 9956 0 -0.32541444
Link 376 237 10034 1 1.59200488
Link 42 1306 10083 0 4.13520822
Link 1306 23 10084 0 0.57112722
Link 28 1311 10115 0 1.36605907
Link 1311 490 10116 0 0.82217118
Link 994 669 10197 0 -0.00241816
Link 201 478 10306 0 2.04342226
Link 7 56 10477 0 1.54176285
Link 166 15 10871 0 0.60559683
Link 2 947 10891 0 -1.21910835
Link 201 1403 10914 0 1.66311433
Link 1403 237 10915 0 -0.59642209
Link 44 745 10959 0 -2.75066308
Link 436 36 11017 0 -2.76825294
Link 112 1133 11059 1 -0.92912803
Link 147 33 11771 0 -0.78093906
Link 212 1096 11814 1 -2.61922819
Link 84 237 11917 1 -2.45923685
Link 532 1133 11988 0 4.00864689
Link 268 407 12086 1 0.54119722
Link 9 143 12217 0 0.32717424
Link 376 1557 12354 1 1.00000000
Link 1557 155 12355 1 2.91822487
Link 102 17 12403 1 -2.01150147
Link 485 1567 12434 1 1.22513053
Link 1567 63 12435 1 0.59527198
Link 588 588 12540 1 -1.23156624
GenomeEnd

