GenomeStart 90074
Neuron 1 1 0.00000000 1 0.00000000 0.00000000 0.00000000 0.00000000
Neuron 2 1 0.00000000 1 0.00000000 0.00000000 0.00000000 0.00000000
Neuron 3 1 0.00000000 1 0.00000000 0.00000000 0.00000000 0.00000000
Neuron 4 1 0.00000000 1 0.00000000 0.00000000 0.00000000 0.00000000
Neuron 5 1 0.00000000 1 0.00000000 0.00000000 0.00000000 0.00000000
Neuron 6 1 0.00000000 1 0.00000000 0.00000000 0.00000000 0.00000000
Neuron 7 1 0.00000000 1 0.00000000 0.00000000 0.00000000 0.00000000
Neuron 8 1 0.00000000 1 0.00000000 0.00000000 0.00000000 0.00000000
Neuron 9 2 0.00000000 1 0.00000000 0.00000000 0.00000000 0.00000000
Neuron 10 4 1.00000000 0 1.00000000 0.00000000 0.00000000 0.00000000
Neuron 11 4 1.00000000 0 1.00000000 0.00000000 0.00000000 0.00000000
Neuron 12 4 1.00000000 0 1.00000000 0.00000000 0.00000000 0.00000000
Neuron 13 4 1.00000000 0 1.00000000 0.00000000 0.00000000 0.00000000
Neuron 14 4 1.00000000 0 1.00000000 0.00000000 0.00000000 0.00000000
Neuron 15 4 1.00000000 0 1.00000000 0.00000000 0.00000000 0.00000000
Neuron 16 4 1.00000000 0 1.00000000 0.00000000 0.00000000 0.00000000
Neuron 17 3 0.50000000 1 1.00000000 0.00000000 0.00000000 0.00000000
Neuron 18 3 0.50000000 1 1.00000000 0.00000000 0.00000000 0.00000000
Neuron 19 3 0.50000000 1 1.00000000 0.00000000 0.00000000 0.00000000
Neuron 20 3 0.50000000 1 1.00000000 0.00000000 0.00000000 0.00000000
Neuron 22 3 0.50000000 1 1.00000000 0.00000000 0.00000000 0.00000000
Neuron 23 3 0.50000000 1 1.00000000 0.00000000 0.00000000 0.00000000
Neuron 24 3 0.50000000 1 1.00000000 0.00000000 0.00000000 0.00000000
Neuron 25 3 0.50000000 1 1.00000000 0.00000000 0.00000000 0.00000000
Neuron 26 3 0.50000000 1 1.00000000 0.00000000 0.00000000 0.00000000
Neuron 27 3 0.50000000 1 1.00000000 0.00000000 0.00000000 0.00000000
Neuron 28 3 0.50000000 1 1.00000000 0.00000000 0.00000000 0.00000000
Neuron 29 3 0.50000000 1 1.00000000 0.00000000 0.00000000 0.00000000
Neuron 30 3 0.50000000 1 1.00000000 0.00000000 0.00000000 0.00000000
Neuron 31 3 0.50000000 1 1.00000000 0.00000000 0.00000000 0.00000000
Neuron 32 3 0.50000000 1 1.00000000 0.00000000 0.00000000 0.00000000
Neuron 33 3 0.50000000 1 1.00000000 0.00000000 0.00000000 0.00000000
Neuron 34 3 0.50000000 1 1.00000000 0.00000000 0.00000000 0.00000000
Neuron 35 3 0.50000000 1 1.00000000 0.00000000 0.00000000 0.00000000
Neuron 36 3 0.50000000 1 1.00000000 0.00000000 0.00000000 0.00000000
Neuron 37 3 0.50000000 1 1.00000000 0.00000000 0.00000000 0.00000000
Neuron 38 3 0.50000000 1 1.00000000 0.00000000 0.00000000 0.00000000
Neuron 39 3 0.50000000 1 1.00000000 0.00000000 0.00000000 0.00000000
Neuron 41 3 0.50000000 1 1.00000000 0.00000000 0.00000000 0.00000000
Neuron 42 3 0.50000000 1 1.00000000 0.00000000 0.00000000 0.00000000
Neuron 43 3 0.50000000 1 1.00000000 0.00000000 0.00000000 0.00000000
Neuron 44 3 0.50000000 1 1.00000000 0.00000000 0.00000000 0.00000000
Neuron 45 3 0.50000000 1 1.00000000 0.00000000 0.00000000 0.00000000
Neuron 46 3 0.50000000 1 1.00000000 0.00000000 0.00000000 0.00000000
Neuron 47 3 0.50000000 1 1.00000000 0.00000000 0.00000000 0.00000000
Neuron 48 3 0.50000000 1 1.00000000 0.00000000 0.00000000 0.00000000
Neuron 49 3 0.50000000 1 1.00000000 0.00000000 0.00000000 0.00000000
Neuron 50 3 0.50000000 1 1.00000000 0.00000000 0.00000000 0.00000000
Neuron 52 3 0.50000000 1 1.00000000 0.00000000 0.00000000 0.00000000
Neuron 53 3 0.50000000 1 1.00000000 0.00000000 0.00000000 0.00000000
Neuron 54 3 0.50000000 1 1.00000000 0.00000000 0.00000000 0.00000000
Neuron 55 3 0.50000000 1 1.00000000 0.00000000 0.00000000 0.00000000
Neuron 56 3 0.50000000 1 1.00000000 0.00000000 0.00000000 0.00000000
Neuron 57 3 0.50000000 1 1.00000000 0.00000000 0.00000000 0.00000000
Neuron 58 3 0.50000000 1 1.00000000 0.00000000 0.00000000 0.00000000
Neuron 59 3 0.50000000 1 1.00000000 0.00000000 0.00000000 0.00000000
Neuron 61 3 0.50000000 1 1.00000000 0.00000000 0.00000000 0.00000000
Neuron 62 3 0.25000000 1 1.00000000 0.00000000 0.00000000 0.00000000
Neuron 63 3 0.50000000 1 1.00000000 0.00000000 0.00000000 0.00000000
Neuron 64 3 0.75000000 1 1.00000000 0.00000000 0.00000000 0.00000000
Neuron 65 3 0.50000000 1 1.00000000 0.00000000 0.00000000 0.00000000
Neuron 66 3 0.50000000 1 1.00000000 0.00000000 0.00000000 0.00000000
Neuron 67 3 0.50000000 1 1.00000000 0.00000000 0.00000000 0.00000000
Neuron 68 3 0.50000000 1 1.00000000 0.00000000 0.00000000 0.00000000
Neuron 69 3 0.50000000 1 1.00000000 0.00000000 0.00000000 0.00000000
Neuron 70 3 0.50000000 1 1.00000000 0.00000000 0.00000000 0.00000000
Neuron 71 3 0.50000000 1 1.00000000 0.00000000 0.00000000 0.00000000
Neuron 76 3 0.75000000 1 1.00000000 0.00000000 0.00000000 0.00000000
Neuron 77 3 0.25000000 1 1.00000000 0.00000000 0.00000000 0.00000000
Neuron 78 3 0.25000000 1 1.00000000 0.00000000 0.00000000 0.00000000
Neuron 82 3 0.25000000 1 1.00000000 0.00000000 0.00000000 0.00000000
Neuron 84 3 0.50000000 1 1.00000000 0.00000000 0.00000000 0.00000000
Neuron 87 3 0.25000000 1 1.00000000 0.00000000 0.00000000 0.00000000
Neuron 90 3 0.75000000 1 1.00000000 0.00000000 0.00000000 0.00000000
Neuron 93 3 0.50000000 1 1.00000000 0.00000000 0.00000000 0.00000000
Neuron 94 3 0.25000000 1 1.00000000 0.00000000 0.00000000 0.00000000
Neuron 96 3 0.75000000 1 1.00000000 0.00000000 0.00000000 0.00000000
Neuron 98 3 0.75000000 1 1.00000000 0.00000000 0.00000000 0.00000000
Neuron 100 3 0.75000000 1 1.00000000 0.00000000 0.00000000 0.00000000
Neuron 102 3 0.75000000 1 1.00000000 0.00000000 0.00000000 0.00000000
Neuron 106 3 0.25000000 1 1.00000000 0.00000000 0.00000000 0.00000000
Neuron 112 3 0.75000000 1 1.00000000 0.00000000 0.00000000 0.00000000
Neuron 121 3 0.25000000 1 1.00000000 0.00000000 0.00000000 0.00000000
Neuron 127 3 0.75000000 1 1.00000000 0.00000000 0.00000000 0.00000000
Neuron 128 3 0.37500000 1 1.00000000 0.00000000 0.00000000 0.00000000
Neuron 130 3 0.75000000 1 1.00000000 0.00000000 0.00000000 0.00000000
Neuron 132 3 0.75000000 1 1.00000000 0.00000000 0.00000000 0.00000000
Neuron 134 3 0.25000000 1 1.00000000 0.00000000 0.00000000 0.00000000
Neuron 135 3 0.75000000 1 1.00000000 0.00000000 0.00000000 0.00000000
Neuron 147 3 0.25000000 1 1.00000000 0.00000000 0.00000000 0.00000000
Neuron 148 3 0.25000000 1 1.00000000 0.00000000 0.00000000 0.00000000
Neuron 150 3 0.25000000 1 1.00000000 0.00000000 0.00000000 0.00000000
Neuron 151 3 0.62500000 1 1.00000000 0.00000000 0.00000000 0.00000000
Neuron 155 3 0.25000000 1 1.00000000 0.00000000 0.00000000 0.00000000
Neuron 157 3 0.25000000 1 1.00000000 0.00000000 0.00000000 0.00000000
Neuron 166 3 0.25000000 1 1.00000000 0.00000000 0.00000000 0.00000000
Neuron 177 3 0.75000000 1 1.00000000 0.00000000 0.00000000 0.00000000
Neuron 182 3 0.37500000 1 1.00000000 0.00000000 0.00000000 0.00000000
Neuron 189 3 0.75000000 1 1.00000000 0.00000000 0.00000000 0.00000000
Neuron 193 3 0.75000000 1 1.00000000 0.00000000 0.00000000 0.00000000
Neuron 197 3 0.75000000 1 1.00000000 0.00000000 0.00000000 0.00000000
Neuron 199 3 0.75000000 1 1.00000000 0.00000000 0.00000000 0.00000000
Neuron 201 3 0.25000000 1 1.00000000 0.00000000 0.00000000 0.00000000
Neuron 204 3 0.25000000 1 1.00000000 0.00000000 0.00000000 0.00000000
Neuron 209 3 0.25000000 1 1.00000000 0.00000000 0.00000000 0.00000000
Neuron 210 3 0.25000000 1 1.00000000 0.00000000 0.00000000 0.00000000
Neuron 212 3 0.75000000 1 1.00000000 0.00000000 0.00000000 0.00000000
Neuron 213 3 0.62500000 1 1.00000000 0.00000000 0.00000000 0.00000000
Neuron 216 3 0.87500000 1 1.00000000 0.00000000 0.00000000 0.00000000
Neuron 220 3 0.25000000 1 1.00000000 0.00000000 0.00000000 0.00000000
Neuron 225 3 0.50000000 1 1.00000000 0.00000000 0.00000000 0.00000000
Neuron 234 3 0.75000000 1 1.00000000 0.00000000 0.00000000 0.00000000
Neuron 237 3 0.25000000 1 1.00000000 0.00000000 0.00000000 0.00000000
Neuron 238 3 0.75000000 1 1.00000000 0.00000000 0.00000000 0.00000000
Neuron 240 3 0.75000000 1 1.00000000 0.00000000 0.00000000 0.00000000
Neuron 245 3 0.62500000 1 1.00000000 0.00000000 0.00000000 0.00000000
Neuron 249 3 0.50000000 1 1.00000000 0.00000000 0.00000000 0.00000000
Neuron 250 3 0.25000000 1 1.00000000 0.00000000 0.00000000 0.00000000
Neuron 251 3 1.00000000 1 1.00000000 0.00000000 0.00000000 0.00000000
Neuron 256 3 0.75000000 1 1.00000000 0.00000000 0.00000000 0.00000000
Neuron 259 3 0.62500000 1 1.00000000 0.00000000 0.00000000 0.00000000
Neuron 260 3 0.50000000 1 1.00000000 0.00000000 0.00000000 0.00000000
Neuron 262 3 0.25000000 1 1.00000000 0.00000000 0.00000000 0.00000000
Neuron 264 3 0.25000000 1 1.00000000 0.00000000 0.00000000 0.00000000
Neuron 265 3 0.75000000 1 1.00000000 0.00000000 0.00000000 0.00000000
Neuron 268 3 0.87500000 1 1.00000000 0.00000000 0.00000000 0.00000000
Neuron 270 3 0.62500000 1 1.00000000 0.00000000 0.00000000 0.00000000
Neuron 272 3 0.50000000 1 1.00000000 0.00000000 0.00000000 0.00000000
Neuron 277 3 0.25000000 1 1.00000000 0.00000000 0.00000000 0.00000000
Neuron 278 3 0.62500000 1 1.00000000 0.00000000 0.00000000 0.00000000
Neuron 285 3 0.87500000 1 1.00000000 0.00000000 0.00000000 0.00000000
Neuron 289 3 0.50000000 1 1.00000000 0.00000000 0.00000000 0.00000000
Neuron 293 3 0.81250000 1 1.00000000 0.00000000 0.00000000 0.00000000
Neuron 299 3 0.75000000 1 1.00000000 0.00000000 0.00000000 0.00000000
Neuron 309 3 0.50000000 1 1.00000000 0.00000000 0.00000000 0.00000000
Neuron 314 3 0.50000000 1 1.00000000 0.00000000 0.00000000 0.00000000
Neuron 317 3 0.75000000 1 1.00000000 0.00000000 0.00000000 0.00000000
Neuron 332 3 0.25000000 1 1.00000000 0.00000000 0.00000000 0.00000000
Neuron 351 3 0.25000000 1 1.00000000 0.00000000 0.00000000 0.00000000
Neuron 364 3 0.50000000 1 1.00000000 0.00000000 0.00000000 0.00000000
Neuron 376 3 0.50000000 1 1.00000000 0.00000000 0.00000000 0.00000000
Neuron 379 3 0.12500000 1 1.00000000 0.00000000 0.00000000 0.00000000
Neuron 387 3 0.87500000 1 1.00000000 0.00000000 0.00000000 0.00000000
Neuron 397 3 0.75000000 1 1.00000000 0.00000000 0.00000000 0.00000000
Neuron 401 3 0.62500000 1 1.00000000 0.00000000 0.00000000 0.00000000
Neuron 404 3 0.25000000 1 1.00000000 0.00000000 0.00000000 0.00000000
Neuron 405 3 0.78125000 1 1.00000000 0.00000000 0.00000000 0.00000000
Neuron 407 3 0.50000000 1 1.00000000 0.00000000 0.00000000 0.00000000
Neuron 409 3 0.62500000 1 1.00000000 0.00000000 0.00000000 0.00000000
Neuron 419 3 0.50000000 1 1.00000000 0.00000000 0.00000000 0.00000000
Neuron 427 3 0.12500000 1 1.00000000 0.00000000 0.00000000 0.00000000
Neuron 436 3 0.50000000 1 1.00000000 0.00000000 0.00000000 0.00000000
Neuron 442 3 0.87500000 1 1.00000000 0.00000000 0.00000000 0.00000000
Neuron 464 3 0.25000000 1 1.00000000 0.00000000 0.00000000 0.00000000
Neuron 470 3 0.93750000 1 1.00000000 0.00000000 0.00000000 0.00000000
Neuron 472 3 0.50000000 1 1.00000000 0.00000000 0.00000000 0.00000000
Neuron 474 3 0.75000000 1 1.00000000 0.00000000 0.00000000 0.00000000
Neuron 478 3 0.50000000 1 1.00000000 0.00000000 0.00000000 0.00000000
Neuron 480 3 0.50000000 1 1.00000000 0.00000000 0.00000000 0.00000000
Neuron 485 3 0.75000000 1 1.00000000 0.00000000 0.00000000 0.00000000
Neuron 490 3 0.81250000 1 1.00000000 0.00000000 0.00000000 0.00000000
Neuron 495 3 0.37500000 1 1.00000000 0.00000000 0.00000000 0.00000000
Neuron 498 3 0.93750000 1 1.00000000 0.00000000 0.00000000 0.00000000
Neuron 500 3 0.62500000 1 1.00000000 0.00000000 0.00000000 0.00000000
Neuron 501 3 0.50000000 1 1.00000000 0.00000000 0.00000000 0.00000000
Neuron 507 3 0.25000000 1 1.00000000 0.00000000 0.00000000 0.00000000
Neuron 509 3 0.56250000 1 1.00000000 0.00000000 0.00000000 0.00000000
Neuron 511 3 0.81250000 1 1.00000000 0.00000000 0.00000000 0.00000000
Neuron 512 3 0.43750000 1 1.00000000 0.00000000 0.00000000 0.00000000
Neuron 519 3 0.37500000 1 1.00000000 0.00000000 0.00000000 0.00000000
Neuron 522 3 0.25000000 1 1.00000000 0.00000000 0.00000000 0.00000000
Neuron 525 3 0.25000000 1 1.00000000 0.00000000 0.00000000 0.00000000
Neuron 526 3 0.12500000 1 1.00000000 0.00000000 0.00000000 0.00000000
Neuron 527 3 0.50000000 1 1.00000000 0.00000000 0.00000000 0.00000000
Neuron 532 3 0.25000000 1 1.00000000 0.00000000 0.00000000 0.00000000
Neuron 533 3 0.25000000 1 1.00000000 0.00000000 0.00000000 0.00000000
Neuron 535 3 0.75000000 1 1.00000000 0.00000000 0.00000000 0.00000000
Neuron 536 3 0.43750000 1 1.00000000 0.00000000 0.00000000 0.00000000
Neuron 542 3 0.93750000 1 1.00000000 0.00000000 0.00000000 0.00000000
Neuron 548 3 0.53125000 1 1.00000000 0.00000000 0.00000000 0.00000000
Neuron 549 3 0.50000000 1 1.00000000 0.00000000 0.00000000 0.00000000
Neuron 551 3 0.87500000 1 1.00000000 0.00000000 0.00000000 0.00000000
Neuron 553 3 0.87500000 1 1.00000000 0.00000000 0.00000000 0.00000000
Neuron 555 3 0.62500000 1 1.00000000 0.00000000 0.00000000 0.00000000
Neuron 560 3 0.12500000 1 1.00000000 0.00000000 0.00000000 0.00000000
Neuron 561 3 0.50000000 1 1.00000000 0.00000000 0.00000000 0.00000000
Neuron 579 3 0.68750000 1 1.00000000 0.00000000 0.00000000 0.00000000
Neuron 584 3 0.50000000 1 1.00000000 0.00000000 0.00000000 0.00000000
Neuron 586 3 0.18750000 1 1.00000000 0.00000000 0.00000000 0.00000000
Neuron 588 3 0.75000000 1 1.00000000 0.00000000 0.00000000 0.00000000
Neuron 594 3 0.75000000 1 1.00000000 0.00000000 0.00000000 0.00000000
Neuron 598 3 0.50000000 1 1.00000000 0.00000000 0.00000000 0.00000000
Neuron 599 3 0.78125000 1 1.00000000 0.00000000 0.00000000 0.00000000
Neuron 604 3 1.00000000 1 1.00000000 0.00000000 0.00000000 0.00000000
Neuron 632 3 0.87500000 1 1.00000000 0.00000000 0.00000000 0.00000000
Neuron 652 3 0.56250000 1 1.00000000 0.00000000 0.00000000 0.00000000
Neuron 657 3 0.43750000 1 1.00000000 0.00000000 0.00000000 0.00000000
Neuron 661 3 0.75000000 1 1.00000000 0.00000000 0.00000000 0.00000000
Neuron 663 3 0.87500000 1 1.00000000 0.00000000 0.00000000 0.00000000
Neuron 666 3 0.25000000 1 1.00000000 0.00000000 0.00000000 0.00000000
Neuron 669 3 0.62500000 1 1.00000000 0.00000000 0.00000000 0.00000000
Neuron 671 3 0.25000000 1 1.00000000 0.00000000 0.00000000 0.00000000
Neuron 673 3 0.12500000 1 1.00000000 0.00000000 0.00000000 0.00000000
Neuron 682 3 0.56250000 1 1.00000000 0.00000000 0.00000000 0.00000000
Neuron 710 3 0.31250000 1 1.00000000 0.00000000 0.00000000 0.00000000
Neuron 735 3 0.75000000 1 1.00000000 0.00000000 0.00000000 0.00000000
Neuron 738 3 0.62500000 1 1.00000000 0.00000000 0.00000000 0.00000000
Neuron 743 3 0.50000000 1 1.00000000 0.00000000 0.00000000 0.00000000
Neuron 745 3 0.81250000 1 1.00000000 0.00000000 0.00000000 0.00000000
Neuron 747 3 0.43750000 1 1.00000000 0.00000000 0.00000000 0.00000000
Neuron 751 3 0.62500000 1 1.00000000 0.00000000 0.00000000 0.00000000
Neuron 752 3 0.43750000 1 1.00000000 0.00000000 0.00000000 0.00000000
Neuron 760 3 0.06250000 1 1.00000000 0.00000000 0.00000000 0.00000000
Neuron 774 3 1.00000000 1 1.00000000 0.00000000 0.00000000 0.00000000
Neuron 775 3 0.75000000 1 1.00000000 0.00000000 0.00000000 0.00000000
Neuron 777 3 0.37500000 1 1.00000000 0.00000000 0.00000000 0.00000000
Neuron 780 3 0.50000000 1 1.00000000 0.00000000 0.00000000 0.00000000
Neuron 797 3 0.81250000 1 1.00000000 0.00000000 0.00000000 0.00000000
Neuron 800 3 0.62500000 1 1.00000000 0.00000000 0.00000000 0.00000000
Neuron 806 3 0.87500000 1 1.00000000 0.00000000 0.00000000 0.00000000
Neuron 810 3 0.43750000 1 1.00000000 0.00000000 0.00000000 0.00000000
Neuron 817 3 0.62500000 1 1.00000000 0.00000000 0.00000000 0.00000000
Neuron 838 3 0.37500000 1 1.00000000 0.00000000 0.00000000 0.00000000
Neuron 839 3 0.75000000 1 1.00000000 0.00000000 0.00000000 0.00000000
Neuron 841 3 0.50000000 1 1.00000000 0.00000000 0.00000000 0.00000000
Neuron 850 3 0.53125000 1 1.00000000 0.00000000 0.00000000 0.00000000
Neuron 871 3 0.68750000 1 1.00000000 0.00000000 0.00000000 0.00000000
Neuron 883 3 0.25000000 1 1.00000000 0.00000000 0.00000000 0.00000000
Neuron 888 3 0.75000000 1 1.00000000 0.00000000 0.00000000 0.00000000
Neuron 889 3 0.50000000 1 1.00000000 0.00000000 0.00000000 0.00000000
Neuron 900 3 0.65625000 1 1.00000000 0.00000000 0.00000000 0.00000000
Neuron 907 3 0.64062500 1 1.00000000 0.00000000 0.00000000 0.00000000
Neuron 908 3 0.62500000 1 1.00000000 0.00000000 0.00000000 0.00000000
Neuron 926 3 1.00000000 1 1.00000000 0.00000000 0.00000000 0.00000000
Neuron 929 3 0.50000000 1 1.00000000 0.00000000 0.00000000 0.00000000
Neuron 934 3 0.12500000 1 1.00000000 0.00000000 0.00000000 0.00000000
Neuron 935 3 0.43750000 1 1.00000000 0.00000000 0.00000000 0.00000000
Neuron 940 3 0.37500000 1 1.00000000 0.00000000 0.00000000 0.00000000
Neuron 947 3 0.75000000 1 1.00000000 0.00000000 0.00000000 0.00000000
Neuron 948 3 0.75000000 1 1.00000000 0.00000000 0.00000000 0.00000000
Neuron 950 3 0.25000000 1 1.00000000 0.00000000 0.00000000 0.00000000
Neuron 953 3 0.79687500 1 1.00000000 0.00000000 0.00000000 0.00000000
Neuron 956 3 0.50000000 1 1.00000000 0.00000000 0.00000000 0.00000000
Neuron 967 3 0.75000000 1 1.00000000 0.00000000 0.00000000 0.00000000
Neuron 975 3 0.25000000 1 1.00000000 0.00000000 0.00000000 0.00000000
Neuron 979 3 0.31250000 1 1.00000000 0.00000000 0.00000000 0.00000000
Neuron 981 3 0.21875000 1 1.00000000 0.00000000 0.00000000 0.00000000
Neuron 994 3 0.06250000 1 1.00000000 0.00000000 0.00000000 0.00000000
Neuron 998 3 0.50000000 1 1.00000000 0.00000000 0.00000000 0.00000000
Neuron 1004 3 0.50000000 1 1.00000000 0.00000000 0.00000000 0.00000000
Neuron 1005 3 0.40625000 1 1.00000000 0.00000000 0.00000000 0.00000000
Neuron 1009 3 0.93750000 1 1.00000000 0.00000000 0.00000000 0.00000000
Neuron 1020 3 0.40625000 1 1.00000000 0.00000000 0.00000000 0.00000000
Neuron 1021 3 0.78125000 1 1.00000000 0.00000000 0.00000000 0.00000000
Neuron 1022 3 0.75000000 1 1.00000000 0.00000000 0.00000000 0.00000000
Neuron 1024 3 0.39062500 1 1.00000000 0.00000000 0.00000000 0.00000000
Neuron 1025 3 0.50000000 1 1.00000000 0.00000000 0.00000000 0.00000000
Neuron 1029 3 0.56250000 1 1.00000000 0.00000000 0.00000000 0.00000000
Neuron 1030 3 0.37500000 1 1.00000000 0.00000000 0.00000000 0.00000000
Neuron 1035 3 0.37500000 1 1.00000000 0.00000000 0.00000000 0.00000000
Neuron 1036 3 0.43750000 1 1.00000000 0.00000000 0.00000000 0.00000000
Neuron 1037 3 0.53125000 1 1.00000000 0.00000000 0.00000000 0.00000000
Neuron 1038 3 0.46875000 1 1.00000000 0.00000000 0.00000000 0.00000000
Neuron 1041 3 0.18750000 1 1.00000000 0.00000000 0.00000000 0.00000000
Neuron 1043 3 0.62500000 1 1.00000000 0.00000000 0.00000000 0.00000000
Neuron 1047 3 0.50000000 1 1.00000000 0.00000000 0.00000000 0.00000000
Neuron 1052 3 0.50000000 1 1.00000000 0.00000000 0.00000000 0.00000000
Neuron 1055 3 0.21875000 1 1.00000000 0.00000000 0.00000000 0.00000000
Neuron 1056 3 0.62500000 1 1.00000000 0.00000000 0.00000000 0.00000000
Neuron 1058 3 0.79687500 1 1.00000000 0.00000000 0.00000000 0.00000000
Neuron 1062 3 0.12500000 1 1.00000000 0.00000000 0.00000000 0.00000000
Neuron 1069 3 0.56250000 1 1.00000000 0.00000000 0.00000000 0.00000000
Neuron 1071 3 0.71093750 1 1.00000000 0.00000000 0.00000000 0.00000000
Neuron 1072 3 0.68750000 1 1.00000000 0.00000000 0.00000000 0.00000000
Neuron 1073 3 0.62500000 1 1.00000000 0.00000000 0.00000000 0.00000000
Neuron 1075 3 0.56250000 1 1.00000000 0.00000000 0.00000000 0.00000000
Neuron 1086 3 0.50000000 1 1.00000000 0.00000000 0.00000000 0.00000000
Neuron 1093 3 0.25000000 1 1.00000000 0.00000000 0.00000000 0.00000000
Neuron 1096 3 0.62500000 1 1.00000000 0.00000000 0.00000000 0.00000000
Neuron 1105 3 0.93750000 1 1.00000000 0.00000000 0.00000000 0.00000000
Neuron 1133 3 0.43750000 1 1.00000000 0.00000000 0.00000000 0.00000000
Neuron 1153 3 0.21875000 1 1.00000000 0.00000000 0.00000000 0.00000000
Neuron 1157 3 0.78906250 1 1.00000000 0.00000000 0.00000000 0.00000000
Neuron 1160 3 0.87500000 1 1.00000000 0.00000000 0.00000000 0.00000000
Neuron 1162 3 0.34375000 1 1.00000000 0.00000000 0.00000000 0.00000000
Neuron 1172 3 0.06250000 1 1.00000000 0.00000000 0.00000000 0.00000000
Neuron 1173 3 0.50781250 1 1.00000000 0.00000000 0.00000000 0.00000000
Neuron 1184 3 0.68750000 1 1.00000000 0.00000000 0.00000000 0.00000000
Neuron 1193 3 0.50000000 1 1.00000000 0.00000000 0.00000000 0.00000000
Neuron 1212 3 0.34375000 1 1.00000000 0.00000000 0.00000000 0.00000000
Neuron 1216 3 1.00000000 1 1.00000000 0.00000000 0.00000000 0.00000000
Neuron 1222 3 0.56250000 1 1.00000000 0.00000000 0.00000000 0.00000000
Neuron 1227 3 0.50000000 1 1.00000000 0.00000000 0.00000000 0.00000000
Neuron 1229 3 0.71093750 1 1.00000000 0.00000000 0.00000000 0.00000000
Neuron 1238 3 0.32031250 1 1.00000000 0.00000000 0.00000000 0.00000000
Neuron 1245 3 0.25000000 1 1.00000000 0.00000000 0.00000000 0.00000000
Neuron 1246 3 0.68750000 1 1.00000000 0.00000000 0.00000000 0.00000000
Neuron 1259 3 0.25000000 1 1.00000000 0.00000000 0.00000000 0.00000000
Neuron 1268 3 0.43750000 1 1.00000000 0.00000000 0.00000000 0.00000000
Neuron 1286 3 0.62500000 1 1.00000000 0.00000000 0.00000000 0.00000000
Neuron 1290 3 0.50000000 1 1.00000000 0.00000000 0.00000000 0.00000000
Neuron 1296 3 0.25000000 1 1.00000000 0.00000000 0.00000000 0.00000000
Neuron 1306 3 0.50000000 1 1.00000000 0.00000000 0.00000000 0.00000000
Neuron 1307 3 0.46093750 1 1.00000000 0.00000000 0.00000000 0.00000000
Neuron 1310 3 0.62500000 1 1.00000000 0.00000000 0.00000000 0.00000000
Neuron 1311 3 0.65625000 1 1.00000000 0.00000000 0.00000000 0.00000000
Neuron 1313 3 0.46875000 1 1.00000000 0.00000000 0.00000000 0.00000000
Neuron 1334 3 0.37500000 1 1.00000000 0.00000000 0.00000000 0.00000000
Neuron 1374 3 0.50000000 1 1.00000000 0.00000000 0.00000000 0.00000000
Neuron 1396 3 0.87500000 1 1.00000000 0.00000000 0.00000000 0.00000000
Neuron 1406 3 0.50000000 1 1.00000000 0.00000000 0.00000000 0.00000000
Neuron 1438 3 0.56250000 1 1.00000000 0.00000000 0.00000000 0.00000000
Neuron 1455 3 0.50000000 1 1.00000000 0.00000000 0.00000000 0.00000000
Neuron 1475 3 0.17187500 1 1.00000000 0.00000000 0.00000000 0.00000000
Neuron 1486 3 0.81250000 1 1.00000000 0.00000000 0.00000000 0.00000000
Neuron 1538 3 0.12500000 1 1.00000000 0.00000000 0.00000000 0.00000000
Neuron 1568 3 0.43750000 1 1.00000000 0.00000000 0.00000000 0.00000000
Neuron 1575 3 0.68750000 1 1.00000000 0.00000000 0.00000000 0.00000000
Neuron 1595 3 0.62500000 1 1.00000000 0.00000000 0.00000000 0.00000000
Neuron 1696 3 0.50000000 1 1.00000000 0.00000000 0.00000000 0.00000000
Neuron 1710 3 0.43750000 1 1.00000000 0.00000000 0.00000000 0.00000000
Neuron 1731 3 0.87500000 1 1.00000000 0.00000000 0.00000000 0.00000000
Neuron 1786 3 0.56250000 1 1.00000000 0.00000000 0.00000000 0.00000000
Neuron 1879 3 0.81250000 1 1.00000000 0.00000000 0.00000000 0.00000000
Link 1 10 1 0 5.33372935
Link 2 10 2 0 0.36527751
Link 3 10 3 0 -0.96198131
Link 4 10 4 0 3.43874086
Link 5 10 5 0 -0.08364127
Link 6 10 6 0 1.43538810
Link 7 10 7 0 0.25831259
Link 8 10 8 0 -0.12140516
Link 9 10 9 0 3.56018418
Link 1 11 10 0 3.99978148
Link 2 11 11 0 -1.96695641
Link 3 11 12 0 5.49609083
Link 4 11 13 0 2.13487230
Link 6 11 15 0 -2.01654451
Link 7 11 16 0 0.47116518
Link 8 11 17 0 1.27289087
Link 9 11 18 0 -0.84962719
Link 1 12 19 0 2.38704675
Link 2 12 20 0 -2.19624785
Link 3 12 21 0 -3.86587261
Link 4 12 22 0 2.44308015
Link 5 12 23 0 -2.96678500
Link 6 12 24 0 -1.41189407
Link 7 12 25 0 2.39230910
Link 8 12 26 0 1.00972787
Link 9 12 27 0 -2.04232941
Link 1 13 28 0 0.62943475
Link 2 13 29 0 -0.33635567
Link 3 13 30 0 -2.99432145
Link 4 13 31 0 -3.53544468
Link 5 13 32 0 -0.02511738
Link 6 13 33 0 -1.75797513
Link 7 13 34 0 -0.71890717
Link 8 13 35 0 -0.51865728
Link 9 13 36 0 -0.71745953
Link 1 14 37 0 -3.64203158
Link 2 14 38 0 -4.33241156
Link 3 14 39 0 1.93831866
Link 4 14 40 0 -0.14815149
Link 5 14 41 0 -1.16122471
Link 6 14 42 0 1.19972035
Link 7 14 43 0 3.40964303
Link 8 14 44 0 3.21293477
Link 9 14 45 0 2.00875773
Link 1 15 46 0 0.43097129
Link 2 15 47 0 0.73554151
Link 3 15 48 0 0.78146168
Link 4 15 49 0 0.12444252
Link 5 15 50 0 1.76609319
Link 6 15 51 0 -0.93896269
Link 7 15 52 0 -0.39385294
Link 8 15 53 0 -2.28265889
Link 9 15 54 0 0.02837865
Link 1 16 55 0 1.11672274
Link 2 16 56 0 -0.03236545
Link 3 16 57 0 3.36572604
Link 4 16 58 0 -1.05041804
Link 5 16 59 0 4.03032095
Link 6 16 60 0 1.44546762
Link 7 16 61 0 0.04996595
Link 9 16 63 0 1.65012792
Link 8 17 65 0 -0.14784779
Link 17 16 66 0 1.99186112
Link 7 18 68 0 0.16509598
Link 18 14 69 0 -2.05193796
Link 6 19 71 0 -0.44860107
Link 19 10 72 0 -4.03755705
Link 7 20 74 0 -0.84404150
Link 20 12 75 0 -1.83034112
Link 7 22 80 0 -4.08486767
Link 22 11 81 0 5.73702324
Link 4 23 83 0 -0.33380379
Link 23 15 84 0 -0.44496838
Link 2 25 89 0 -3.77695150
Link 25 10 90 0 -1.82063355
Link 16 16 91 1 -0.31082553
Link 2 26 93 0 1.57136697
Link 26 14 94 0 -4.36185018
Link 8 27 96 0 2.82727559
Link 27 14 97 0 2.80505776
Link 28 11 100 0 2.32092611
Link 6 30 105 0 -0.47761846
Link 30 13 106 0 -0.93582148
Link 8 31 108 0 4.07841798
Link 31 10 109 0 0.81498626
Link 4 33 114 0 1.70882946
Link 33 10 115 0 0.37514406
Link 5 34 117 0 -4.35923116
Link 34 11 118 0 0.56603412
Link 4 35 120 0 -0.22031783
Link 35 13 121 0 0.02336869
Link 2 36 123 0 -3.53658539
Link 6 37 126 0 2.98377877
Link 37 11 127 0 -1.06088689
Link 4 38 129 0 1.13264617
Link 38 14 130 0 0.88231422
Link 3 39 132 0 -2.84856977
Link 41 14 140 0 -0.22672528
Link 7 42 143 0 2.94542265
Link 8 43 146 0 0.03739319
Link 43 11 147 0 1.93973560
Link 8 44 149 0 1.05930928
Link 44 12 150 0 -6.06943656
Link 45 11 153 0 -3.45061488
Link 8 46 155 0 3.45678992
Link 46 15 156 0 2.34366819
Link 4 47 158 0 2.04623215
Link 47 16 159 0 -0.15811888
Link 48 10 162 0 -3.42073835
Link 4 49 164 0 -3.60569358
Link 49 12 165 0 -4.64446039
Link 2 50 167 0 1.76923823
Link 1 52 174 0 -6.16343047
Link 52 13 175 0 1.49442123
Link 8 42 176 0 0.52581649
Link 1 53 178 0 2.38201533
Link 53 14 179 0 -1.06668859
Link 1 54 182 0 3.63576629
Link 6 55 186 0 0.77105019
Link 55 12 187 0 1.16201016
Link 46 10 191 0 0.34874209
Link 56 13 194 0 0.31618328
Link 12 46 195 1 -2.89969813
Link 5 57 197 0 -1.40396610
Link 6 58 202 0 0.97059797
Link 58 15 203 0 2.73618184
Link 3 59 210 0 -0.13939646
Link 59 14 211 0 -2.22609325
Link 7 61 217 0 0.94317217
Link 61 10 218 0 -3.27723626
Link 9 22 222 0 -5.50162958
Link 8 62 232 0 -1.58035714
Link 62 43 233 0 -0.67014079
Link 6 63 246 0 0.55628115
Link 63 16 247 0 -0.32673637
Link 42 64 250 0 1.69782900
Link 64 15 251 0 0.63042907
Link 2 65 261 0 5.56719296
Link 65 15 262 0 -1.25984458
Link 3 66 269 0 -1.53926325
Link 66 15 270 0 -0.54456954
Link 2 67 272 0 3.92325329
Link 67 13 273 0 -0.65503534
Link 56 14 285 0 -0.09164648
Link 36 13 290 0 0.34062319
Link 6 27 291 0 -3.13437822
Link 2 68 303 0 2.38622642
Link 68 11 304 0 0.40991827
Link 1 69 309 0 4.23899703
Link 69 16 310 0 0.78953946
Link 5 70 314 0 -2.81229262
Link 70 15 315 0 -2.56048179
Link 7 71 318 0 1.56501769
Link 71 13 319 0 1.37544571
Link 28 28 343 1 1.14432946
Link 52 11 346 0 0.57649898
Link 46 76 350 0 2.55857154
Link 6 77 358 0 3.23745782
Link 77 41 359 0 -1.41856816
Link 8 78 365 0 1.53381817
Link 78 17 366 0 -1.24070967
Link 28 52 395 0 1.72293049
Link 9 18 405 0 0.26824208
Link 1 82 409 0 0.33207500
Link 82 54 410 0 -2.38135944
Link 7 84 422 0 2.11797509
Link 84 16 423 0 1.79175851
Link 1 24 426 0 -0.13223022
Link 11 36 435 1 -0.98380913
Link 3 87 450 0 1.19373294
Link 87 45 451 0 0.08166759
Link 52 52 465 1 0.27208957
Link 47 90 502 0 -1.70004423
Link 90 16 503 0 -3.99310321
Link 46 12 511 0 0.06836702
Link 5 93 526 0 2.17365330
Link 93 12 527 0 -1.95412476
Link 46 14 531 0 0.00844505
Link 18 24 554 0 -0.98741540
Link 13 67 559 1 0.11248514
Link 56 96 573 0 1.33528498
Link 96 13 574 0 3.91050006
Link 44 98 592 0 -2.05165311
Link 98 12 593 0 2.17721874
Link 36 100 609 0 0.90929026
Link 100 12 610 0 0.69901941
Link 68 102 619 0 5.46024949
Link 102 11 620 0 2.04556932
Link 3 106 667 0 -1.71400334
Link 58 112 707 0 -1.88923431
Link 112 15 708 0 3.12018841
Link 15 42 714 1 -1.94211523
Link 48 48 718 1 2.39181253
Link 1 121 786 0 -0.37851292
Link 121 52 787 0 3.58889183
Link 54 127 824 0 -2.85928934
Link 127 15 825 0 -0.80676704
Link 3 52 832 0 -0.96586125
Link 94 128 837 0 -0.46421083
Link 128 20 838 0 4.29242411
Link 2 20 840 0 -0.15621804
Link 7 67 841 0 -1.53398418
Link 10 130 853 1 2.62200269
Link 130 52 854 1 -1.27818191
Link 38 132 863 0 0.17232675
Link 3 134 873 0 -0.74556963
Link 134 24 874 0 0.60151912
Link 2 22 893 0 1.61079332
Link 18 20 938 0 0.14183477
Link 94 14 961 0 -0.10229805
Link 7 147 972 0 2.39074387
Link 147 18 973 0 -0.14567233
Link 7 148 983 0 1.90717119
Link 148 42 984 0 -2.28400330
Link 6 150 993 0 0.09761493
Link 150 37 994 0 -0.70241549
Link 130 151 996 1 -0.44064825
Link 151 52 997 1 0.52478632
Link 13 53 1001 1 -2.50067382
Link 53 67 1032 0 1.26435972
Link 7 155 1036 0 1.46975733
Link 155 46 1037 0 2.92260557
Link 2 157 1065 0 -2.95835968
Link 157 36 1066 0 -2.74032421
Link 166 53 1137 0 -1.89717701
Link 11 177 1209 1 2.14262428
Link 177 43 1210 1 2.99566275
Link 106 182 1240 0 -0.41054620
Link 182 48 1241 0 2.88828665
Link 5 18 1250 0 0.36911512
Link 18 18 1251 1 -0.91408066
Link 39 189 1274 0 1.34613369
Link 193 12 1311 0 -1.07744207
Link 28 39 1313 0 1.54952949
Link 197 12 1351 0 -2.17442876
Link 32 199 1358 0 0.82393898
Link 199 13 1359 0 -1.28571291
Link 5 201 1373 0 -0.83335166
Link 201 32 1374 0 -1.67379997
Link 8 18 1386 0 -0.87517874
Link 204 24 1391 0 -2.83297847
Link 6 209 1417 0 -1.66598960
Link 209 67 1418 0 -0.45033331
Link 53 76 1419 0 -4.19742546
Link 5 210 1422 0 -1.43307281
Link 210 70 1423 0 1.43318055
Link 59 212 1440 0 2.56809478
Link 177 213 1445 1 -1.03398364
Link 213 43 1446 1 0.87831068
Link 135 13 1456 0 1.70713480
Link 10 216 1458 1 4.03912760
Link 216 130 1459 1 0.34013175
Link 7 220 1479 0 3.03766791
Link 220 84 1480 0 -2.09301968
Link 225 22 1509 0 2.74430097
Link 69 234 1546 0 0.99842786
Link 234 16 1547 0 0.18478711
Link 4 237 1571 0 -1.23194186
Link 237 28 1572 0 -1.75115049
Link 29 238 1580 0 1.46540986
Link 50 240 1587 0 -1.97982187
Link 240 16 1588 0 -0.05704996
Link 8 34 1623 0 1.37841957
Link 24 245 1626 0 -1.12572547
Link 245 197 1627 0 1.01281275
Link 52 249 1656 1 1.63467281
Link 249 52 1657 1 -1.27324566
Link 6 250 1659 0 -0.42150236
Link 15 251 1662 1 -2.22120657
Link 251 15 1663 1 0.22009019
Link 84 256 1685 0 2.66156533
Link 256 16 1686 0 -1.06651346
Link 39 259 1695 0 3.74583382
Link 259 189 1696 0 -0.43698894
Link 7 260 1698 0 1.62306006
Link 260 13 1699 0 2.75702822
Link 36 68 1700 0 2.59338181
Link 7 262 1707 0 -1.33423716
Link 262 71 1708 0 -0.64772587
Link 4 264 1721 0 4.13571722
Link 264 33 1722 0 1.28661097
Link 70 265 1731 0 1.62842694
Link 265 15 1732 0 4.33292697
Link 4 197 1754 0 -0.38078513
Link 13 268 1757 1 0.55539637
Link 268 135 1758 1 -0.10004589
Link 94 270 1772 0 -3.29193448
Link 270 14 1773 0 0.28206406
Link 7 272 1779 0 1.41198092
Link 272 12 1780 0 -0.55846470
Link 3 277 1799 0 1.91347710
Link 277 56 1800 0 2.45267889
Link 135 278 1809 1 1.00000000
Link 278 56 1810 1 -0.81330998
Link 285 14 1869 0 5.92604867
Link 7 289 1884 0 -2.28042423
Link 289 15 1885 0 1.65662633
Link 293 285 1907 0 2.75995981
Link 15 32 1939 1 2.28867327
Link 13 299 1949 1 -0.49856510
Link 299 67 1950 1 -0.22229135
Link 7 309 2017 0 2.06702669
Link 309 14 2018 0 -1.36553940
Link 28 314 2063 0 1.05327971
Link 314 39 2064 0 -3.35567448
Link 52 317 2085 0 1.15434526
Link 317 11 2086 0 0.25691350
Link 285 13 2106 0 2.62800109
Link 24 20 2107 0 1.80619680
Link 285 10 2120 0 1.81537652
Link 5 332 2211 0 -0.53174868
Link 332 18 2212 0 -5.52130271
Link 50 12 2244 0 -0.12973215
Link 6 285 2254 0 -1.32866888
Link 285 285 2255 1 0.67877249
Link 70 52 2284 0 -0.45491477
Link 1 351 2312 0 0.06978032
Link 189 37 2334 1 2.97469647
Link 54 364 2392 0 -1.25189719
Link 364 22 2393 0 3.30389895
Link 54 54 2403 1 -3.14962181
Link 37 376 2455 0 -1.08857246
Link 376 225 2456 0 -4.43342326
Link 7 379 2471 0 -0.39234086
Link 379 94 2472 0 0.52567629
Link 28 23 2507 0 2.88890878
Link 94 293 2510 0 -0.23532482
Link 189 387 2530 0 -3.58003290
Link 387 16 2531 0 -2.11080058
Link 52 23 2532 0 -3.41489839
Link 48 135 2533 0 -4.05095885
Link 46 397 2613 0 2.19275846
Link 397 15 2614 0 -3.30191350
Link 14 401 2634 1 -0.17975722
Link 3 404 2651 0 1.59988100
Link 404 66 2652 0 0.41636365
Link 177 405 2654 0 1.30181081
Link 405 293 2655 0 0.70249915
Link 18 12 2657 0 0.39651670
Link 44 407 2696 0 -3.30674675
Link 46 409 2703 0 1.75141874
Link 409 76 2704 0 -3.48386269
Link 36 209 2736 1 1.61777963
Link 4 293 2751 0 1.90713271
Link 24 16 2769 0 1.45419337
Link 6 419 2787 0 1.88023679
Link 419 16 2788 0 -4.87468687
Link 42 28 2795 0 1.51471042
Link 63 15 2820 0 3.91740914
Link 177 16 2826 0 1.89551549
Link 7 427 2840 0 -1.55715837
Link 427 204 2841 0 0.07612999
Link 2 436 2903 0 2.98955722
Link 436 12 2904 0 3.97211685
Link 442 15 2928 0 -0.71742122
Link 22 76 3000 0 -1.35695526
Link 5 106 3079 0 -0.03696833
Link 7 464 3082 0 -0.39875958
Link 464 67 3083 0 -1.57072966
Link 285 470 3113 0 4.96331641
Link 470 13 3114 0 4.90602813
Link 8 472 3140 0 0.76049216
Link 472 11 3141 0 -3.10634741
Link 20 474 3150 0 3.20302350
Link 22 478 3189 0 4.03388090
Link 478 27 3190 0 -1.53137731
Link 407 480 3206 0 0.52390458
Link 480 63 3207 0 2.66123268
Link 16 485 3238 1 3.83620468
Link 76 490 3263 0 2.36796082
Link 490 442 3264 0 -3.01767879
Link 28 26 3288 0 0.54765799
Link 245 495 3313 1 -2.90796817
Link 495 427 3314 1 -0.80450600
Link 442 498 3335 0 2.48168000
Link 498 15 3336 0 1.38193175
Link 20 500 3357 0 -0.58513795
Link 500 193 3358 0 -0.79534030
Link 44 501 3376 0 1.51645898
Link 501 84 3377 0 0.19321332
Link 94 507 3420 1 1.34531289
Link 507 94 3421 1 0.56356292
Link 24 509 3427 0 -2.90928171
Link 509 245 3428 0 -1.87323068
Link 189 511 3438 0 -1.79768999
Link 511 387 3439 0 -1.42698215
Link 6 512 3448 0 4.72047530
Link 512 285 3449 0 -3.45031152
Link 12 54 3467 1 0.45050872
Link 3 519 3477 0 -1.03590883
Link 519 177 3478 0 -1.93972467
Link 3 522 3517 0 1.53483263
Link 522 52 3518 0 0.77426462
Link 1 525 3537 0 -1.87494203
Link 525 29 3538 0 1.05995738
Link 3 526 3550 0 -1.06031334
Link 526 106 3551 0 -1.93234073
Link 8 251 3552 0 -1.70264681
Link 44 527 3554 0 2.22122464
Link 527 407 3555 0 -0.82433413
Link 3 532 3627 0 -0.64697849
Link 532 56 3628 0 -2.52957187
Link 495 533 3637 1 -2.02540313
Link 533 427 3638 1 -1.89548628
Link 12 535 3650 1 0.82975556
Link 535 54 3651 1 2.56172240
Link 182 536 3664 0 0.21956669
Link 536 48 3665 0 5.22413094
Link 38 20 3677 0 -1.46222100
Link 63 14 3680 0 -3.11536622
Link 285 542 3700 0 1.40953822
Link 542 10 3701 0 -0.69856754
Link 94 548 3736 0 -1.96539371
Link 548 293 3737 0 1.68070261
Link 2 549 3745 0 -1.78135387
Link 549 13 3746 0 0.83310085
Link 7 134 3768 0 -1.81706207
Link 177 551 3770 0 0.32207527
Link 551 16 3771 0 -1.35729168
Link 199 553 3781 0 -0.52059755
Link 22 555 3788 0 4.24338409
Link 555 76 3789 0 -0.77600498
Link 1 560 3826 0 0.63726380
Link 560 121 3827 0 2.22667417
Link 245 561 3832 1 0.58890369
Link 10 55 3888 1 4.02323294
Link 500 579 3964 0 1.29390930
Link 579 193 3965 0 -2.22359225
Link 45 193 3987 0 1.23960957
Link 18 584 4003 0 0.71973706
Link 584 24 4004 0 -0.90113174
Link 427 586 4015 0 -3.79857577
Link 586 204 4016 0 0.82816161
Link 289 588 4026 0 3.90053037
Link 588 15 4027 0 -3.27685621
Link 15 594 4055 1 -1.71879889
Link 594 32 4056 1 -1.82560288
Link 45 52 4113 0 1.41435673
Link 54 598 4120 0 2.70261628
Link 598 84 4121 0 2.88722180
Link 76 599 4125 0 -0.13191360
Link 599 490 4126 0 0.09428834
Link 39 251 4136 0 1.29157809
Link 46 199 4150 0 0.67411555
Link 28 364 4152 0 0.55048358
Link 12 604 4157 1 2.79591702
Link 604 12 4158 1 -1.49599074
Link 5 66 4180 0 3.71711461
Link 76 199 4222 0 -4.02664703
Link 38 12 4249 0 1.10752880
Link 193 293 4260 0 0.06885043
Link 507 12 4267 0 -3.88802235
Link 474 474 4314 1 2.07626772
Link 132 632 4407 0 1.32661578
Link 632 14 4408 0 -1.40701344
Link 18 401 4413 0 1.10769492
Link 34 18 4421 0 -0.76187885
Link 52 69 4428 0 1.42838469
Link 36 26 4452 0 0.92709450
Link 4 507 4565 0 1.82197719
Link 177 177 4566 1 1.68444145
Link 18 652 4570 0 -2.64751807
Link 652 401 4571 0 1.26355917
Link 401 657 4630 1 1.90276615
Link 657 204 4631 1 0.12674106
Link 525 474 4632 0 -1.09894605
Link 474 661 4657 1 1.57904875
Link 661 474 4658 1 -4.74853828
Link 474 663 4669 0 3.09713829
Link 663 11 4670 0 -1.16869132
Link 7 666 4686 0 -1.57671430
Link 666 289 4687 0 -0.22458234
Link 485 669 4722 1 -0.45793319
Link 669 46 4723 1 0.21937337
Link 507 671 4733 1 -3.98077047
Link 671 94 4734 1 -2.80938678
Link 1 673 4746 0 -0.69431689
Link 673 525 4747 0 -3.59284623
Link 209 268 4763 0 1.50787349
Link 427 427 4769 1 1.83003530
Link 63 251 4772 0 2.00595673
Link 519 682 4797 0 2.49138245
Link 682 177 4798 0 3.56751274
Link 70 245 4823 0 -3.90100301
Link 64 76 4858 0 -2.21466495
Link 401 525 4935 1 0.28003543
Link 38 405 4977 0 1.57759125
Link 1 130 4995 0 -5.07881609
Link 427 710 5042 0 2.29217930
Link 710 23 5043 0 1.56174485
Link 293 525 5084 1 0.86691729
Link 28 48 5100 0 -1.24170449
Link 238 238 5137 1 3.78427981
Link 121 71 5179 0 0.15945063
Link 128 38 5186 0 2.36240368
Link 405 20 5208 1 -0.35907047
Link 52 268 5222 0 -2.98911537
Link 76 735 5224 0 -1.01493562
Link 735 199 5225 0 -2.74438352
Link 189 738 5239 1 -0.93454692
Link 738 37 5240 1 -1.92846883
Link 1 743 5264 0 -0.22956815
Link 743 16 5265 0 -1.72470231
Link 268 745 5288 1 -0.25216658
Link 745 135 5289 1 0.65199474
Link 525 525 5308 1 0.49508892
Link 401 747 5319 1 0.01996697
Link 747 525 5320 1 -1.91323326
Link 519 245 5322 0 -0.19263068
Link 32 751 5349 0 0.17473866
Link 751 199 5350 0 -0.87264217
Link 289 100 5354 0 1.40238839
Link 128 752 5359 0 -1.88112537
Link 752 20 5360 0 -2.06147341
Link 7 760 5398 0 1.02896782
Link 760 427 5399 0 -0.43272494
Link 12 774 5541 1 -1.09968708
Link 238 775 5544 1 2.14467601
Link 775 238 5545 1 -0.38236734
Link 532 777 5558 0 -0.92773398
Link 56 43 5569 0 -1.84622564
Link 22 780 5600 0 -0.08459332
Link 780 478 5601 0 0.75181978
Link 270 270 5640 1 -1.83665689
Link 474 797 5718 0 -0.36746920
Link 797 663 5719 0 -0.70966967
Link 525 800 5738 0 1.30569848
Link 87 519 5740 0 0.16381167
Link 238 806 5783 0 -0.95985890
Link 806 10 5784 0 2.74151053
Link 8 810 5809 0 1.87749676
Link 38 427 5826 1 -1.03748709
Link 500 52 5853 1 -0.51971413
Link 23 817 5870 0 0.42478274
Link 817 193 5871 0 -3.04090031
Link 1 379 6029 0 -0.55176325
Link 495 130 6044 0 1.65712610
Link 351 838 6055 0 1.27991852
Link 838 24 6056 0 -1.16782091
Link 38 839 6061 0 0.38153922
Link 839 12 6062 0 3.58063674
Link 237 121 6066 0 0.91962238
Link 519 841 6082 0 -4.21687469
Link 841 245 6083 0 -0.61737698
Link 500 29 6131 1 2.45180006
Link 293 850 6145 1 2.18477831
Link 850 525 6146 1 0.71415166
Link 234 204 6162 1 0.31905450
Link 67 289 6231 0 -2.29834564
Link 52 871 6259 0 -1.21485752
Link 871 268 6260 0 -0.47769319
Link 500 519 6335 1 -0.32131313
Link 671 883 6355 1 2.55931116
Link 883 94 6356 1 -4.63531573
Link 474 888 6375 1 1.64140054
Link 888 661 6376 1 -0.40585167
Link 70 889 6380 0 3.07103705
Link 889 52 6381 0 -2.35152929
Link 58 442 6398 0 -0.55448911
Link 204 806 6406 0 0.72534328
Link 17 130 6428 0 -1.20401346
Link 810 900 6462 0 0.53219187
Link 900 663 6463 0 -1.41832273
Link 907 20 6500 1 -2.32372113
Link 29 908 6505 0 1.19696259
Link 5 442 6511 0 1.16424022
Link 926 12 6647 1 1.63358305
Link 16 121 6684 1 -1.44524847
Link 5 929 6688 0 -0.14294704
Link 929 12 6689 0 -1.07602785
Link 934 155 6711 0 4.92049552
Link 561 935 6721 1 1.82352238
Link 935 495 6722 1 1.10250409
Link 155 940 6755 0 -1.23013802
Link 940 46 6756 0 1.68179914
Link 37 36 6758 0 -0.01558801
Link 405 405 6760 1 -1.30865370
Link 747 23 6765 0 -0.04201778
Link 53 98 6796 0 -0.90695082
Link 427 18 6803 0 0.92804439
Link 64 947 6819 0 -2.90558973
Link 947 76 6820 0 -0.27172600
Link 39 948 6822 0 1.81002526
Link 948 251 6823 0 -1.77239988
Link 525 950 6829 1 -1.45575079
Link 950 525 6830 1 2.25694834
Link 405 953 6874 0 0.32088530
Link 953 293 6875 0 -0.00677017
Link 37 956 6928 0 0.68242109
Link 956 376 6929 0 -1.80346351
Link 209 189 6967 0 -1.10055055
Link 59 135 6969 0 -2.85130652
Link 67 26 7035 0 -2.77857833
Link 130 293 7042 0 -0.08913273
Link 57 967 7044 0 0.68063569
Link 967 16 7045 0 2.45099473
Link 17 289 7090 0 2.21004150
Link 98 387 7108 0 -0.60770762
Link 500 285 7111 0 -3.31682623
Link 525 975 7115 1 3.20260261
Link 975 950 7116 1 -2.84600548
Link 480 53 7153 0 1.29919069
Link 106 979 7155 0 2.37367501
Link 586 981 7165 0 -0.15927913
Link 981 204 7166 0 -1.12622427
Link 442 56 7189 1 3.53877163
Link 817 204 7198 1 0.52477625
Link 106 106 7232 1 -0.34712659
Link 7 994 7282 0 0.83498363
Link 994 934 7283 0 2.14973282
Link 26 209 7288 1 -2.42813575
Link 34 478 7304 0 0.96110999
Link 201 532 7317 0 0.20482343
Link 3 998 7326 0 -0.95320471
Link 998 15 7327 0 0.48091636
Link 519 519 7333 1 -2.03560254
Link 18 810 7334 1 3.00877201
Link 66 55 7356 0 -2.95476932
Link 127 48 7364 1 -4.61896905
Link 4 586 7380 0 -1.02708950
Link 950 13 7384 0 0.85261409
Link 553 289 7397 1 -5.04155180
Link 407 1004 7399 0 -3.74306584
Link 1004 480 7400 0 0.96378776
Link 68 69 7401 0 0.18857431
Link 182 1005 7407 0 -1.14007999
Link 1005 536 7408 0 -1.39396502
Link 632 1009 7436 0 2.64936460
Link 1009 14 7437 0 2.61098004
Link 285 130 7505 1 -2.50282337
Link 710 1020 7524 0 -0.29924038
Link 1020 23 7525 0 1.50263183
Link 130 1021 7527 0 -1.99633644
Link 500 1022 7530 0 1.16688069
Link 1022 285 7531 0 0.40997157
Link 4 1025 7541 0 -1.43497467
Link 1025 16 7542 0 0.63215044
Link 474 1021 7545 0 -2.25232128
Link 52 747 7571 1 3.27059041
Link 204 1029 7579 0 -1.52380888
Link 1029 806 7580 0 0.76279680
Link 66 525 7583 1 -0.11807005
Link 121 1030 7592 0 2.03699842
Link 1030 52 7593 0 -1.14658492
Link 470 12 7618 0 -0.97273478
Link 26 1035 7628 1 2.93382734
Link 1035 209 7629 1 1.70853340
Link 940 1036 7643 0 2.85388275
Link 1036 46 7644 0 1.33540907
Link 401 1037 7650 1 1.73101199
Link 1037 747 7651 1 -0.35641481
Link 536 1038 7653 0 -2.74553398
Link 1038 48 7654 0 0.93193744
Link 533 1041 7678 1 -4.88279484
Link 1041 427 7679 1 0.35348790
Link 48 54 7681 0 1.43470671
Link 69 1043 7688 0 -1.33469326
Link 1043 234 7689 0 -4.25867329
Link 8 1047 7715 0 -0.80791371
Link 1047 251 7716 0 -3.54033480
Link 34 1052 7754 0 3.37057142
Link 1052 18 7755 0 -4.17343872
Link 427 1055 7773 0 -0.30687285
Link 1055 710 7774 0 2.94938117
Link 59 1056 7780 0 2.57207480
Link 1056 135 7781 0 0.28761203
Link 69 197 7783 0 1.81673304
Link 710 535 7784 0 0.73797923
Link 1021 1058 7791 0 -0.99043644
Link 1058 293 7792 0 -3.47801645
Link 474 632 7806 0 -0.15879273
Link 14 810 7815 1 0.36733281
Link 379 407 7832 0 -2.71041170
Link 5 1062 7838 0 -2.79792707
Link 1062 332 7839 0 -0.82427523
Link 747 94 7859 1 -0.14969531
Link 128 45 7882 0 3.08480611
Link 69 1069 7911 0 1.61332308
Link 1069 1043 7912 0 0.75799220
Link 934 10 7914 0 2.14405501
Link 405 1071 7932 1 0.27663755
Link 1071 907 7933 1 -3.10645779
Link 94 710 7936 0 3.70059956
Link 553 1072 7938 1 -2.70934171
Link 1072 289 7939 1 0.18566582
Link 26 1073 7942 0 -3.12846016
Link 1073 199 7943 0 2.25106078
Link 669 1075 7958 1 4.31437066
Link 1075 46 7959 1 -1.92119974
Link 18 1069 7990 0 1.95346243
Link 632 13 8003 0 -0.82794049
Link 134 265 8004 0 1.80587303
Link 201 237 8027 0 -2.92482070
Link 379 193 8059 0 3.52933433
Link 376 18 8068 0 -0.92915432
Link 478 1086 8085 0 3.38621703
Link 1086 27 8086 0 -1.06266044
Link 47 379 8121 1 -0.81798362
Link 26 28 8144 0 -1.47025976
Link 309 87 8155 1 -0.84981135
Link 237 1093 8184 0 -0.02729398
Link 1093 121 8185 0 -0.11155008
Link 289 401 8189 0 -3.53902379
Link 69 806 8211 0 -1.25967406
Link 53 1096 8221 0 -4.20053247
Link 1096 98 8222 0 -2.53392802
Link 18 132 8244 0 0.73534084
Link 474 66 8269 1 1.12946717
Link 710 710 8287 1 -1.91394912
Link 22 436 8292 0 0.03017033
Link 87 265 8315 0 1.50791507
Link 87 817 8317 0 -1.28592659
Link 553 1105 8326 0 -0.47496091
Link 1105 13 8327 0 -2.41066043
Link 436 71 8354 0 2.54791697
Link 26 561 8453 0 -2.96031496
Link 12 470 8515 1 -0.19585376
Link 747 747 8532 1 -0.32014671
Link 519 29 8538 0 1.61862196
Link 285 35 8544 1 -0.37687889
Link 533 93 8567 0 2.63222679
Link 777 1133 8595 0 -0.99000549
Link 1133 56 8596 0 -0.61826995
Link 23 1029 8630 0 -0.14598619
Link 10 177 8639 1 -0.41650860
Link 41 948 8645 0 -0.34739209
Link 427 1153 8773 0 -1.71772698
Link 1153 710 8774 0 -0.00747253
Link 56 956 8780 0 -0.78015947
Link 93 277 8806 1 -1.50568544
Link 33 53 8811 0 3.69347170
Link 710 1071 8850 0 1.36178930
Link 1021 1157 8852 0 -1.07049452
Link 1157 1058 8853 0 2.05080046
Link 212 1160 8870 0 0.07173699
Link 1160 14 8871 0 1.38796109
Link 39 940 8875 1 2.49694227
Link 747 1162 8880 1 -0.65293359
Link 1162 525 8881 1 1.80441873
Link 586 53 8893 0 -1.73523903
Link 251 379 8945 1 1.96059870
Link 404 532 8948 0 -2.62897554
Link 1 1172 8972 0 -0.36341784
Link 1172 379 8973 0 -2.00914751
Link 245 1173 8976 1 1.00000000
Link 1173 1024 8977 1 1.49220481
Link 908 1184 9065 0 4.61627882
Link 1184 238 9066 0 -0.89001082
Link 661 84 9070 1 -0.07165117
Link 70 33 9081 0 -3.27611441
Link 34 314 9126 0 -4.82017003
Link 29 1193 9130 0 2.18105567
Link 1193 44 9131 0 -1.67040085
Link 364 36 9148 0 1.21350701
Link 3 90 9174 0 4.12628302
Link 632 501 9258 1 -0.24304505
Link 979 1212 9278 0 -1.79891770
Link 1212 182 9279 0 -2.02836279
Link 774 1216 9305 1 -0.57175241
Link 1216 604 9306 1 1.43616208
Link 43 490 9309 0 4.50963345
Link 15 155 9316 1 -3.57174139
Link 58 604 9360 0 -1.15384933
Link 474 1222 9369 1 1.76049105
Link 1222 495 9370 1 0.16887096
Link 535 1227 9407 1 0.85846733
Link 1227 671 9408 1 -1.68359341
Link 405 1229 9424 1 2.00334950
Link 1229 907 9425 1 2.50694657
Link 501 777 9427 1 3.19873725
Link 1024 1238 9507 1 1.00000000
Link 1238 525 9508 1 2.28819043
Link 1043 1246 9583 0 -0.08732812
Link 1246 234 9584 0 -0.99715690
Link 1193 490 9623 0 1.91228608
Link 1245 259 9644 0 -1.84669978
Link 237 1259 9723 0 1.27473153
Link 1259 1245 9724 0 -0.21967347
Link 8 1268 9784 0 -1.85496487
Link 1268 387 9785 0 4.24591965
Link 98 442 9786 0 -3.42102154
Link 28 100 9794 0 -1.83470668
Link 71 61 9804 0 1.85230472
Link 234 935 9867 1 -4.12559910
Link 177 52 9876 1 3.20038339
Link 2 926 9890 0 0.47480331
Link 106 1286 9912 0 -1.15884082
Link 1286 926 9913 0 0.90997718
Link 71 956 9917 0 1.95346029
Link 407 30 9930 0 0.15470158
Link 201 309 9949 0 1.65001947
Link 1290 480 9952 0 -0.18070491
Link 485 947 9956 0 1.89009569
Link 3 1296 9999 0 1.72958949
Link 1296 52 10000 0 5.89826475
Link 850 189 10025 0 -1.80858025
Link 376 237 10034 1 1.40338649
Link 42 1306 10083 0 0.63277723
Link 1306 23 10084 0 -0.66199411
Link 850 1307 10095 1 1.53784300
Link 1307 1024 10096 1 0.19852326
Link 7 409 10100 0 0.56766982
Link 78 147 10102 0 3.43929534
Link 26 1310 10108 0 0.79277191
Link 1310 98 10109 0 -1.15053800
Link 28 1311 10115 0 -1.34572325
Link 1311 490 10116 0 -2.10615053
Link 52 1313 10145 1 0.66119059
Link 1313 747 10146 1 -2.68278310
Link 76 810 10148 1 0.66659387
Link 994 669 10197 0 -1.32056897
Link 485 63 10208 1 -1.79616807
Link 94 59 10260 0 4.11470823
Link 201 478 10306 0 -5.56720475
Link 250 1334 10359 0 -1.47563357
Link 1334 63 10360 0 3.31121245
Link 1043 669 10463 0 -0.85790371
Link 376 52 10518 0 2.41341849
Link 908 953 10523 0 -0.22054672
Link 309 270 10621 0 -2.07848616
Link 44 1374 10661 0 -0.59149925
Link 1374 407 10662 0 0.31524359
Link 519 42 10676 0 1.46536782
Link 519 981 10718 1 -2.21966133
Link 199 1396 10837 0 -0.70087552
Link 1396 13 10838 0 2.00901213
Link 166 15 10871 0 1.98600625
Link 37 30 10873 0 0.90331415
Link 2 947 10891 0 -4.29223158
Link 134 663 10903 0 0.60301452
Link 53 1406 10931 0 -0.85756656
Link 1406 42 10932 0 -2.15861451
Link 44 745 10959 0 0.53526161
Link 480 260 10987 0 -0.32632870
Link 58 50 11022 0 -0.35405323
Link 1055 147 11120 0 -1.13962794
Link 5 1043 11140 0 3.71462150
Link 53 251 11155 0 -1.50411252
Link 128 71 11181 0 2.25150815
Link 841 1438 11201 0 -0.32157524
Link 1438 245 11202 0 -1.76646738
Link 317 127 11285 0 -2.95125067
Link 661 511 11321 0 -3.65190465
Link 209 18 11327 0 2.46664849
Link 407 1455 11363 0 0.72641158
Link 1455 1004 11364 0 -1.98499757
Link 364 69 11443 0 -3.36877182
Link 485 490 11488 0 -1.36417411
Link 427 1475 11549 0 0.42916092
Link 1475 1055 11550 0 3.80983439
Link 474 1486 11650 0 -1.07641985
Link 1486 663 11651 0 -4.36802365
Link 512 270 11652 0 1.49356640
Link 251 599 11659 1 0.48939747
Link 33 480 11709 0 -0.87913272
Link 806 87 11835 1 -2.07873802
Link 2 264 11882 0 1.22323906
Link 747 579 12017 0 5.76471820
Link 66 57 12130 0 0.55194371
Link 1 1538 12182 0 0.41560474
Link 1538 166 12183 0 -2.65047812
Link 376 76 12270 0 2.99266972
Link 464 1184 12314 0 1.82382294
Link 1568 512 12438 1 -0.63887390
Link 500 1575 12473 0 1.59324181
Link 1575 193 12474 0 -0.18123264
Link 68 599 12592 0 0.67427035
Link 673 65 12631 0 -2.42115281
Link 197 127 12668 0 0.61067996
Link 478 1595 12700 0 -4.08774128
Link 1595 130 12701 0 1.37759073
Link 3 1538 12720 0 1.93562495
Link 780 238 12812 0 -1.08486436
Link 44 841 12912 0 -1.21635768
Link 189 212 12951 0 -0.21322287
Link 6 1037 12985 0 -2.19357585
Link 379 41 13030 0 -2.29974190
Link 549 1086 13101 0 -0.89356252
Link 189 561 13224 1 1.57010197
Link 1538 1071 13300 0 3.21197995
Link 47 598 13371 0 1.14499079
Link 30 30 13434 1 4.54574538
Link 1004 1696 13578 0 2.60304302
Link 1696 1290 13579 0 -0.19305087
Link 512 1710 13685 1 1.77246222
Link 1710 1568 13686 1 1.26244133
Link 817 63 13704 1 1.97817579
Link 212 1731 13847 0 2.61140218
Link 1731 14 13848 0 0.85433013
Link 1306 47 13950 0 0.51090680
Link 1227 1786 14290 0 3.35929598
Link 1786 555 14291 0 0.39884828
Link 397 204 14428 1 -3.30292441
Link 220 210 14464 0 0.74321011
Link 553 268 14608 0 0.48909432
Link 1475 673 14623 1 0.83210391
Link 24 289 14676 0 2.68438115
Link 31 549 14810 0 2.54567063
Link 1486 871 15031 1 -0.76586408
Link 512 309 15112 0 0.73395303
Link 800 1879 15151 0 0.75955932
Link 1879 10 15152 0 0.64294274
Link 777 1036 15301 0 -2.11733998
Link 1313 1313 15359 1 2.91773908
Link 1268 900 15380 0 0.05864230
Link 979 54 15419 0 2.01641481
Link 1374 1406 15448 0 0.33133880
Link 1193 1086 15489 0 1.91932262
Link 527 36 15546 0 -0.78658866
GenomeEnd

