GenomeStart 38094
Neuron 1 1 0.00000000 1 0.00000000 0.00000000 0.00000000 0.00000000
Neuron 2 1 0.00000000 1 0.00000000 0.00000000 0.00000000 0.00000000
Neuron 3 1 0.00000000 1 0.00000000 0.00000000 0.00000000 0.00000000
Neuron 4 1 0.00000000 1 0.00000000 0.00000000 0.00000000 0.00000000
Neuron 5 1 0.00000000 1 0.00000000 0.00000000 0.00000000 0.00000000
Neuron 6 1 0.00000000 1 0.00000000 0.00000000 0.00000000 0.00000000
Neuron 7 1 0.00000000 1 0.00000000 0.00000000 0.00000000 0.00000000
Neuron 8 1 0.00000000 1 0.00000000 0.00000000 0.00000000 0.00000000
Neuron 9 2 0.00000000 1 0.00000000 0.00000000 0.00000000 0.00000000
Neuron 10 4 1.00000000 0 1.00000000 0.00000000 0.00000000 0.00000000
Neuron 11 4 1.00000000 0 1.00000000 0.00000000 0.00000000 0.00000000
Neuron 12 4 1.00000000 0 1.00000000 0.00000000 0.00000000 0.00000000
Neuron 13 4 1.00000000 0 1.00000000 0.00000000 0.00000000 0.00000000
Neuron 14 4 1.00000000 0 1.00000000 0.00000000 0.00000000 0.00000000
Neuron 15 4 1.00000000 0 1.00000000 0.00000000 0.00000000 0.00000000
Neuron 16 4 1.00000000 0 1.00000000 0.00000000 0.00000000 0.00000000
Neuron 17 3 0.50000000 1 1.00000000 0.00000000 0.00000000 0.00000000
Neuron 18 3 0.50000000 1 1.00000000 0.00000000 0.00000000 0.00000000
Neuron 20 3 0.50000000 1 1.00000000 0.00000000 0.00000000 0.00000000
Neuron 23 3 0.50000000 1 1.00000000 0.00000000 0.00000000 0.00000000
Neuron 24 3 0.50000000 1 1.00000000 0.00000000 0.00000000 0.00000000
Neuron 29 3 0.50000000 1 1.00000000 0.00000000 0.00000000 0.00000000
Neuron 38 3 0.50000000 1 1.00000000 0.00000000 0.00000000 0.00000000
Neuron 43 3 0.50000000 1 1.00000000 0.00000000 0.00000000 0.00000000
Neuron 45 3 0.50000000 1 1.00000000 0.00000000 0.00000000 0.00000000
Neuron 52 3 0.50000000 1 1.00000000 0.00000000 0.00000000 0.00000000
Neuron 55 3 0.50000000 1 1.00000000 0.00000000 0.00000000 0.00000000
Neuron 56 3 0.50000000 1 1.00000000 0.00000000 0.00000000 0.00000000
Neuron 66 3 0.50000000 1 1.00000000 0.00000000 0.00000000 0.00000000
Neuron 69 3 0.50000000 1 1.00000000 0.00000000 0.00000000 0.00000000
Neuron 70 3 0.50000000 1 1.00000000 0.00000000 0.00000000 0.00000000
Neuron 87 3 0.25000000 1 1.00000000 0.00000000 0.00000000 0.00000000
Neuron 94 3 0.25000000 1 1.00000000 0.00000000 0.00000000 0.00000000
Neuron 128 3 0.37500000 1 1.00000000 0.00000000 0.00000000 0.00000000
Neuron 130 3 0.75000000 1 1.00000000 0.00000000 0.00000000 0.00000000
Neuron 132 3 0.75000000 1 1.00000000 0.00000000 0.00000000 0.00000000
Neuron 134 3 0.25000000 1 1.00000000 0.00000000 0.00000000 0.00000000
Neuron 177 3 0.75000000 1 1.00000000 0.00000000 0.00000000 0.00000000
Neuron 193 3 0.75000000 1 1.00000000 0.00000000 0.00000000 0.00000000
Neuron 197 3 0.75000000 1 1.00000000 0.00000000 0.00000000 0.00000000
Neuron 204 3 0.25000000 1 1.00000000 0.00000000 0.00000000 0.00000000
Neuron 216 3 0.87500000 1 1.00000000 0.00000000 0.00000000 0.00000000
Neuron 234 3 0.75000000 1 1.00000000 0.00000000 0.00000000 0.00000000
Neuron 238 3 0.75000000 1 1.00000000 0.00000000 0.00000000 0.00000000
Neuron 245 3 0.62500000 1 1.00000000 0.00000000 0.00000000 0.00000000
Neuron 285 3 0.87500000 1 1.00000000 0.00000000 0.00000000 0.00000000
Neuron 293 3 0.81250000 1 1.00000000 0.00000000 0.00000000 0.00000000
Neuron 309 3 0.50000000 1 1.00000000 0.00000000 0.00000000 0.00000000
Neuron 379 3 0.12500000 1 1.00000000 0.00000000 0.00000000 0.00000000
Neuron 401 3 0.62500000 1 1.00000000 0.00000000 0.00000000 0.00000000
Neuron 405 3 0.78125000 1 1.00000000 0.00000000 0.00000000 0.00000000
Neuron 427 3 0.12500000 1 1.00000000 0.00000000 0.00000000 0.00000000
Neuron 474 3 0.75000000 1 1.00000000 0.00000000 0.00000000 0.00000000
Neuron 495 3 0.37500000 1 1.00000000 0.00000000 0.00000000 0.00000000
Neuron 500 3 0.62500000 1 1.00000000 0.00000000 0.00000000 0.00000000
Neuron 507 3 0.25000000 1 1.00000000 0.00000000 0.00000000 0.00000000
Neuron 519 3 0.37500000 1 1.00000000 0.00000000 0.00000000 0.00000000
Neuron 525 3 0.25000000 1 1.00000000 0.00000000 0.00000000 0.00000000
Neuron 604 3 1.00000000 1 1.00000000 0.00000000 0.00000000 0.00000000
Neuron 661 3 0.75000000 1 1.00000000 0.00000000 0.00000000 0.00000000
Neuron 663 3 0.87500000 1 1.00000000 0.00000000 0.00000000 0.00000000
Neuron 671 3 0.25000000 1 1.00000000 0.00000000 0.00000000 0.00000000
Link 2 10 2 0 -0.11383214
Link 3 10 3 0 -5.85869206
Link 4 10 4 0 3.28454069
Link 5 10 5 0 -2.93249682
Link 6 10 6 0 -0.75745826
Link 8 10 8 0 -3.83013624
Link 9 10 9 0 -2.14575037
Link 1 11 10 0 1.79109607
Link 2 11 11 0 5.62833640
Link 4 11 13 0 2.04308029
Link 6 11 15 0 2.57543740
Link 7 11 16 0 5.39566957
Link 9 11 18 0 -2.35250872
Link 1 12 19 0 5.79571285
Link 2 12 20 0 0.00793501
Link 4 12 22 0 0.09643012
Link 5 12 23 0 4.12880308
Link 8 12 26 0 -2.30985441
Link 9 12 27 0 0.30486861
Link 2 13 29 0 -3.15233957
Link 6 13 33 0 4.41800320
Link 7 13 34 0 5.30021430
Link 8 13 35 0 -1.35799680
Link 9 13 36 0 0.66584998
Link 1 14 37 0 -2.07231064
Link 2 14 38 0 -1.62158838
Link 3 14 39 0 -6.23092956
Link 5 14 41 0 -0.28679854
Link 6 14 42 0 1.95233237
Link 8 14 44 0 -1.04529261
Link 9 14 45 0 -0.88331588
Link 1 15 46 0 -4.09237021
Link 2 15 47 0 0.20761670
Link 6 15 51 0 1.22814180
Link 7 15 52 0 -4.39824217
Link 8 15 53 0 3.27750928
Link 9 15 54 0 1.07373765
Link 4 16 58 0 2.01661202
Link 5 16 59 0 1.61665748
Link 6 16 60 0 6.16817702
Link 9 16 63 0 -2.92298199
Link 8 17 65 0 1.05653630
Link 17 16 66 0 -0.52410484
Link 7 18 68 0 -5.24033812
Link 18 14 69 0 3.64176799
Link 4 23 83 0 -0.77142601
Link 23 15 84 0 4.14574101
Link 4 38 129 0 0.78421450
Link 8 43 146 0 -2.94619977
Link 43 11 147 0 2.10152372
Link 45 11 153 0 4.71578806
Link 1 52 174 0 2.72510516
Link 52 13 175 0 0.12008781
Link 6 55 186 0 1.39481364
Link 55 12 187 0 -0.84887919
Link 3 56 193 0 1.01789657
Link 56 13 194 0 -1.83470592
Link 3 66 269 0 0.86774541
Link 66 15 270 0 0.49886949
Link 1 69 309 0 0.69118932
Link 5 70 314 0 -0.04766504
Link 70 15 315 0 -3.01797142
Link 52 11 346 0 0.42903944
Link 9 18 405 0 -2.72050623
Link 1 24 426 0 1.19353217
Link 3 87 450 0 0.63772783
Link 87 45 451 0 0.22223092
Link 18 24 554 0 1.18594840
Link 94 128 837 0 0.95892083
Link 128 20 838 0 2.83513302
Link 130 52 854 1 -1.08988484
Link 38 132 863 0 1.02526803
Link 132 14 864 0 -1.07965650
Link 3 134 873 0 0.66079500
Link 134 24 874 0 -2.50530385
Link 18 20 938 0 -4.71703441
Link 94 14 961 0 4.26878194
Link 11 177 1209 1 -3.81117546
Link 177 43 1210 1 -1.18976710
Link 193 12 1311 0 0.62941669
Link 197 12 1351 0 -2.42311034
Link 204 24 1391 0 3.79992207
Link 10 216 1458 1 1.25553086
Link 216 130 1459 1 0.97998408
Link 69 234 1546 0 1.79573108
Link 234 16 1547 0 4.84703708
Link 29 238 1580 0 1.10241396
Link 238 10 1581 0 2.17266471
Link 24 245 1626 0 1.48999216
Link 245 197 1627 0 0.47576935
Link 4 197 1754 0 3.33077054
Link 285 14 1869 0 -2.52400450
Link 293 285 1907 0 1.15863808
Link 7 309 2017 0 0.93033978
Link 309 14 2018 0 4.70920731
Link 285 13 2106 0 1.59454218
Link 285 10 2120 0 -2.29199843
Link 6 285 2254 0 -1.55241554
Link 70 52 2284 0 -1.73621847
Link 7 379 2471 0 1.07936149
Link 379 94 2472 0 -2.70986306
Link 94 293 2510 0 -1.60154350
Link 14 401 2634 1 -0.86540262
Link 401 204 2635 1 -0.36258597
Link 177 405 2654 0 3.05520776
Link 405 293 2655 0 -0.38144280
Link 18 12 2657 0 1.75743871
Link 24 16 2769 0 -0.12726724
Link 177 16 2826 0 4.51022004
Link 7 427 2840 0 1.49235714
Link 427 204 2841 0 0.97832334
Link 20 474 3150 0 1.82677364
Link 245 495 3313 1 2.27073333
Link 495 427 3314 1 0.57948449
Link 20 500 3357 0 -0.03033698
Link 500 193 3358 0 1.10353066
Link 94 507 3420 1 -0.89143068
Link 3 519 3477 0 0.79247453
Link 519 177 3478 0 -1.15100259
Link 1 525 3537 0 1.38051803
Link 525 29 3538 0 1.68609460
Link 38 20 3677 0 -1.91983355
Link 427 23 3708 0 -4.44859613
Link 23 193 3711 0 0.05826886
Link 7 134 3768 0 -0.54408139
Link 10 55 3888 1 4.55306964
Link 45 193 3987 0 2.97664700
Link 12 604 4157 1 0.36421761
Link 604 12 4158 1 -0.81484764
Link 5 66 4180 0 1.86862098
Link 525 10 4228 0 0.57400342
Link 38 12 4249 0 0.89244659
Link 18 401 4413 0 -0.81140437
Link 52 69 4428 0 1.37445150
Link 4 507 4565 0 -0.98555953
Link 525 474 4632 0 -1.86554380
Link 474 661 4657 1 1.01321284
Link 661 474 4658 1 -0.04523496
Link 474 663 4669 0 -0.55986814
Link 663 11 4670 0 -1.04805591
Link 507 671 4733 1 1.01396949
Link 671 94 4734 1 -2.12063199
Link 427 427 4769 1 0.73969822
Link 401 525 4935 1 0.89353631
Link 38 405 4977 0 -3.85686049
Link 1 130 4995 0 1.36777525
Link 293 525 5084 1 0.45413994
Link 238 238 5137 1 1.36972179
Link 128 38 5186 0 2.39756130
Link 405 20 5208 1 -1.69097187
Link 525 525 5308 1 2.98042956
Link 519 245 5322 0 0.78061453
Link 8 663 5480 0 1.02573250
Link 132 401 5767 1 -3.32061392
Link 130 204 5811 1 -1.32563081
Link 17 87 5911 1 0.48307379
Link 55 52 5973 0 0.32113137
Link 43 405 6015 0 -1.64240153
GenomeEnd

