GenomeStart 73379
Neuron 1 1 0.00000000 1 0.00000000 0.00000000 0.00000000 0.00000000
Neuron 2 1 0.00000000 1 0.00000000 0.00000000 0.00000000 0.00000000
Neuron 3 1 0.00000000 1 0.00000000 0.00000000 0.00000000 0.00000000
Neuron 4 1 0.00000000 1 0.00000000 0.00000000 0.00000000 0.00000000
Neuron 5 1 0.00000000 1 0.00000000 0.00000000 0.00000000 0.00000000
Neuron 6 1 0.00000000 1 0.00000000 0.00000000 0.00000000 0.00000000
Neuron 7 1 0.00000000 1 0.00000000 0.00000000 0.00000000 0.00000000
Neuron 8 1 0.00000000 1 0.00000000 0.00000000 0.00000000 0.00000000
Neuron 9 2 0.00000000 1 0.00000000 0.00000000 0.00000000 0.00000000
Neuron 10 4 1.00000000 0 1.00000000 0.00000000 0.00000000 0.00000000
Neuron 11 4 1.00000000 0 1.00000000 0.00000000 0.00000000 0.00000000
Neuron 12 4 1.00000000 0 1.00000000 0.00000000 0.00000000 0.00000000
Neuron 13 4 1.00000000 0 1.00000000 0.00000000 0.00000000 0.00000000
Neuron 14 4 1.00000000 0 1.00000000 0.00000000 0.00000000 0.00000000
Neuron 15 4 1.00000000 0 1.00000000 0.00000000 0.00000000 0.00000000
Neuron 16 4 1.00000000 0 1.00000000 0.00000000 0.00000000 0.00000000
Neuron 17 3 0.50000000 1 1.00000000 0.00000000 0.00000000 0.00000000
Neuron 18 3 0.50000000 1 1.00000000 0.00000000 0.00000000 0.00000000
Neuron 20 3 0.50000000 1 1.00000000 0.00000000 0.00000000 0.00000000
Neuron 22 3 0.50000000 1 1.00000000 0.00000000 0.00000000 0.00000000
Neuron 23 3 0.50000000 1 1.00000000 0.00000000 0.00000000 0.00000000
Neuron 26 3 0.50000000 1 1.00000000 0.00000000 0.00000000 0.00000000
Neuron 27 3 0.50000000 1 1.00000000 0.00000000 0.00000000 0.00000000
Neuron 28 3 0.50000000 1 1.00000000 0.00000000 0.00000000 0.00000000
Neuron 32 3 0.50000000 1 1.00000000 0.00000000 0.00000000 0.00000000
Neuron 33 3 0.50000000 1 1.00000000 0.00000000 0.00000000 0.00000000
Neuron 34 3 0.50000000 1 1.00000000 0.00000000 0.00000000 0.00000000
Neuron 35 3 0.50000000 1 1.00000000 0.00000000 0.00000000 0.00000000
Neuron 36 3 0.50000000 1 1.00000000 0.00000000 0.00000000 0.00000000
Neuron 37 3 0.50000000 1 1.00000000 0.00000000 0.00000000 0.00000000
Neuron 39 3 0.50000000 1 1.00000000 0.00000000 0.00000000 0.00000000
Neuron 41 3 0.50000000 1 1.00000000 0.00000000 0.00000000 0.00000000
Neuron 42 3 0.50000000 1 1.00000000 0.00000000 0.00000000 0.00000000
Neuron 44 3 0.50000000 1 1.00000000 0.00000000 0.00000000 0.00000000
Neuron 46 3 0.50000000 1 1.00000000 0.00000000 0.00000000 0.00000000
Neuron 48 3 0.50000000 1 1.00000000 0.00000000 0.00000000 0.00000000
Neuron 52 3 0.50000000 1 1.00000000 0.00000000 0.00000000 0.00000000
Neuron 53 3 0.50000000 1 1.00000000 0.00000000 0.00000000 0.00000000
Neuron 54 3 0.50000000 1 1.00000000 0.00000000 0.00000000 0.00000000
Neuron 55 3 0.50000000 1 1.00000000 0.00000000 0.00000000 0.00000000
Neuron 56 3 0.50000000 1 1.00000000 0.00000000 0.00000000 0.00000000
Neuron 58 3 0.50000000 1 1.00000000 0.00000000 0.00000000 0.00000000
Neuron 59 3 0.50000000 1 1.00000000 0.00000000 0.00000000 0.00000000
Neuron 63 3 0.50000000 1 1.00000000 0.00000000 0.00000000 0.00000000
Neuron 64 3 0.75000000 1 1.00000000 0.00000000 0.00000000 0.00000000
Neuron 65 3 0.50000000 1 1.00000000 0.00000000 0.00000000 0.00000000
Neuron 67 3 0.50000000 1 1.00000000 0.00000000 0.00000000 0.00000000
Neuron 68 3 0.50000000 1 1.00000000 0.00000000 0.00000000 0.00000000
Neuron 69 3 0.50000000 1 1.00000000 0.00000000 0.00000000 0.00000000
Neuron 70 3 0.50000000 1 1.00000000 0.00000000 0.00000000 0.00000000
Neuron 71 3 0.50000000 1 1.00000000 0.00000000 0.00000000 0.00000000
Neuron 76 3 0.75000000 1 1.00000000 0.00000000 0.00000000 0.00000000
Neuron 77 3 0.25000000 1 1.00000000 0.00000000 0.00000000 0.00000000
Neuron 82 3 0.25000000 1 1.00000000 0.00000000 0.00000000 0.00000000
Neuron 84 3 0.50000000 1 1.00000000 0.00000000 0.00000000 0.00000000
Neuron 98 3 0.75000000 1 1.00000000 0.00000000 0.00000000 0.00000000
Neuron 100 3 0.75000000 1 1.00000000 0.00000000 0.00000000 0.00000000
Neuron 102 3 0.75000000 1 1.00000000 0.00000000 0.00000000 0.00000000
Neuron 106 3 0.25000000 1 1.00000000 0.00000000 0.00000000 0.00000000
Neuron 112 3 0.75000000 1 1.00000000 0.00000000 0.00000000 0.00000000
Neuron 121 3 0.25000000 1 1.00000000 0.00000000 0.00000000 0.00000000
Neuron 127 3 0.75000000 1 1.00000000 0.00000000 0.00000000 0.00000000
Neuron 135 3 0.75000000 1 1.00000000 0.00000000 0.00000000 0.00000000
Neuron 143 3 0.12500000 1 1.00000000 0.00000000 0.00000000 0.00000000
Neuron 147 3 0.25000000 1 1.00000000 0.00000000 0.00000000 0.00000000
Neuron 155 3 0.25000000 1 1.00000000 0.00000000 0.00000000 0.00000000
Neuron 166 3 0.25000000 1 1.00000000 0.00000000 0.00000000 0.00000000
Neuron 182 3 0.37500000 1 1.00000000 0.00000000 0.00000000 0.00000000
Neuron 189 3 0.75000000 1 1.00000000 0.00000000 0.00000000 0.00000000
Neuron 199 3 0.75000000 1 1.00000000 0.00000000 0.00000000 0.00000000
Neuron 201 3 0.25000000 1 1.00000000 0.00000000 0.00000000 0.00000000
Neuron 209 3 0.25000000 1 1.00000000 0.00000000 0.00000000 0.00000000
Neuron 210 3 0.25000000 1 1.00000000 0.00000000 0.00000000 0.00000000
Neuron 211 3 0.75000000 1 1.00000000 0.00000000 0.00000000 0.00000000
Neuron 212 3 0.75000000 1 1.00000000 0.00000000 0.00000000 0.00000000
Neuron 225 3 0.50000000 1 1.00000000 0.00000000 0.00000000 0.00000000
Neuron 234 3 0.75000000 1 1.00000000 0.00000000 0.00000000 0.00000000
Neuron 237 3 0.25000000 1 1.00000000 0.00000000 0.00000000 0.00000000
Neuron 251 3 1.00000000 1 1.00000000 0.00000000 0.00000000 0.00000000
Neuron 259 3 0.62500000 1 1.00000000 0.00000000 0.00000000 0.00000000
Neuron 260 3 0.50000000 1 1.00000000 0.00000000 0.00000000 0.00000000
Neuron 262 3 0.25000000 1 1.00000000 0.00000000 0.00000000 0.00000000
Neuron 265 3 0.75000000 1 1.00000000 0.00000000 0.00000000 0.00000000
Neuron 268 3 0.87500000 1 1.00000000 0.00000000 0.00000000 0.00000000
Neuron 277 3 0.25000000 1 1.00000000 0.00000000 0.00000000 0.00000000
Neuron 289 3 0.50000000 1 1.00000000 0.00000000 0.00000000 0.00000000
Neuron 299 3 0.75000000 1 1.00000000 0.00000000 0.00000000 0.00000000
Neuron 332 3 0.25000000 1 1.00000000 0.00000000 0.00000000 0.00000000
Neuron 364 3 0.50000000 1 1.00000000 0.00000000 0.00000000 0.00000000
Neuron 376 3 0.50000000 1 1.00000000 0.00000000 0.00000000 0.00000000
Neuron 387 3 0.87500000 1 1.00000000 0.00000000 0.00000000 0.00000000
Neuron 397 3 0.75000000 1 1.00000000 0.00000000 0.00000000 0.00000000
Neuron 407 3 0.50000000 1 1.00000000 0.00000000 0.00000000 0.00000000
Neuron 436 3 0.50000000 1 1.00000000 0.00000000 0.00000000 0.00000000
Neuron 442 3 0.87500000 1 1.00000000 0.00000000 0.00000000 0.00000000
Neuron 478 3 0.50000000 1 1.00000000 0.00000000 0.00000000 0.00000000
Neuron 480 3 0.50000000 1 1.00000000 0.00000000 0.00000000 0.00000000
Neuron 485 3 0.75000000 1 1.00000000 0.00000000 0.00000000 0.00000000
Neuron 490 3 0.81250000 1 1.00000000 0.00000000 0.00000000 0.00000000
Neuron 498 3 0.93750000 1 1.00000000 0.00000000 0.00000000 0.00000000
Neuron 501 3 0.50000000 1 1.00000000 0.00000000 0.00000000 0.00000000
Neuron 532 3 0.25000000 1 1.00000000 0.00000000 0.00000000 0.00000000
Neuron 547 3 0.87500000 1 1.00000000 0.00000000 0.00000000 0.00000000
Neuron 553 3 0.87500000 1 1.00000000 0.00000000 0.00000000 0.00000000
Neuron 559 3 0.84375000 1 1.00000000 0.00000000 0.00000000 0.00000000
Neuron 560 3 0.12500000 1 1.00000000 0.00000000 0.00000000 0.00000000
Neuron 588 3 0.75000000 1 1.00000000 0.00000000 0.00000000 0.00000000
Neuron 669 3 0.62500000 1 1.00000000 0.00000000 0.00000000 0.00000000
Neuron 735 3 0.75000000 1 1.00000000 0.00000000 0.00000000 0.00000000
Neuron 738 3 0.62500000 1 1.00000000 0.00000000 0.00000000 0.00000000
Neuron 745 3 0.81250000 1 1.00000000 0.00000000 0.00000000 0.00000000
Neuron 777 3 0.37500000 1 1.00000000 0.00000000 0.00000000 0.00000000
Neuron 871 3 0.68750000 1 1.00000000 0.00000000 0.00000000 0.00000000
Neuron 934 3 0.12500000 1 1.00000000 0.00000000 0.00000000 0.00000000
Neuron 940 3 0.37500000 1 1.00000000 0.00000000 0.00000000 0.00000000
Neuron 947 3 0.75000000 1 1.00000000 0.00000000 0.00000000 0.00000000
Neuron 948 3 0.75000000 1 1.00000000 0.00000000 0.00000000 0.00000000
Neuron 956 3 0.50000000 1 1.00000000 0.00000000 0.00000000 0.00000000
Neuron 960 3 0.12500000 1 1.00000000 0.00000000 0.00000000 0.00000000
Neuron 983 3 0.50000000 1 1.00000000 0.00000000 0.00000000 0.00000000
Neuron 994 3 0.06250000 1 1.00000000 0.00000000 0.00000000 0.00000000
Neuron 1004 3 0.50000000 1 1.00000000 0.00000000 0.00000000 0.00000000
Neuron 1030 3 0.37500000 1 1.00000000 0.00000000 0.00000000 0.00000000
Neuron 1052 3 0.50000000 1 1.00000000 0.00000000 0.00000000 0.00000000
Neuron 1061 3 0.50000000 1 1.00000000 0.00000000 0.00000000 0.00000000
Neuron 1062 3 0.12500000 1 1.00000000 0.00000000 0.00000000 0.00000000
Neuron 1072 3 0.68750000 1 1.00000000 0.00000000 0.00000000 0.00000000
Neuron 1075 3 0.56250000 1 1.00000000 0.00000000 0.00000000 0.00000000
Neuron 1096 3 0.62500000 1 1.00000000 0.00000000 0.00000000 0.00000000
Neuron 1133 3 0.43750000 1 1.00000000 0.00000000 0.00000000 0.00000000
Neuron 1160 3 0.87500000 1 1.00000000 0.00000000 0.00000000 0.00000000
Neuron 1221 3 0.81250000 1 1.00000000 0.00000000 0.00000000 0.00000000
Neuron 1245 3 0.25000000 1 1.00000000 0.00000000 0.00000000 0.00000000
Neuron 1259 3 0.25000000 1 1.00000000 0.00000000 0.00000000 0.00000000
Neuron 1306 3 0.50000000 1 1.00000000 0.00000000 0.00000000 0.00000000
Neuron 1311 3 0.65625000 1 1.00000000 0.00000000 0.00000000 0.00000000
Neuron 1403 3 0.25000000 1 1.00000000 0.00000000 0.00000000 0.00000000
Link 1 10 1 0 1.44557420
Link 2 10 2 0 1.02906132
Link 3 10 3 0 0.82429611
Link 4 10 4 0 -1.78431167
Link 5 10 5 0 0.09754822
Link 6 10 6 0 0.94807168
Link 7 10 7 0 -0.55397805
Link 8 10 8 0 1.82865193
Link 9 10 9 0 -0.86175163
Link 1 11 10 0 1.53496150
Link 2 11 11 0 2.04484919
Link 3 11 12 0 -0.39981045
Link 6 11 15 0 1.36840176
Link 7 11 16 0 -1.00158416
Link 8 11 17 0 1.49642332
Link 9 11 18 0 -0.77737270
Link 1 12 19 0 3.88723831
Link 3 12 21 0 0.83369301
Link 4 12 22 0 -5.06044024
Link 5 12 23 0 -1.11863689
Link 8 12 26 0 1.30196823
Link 9 12 27 0 -1.25863521
Link 1 13 28 0 -1.09670814
Link 2 13 29 0 0.73735195
Link 3 13 30 0 2.34966315
Link 5 13 32 0 -0.78129695
Link 6 13 33 0 0.77106196
Link 8 13 35 0 -0.30176238
Link 1 14 37 0 -0.33223813
Link 2 14 38 0 -2.26897648
Link 4 14 40 0 0.33532665
Link 5 14 41 0 -2.05944506
Link 7 14 43 0 -1.47608574
Link 8 14 44 0 2.73534718
Link 9 14 45 0 -2.37390746
Link 1 15 46 0 2.90298266
Link 3 15 48 0 1.21784819
Link 4 15 49 0 -2.48761203
Link 9 15 54 0 0.33824059
Link 2 16 56 0 -0.64238552
Link 3 16 57 0 2.39861639
Link 4 16 58 0 -1.27064475
Link 5 16 59 0 0.99529384
Link 6 16 60 0 0.84357178
Link 7 16 61 0 -1.57086227
Link 8 17 65 0 -1.45494317
Link 17 16 66 0 -1.07534531
Link 18 14 69 0 -2.45645273
Link 7 20 74 0 0.56515610
Link 20 12 75 0 2.13644075
Link 7 22 80 0 3.98190837
Link 22 11 81 0 2.94601042
Link 4 23 83 0 -0.44063882
Link 23 15 84 0 0.88860386
Link 2 26 93 0 2.53250437
Link 8 27 96 0 -1.07095300
Link 27 14 97 0 0.07011949
Link 28 11 100 0 -0.08322539
Link 4 33 114 0 0.87304683
Link 33 10 115 0 1.68454414
Link 5 34 117 0 -1.58172030
Link 34 11 118 0 0.05981913
Link 4 35 120 0 1.96020967
Link 35 13 121 0 1.90844612
Link 2 36 123 0 -2.11635101
Link 6 37 126 0 2.52066735
Link 37 11 127 0 0.45877239
Link 3 39 132 0 -2.39017433
Link 39 16 133 0 -3.06366600
Link 41 14 140 0 0.88171005
Link 7 42 143 0 -0.20802746
Link 8 44 149 0 2.53469458
Link 8 46 155 0 -2.07646930
Link 48 10 162 0 -2.59077894
Link 52 13 175 0 0.11379506
Link 8 42 176 0 0.37276921
Link 53 14 179 0 2.72001418
Link 6 55 186 0 3.41765243
Link 55 12 187 0 -0.84586843
Link 46 10 191 0 1.82610574
Link 56 13 194 0 -0.28680043
Link 12 46 195 1 1.10865671
Link 6 58 202 0 2.26748885
Link 3 59 210 0 -0.42136110
Link 9 22 222 0 0.58628038
Link 6 63 246 0 0.74444805
Link 63 16 247 0 -1.16128024
Link 42 64 250 0 0.34889499
Link 64 15 251 0 0.74006997
Link 2 65 261 0 1.86885735
Link 65 15 262 0 0.64689651
Link 2 67 272 0 1.53621417
Link 67 13 273 0 -1.22655825
Link 36 13 290 0 1.16692532
Link 6 27 291 0 1.05740653
Link 2 68 303 0 0.63431337
Link 1 69 309 0 0.77919161
Link 71 13 319 0 2.18416144
Link 28 28 343 1 2.93702848
Link 52 11 346 0 0.52065258
Link 77 41 359 0 -0.36331674
Link 28 52 395 0 3.11764186
Link 1 82 409 0 1.87428742
Link 82 54 410 0 -1.11715723
Link 7 84 422 0 -0.86530764
Link 84 16 423 0 3.07133946
Link 11 36 435 1 -0.09362054
Link 52 52 465 1 1.36103396
Link 46 12 511 0 -0.91565037
Link 46 14 531 0 -1.82396970
Link 44 98 592 0 -3.66230172
Link 98 12 593 0 -2.38958605
Link 36 100 609 0 -0.30534333
Link 100 12 610 0 0.30496683
Link 68 102 619 0 1.66166792
Link 102 11 620 0 -1.67508108
Link 3 106 667 0 0.86666816
Link 58 112 707 0 -2.29720525
Link 15 42 714 1 -0.04407902
Link 54 127 824 0 -2.80549489
Link 127 15 825 0 0.47163495
Link 3 52 832 0 -0.90998141
Link 7 67 841 0 0.05961544
Link 135 56 878 1 0.17966133
Link 2 22 893 0 3.42239790
Link 6 143 927 0 0.34069771
Link 143 77 928 0 -0.77218547
Link 7 147 972 0 -2.66070494
Link 147 18 973 0 -0.14313882
Link 13 53 1001 1 1.71436805
Link 53 67 1032 0 0.65639387
Link 1 166 1136 0 -1.67151376
Link 166 53 1137 0 0.96106483
Link 106 182 1240 0 -2.32490673
Link 182 48 1241 0 1.88130994
Link 28 39 1313 0 -3.30370558
Link 32 199 1358 0 1.98039471
Link 201 32 1374 0 -1.39594129
Link 6 209 1417 0 -1.09908453
Link 209 67 1418 0 -0.43645277
Link 53 76 1419 0 1.38046361
Link 5 210 1422 0 -3.08056778
Link 210 70 1423 0 0.56367896
Link 26 211 1429 0 1.92540506
Link 211 14 1430 0 -1.35368582
Link 59 212 1440 0 -2.60127679
Link 135 13 1456 0 0.97189951
Link 225 22 1509 0 -1.11593057
Link 69 234 1546 0 1.42472686
Link 234 16 1547 0 0.31455544
Link 4 237 1571 0 1.93199326
Link 237 28 1572 0 0.52128679
Link 15 251 1662 1 -1.38081720
Link 251 15 1663 1 3.47709143
Link 39 259 1695 0 0.45596646
Link 259 189 1696 0 1.41195581
Link 7 260 1698 0 0.02721708
Link 260 13 1699 0 0.08235010
Link 36 68 1700 0 -1.24145913
Link 7 262 1707 0 -0.32487477
Link 262 71 1708 0 -4.06852604
Link 70 265 1731 0 2.14477353
Link 265 15 1732 0 -3.42977802
Link 13 268 1757 1 1.38594506
Link 3 277 1799 0 0.70867243
Link 277 56 1800 0 -1.45748535
Link 7 289 1884 0 -1.55711857
Link 15 32 1939 1 2.41649954
Link 13 299 1949 1 -2.21449569
Link 299 67 1950 1 -1.52860769
Link 54 84 2176 0 -0.46912329
Link 332 18 2212 0 1.71317121
Link 54 364 2392 0 -1.98643397
Link 364 22 2393 0 -0.54780878
Link 54 54 2403 1 -1.39338323
Link 376 225 2456 0 -1.18686648
Link 28 23 2507 0 0.00670516
Link 189 387 2530 0 0.40406809
Link 387 16 2531 0 -1.27176699
Link 48 135 2533 0 -1.92042971
Link 46 397 2613 0 2.53914029
Link 397 15 2614 0 -1.09694694
Link 44 407 2696 0 -2.83938287
Link 36 209 2736 1 -1.53616727
Link 63 15 2820 0 -3.04758660
Link 2 436 2903 0 -3.13907094
Link 436 12 2904 0 1.27739368
Link 22 76 3000 0 0.18339788
Link 5 106 3079 0 -1.72840412
Link 376 376 3186 1 2.46019069
Link 22 478 3189 0 -0.80841877
Link 478 27 3190 0 0.10796147
Link 480 63 3207 0 0.05789962
Link 16 485 3238 1 1.28072436
Link 76 490 3263 0 1.08065568
Link 28 26 3288 0 -3.56588411
Link 442 498 3335 0 -3.02031391
Link 498 15 3336 0 1.08576391
Link 44 501 3376 0 -1.02135371
Link 12 54 3467 1 1.64023690
Link 8 251 3552 0 1.15880093
Link 3 532 3627 0 -1.66538863
Link 112 547 3730 0 0.06825642
Link 547 15 3731 0 -0.86476267
Link 553 13 3782 0 -2.17374056
Link 490 559 3823 0 2.99469278
Link 559 442 3824 0 -1.91288669
Link 1 560 3826 0 1.19673905
Link 560 121 3827 0 -2.48164670
Link 289 588 4026 0 -1.69202020
Link 588 15 4027 0 2.48032316
Link 46 199 4150 0 -0.93810553
Link 36 26 4452 0 0.53469678
Link 485 669 4722 1 -1.53058376
Link 28 48 5100 0 -0.21514113
Link 121 71 5179 0 -0.13192891
Link 76 735 5224 0 1.75026129
Link 735 199 5225 0 3.97134027
Link 189 738 5239 1 1.57808111
Link 738 37 5240 1 -2.20117188
Link 268 745 5288 1 0.83452123
Link 745 135 5289 1 -0.39961770
Link 289 100 5354 0 0.80616987
Link 532 777 5558 0 3.08774058
Link 237 121 6066 0 -0.09553424
Link 52 871 6259 0 2.24478067
Link 871 268 6260 0 1.23779250
Link 5 442 6511 0 0.94804002
Link 16 121 6684 1 -2.39454427
Link 934 155 6711 0 1.50532192
Link 155 940 6755 0 -1.52599167
Link 940 46 6756 0 -1.25281120
Link 37 36 6758 0 -0.19916167
Link 64 947 6819 0 -0.96829800
Link 947 76 6820 0 1.83302393
Link 39 948 6822 0 0.91131714
Link 948 251 6823 0 1.90969739
Link 37 956 6928 0 1.01782024
Link 956 376 6929 0 0.92779445
Link 209 189 6967 0 1.53310622
Link 5 960 6978 0 0.77850659
Link 960 201 6979 0 0.51032255
Link 67 26 7035 0 1.37306143
Link 121 289 7051 0 -2.24500195
Link 98 387 7108 0 1.37709088
Link 67 983 7186 0 1.10656788
Link 983 289 7187 0 -0.49656806
Link 7 994 7282 0 2.36381775
Link 994 934 7283 0 0.09430928
Link 201 532 7317 0 -0.88804587
Link 127 48 7364 1 3.63791082
Link 407 1004 7399 0 1.19196439
Link 1004 480 7400 0 0.20706388
Link 121 1030 7592 0 -3.09767494
Link 1030 52 7593 0 0.37613467
Link 34 1052 7754 0 -0.59940938
Link 1052 18 7755 0 2.04986206
Link 501 1061 7821 0 -0.59752465
Link 1061 84 7822 0 -5.00133298
Link 26 199 7823 0 -0.90136397
Link 5 1062 7838 0 -1.62084538
Link 1062 332 7839 0 0.19400428
Link 934 10 7914 0 3.36789536
Link 553 1072 7938 1 0.23813854
Link 1072 289 7939 1 0.43257112
Link 669 1075 7958 1 2.07771746
Link 1075 46 7959 1 -3.69809172
Link 26 98 7969 0 1.39218724
Link 376 18 8068 0 1.31073331
Link 53 1096 8221 0 0.96773242
Link 1096 98 8222 0 0.68207526
Link 777 1133 8595 0 -0.56037995
Link 1133 56 8596 0 0.15032994
Link 41 948 8645 0 1.87532956
Link 56 956 8780 0 0.76043226
Link 33 53 8811 0 1.13109479
Link 33 70 8831 0 0.76716244
Link 212 1160 8870 0 0.58498926
Link 1160 14 8871 0 -2.20236572
Link 39 940 8875 1 -1.81992866
Link 15 155 9316 1 -0.99564669
Link 199 1221 9344 0 0.61849086
Link 1221 553 9345 0 1.32160418
Link 501 777 9427 1 -1.69815974
Link 1245 259 9644 0 -0.10911605
Link 237 1259 9723 0 -0.95917750
Link 1259 1245 9724 0 1.91655850
Link 98 442 9786 0 0.68807294
Link 71 956 9917 0 -0.33308092
Link 485 947 9956 0 -0.90791904
Link 376 237 10034 1 1.27741018
Link 42 1306 10083 0 3.97956103
Link 1306 23 10084 0 -0.45203805
Link 28 1311 10115 0 1.02097572
Link 1311 490 10116 0 0.87412610
Link 994 669 10197 0 0.39494548
Link 485 63 10208 1 0.43623977
Link 201 478 10306 0 1.85696350
Link 7 56 10477 0 1.29976376
Link 478 259 10666 0 -1.06104793
Link 166 15 10871 0 0.89848373
Link 2 947 10891 0 -1.40574033
Link 201 1403 10914 0 2.32860850
Link 1403 237 10915 0 -0.11303198
Link 44 745 10959 0 -2.34515804
Link 436 36 11017 0 -2.49796217
Link 112 1133 11059 1 -0.69521449
Link 376 155 11588 1 2.76206336
Link 147 33 11771 0 -1.03720466
Link 212 1096 11814 1 -3.01137694
Link 84 237 11917 1 -2.60400609
Link 532 1133 11988 0 3.71858554
Link 268 407 12086 1 0.38314137
Link 9 143 12217 0 0.76318958
Link 68 299 12377 0 4.30407374
Link 480 364 12487 0 -0.07523017
GenomeEnd

