GenomeStart 112209
Neuron 1 1 0.00000000 1 0.00000000 0.00000000 0.00000000 0.00000000
Neuron 2 1 0.00000000 1 0.00000000 0.00000000 0.00000000 0.00000000
Neuron 3 1 0.00000000 1 0.00000000 0.00000000 0.00000000 0.00000000
Neuron 4 1 0.00000000 1 0.00000000 0.00000000 0.00000000 0.00000000
Neuron 5 1 0.00000000 1 0.00000000 0.00000000 0.00000000 0.00000000
Neuron 6 1 0.00000000 1 0.00000000 0.00000000 0.00000000 0.00000000
Neuron 7 1 0.00000000 1 0.00000000 0.00000000 0.00000000 0.00000000
Neuron 8 1 0.00000000 1 0.00000000 0.00000000 0.00000000 0.00000000
Neuron 9 2 0.00000000 1 0.00000000 0.00000000 0.00000000 0.00000000
Neuron 10 4 1.00000000 0 1.00000000 0.00000000 0.00000000 0.00000000
Neuron 11 4 1.00000000 0 1.00000000 0.00000000 0.00000000 0.00000000
Neuron 12 4 1.00000000 0 1.00000000 0.00000000 0.00000000 0.00000000
Neuron 13 4 1.00000000 0 1.00000000 0.00000000 0.00000000 0.00000000
Neuron 14 4 1.00000000 0 1.00000000 0.00000000 0.00000000 0.00000000
Neuron 15 4 1.00000000 0 1.00000000 0.00000000 0.00000000 0.00000000
Neuron 16 4 1.00000000 0 1.00000000 0.00000000 0.00000000 0.00000000
Neuron 23 3 0.50000000 1 1.00000000 0.00000000 0.00000000 0.00000000
Neuron 31 3 0.50000000 1 1.00000000 0.00000000 0.00000000 0.00000000
Neuron 32 3 0.50000000 1 1.00000000 0.00000000 0.00000000 0.00000000
Neuron 37 3 0.50000000 1 1.00000000 0.00000000 0.00000000 0.00000000
Neuron 41 3 0.50000000 1 1.00000000 0.00000000 0.00000000 0.00000000
Neuron 49 3 0.50000000 1 1.00000000 0.00000000 0.00000000 0.00000000
Neuron 54 3 0.50000000 1 1.00000000 0.00000000 0.00000000 0.00000000
Neuron 60 3 0.50000000 1 1.00000000 0.00000000 0.00000000 0.00000000
Neuron 69 3 0.50000000 1 1.00000000 0.00000000 0.00000000 0.00000000
Neuron 76 3 0.50000000 1 1.00000000 0.00000000 0.00000000 0.00000000
Neuron 77 3 0.75000000 1 1.00000000 0.00000000 0.00000000 0.00000000
Neuron 86 3 0.50000000 1 1.00000000 0.00000000 0.00000000 0.00000000
Neuron 90 3 0.25000000 1 1.00000000 0.00000000 0.00000000 0.00000000
Neuron 124 3 0.75000000 1 1.00000000 0.00000000 0.00000000 0.00000000
Neuron 129 3 0.75000000 1 1.00000000 0.00000000 0.00000000 0.00000000
Neuron 131 3 0.25000000 1 1.00000000 0.00000000 0.00000000 0.00000000
Neuron 157 3 0.12500000 1 1.00000000 0.00000000 0.00000000 0.00000000
Neuron 169 3 0.75000000 1 1.00000000 0.00000000 0.00000000 0.00000000
Neuron 214 3 0.75000000 1 1.00000000 0.00000000 0.00000000 0.00000000
Neuron 215 3 0.25000000 1 1.00000000 0.00000000 0.00000000 0.00000000
Neuron 219 3 0.25000000 1 1.00000000 0.00000000 0.00000000 0.00000000
Neuron 220 3 0.37500000 1 1.00000000 0.00000000 0.00000000 0.00000000
Neuron 245 3 0.50000000 1 1.00000000 0.00000000 0.00000000 0.00000000
Neuron 252 3 0.62500000 1 1.00000000 0.00000000 0.00000000 0.00000000
Neuron 288 3 0.87500000 1 1.00000000 0.00000000 0.00000000 0.00000000
Neuron 289 3 0.75000000 1 1.00000000 0.00000000 0.00000000 0.00000000
Neuron 336 3 0.93750000 1 1.00000000 0.00000000 0.00000000 0.00000000
Neuron 365 3 0.25000000 1 1.00000000 0.00000000 0.00000000 0.00000000
Neuron 381 3 0.62500000 1 1.00000000 0.00000000 0.00000000 0.00000000
Neuron 403 3 0.12500000 1 1.00000000 0.00000000 0.00000000 0.00000000
Neuron 415 3 0.81250000 1 1.00000000 0.00000000 0.00000000 0.00000000
Neuron 441 3 0.12500000 1 1.00000000 0.00000000 0.00000000 0.00000000
Neuron 448 3 0.62500000 1 1.00000000 0.00000000 0.00000000 0.00000000
Neuron 452 3 0.50000000 1 1.00000000 0.00000000 0.00000000 0.00000000
Neuron 453 3 0.50000000 1 1.00000000 0.00000000 0.00000000 0.00000000
Neuron 503 3 0.81250000 1 1.00000000 0.00000000 0.00000000 0.00000000
Neuron 518 3 0.75000000 1 1.00000000 0.00000000 0.00000000 0.00000000
Neuron 526 3 0.37500000 1 1.00000000 0.00000000 0.00000000 0.00000000
Neuron 545 3 0.25000000 1 1.00000000 0.00000000 0.00000000 0.00000000
Neuron 578 3 0.50000000 1 1.00000000 0.00000000 0.00000000 0.00000000
Neuron 594 3 0.50000000 1 1.00000000 0.00000000 0.00000000 0.00000000
Neuron 604 3 0.50000000 1 1.00000000 0.00000000 0.00000000 0.00000000
Neuron 671 3 0.12500000 1 1.00000000 0.00000000 0.00000000 0.00000000
Neuron 704 3 0.50000000 1 1.00000000 0.00000000 0.00000000 0.00000000
Neuron 742 3 0.56250000 1 1.00000000 0.00000000 0.00000000 0.00000000
Neuron 754 3 0.62500000 1 1.00000000 0.00000000 0.00000000 0.00000000
Neuron 757 3 0.50000000 1 1.00000000 0.00000000 0.00000000 0.00000000
Neuron 761 3 0.37500000 1 1.00000000 0.00000000 0.00000000 0.00000000
Neuron 766 3 0.12500000 1 1.00000000 0.00000000 0.00000000 0.00000000
Neuron 767 3 0.50000000 1 1.00000000 0.00000000 0.00000000 0.00000000
Neuron 793 3 0.06250000 1 1.00000000 0.00000000 0.00000000 0.00000000
Neuron 813 3 0.90625000 1 1.00000000 0.00000000 0.00000000 0.00000000
Neuron 886 3 0.87500000 1 1.00000000 0.00000000 0.00000000 0.00000000
Neuron 888 3 0.71875000 1 1.00000000 0.00000000 0.00000000 0.00000000
Neuron 983 3 0.43750000 1 1.00000000 0.00000000 0.00000000 0.00000000
Neuron 999 3 0.50000000 1 1.00000000 0.00000000 0.00000000 0.00000000
Neuron 1032 3 0.34375000 1 1.00000000 0.00000000 0.00000000 0.00000000
Neuron 1052 3 0.50000000 1 1.00000000 0.00000000 0.00000000 0.00000000
Neuron 1067 3 0.53125000 1 1.00000000 0.00000000 0.00000000 0.00000000
Neuron 1123 3 0.25000000 1 1.00000000 0.00000000 0.00000000 0.00000000
Neuron 1127 3 0.50000000 1 1.00000000 0.00000000 0.00000000 0.00000000
Neuron 1210 3 0.18750000 1 1.00000000 0.00000000 0.00000000 0.00000000
Neuron 1219 3 0.50000000 1 1.00000000 0.00000000 0.00000000 0.00000000
Neuron 1274 3 0.43750000 1 1.00000000 0.00000000 0.00000000 0.00000000
Neuron 1275 3 0.06250000 1 1.00000000 0.00000000 0.00000000 0.00000000
Neuron 1287 3 0.12500000 1 1.00000000 0.00000000 0.00000000 0.00000000
Neuron 1403 3 0.09375000 1 1.00000000 0.00000000 0.00000000 0.00000000
Neuron 1417 3 0.37500000 1 1.00000000 0.00000000 0.00000000 0.00000000
Neuron 1435 3 0.87500000 1 1.00000000 0.00000000 0.00000000 0.00000000
Neuron 1443 3 0.50000000 1 1.00000000 0.00000000 0.00000000 0.00000000
Neuron 1466 3 0.37500000 1 1.00000000 0.00000000 0.00000000 0.00000000
Neuron 1528 3 0.06250000 1 1.00000000 0.00000000 0.00000000 0.00000000
Neuron 1568 3 0.53125000 1 1.00000000 0.00000000 0.00000000 0.00000000
Neuron 1574 3 0.18750000 1 1.00000000 0.00000000 0.00000000 0.00000000
Neuron 1576 3 0.50000000 1 1.00000000 0.00000000 0.00000000 0.00000000
Neuron 1584 3 0.81250000 1 1.00000000 0.00000000 0.00000000 0.00000000
Neuron 1603 3 0.06250000 1 1.00000000 0.00000000 0.00000000 0.00000000
Neuron 1634 3 0.43750000 1 1.00000000 0.00000000 0.00000000 0.00000000
Neuron 1706 3 0.50000000 1 1.00000000 0.00000000 0.00000000 0.00000000
Neuron 1722 3 0.53125000 1 1.00000000 0.00000000 0.00000000 0.00000000
Neuron 1726 3 0.31250000 1 1.00000000 0.00000000 0.00000000 0.00000000
Neuron 1740 3 0.18750000 1 1.00000000 0.00000000 0.00000000 0.00000000
Neuron 1750 3 0.03125000 1 1.00000000 0.00000000 0.00000000 0.00000000
Neuron 1774 3 0.50000000 1 1.00000000 0.00000000 0.00000000 0.00000000
Neuron 1790 3 0.81250000 1 1.00000000 0.00000000 0.00000000 0.00000000
Neuron 1791 3 0.50000000 1 1.00000000 0.00000000 0.00000000 0.00000000
Neuron 1795 3 0.53125000 1 1.00000000 0.00000000 0.00000000 0.00000000
Neuron 1921 3 0.25000000 1 1.00000000 0.00000000 0.00000000 0.00000000
Neuron 2053 3 0.50000000 1 1.00000000 0.00000000 0.00000000 0.00000000
Neuron 2055 3 0.50000000 1 1.00000000 0.00000000 0.00000000 0.00000000
Neuron 2066 3 0.09375000 1 1.00000000 0.00000000 0.00000000 0.00000000
Neuron 2088 3 0.26562500 1 1.00000000 0.00000000 0.00000000 0.00000000
Neuron 2117 3 0.46875000 1 1.00000000 0.00000000 0.00000000 0.00000000
Neuron 2156 3 0.50000000 1 1.00000000 0.00000000 0.00000000 0.00000000
Neuron 2157 3 0.25000000 1 1.00000000 0.00000000 0.00000000 0.00000000
Neuron 2166 3 0.71875000 1 1.00000000 0.00000000 0.00000000 0.00000000
Neuron 2195 3 0.50000000 1 1.00000000 0.00000000 0.00000000 0.00000000
Neuron 2246 3 0.54687500 1 1.00000000 0.00000000 0.00000000 0.00000000
Neuron 2277 3 0.84375000 1 1.00000000 0.00000000 0.00000000 0.00000000
Neuron 2295 3 0.34375000 1 1.00000000 0.00000000 0.00000000 0.00000000
Neuron 2347 3 0.37500000 1 1.00000000 0.00000000 0.00000000 0.00000000
Neuron 2452 3 0.60937500 1 1.00000000 0.00000000 0.00000000 0.00000000
Neuron 2563 3 0.37500000 1 1.00000000 0.00000000 0.00000000 0.00000000
Link 1 10 1 0 -1.58717166
Link 4 10 4 0 -2.40844009
Link 5 10 5 0 -0.45121054
Link 7 10 7 0 -2.28748478
Link 8 10 8 0 4.98860652
Link 1 11 10 0 -2.85573965
Link 5 11 14 0 0.45375377
Link 6 11 15 0 3.73187047
Link 7 11 16 0 -0.49298605
Link 8 11 17 0 -4.34317619
Link 9 11 18 0 -3.13362663
Link 1 12 19 0 -3.15146617
Link 2 12 20 0 2.12294723
Link 3 12 21 0 2.99920663
Link 5 12 23 0 2.77001205
Link 7 12 25 0 1.39011842
Link 9 12 27 0 3.00282735
Link 1 13 28 0 1.17319346
Link 3 13 30 0 1.82308522
Link 4 13 31 0 -0.76251547
Link 7 13 34 0 4.36954492
Link 9 13 36 0 -2.58870109
Link 1 14 37 0 2.30130313
Link 2 14 38 0 4.41418599
Link 3 14 39 0 2.24528890
Link 5 14 41 0 1.02120491
Link 6 14 42 0 -0.31251331
Link 2 15 47 0 -1.15006538
Link 3 15 48 0 -1.94561215
Link 4 15 49 0 -0.42240547
Link 5 15 50 0 -2.42999469
Link 6 15 51 0 -0.73088163
Link 7 15 52 0 -0.21286245
Link 9 15 54 0 3.09993247
Link 1 16 55 0 -3.02914437
Link 2 16 56 0 0.97450198
Link 3 16 57 0 -1.83445371
Link 5 16 59 0 -2.81549240
Link 9 16 63 0 4.02325851
Link 3 23 83 0 1.72851746
Link 23 11 84 0 -0.82164874
Link 5 31 107 0 1.97639147
Link 31 13 108 0 -0.35912507
Link 8 37 125 0 2.34582672
Link 37 12 126 0 1.32441321
Link 4 41 140 0 1.00000000
Link 41 12 141 0 0.61747254
Link 8 49 169 0 1.28871492
Link 49 13 170 0 -0.70550420
Link 5 54 192 0 0.93248079
Link 54 16 193 0 1.21854848
Link 9 23 222 0 -3.38331712
Link 2 23 223 0 -2.28625226
Link 23 16 296 0 -0.81305370
Link 60 77 316 0 0.98658240
Link 77 14 317 0 0.39724541
Link 3 69 379 0 0.48286683
Link 54 15 404 0 0.93190323
Link 6 86 406 0 -0.16763188
Link 5 37 417 0 2.74717797
Link 23 69 536 0 1.36889056
Link 76 124 752 0 1.37963200
Link 124 15 753 0 -0.73338796
Link 69 129 792 0 0.47467615
Link 7 131 809 0 1.02447716
Link 131 60 810 0 2.43713085
Link 11 54 825 1 -1.60047981
Link 6 37 959 0 0.88911881
Link 2 157 964 0 0.89588219
Link 157 90 965 0 1.58342793
Link 32 169 1029 0 1.06374655
Link 169 10 1030 0 0.08528286
Link 90 37 1159 0 -1.91464970
Link 3 86 1291 0 2.66891715
Link 86 214 1319 0 1.03979706
Link 90 220 1392 0 -0.10001576
Link 220 23 1393 0 -0.48863255
Link 76 23 1464 0 -2.14596437
Link 90 32 1497 0 -0.62602826
Link 69 245 1579 0 0.97540470
Link 245 37 1580 0 -0.06151791
Link 10 252 1647 1 0.95537780
Link 289 76 1891 1 -1.77135229
Link 5 76 2174 0 1.38167968
Link 288 336 2191 0 0.97920015
Link 336 16 2192 0 -0.37648342
Link 365 23 2394 0 -2.16497240
Link 403 365 2670 0 0.03907839
Link 7 365 2728 0 -2.76936611
Link 214 415 2743 0 1.10266081
Link 415 288 2744 0 0.97722190
Link 11 448 2954 1 1.37118869
Link 448 365 2955 1 -3.08205701
Link 452 32 2977 0 -3.92836726
Link 453 23 2980 0 1.78242750
Link 7 452 3002 0 -2.02581215
Link 219 37 3201 0 0.15578384
Link 54 37 3204 0 2.14266423
Link 452 15 3464 0 -0.33314311
Link 15 518 3508 1 0.49959442
Link 518 76 3509 1 1.13676527
Link 1 219 3541 0 -3.69861618
Link 32 16 3542 0 -2.17797720
Link 219 526 3586 0 1.06220304
Link 526 32 3587 0 0.79834553
Link 5 545 3690 0 0.83230785
Link 545 69 3691 0 1.55232755
Link 604 124 4082 0 -0.91071569
Link 448 76 4157 1 -1.23185074
Link 365 54 4207 0 2.45002247
Link 23 452 4463 0 1.21851490
Link 578 578 4727 1 -2.96968027
Link 54 704 4775 0 1.01156901
Link 704 578 4776 0 0.94336040
Link 4 448 4801 0 2.59858665
Link 15 90 4851 1 0.15029679
Link 23 742 5079 0 -0.21417673
Link 742 381 5080 0 3.46734439
Link 15 754 5157 1 0.99094703
Link 754 219 5158 1 4.20046131
Link 757 453 5179 0 -0.59620564
Link 215 761 5217 0 0.99915516
Link 761 69 5218 0 0.06755965
Link 54 767 5260 0 0.21132981
Link 767 757 5261 0 -0.77639159
Link 2 124 5329 0 0.38508443
Link 6 793 5394 0 -0.11880387
Link 793 441 5395 0 -0.99175265
Link 12 448 5474 1 3.87065593
Link 503 813 5524 0 0.83641673
Link 813 11 5525 0 0.08451341
Link 793 15 5670 0 -0.98789989
Link 129 886 6013 0 1.13272659
Link 886 15 6014 0 0.17665327
Link 888 503 6031 0 2.00389690
Link 448 219 6223 1 -0.52819752
Link 124 86 6514 1 -2.43673815
Link 757 767 6757 0 1.79980670
Link 983 289 6869 0 0.33592440
Link 999 757 6908 0 3.68661990
Link 2 289 6963 0 0.11457850
Link 129 452 6999 1 -1.24814638
Link 76 86 7044 0 -1.84870721
Link 219 1032 7151 0 1.25946260
Link 1032 983 7152 0 -1.82510326
Link 32 983 7232 1 -2.27112305
Link 76 1052 7304 0 -1.82075318
Link 1052 767 7305 0 -2.11618786
Link 1 129 7397 0 -3.38192631
Link 983 1067 7424 0 0.65476627
Link 1067 381 7425 0 2.58397263
Link 220 32 7629 0 -3.59273502
Link 7 1123 7828 0 1.50934796
Link 1123 69 7829 0 0.34769503
Link 1127 999 7851 0 1.53221736
Link 3 289 8028 0 1.59068362
Link 1 757 8376 0 1.76493318
Link 9 983 8494 0 1.73798711
Link 441 1210 8535 0 1.00000000
Link 1210 219 8536 0 -1.45249346
Link 1219 32 8585 0 -0.79337670
Link 31 1274 9036 1 0.95586009
Link 1274 220 9037 1 -0.99674263
Link 6 1275 9040 0 0.82889892
Link 7 1287 9114 0 0.99185920
Link 1287 90 9115 0 0.67172775
Link 6 403 9142 0 1.66346705
Link 76 1067 9471 0 -3.82649845
Link 1275 1403 10014 0 0.95867767
Link 1403 766 10015 0 0.31461352
Link 3 1417 10101 0 1.23998456
Link 1417 124 10102 0 -0.51481489
Link 11 1435 10227 1 0.34582805
Link 594 1443 10279 0 0.99118215
Link 1443 452 10280 0 0.90117266
Link 215 1466 10473 0 1.57868389
Link 1466 32 10474 0 -1.60576670
Link 15 766 10702 1 0.53731847
Link 60 219 10999 1 -2.07190026
Link 3 1528 11023 0 1.23168355
Link 4 757 11141 0 0.33309312
Link 220 888 11203 0 -1.07845599
Link 60 1568 11400 0 1.23411424
Link 1568 742 11401 0 0.94494196
Link 766 1574 11430 0 1.51202591
Link 1574 365 11431 0 0.06665737
Link 1576 594 11453 0 -0.98095354
Link 16 1584 11497 1 0.93871793
Link 8 1603 11631 0 1.42194896
Link 1603 403 11632 0 0.33448157
Link 1634 90 11935 1 0.81258094
Link 11 578 12307 1 -0.55926073
Link 1219 219 12465 1 1.22402864
Link 23 1706 12504 0 1.05831364
Link 1706 1219 12505 0 0.74388499
Link 1067 1722 12611 1 0.92026659
Link 1722 1067 12612 1 -2.06973883
Link 578 1726 12657 1 1.00395332
Link 1726 403 12658 1 -2.01784128
Link 671 1740 12757 0 1.04632146
Link 1740 215 12758 0 0.27623342
Link 767 888 12759 0 0.42390683
Link 7 1750 12882 0 0.89263004
Link 1750 1275 12883 0 -1.98835294
Link 452 1774 13065 0 1.06576655
Link 1774 594 13066 0 -1.19938715
Link 1726 888 13098 0 -0.68184645
Link 545 288 13149 0 2.25724536
Link 1790 289 13202 1 0.15061148
Link 578 767 13204 0 0.84634802
Link 578 1791 13206 0 0.98039554
Link 252 1795 13238 1 1.00743102
Link 1795 1634 13239 1 1.10622554
Link 252 757 13263 1 0.81245106
Link 403 767 13327 0 1.66971257
Link 1726 754 13554 0 -0.55274895
Link 1067 1219 13702 1 -1.70346090
Link 69 767 13726 0 3.11298761
Link 1795 289 13826 0 -1.52378252
Link 2 1921 14236 0 1.00000000
Link 1921 49 14237 0 -2.75759586
Link 1740 69 14373 0 -0.17962953
Link 13 381 14496 1 -2.60983678
Link 4 289 14677 0 1.14888049
Link 8 252 14696 0 1.34380354
Link 1123 252 14800 0 1.79491982
Link 793 124 14888 0 -3.41968438
Link 1417 1574 15023 1 -3.70534161
Link 453 754 15113 0 0.32216677
Link 1403 1403 15135 1 1.53840045
Link 2053 1576 15157 0 1.54741442
Link 1791 2055 15175 0 1.01360979
Link 2055 2053 15176 0 1.10760036
Link 1528 2066 15257 0 1.00000000
Link 2066 671 15258 0 2.48386616
Link 381 604 15304 1 -1.70913944
Link 1750 2088 15419 0 1.02703342
Link 2088 1052 15420 0 -0.88904960
Link 1740 1574 15448 0 -1.49808016
Link 1574 2117 15642 0 1.17053810
Link 32 1795 15661 0 -3.39657821
Link 2053 1219 15713 0 -3.27326089
Link 1274 381 15771 0 -1.16133773
Link 2053 578 15816 0 -0.35320108
Link 2 1274 15833 0 3.40661751
Link 2 518 15895 0 -1.96242084
Link 1791 252 15981 0 3.58336717
Link 215 2156 16003 0 1.09196647
Link 2156 214 16004 0 -0.09682406
Link 3 2157 16006 0 0.89365986
Link 2157 2055 16007 0 0.32283517
Link 1584 2166 16120 1 0.88295807
Link 2166 381 16121 1 -0.73423573
Link 578 2195 16345 0 1.00000000
Link 2195 1127 16346 0 0.78530061
Link 1750 86 16555 0 1.44876977
Link 813 1219 16676 1 -1.84292786
Link 1795 2246 16769 0 0.94782532
Link 2246 742 16770 0 -3.30419329
Link 2053 1067 16879 0 -0.71897744
Link 793 1417 16936 0 -1.35640275
Link 90 336 16976 0 -1.75479119
Link 1435 2277 17001 1 1.18561921
Link 2277 1790 17002 1 1.03152526
Link 1740 2295 17110 0 1.17195887
Link 2295 704 17111 0 2.27950217
Link 1568 37 17166 1 -1.23045498
Link 86 1443 17320 0 -0.65826511
Link 1740 2053 17532 0 -2.54010834
Link 1219 403 17560 1 -3.12965247
Link 7 2347 17588 0 1.12801403
Link 2347 124 17589 0 0.35605712
Link 1443 1568 17649 0 -3.47465616
Link 1790 503 17672 0 3.01110669
Link 23 518 17734 0 0.91003905
Link 1795 754 17833 0 -0.16495585
Link 452 704 17936 0 3.61859979
Link 1403 1706 18010 0 -2.20039609
Link 1123 1417 18121 0 -2.15229796
Link 2117 2452 18458 0 1.10538302
Link 2452 214 18459 0 -1.21217310
Link 336 23 18832 1 -0.17202998
Link 704 704 18872 1 1.47446930
Link 9 999 18905 0 0.30307144
Link 32 1032 19287 1 2.95734641
Link 9 1287 19317 0 -2.51485346
Link 671 2157 19444 0 3.44730875
Link 365 2563 19490 0 0.89982508
Link 2563 604 19491 0 0.64976812
Link 1287 1127 19556 0 2.23862960
Link 2563 1219 19580 0 -2.19984385
Link 415 767 19810 1 -4.50681858
Link 124 1435 19838 0 1.89547863
Link 1 1403 19860 0 1.00792926
GenomeEnd

