GenomeStart 44727
Neuron 1 1 0.00000000 1 0.00000000 0.00000000 0.00000000 0.00000000
Neuron 2 1 0.00000000 1 0.00000000 0.00000000 0.00000000 0.00000000
Neuron 3 1 0.00000000 1 0.00000000 0.00000000 0.00000000 0.00000000
Neuron 4 1 0.00000000 1 0.00000000 0.00000000 0.00000000 0.00000000
Neuron 5 1 0.00000000 1 0.00000000 0.00000000 0.00000000 0.00000000
Neuron 6 1 0.00000000 1 0.00000000 0.00000000 0.00000000 0.00000000
Neuron 7 1 0.00000000 1 0.00000000 0.00000000 0.00000000 0.00000000
Neuron 8 1 0.00000000 1 0.00000000 0.00000000 0.00000000 0.00000000
Neuron 9 2 0.00000000 1 0.00000000 0.00000000 0.00000000 0.00000000
Neuron 10 4 1.00000000 0 1.00000000 0.00000000 0.00000000 0.00000000
Neuron 11 4 1.00000000 0 1.00000000 0.00000000 0.00000000 0.00000000
Neuron 12 4 1.00000000 0 1.00000000 0.00000000 0.00000000 0.00000000
Neuron 13 4 1.00000000 0 1.00000000 0.00000000 0.00000000 0.00000000
Neuron 14 4 1.00000000 0 1.00000000 0.00000000 0.00000000 0.00000000
Neuron 15 4 1.00000000 0 1.00000000 0.00000000 0.00000000 0.00000000
Neuron 16 4 1.00000000 0 1.00000000 0.00000000 0.00000000 0.00000000
Neuron 26 3 0.50000000 1 1.00000000 0.00000000 0.00000000 0.00000000
Neuron 30 3 0.50000000 1 1.00000000 0.00000000 0.00000000 0.00000000
Neuron 35 3 0.50000000 1 1.00000000 0.00000000 0.00000000 0.00000000
Neuron 39 3 0.50000000 1 1.00000000 0.00000000 0.00000000 0.00000000
Neuron 40 3 0.50000000 1 1.00000000 0.00000000 0.00000000 0.00000000
Neuron 41 3 0.50000000 1 1.00000000 0.00000000 0.00000000 0.00000000
Neuron 42 3 0.50000000 1 1.00000000 0.00000000 0.00000000 0.00000000
Neuron 45 3 0.50000000 1 1.00000000 0.00000000 0.00000000 0.00000000
Neuron 46 3 0.50000000 1 1.00000000 0.00000000 0.00000000 0.00000000
Neuron 48 3 0.50000000 1 1.00000000 0.00000000 0.00000000 0.00000000
Neuron 49 3 0.50000000 1 1.00000000 0.00000000 0.00000000 0.00000000
Neuron 51 3 0.50000000 1 1.00000000 0.00000000 0.00000000 0.00000000
Neuron 56 3 0.50000000 1 1.00000000 0.00000000 0.00000000 0.00000000
Neuron 63 3 0.50000000 1 1.00000000 0.00000000 0.00000000 0.00000000
Neuron 67 3 0.50000000 1 1.00000000 0.00000000 0.00000000 0.00000000
Neuron 71 3 0.50000000 1 1.00000000 0.00000000 0.00000000 0.00000000
Neuron 74 3 0.75000000 1 1.00000000 0.00000000 0.00000000 0.00000000
Neuron 78 3 0.75000000 1 1.00000000 0.00000000 0.00000000 0.00000000
Neuron 80 3 0.50000000 1 1.00000000 0.00000000 0.00000000 0.00000000
Neuron 88 3 0.75000000 1 1.00000000 0.00000000 0.00000000 0.00000000
Neuron 95 3 0.25000000 1 1.00000000 0.00000000 0.00000000 0.00000000
Neuron 109 3 0.50000000 1 1.00000000 0.00000000 0.00000000 0.00000000
Neuron 163 3 0.75000000 1 1.00000000 0.00000000 0.00000000 0.00000000
Neuron 165 3 0.75000000 1 1.00000000 0.00000000 0.00000000 0.00000000
Neuron 174 3 0.25000000 1 1.00000000 0.00000000 0.00000000 0.00000000
Neuron 198 3 0.75000000 1 1.00000000 0.00000000 0.00000000 0.00000000
Neuron 211 3 0.25000000 1 1.00000000 0.00000000 0.00000000 0.00000000
Neuron 216 3 0.25000000 1 1.00000000 0.00000000 0.00000000 0.00000000
Neuron 225 3 0.75000000 1 1.00000000 0.00000000 0.00000000 0.00000000
Neuron 239 3 0.25000000 1 1.00000000 0.00000000 0.00000000 0.00000000
Neuron 241 3 0.87500000 1 1.00000000 0.00000000 0.00000000 0.00000000
Neuron 282 3 0.50000000 1 1.00000000 0.00000000 0.00000000 0.00000000
Neuron 298 3 0.25000000 1 1.00000000 0.00000000 0.00000000 0.00000000
Neuron 369 3 0.25000000 1 1.00000000 0.00000000 0.00000000 0.00000000
Neuron 403 3 0.87500000 1 1.00000000 0.00000000 0.00000000 0.00000000
Neuron 408 3 0.25000000 1 1.00000000 0.00000000 0.00000000 0.00000000
Neuron 446 3 0.12500000 1 1.00000000 0.00000000 0.00000000 0.00000000
Neuron 503 3 0.06250000 1 1.00000000 0.00000000 0.00000000 0.00000000
Neuron 520 3 0.93750000 1 1.00000000 0.00000000 0.00000000 0.00000000
Neuron 531 3 0.37500000 1 1.00000000 0.00000000 0.00000000 0.00000000
Neuron 537 3 0.62500000 1 1.00000000 0.00000000 0.00000000 0.00000000
Neuron 563 3 0.12500000 1 1.00000000 0.00000000 0.00000000 0.00000000
Neuron 582 3 0.75000000 1 1.00000000 0.00000000 0.00000000 0.00000000
Neuron 597 3 0.12500000 1 1.00000000 0.00000000 0.00000000 0.00000000
Neuron 599 3 0.62500000 1 1.00000000 0.00000000 0.00000000 0.00000000
Neuron 643 3 0.81250000 1 1.00000000 0.00000000 0.00000000 0.00000000
Neuron 692 3 0.78125000 1 1.00000000 0.00000000 0.00000000 0.00000000
Neuron 707 3 0.87500000 1 1.00000000 0.00000000 0.00000000 0.00000000
Neuron 729 3 0.93750000 1 1.00000000 0.00000000 0.00000000 0.00000000
Neuron 761 3 0.68750000 1 1.00000000 0.00000000 0.00000000 0.00000000
Neuron 771 3 0.37500000 1 1.00000000 0.00000000 0.00000000 0.00000000
Neuron 778 3 0.37500000 1 1.00000000 0.00000000 0.00000000 0.00000000
Neuron 781 3 0.75000000 1 1.00000000 0.00000000 0.00000000 0.00000000
Neuron 897 3 0.18750000 1 1.00000000 0.00000000 0.00000000 0.00000000
Link 2 10 2 0 -1.01334258
Link 3 10 3 0 -1.20460636
Link 4 10 4 0 1.71081497
Link 5 10 5 0 0.49971051
Link 6 10 6 0 2.93966710
Link 9 10 9 0 -1.14573365
Link 1 11 10 0 4.15501712
Link 4 11 13 0 1.69104253
Link 8 11 17 0 2.37073376
Link 9 11 18 0 -0.12351221
Link 1 12 19 0 5.54538860
Link 4 12 22 0 3.99212047
Link 5 12 23 0 -1.85261609
Link 6 12 24 0 1.77445709
Link 9 12 27 0 -0.25439993
Link 1 13 28 0 -0.60582780
Link 2 13 29 0 2.00279662
Link 3 13 30 0 -1.11788777
Link 4 13 31 0 -1.39517254
Link 5 13 32 0 1.23500053
Link 6 13 33 0 -1.42098746
Link 7 13 34 0 -2.56711332
Link 8 13 35 0 -3.36352788
Link 1 14 37 0 -4.06701407
Link 2 14 38 0 -2.09350193
Link 3 14 39 0 -1.10928856
Link 4 14 40 0 -1.40183513
Link 5 14 41 0 0.11961843
Link 6 14 42 0 4.57196215
Link 7 14 43 0 -1.64243867
Link 1 15 46 0 0.41280971
Link 4 15 49 0 -1.46095085
Link 5 15 50 0 0.26745988
Link 6 15 51 0 0.47027804
Link 7 15 52 0 -0.68256358
Link 8 15 53 0 -3.87533545
Link 9 15 54 0 1.21092727
Link 1 16 55 0 2.49635538
Link 3 16 57 0 -1.70852090
Link 5 16 59 0 -1.29419954
Link 6 16 60 0 -0.97305871
Link 7 16 61 0 1.75141597
Link 9 16 63 0 0.45533931
Link 26 12 96 0 -0.81692157
Link 30 11 108 0 1.87728104
Link 14 14 109 1 -2.09106128
Link 8 35 124 0 1.14400615
Link 35 12 125 0 1.96080561
Link 7 40 142 0 -1.10673483
Link 40 10 143 0 -0.78132085
Link 7 41 145 0 1.49702737
Link 7 42 148 0 -1.00336946
Link 3 45 157 0 0.57320950
Link 45 11 158 0 1.10423633
Link 1 46 162 0 -0.03766314
Link 8 48 168 0 2.48504825
Link 48 14 169 0 0.01702163
Link 16 16 170 1 -4.07086175
Link 2 49 172 0 -0.74388173
Link 51 16 179 0 0.31081036
Link 8 40 192 0 3.99277972
Link 2 56 198 0 2.93478793
Link 56 11 199 0 -4.13094939
Link 3 63 227 0 1.00000000
Link 63 12 228 0 -1.79640976
Link 3 67 259 0 4.89366925
Link 67 15 260 0 0.39296862
Link 49 74 301 0 1.35549071
Link 74 15 302 0 -1.92889580
Link 78 12 339 0 1.02796862
Link 39 11 351 0 -1.74427074
Link 8 80 354 0 -2.21092637
Link 1 49 388 0 3.00602846
Link 42 88 426 0 0.77812144
Link 88 11 427 0 2.17282995
Link 95 30 489 0 0.23523339
Link 51 51 533 1 -2.23526572
Link 4 46 549 0 -5.53913228
Link 2 109 589 0 1.00000000
Link 109 16 590 0 1.10428116
Link 3 49 657 0 -2.27704377
Link 14 49 795 1 2.72852142
Link 40 14 871 0 -0.56261398
Link 46 163 1052 0 1.27894293
Link 163 10 1053 0 4.63040717
Link 4 174 1112 0 1.01608464
Link 174 51 1113 0 2.37674897
Link 80 198 1278 0 -2.30908304
Link 198 10 1279 0 -1.54060665
Link 211 26 1399 0 0.71652769
Link 7 216 1452 0 4.20978861
Link 216 39 1453 0 -0.17412943
Link 71 225 1514 0 0.45431644
Link 5 239 1616 0 -1.11127627
Link 239 71 1617 0 1.48978565
Link 165 241 1629 0 0.18694365
Link 241 14 1630 0 0.60508678
Link 7 282 1915 0 1.23612575
Link 282 10 1916 0 1.10075766
Link 3 298 2028 0 1.97574003
Link 46 51 2335 0 2.06985006
Link 5 369 2515 0 -1.17944976
Link 39 30 2569 0 -0.88456977
Link 225 40 2616 1 3.23409963
Link 408 26 2766 0 -2.56210831
Link 51 41 3022 0 3.19471926
Link 446 95 3056 0 0.12875766
Link 298 298 3108 1 -1.41561090
Link 298 46 3159 0 5.61159582
Link 56 46 3471 0 2.78573760
Link 78 46 3515 1 0.08085193
Link 6 503 3541 0 -0.16231195
Link 503 446 3542 0 -0.26179215
Link 403 520 3653 0 1.95148758
Link 520 11 3654 0 -2.43694831
Link 30 51 3708 0 1.25508113
Link 298 531 3721 0 -0.10796551
Link 531 30 3722 0 0.77776377
Link 41 537 3759 0 0.96189853
Link 537 78 3760 0 3.57194730
Link 446 446 3827 1 -3.58212566
Link 2 563 3955 0 1.59634139
Link 563 211 3956 0 0.90696896
Link 582 40 4095 1 -1.25746743
Link 67 26 4115 0 -3.01682266
Link 16 80 4167 1 2.35822074
Link 8 597 4224 0 1.00000000
Link 597 408 4225 0 0.82245336
Link 39 599 4239 0 0.61028358
Link 599 165 4240 0 0.70597426
Link 643 403 4540 0 4.07904141
Link 225 692 4930 0 0.00954772
Link 692 643 4931 0 -1.78263688
Link 707 582 5049 1 -1.77821591
Link 16 729 5255 1 0.95236808
Link 729 707 5256 1 1.09238034
Link 9 369 5361 0 -5.44774621
Link 7 46 5439 0 -3.48920562
Link 403 761 5525 1 1.00000000
Link 761 71 5526 1 -1.65962042
Link 369 771 5590 0 0.50750784
Link 771 80 5591 0 -2.59792773
Link 778 165 5664 0 -2.88029709
Link 12 781 5681 1 0.87763198
Link 781 41 5682 1 1.29285236
Link 163 599 5710 1 0.29306777
Link 403 446 5767 1 0.58249600
Link 9 582 5810 0 -1.66847913
Link 211 95 6002 0 -1.43212342
Link 14 67 6160 1 4.07565195
Link 216 40 6186 0 1.54894503
Link 51 729 6273 0 0.17439201
Link 10 707 6300 1 -0.36707179
Link 1 563 6349 0 1.25885936
Link 8 298 6589 0 -0.38062550
Link 3 897 6814 0 1.00000000
Link 897 778 6815 0 1.69992566
GenomeEnd

