GenomeStart 33003
Neuron 1 1 0.00000000 1 0.00000000 0.00000000 0.00000000 0.00000000
Neuron 2 1 0.00000000 1 0.00000000 0.00000000 0.00000000 0.00000000
Neuron 3 1 0.00000000 1 0.00000000 0.00000000 0.00000000 0.00000000
Neuron 4 1 0.00000000 1 0.00000000 0.00000000 0.00000000 0.00000000
Neuron 5 1 0.00000000 1 0.00000000 0.00000000 0.00000000 0.00000000
Neuron 6 1 0.00000000 1 0.00000000 0.00000000 0.00000000 0.00000000
Neuron 7 1 0.00000000 1 0.00000000 0.00000000 0.00000000 0.00000000
Neuron 8 1 0.00000000 1 0.00000000 0.00000000 0.00000000 0.00000000
Neuron 9 2 0.00000000 1 0.00000000 0.00000000 0.00000000 0.00000000
Neuron 10 4 1.00000000 0 1.00000000 0.00000000 0.00000000 0.00000000
Neuron 11 4 1.00000000 0 1.00000000 0.00000000 0.00000000 0.00000000
Neuron 12 4 1.00000000 0 1.00000000 0.00000000 0.00000000 0.00000000
Neuron 13 4 1.00000000 0 1.00000000 0.00000000 0.00000000 0.00000000
Neuron 14 4 1.00000000 0 1.00000000 0.00000000 0.00000000 0.00000000
Neuron 15 4 1.00000000 0 1.00000000 0.00000000 0.00000000 0.00000000
Neuron 16 4 1.00000000 0 1.00000000 0.00000000 0.00000000 0.00000000
Neuron 26 3 0.50000000 1 1.00000000 0.00000000 0.00000000 0.00000000
Neuron 30 3 0.50000000 1 1.00000000 0.00000000 0.00000000 0.00000000
Neuron 39 3 0.50000000 1 1.00000000 0.00000000 0.00000000 0.00000000
Neuron 40 3 0.50000000 1 1.00000000 0.00000000 0.00000000 0.00000000
Neuron 41 3 0.50000000 1 1.00000000 0.00000000 0.00000000 0.00000000
Neuron 42 3 0.50000000 1 1.00000000 0.00000000 0.00000000 0.00000000
Neuron 46 3 0.50000000 1 1.00000000 0.00000000 0.00000000 0.00000000
Neuron 49 3 0.50000000 1 1.00000000 0.00000000 0.00000000 0.00000000
Neuron 51 3 0.50000000 1 1.00000000 0.00000000 0.00000000 0.00000000
Neuron 56 3 0.50000000 1 1.00000000 0.00000000 0.00000000 0.00000000
Neuron 67 3 0.50000000 1 1.00000000 0.00000000 0.00000000 0.00000000
Neuron 71 3 0.50000000 1 1.00000000 0.00000000 0.00000000 0.00000000
Neuron 78 3 0.75000000 1 1.00000000 0.00000000 0.00000000 0.00000000
Neuron 80 3 0.50000000 1 1.00000000 0.00000000 0.00000000 0.00000000
Neuron 95 3 0.25000000 1 1.00000000 0.00000000 0.00000000 0.00000000
Neuron 165 3 0.75000000 1 1.00000000 0.00000000 0.00000000 0.00000000
Neuron 174 3 0.25000000 1 1.00000000 0.00000000 0.00000000 0.00000000
Neuron 198 3 0.75000000 1 1.00000000 0.00000000 0.00000000 0.00000000
Neuron 216 3 0.25000000 1 1.00000000 0.00000000 0.00000000 0.00000000
Neuron 225 3 0.75000000 1 1.00000000 0.00000000 0.00000000 0.00000000
Neuron 239 3 0.25000000 1 1.00000000 0.00000000 0.00000000 0.00000000
Neuron 241 3 0.87500000 1 1.00000000 0.00000000 0.00000000 0.00000000
Neuron 298 3 0.25000000 1 1.00000000 0.00000000 0.00000000 0.00000000
Neuron 369 3 0.25000000 1 1.00000000 0.00000000 0.00000000 0.00000000
Neuron 403 3 0.87500000 1 1.00000000 0.00000000 0.00000000 0.00000000
Neuron 408 3 0.25000000 1 1.00000000 0.00000000 0.00000000 0.00000000
Neuron 446 3 0.12500000 1 1.00000000 0.00000000 0.00000000 0.00000000
Neuron 503 3 0.06250000 1 1.00000000 0.00000000 0.00000000 0.00000000
Neuron 582 3 0.75000000 1 1.00000000 0.00000000 0.00000000 0.00000000
Neuron 643 3 0.81250000 1 1.00000000 0.00000000 0.00000000 0.00000000
Link 2 10 2 0 0.17247778
Link 3 10 3 0 -2.04227161
Link 4 10 4 0 1.26585054
Link 5 10 5 0 0.22161594
Link 6 10 6 0 3.40641771
Link 7 10 7 0 1.11769883
Link 9 10 9 0 -0.54140422
Link 1 11 10 0 2.37877100
Link 3 11 12 0 0.61829072
Link 4 11 13 0 1.58352290
Link 8 11 17 0 2.16682835
Link 9 11 18 0 0.80425919
Link 1 12 19 0 3.89865437
Link 3 12 21 0 -2.35852952
Link 4 12 22 0 3.20194867
Link 5 12 23 0 -1.28266009
Link 6 12 24 0 2.72163238
Link 8 12 26 0 1.26361272
Link 9 12 27 0 -0.44480149
Link 1 13 28 0 -0.85496414
Link 2 13 29 0 3.12967377
Link 3 13 30 0 -0.68774794
Link 4 13 31 0 -1.19011318
Link 5 13 32 0 3.05667666
Link 6 13 33 0 -0.88535388
Link 7 13 34 0 -1.69283898
Link 8 13 35 0 -4.08778100
Link 1 14 37 0 -2.89185557
Link 2 14 38 0 -1.36481413
Link 3 14 39 0 -2.11596020
Link 4 14 40 0 -0.19052861
Link 5 14 41 0 -0.19238474
Link 6 14 42 0 4.72190957
Link 7 14 43 0 -1.10202122
Link 8 14 44 0 0.39761181
Link 1 15 46 0 2.14930979
Link 4 15 49 0 -1.29499241
Link 5 15 50 0 1.09715388
Link 6 15 51 0 1.10112541
Link 7 15 52 0 -0.78750022
Link 8 15 53 0 -1.89938648
Link 9 15 54 0 0.46824816
Link 1 16 55 0 2.05391231
Link 2 16 56 0 0.78390944
Link 3 16 57 0 -2.51577644
Link 5 16 59 0 0.50119824
Link 6 16 60 0 -0.74116086
Link 7 16 61 0 0.11275036
Link 9 16 63 0 0.62174476
Link 2 26 95 0 -0.01261580
Link 26 12 96 0 -1.62147184
Link 30 11 108 0 0.76262136
Link 7 40 142 0 -0.18536249
Link 40 10 143 0 0.17479256
Link 7 41 145 0 1.66618171
Link 7 42 148 0 0.24005976
Link 42 11 149 0 1.60852280
Link 1 46 162 0 -0.12720545
Link 46 10 163 0 3.99685472
Link 16 16 170 1 -3.40785055
Link 2 49 172 0 -0.46836052
Link 49 15 173 0 -2.59518029
Link 51 16 179 0 -0.26930604
Link 8 40 192 0 2.20727883
Link 2 56 198 0 2.45790200
Link 56 11 199 0 -2.63373677
Link 3 67 259 0 2.21501600
Link 67 15 260 0 -0.69363827
Link 41 78 338 0 4.52222294
Link 78 12 339 0 0.94379172
Link 39 11 351 0 -1.44868767
Link 8 80 354 0 0.90037239
Link 1 49 388 0 3.84541363
Link 95 30 489 0 -0.73997587
Link 51 51 533 1 -0.78619145
Link 4 46 549 0 -4.61409425
Link 3 49 657 0 -2.13450150
Link 40 14 871 0 -0.00464408
Link 39 165 1066 0 1.34712191
Link 4 174 1112 0 1.12407124
Link 174 51 1113 0 1.43408116
Link 80 198 1278 0 -3.10952252
Link 198 10 1279 0 -2.50282163
Link 7 216 1452 0 2.73420458
Link 216 39 1453 0 0.52599672
Link 71 225 1514 0 1.38466289
Link 5 239 1616 0 0.20279554
Link 239 71 1617 0 0.43016455
Link 165 241 1629 0 1.34283834
Link 241 14 1630 0 1.40559017
Link 3 298 2028 0 1.48922425
Link 298 30 2029 0 0.70813396
Link 46 51 2335 0 0.81852335
Link 5 369 2515 0 -0.65007649
Link 369 80 2516 0 -1.79510527
Link 39 30 2569 0 0.83312272
Link 225 40 2616 1 1.62749200
Link 403 11 2718 0 -1.72199522
Link 8 408 2765 0 -0.72611230
Link 408 26 2766 0 -2.13211475
Link 51 41 3022 0 1.95928683
Link 446 95 3056 0 0.57625237
Link 298 298 3108 1 0.71491952
Link 56 46 3471 0 0.95608510
Link 78 46 3515 1 0.69203318
Link 6 503 3541 0 0.54953449
Link 503 446 3542 0 -0.36405014
Link 7 298 3643 0 0.90930442
Link 446 446 3827 1 -4.81721507
Link 3 165 3957 0 -2.11268082
Link 16 582 4094 1 -1.34718281
Link 582 40 4095 1 -1.33354876
Link 16 80 4167 1 1.38197960
Link 225 643 4539 0 -1.11427985
Link 643 403 4540 0 2.55979804
Link 369 41 4863 0 -4.19326328
GenomeEnd

