GenomeStart 7547
Neuron 1 1 0.00000000 1 0.00000000 0.00000000 0.00000000 0.00000000
Neuron 2 1 0.00000000 1 0.00000000 0.00000000 0.00000000 0.00000000
Neuron 3 1 0.00000000 1 0.00000000 0.00000000 0.00000000 0.00000000
Neuron 4 1 0.00000000 1 0.00000000 0.00000000 0.00000000 0.00000000
Neuron 5 1 0.00000000 1 0.00000000 0.00000000 0.00000000 0.00000000
Neuron 6 1 0.00000000 1 0.00000000 0.00000000 0.00000000 0.00000000
Neuron 7 1 0.00000000 1 0.00000000 0.00000000 0.00000000 0.00000000
Neuron 8 1 0.00000000 1 0.00000000 0.00000000 0.00000000 0.00000000
Neuron 9 2 0.00000000 1 0.00000000 0.00000000 0.00000000 0.00000000
Neuron 10 4 1.00000000 0 1.00000000 0.00000000 0.00000000 0.00000000
Neuron 11 4 1.00000000 0 1.00000000 0.00000000 0.00000000 0.00000000
Neuron 12 4 1.00000000 0 1.00000000 0.00000000 0.00000000 0.00000000
Neuron 13 4 1.00000000 0 1.00000000 0.00000000 0.00000000 0.00000000
Neuron 14 4 1.00000000 0 1.00000000 0.00000000 0.00000000 0.00000000
Neuron 15 4 1.00000000 0 1.00000000 0.00000000 0.00000000 0.00000000
Neuron 16 4 1.00000000 0 1.00000000 0.00000000 0.00000000 0.00000000
Neuron 19 3 0.50000000 1 1.00000000 0.00000000 0.00000000 0.00000000
Neuron 27 3 0.50000000 1 1.00000000 0.00000000 0.00000000 0.00000000
Neuron 42 3 0.50000000 1 1.00000000 0.00000000 0.00000000 0.00000000
Neuron 45 3 0.50000000 1 1.00000000 0.00000000 0.00000000 0.00000000
Neuron 47 3 0.50000000 1 1.00000000 0.00000000 0.00000000 0.00000000
Neuron 60 3 0.50000000 1 1.00000000 0.00000000 0.00000000 0.00000000
Neuron 69 3 0.50000000 1 1.00000000 0.00000000 0.00000000 0.00000000
Neuron 125 3 0.25000000 1 1.00000000 0.00000000 0.00000000 0.00000000
Link 1 10 1 0 0.73937655
Link 3 10 3 0 -2.70634431
Link 4 10 4 0 -1.99873025
Link 5 10 5 0 -2.21251222
Link 7 10 7 0 1.40879237
Link 8 10 8 0 -2.15081944
Link 9 10 9 0 1.04219379
Link 2 11 11 0 -0.46256211
Link 4 11 13 0 0.67024810
Link 5 11 14 0 2.14432409
Link 6 11 15 0 -2.04940988
Link 8 11 17 0 -3.80585564
Link 9 11 18 0 -1.34055214
Link 1 12 19 0 3.98192571
Link 2 12 20 0 -1.52600708
Link 3 12 21 0 2.20357332
Link 4 12 22 0 -1.04725140
Link 5 12 23 0 0.37313336
Link 6 12 24 0 0.09458406
Link 7 12 25 0 -0.70611187
Link 8 12 26 0 -0.24715455
Link 9 12 27 0 2.50261818
Link 2 13 29 0 2.28309512
Link 3 13 30 0 1.82401653
Link 4 13 31 0 1.20561205
Link 5 13 32 0 -3.47537718
Link 6 13 33 0 -0.50220911
Link 8 13 35 0 0.28632909
Link 9 13 36 0 1.01799904
Link 1 14 37 0 -1.44150000
Link 3 14 39 0 -0.88581196
Link 5 14 41 0 -1.99734280
Link 6 14 42 0 -0.61646457
Link 7 14 43 0 1.90732805
Link 8 14 44 0 -3.71934337
Link 9 14 45 0 -0.05808504
Link 1 15 46 0 -2.56700695
Link 2 15 47 0 1.49226800
Link 3 15 48 0 -3.11673074
Link 4 15 49 0 2.60227703
Link 5 15 50 0 -0.51622665
Link 6 15 51 0 -4.79842735
Link 7 15 52 0 0.54092662
Link 8 15 53 0 2.10566618
Link 9 15 54 0 0.20319653
Link 1 16 55 0 -0.13540836
Link 2 16 56 0 1.25043671
Link 3 16 57 0 -0.41630343
Link 4 16 58 0 -1.81848152
Link 5 16 59 0 1.11836560
Link 6 16 60 0 -2.68800039
Link 7 16 61 0 -1.25538895
Link 8 16 62 0 3.33595618
Link 9 16 63 0 0.49166626
Link 2 19 74 0 0.92951598
Link 19 14 75 0 1.85581576
Link 27 13 99 0 -0.01255399
Link 7 42 148 0 -0.27611367
Link 42 11 149 0 1.30519420
Link 3 45 157 0 -0.25504203
Link 45 11 158 0 -0.95573972
Link 4 47 165 0 2.67380073
Link 47 14 166 0 -0.91346391
Link 16 16 170 1 -0.13703491
Link 6 60 213 0 1.68832921
Link 60 10 214 0 -0.68011647
Link 8 19 238 0 -0.45819949
Link 7 69 274 0 1.75138813
Link 69 13 275 0 -1.00240866
Link 42 12 389 0 -0.06416779
Link 1 125 700 0 1.26872844
Link 125 27 701 0 0.57277071
Link 27 69 832 0 -0.97111815
Link 125 11 859 0 0.77800336
Link 6 45 895 0 -0.46801186
Link 125 125 985 1 -4.21641598
GenomeEnd

