GenomeStart 83706
Neuron 1 1 0.00000000 1 0.00000000 0.00000000 0.00000000 0.00000000
Neuron 2 1 0.00000000 1 0.00000000 0.00000000 0.00000000 0.00000000
Neuron 3 1 0.00000000 1 0.00000000 0.00000000 0.00000000 0.00000000
Neuron 4 1 0.00000000 1 0.00000000 0.00000000 0.00000000 0.00000000
Neuron 5 1 0.00000000 1 0.00000000 0.00000000 0.00000000 0.00000000
Neuron 6 1 0.00000000 1 0.00000000 0.00000000 0.00000000 0.00000000
Neuron 7 1 0.00000000 1 0.00000000 0.00000000 0.00000000 0.00000000
Neuron 8 1 0.00000000 1 0.00000000 0.00000000 0.00000000 0.00000000
Neuron 9 2 0.00000000 1 0.00000000 0.00000000 0.00000000 0.00000000
Neuron 10 4 1.00000000 0 1.00000000 0.00000000 0.00000000 0.00000000
Neuron 11 4 1.00000000 0 1.00000000 0.00000000 0.00000000 0.00000000
Neuron 12 4 1.00000000 0 1.00000000 0.00000000 0.00000000 0.00000000
Neuron 13 4 1.00000000 0 1.00000000 0.00000000 0.00000000 0.00000000
Neuron 14 4 1.00000000 0 1.00000000 0.00000000 0.00000000 0.00000000
Neuron 15 4 1.00000000 0 1.00000000 0.00000000 0.00000000 0.00000000
Neuron 16 4 1.00000000 0 1.00000000 0.00000000 0.00000000 0.00000000
Neuron 18 3 0.50000000 1 1.00000000 0.00000000 0.00000000 0.00000000
Neuron 20 3 0.50000000 1 1.00000000 0.00000000 0.00000000 0.00000000
Neuron 26 3 0.50000000 1 1.00000000 0.00000000 0.00000000 0.00000000
Neuron 28 3 0.50000000 1 1.00000000 0.00000000 0.00000000 0.00000000
Neuron 30 3 0.50000000 1 1.00000000 0.00000000 0.00000000 0.00000000
Neuron 35 3 0.50000000 1 1.00000000 0.00000000 0.00000000 0.00000000
Neuron 39 3 0.50000000 1 1.00000000 0.00000000 0.00000000 0.00000000
Neuron 40 3 0.50000000 1 1.00000000 0.00000000 0.00000000 0.00000000
Neuron 41 3 0.50000000 1 1.00000000 0.00000000 0.00000000 0.00000000
Neuron 42 3 0.50000000 1 1.00000000 0.00000000 0.00000000 0.00000000
Neuron 45 3 0.50000000 1 1.00000000 0.00000000 0.00000000 0.00000000
Neuron 46 3 0.50000000 1 1.00000000 0.00000000 0.00000000 0.00000000
Neuron 48 3 0.50000000 1 1.00000000 0.00000000 0.00000000 0.00000000
Neuron 49 3 0.50000000 1 1.00000000 0.00000000 0.00000000 0.00000000
Neuron 51 3 0.50000000 1 1.00000000 0.00000000 0.00000000 0.00000000
Neuron 55 3 0.50000000 1 1.00000000 0.00000000 0.00000000 0.00000000
Neuron 56 3 0.50000000 1 1.00000000 0.00000000 0.00000000 0.00000000
Neuron 64 3 0.50000000 1 1.00000000 0.00000000 0.00000000 0.00000000
Neuron 67 3 0.50000000 1 1.00000000 0.00000000 0.00000000 0.00000000
Neuron 71 3 0.50000000 1 1.00000000 0.00000000 0.00000000 0.00000000
Neuron 74 3 0.75000000 1 1.00000000 0.00000000 0.00000000 0.00000000
Neuron 78 3 0.75000000 1 1.00000000 0.00000000 0.00000000 0.00000000
Neuron 80 3 0.50000000 1 1.00000000 0.00000000 0.00000000 0.00000000
Neuron 88 3 0.75000000 1 1.00000000 0.00000000 0.00000000 0.00000000
Neuron 90 3 0.75000000 1 1.00000000 0.00000000 0.00000000 0.00000000
Neuron 95 3 0.25000000 1 1.00000000 0.00000000 0.00000000 0.00000000
Neuron 122 3 0.25000000 1 1.00000000 0.00000000 0.00000000 0.00000000
Neuron 135 3 0.75000000 1 1.00000000 0.00000000 0.00000000 0.00000000
Neuron 161 3 0.62500000 1 1.00000000 0.00000000 0.00000000 0.00000000
Neuron 163 3 0.75000000 1 1.00000000 0.00000000 0.00000000 0.00000000
Neuron 165 3 0.75000000 1 1.00000000 0.00000000 0.00000000 0.00000000
Neuron 174 3 0.25000000 1 1.00000000 0.00000000 0.00000000 0.00000000
Neuron 183 3 0.25000000 1 1.00000000 0.00000000 0.00000000 0.00000000
Neuron 198 3 0.75000000 1 1.00000000 0.00000000 0.00000000 0.00000000
Neuron 208 3 0.25000000 1 1.00000000 0.00000000 0.00000000 0.00000000
Neuron 210 3 1.00000000 1 1.00000000 0.00000000 0.00000000 0.00000000
Neuron 211 3 0.25000000 1 1.00000000 0.00000000 0.00000000 0.00000000
Neuron 216 3 0.25000000 1 1.00000000 0.00000000 0.00000000 0.00000000
Neuron 225 3 0.75000000 1 1.00000000 0.00000000 0.00000000 0.00000000
Neuron 239 3 0.25000000 1 1.00000000 0.00000000 0.00000000 0.00000000
Neuron 241 3 0.87500000 1 1.00000000 0.00000000 0.00000000 0.00000000
Neuron 282 3 0.50000000 1 1.00000000 0.00000000 0.00000000 0.00000000
Neuron 298 3 0.25000000 1 1.00000000 0.00000000 0.00000000 0.00000000
Neuron 302 3 0.37500000 1 1.00000000 0.00000000 0.00000000 0.00000000
Neuron 367 3 0.12500000 1 1.00000000 0.00000000 0.00000000 0.00000000
Neuron 369 3 0.25000000 1 1.00000000 0.00000000 0.00000000 0.00000000
Neuron 403 3 0.87500000 1 1.00000000 0.00000000 0.00000000 0.00000000
Neuron 408 3 0.25000000 1 1.00000000 0.00000000 0.00000000 0.00000000
Neuron 446 3 0.12500000 1 1.00000000 0.00000000 0.00000000 0.00000000
Neuron 503 3 0.06250000 1 1.00000000 0.00000000 0.00000000 0.00000000
Neuron 520 3 0.93750000 1 1.00000000 0.00000000 0.00000000 0.00000000
Neuron 524 3 0.87500000 1 1.00000000 0.00000000 0.00000000 0.00000000
Neuron 531 3 0.37500000 1 1.00000000 0.00000000 0.00000000 0.00000000
Neuron 537 3 0.62500000 1 1.00000000 0.00000000 0.00000000 0.00000000
Neuron 563 3 0.12500000 1 1.00000000 0.00000000 0.00000000 0.00000000
Neuron 582 3 0.75000000 1 1.00000000 0.00000000 0.00000000 0.00000000
Neuron 585 3 0.37500000 1 1.00000000 0.00000000 0.00000000 0.00000000
Neuron 599 3 0.62500000 1 1.00000000 0.00000000 0.00000000 0.00000000
Neuron 623 3 0.12500000 1 1.00000000 0.00000000 0.00000000 0.00000000
Neuron 628 3 0.81250000 1 1.00000000 0.00000000 0.00000000 0.00000000
Neuron 643 3 0.81250000 1 1.00000000 0.00000000 0.00000000 0.00000000
Neuron 646 3 0.56250000 1 1.00000000 0.00000000 0.00000000 0.00000000
Neuron 650 3 0.62500000 1 1.00000000 0.00000000 0.00000000 0.00000000
Neuron 692 3 0.78125000 1 1.00000000 0.00000000 0.00000000 0.00000000
Neuron 707 3 0.87500000 1 1.00000000 0.00000000 0.00000000 0.00000000
Neuron 724 3 0.90625000 1 1.00000000 0.00000000 0.00000000 0.00000000
Neuron 729 3 0.93750000 1 1.00000000 0.00000000 0.00000000 0.00000000
Neuron 740 3 0.68750000 1 1.00000000 0.00000000 0.00000000 0.00000000
Neuron 755 3 0.03125000 1 1.00000000 0.00000000 0.00000000 0.00000000
Neuron 756 3 0.81250000 1 1.00000000 0.00000000 0.00000000 0.00000000
Neuron 761 3 0.68750000 1 1.00000000 0.00000000 0.00000000 0.00000000
Neuron 766 3 0.90625000 1 1.00000000 0.00000000 0.00000000 0.00000000
Neuron 770 3 0.50000000 1 1.00000000 0.00000000 0.00000000 0.00000000
Neuron 771 3 0.37500000 1 1.00000000 0.00000000 0.00000000 0.00000000
Neuron 778 3 0.37500000 1 1.00000000 0.00000000 0.00000000 0.00000000
Neuron 781 3 0.75000000 1 1.00000000 0.00000000 0.00000000 0.00000000
Neuron 811 3 0.79687500 1 1.00000000 0.00000000 0.00000000 0.00000000
Neuron 831 3 0.50000000 1 1.00000000 0.00000000 0.00000000 0.00000000
Neuron 834 3 0.68750000 1 1.00000000 0.00000000 0.00000000 0.00000000
Neuron 853 3 0.71875000 1 1.00000000 0.00000000 0.00000000 0.00000000
Neuron 876 3 0.37500000 1 1.00000000 0.00000000 0.00000000 0.00000000
Neuron 877 3 0.43750000 1 1.00000000 0.00000000 0.00000000 0.00000000
Neuron 881 3 0.37500000 1 1.00000000 0.00000000 0.00000000 0.00000000
Neuron 909 3 0.18750000 1 1.00000000 0.00000000 0.00000000 0.00000000
Neuron 918 3 0.31250000 1 1.00000000 0.00000000 0.00000000 0.00000000
Neuron 947 3 0.75000000 1 1.00000000 0.00000000 0.00000000 0.00000000
Neuron 952 3 0.50000000 1 1.00000000 0.00000000 0.00000000 0.00000000
Neuron 968 3 0.78125000 1 1.00000000 0.00000000 0.00000000 0.00000000
Neuron 985 3 0.37500000 1 1.00000000 0.00000000 0.00000000 0.00000000
Neuron 1023 3 0.68750000 1 1.00000000 0.00000000 0.00000000 0.00000000
Neuron 1031 3 0.06250000 1 1.00000000 0.00000000 0.00000000 0.00000000
Neuron 1048 3 0.62500000 1 1.00000000 0.00000000 0.00000000 0.00000000
Neuron 1061 3 0.18750000 1 1.00000000 0.00000000 0.00000000 0.00000000
Neuron 1132 3 0.43750000 1 1.00000000 0.00000000 0.00000000 0.00000000
Neuron 1133 3 0.87500000 1 1.00000000 0.00000000 0.00000000 0.00000000
Neuron 1217 3 0.15625000 1 1.00000000 0.00000000 0.00000000 0.00000000
Neuron 1288 3 0.09375000 1 1.00000000 0.00000000 0.00000000 0.00000000
Neuron 1311 3 0.56250000 1 1.00000000 0.00000000 0.00000000 0.00000000
Neuron 1314 3 0.71875000 1 1.00000000 0.00000000 0.00000000 0.00000000
Neuron 1331 3 0.82812500 1 1.00000000 0.00000000 0.00000000 0.00000000
Neuron 1381 3 0.34375000 1 1.00000000 0.00000000 0.00000000 0.00000000
Neuron 1393 3 0.78125000 1 1.00000000 0.00000000 0.00000000 0.00000000
Neuron 1451 3 0.31250000 1 1.00000000 0.00000000 0.00000000 0.00000000
Neuron 1482 3 0.10937500 1 1.00000000 0.00000000 0.00000000 0.00000000
Neuron 1489 3 0.46875000 1 1.00000000 0.00000000 0.00000000 0.00000000
Neuron 1554 3 0.89843750 1 1.00000000 0.00000000 0.00000000 0.00000000
Neuron 1678 3 0.34375000 1 1.00000000 0.00000000 0.00000000 0.00000000
Link 3 10 3 0 1.23400801
Link 5 10 5 0 0.98869081
Link 6 10 6 0 3.29633849
Link 1 11 10 0 2.28547936
Link 8 11 17 0 0.39678574
Link 9 11 18 0 -2.35757473
Link 1 12 19 0 6.02941012
Link 3 12 21 0 -3.62826420
Link 4 12 22 0 1.53641507
Link 6 12 24 0 2.58796962
Link 9 12 27 0 -0.20231928
Link 1 13 28 0 -0.55132742
Link 2 13 29 0 1.60222760
Link 3 13 30 0 -1.65721985
Link 4 13 31 0 1.08824263
Link 5 13 32 0 3.19619918
Link 6 13 33 0 -1.46894346
Link 7 13 34 0 -3.86164925
Link 8 13 35 0 -3.00508575
Link 1 14 37 0 -4.07862374
Link 2 14 38 0 -1.87281037
Link 3 14 39 0 2.24133013
Link 4 14 40 0 -1.31807670
Link 6 14 42 0 3.55055541
Link 7 14 43 0 -1.62603092
Link 4 15 49 0 -2.24169413
Link 5 15 50 0 -0.73037345
Link 6 15 51 0 -0.28185859
Link 7 15 52 0 0.87217452
Link 8 15 53 0 -4.32922846
Link 9 15 54 0 0.30727254
Link 1 16 55 0 1.37430142
Link 2 16 56 0 1.01579296
Link 3 16 57 0 1.65009755
Link 5 16 59 0 -0.19349863
Link 6 16 60 0 0.17879037
Link 7 16 61 0 0.59083424
Link 9 16 63 0 2.25756939
Link 5 18 70 0 -0.30072830
Link 18 14 71 0 2.22374437
Link 4 20 77 0 1.14880354
Link 20 10 78 0 1.31915961
Link 26 12 96 0 -1.77773740
Link 2 28 101 0 0.76001637
Link 28 10 102 0 -1.83759694
Link 30 11 108 0 2.59640354
Link 35 12 125 0 1.57053701
Link 7 40 142 0 -0.53028672
Link 40 10 143 0 -3.15329833
Link 7 41 145 0 -0.21051967
Link 7 42 148 0 -1.35894862
Link 3 45 157 0 0.47778365
Link 45 11 158 0 1.18322573
Link 1 46 162 0 3.38558932
Link 8 48 168 0 1.98483062
Link 48 14 169 0 -5.10849234
Link 16 16 170 1 -3.24299538
Link 2 49 172 0 -0.08433716
Link 51 16 179 0 -1.27833025
Link 8 40 192 0 2.52095516
Link 1 55 195 0 -0.99178741
Link 55 15 196 0 -1.64073225
Link 56 11 199 0 -1.50164061
Link 4 64 232 0 -1.47883095
Link 3 67 259 0 -1.14501248
Link 67 15 260 0 1.90514317
Link 74 15 302 0 -2.02911838
Link 78 12 339 0 0.80259390
Link 39 11 351 0 0.03059740
Link 8 80 354 0 -2.66218297
Link 48 18 423 0 -1.25950416
Link 42 88 426 0 1.64336559
Link 88 11 427 0 2.81294514
Link 64 90 446 0 -0.59965701
Link 90 11 447 0 1.98695994
Link 95 30 489 0 0.93815146
Link 51 51 533 1 -1.72174032
Link 4 46 549 0 -2.47666272
Link 2 122 684 0 2.12464405
Link 45 135 780 0 0.06166284
Link 135 11 781 0 -0.64704766
Link 14 49 795 1 -0.51796019
Link 26 26 862 1 4.47675269
Link 40 14 871 0 1.39727955
Link 49 161 1035 0 0.79009216
Link 161 74 1036 0 3.64443817
Link 46 163 1052 0 0.88610827
Link 4 174 1112 0 1.72418662
Link 183 49 1155 0 -0.47178000
Link 198 10 1279 0 1.54577533
Link 8 208 1375 0 0.93946061
Link 208 35 1376 0 -0.71991378
Link 3 46 1378 0 1.59472244
Link 14 210 1391 1 1.12809973
Link 210 14 1392 1 -1.94475263
Link 211 26 1399 0 0.48968282
Link 216 39 1453 0 1.20982617
Link 71 225 1514 0 -0.94046536
Link 5 239 1616 0 2.02262175
Link 239 71 1617 0 -0.13850084
Link 241 14 1630 0 3.32102877
Link 7 282 1915 0 -1.11644194
Link 282 10 1916 0 2.18037021
Link 3 298 2028 0 1.25402551
Link 122 302 2061 0 -2.12559855
Link 302 56 2062 0 0.93628857
Link 46 51 2335 0 0.42560370
Link 367 216 2505 0 2.01241665
Link 5 369 2515 0 0.54952238
Link 39 30 2569 0 0.57677167
Link 225 40 2616 1 1.41017735
Link 8 88 2740 0 0.36950230
Link 8 408 2765 0 0.17011458
Link 408 26 2766 0 -2.46271037
Link 446 95 3056 0 -3.03335422
Link 298 298 3108 1 0.57675692
Link 56 46 3471 0 0.76399549
Link 78 46 3515 1 0.62978667
Link 503 446 3542 0 -1.83062866
Link 42 40 3543 0 -1.99480420
Link 520 11 3654 0 -4.05530565
Link 524 10 3683 0 1.33077727
Link 298 531 3721 0 -0.08875641
Link 446 446 3827 1 -3.11384643
Link 2 563 3955 0 0.18550314
Link 582 40 4095 1 -1.68441620
Link 174 585 4113 0 0.63959581
Link 67 26 4115 0 -0.73465860
Link 16 80 4167 1 1.25206215
Link 39 599 4239 0 0.67803446
Link 599 165 4240 0 -0.80596624
Link 30 225 4329 0 0.49626943
Link 1 623 4402 0 2.31664710
Link 628 524 4435 0 3.44844629
Link 9 163 4510 0 -0.49013410
Link 643 403 4540 0 2.09715030
Link 41 646 4563 0 -1.43264700
Link 646 537 4564 0 -1.31914670
Link 650 198 4611 0 -3.82306788
Link 49 41 4664 0 -0.41283100
Link 225 692 4930 0 -0.72345906
Link 40 71 4940 0 -0.48174615
Link 707 582 5049 1 -1.78025423
Link 403 724 5214 0 0.35907540
Link 724 520 5215 0 -0.81216547
Link 95 10 5236 0 1.18785535
Link 16 729 5255 1 1.17397643
Link 537 740 5359 0 0.78755245
Link 740 78 5360 0 -0.17833616
Link 9 369 5361 0 -4.78669449
Link 6 755 5492 0 2.78323980
Link 755 503 5493 0 1.32852598
Link 756 241 5498 0 3.03176877
Link 403 761 5525 1 1.09838254
Link 761 71 5526 1 0.91479279
Link 729 766 5548 1 -0.61200162
Link 766 707 5549 1 3.36334014
Link 51 770 5587 0 3.07370267
Link 770 41 5588 0 2.72075577
Link 3 778 5663 0 2.40116419
Link 778 165 5664 0 -1.86379673
Link 12 781 5681 1 0.77447671
Link 781 41 5682 1 1.16977891
Link 403 446 5767 1 -0.17872634
Link 9 582 5810 0 1.65767512
Link 211 95 6002 0 2.41434742
Link 692 811 6005 0 2.03397697
Link 811 643 6006 0 2.56544632
Link 30 831 6164 0 1.49584779
Link 831 51 6165 0 0.48673314
Link 834 599 6216 1 -2.04628822
Link 10 707 6300 1 0.32809154
Link 1 563 6349 0 0.27398211
Link 51 853 6360 0 1.62606866
Link 298 876 6570 0 0.94847963
Link 876 46 6571 0 3.35882427
Link 8 298 6589 0 -2.82787456
Link 531 877 6591 0 0.42099184
Link 877 30 6592 0 1.57384780
Link 881 40 6620 0 3.65885993
Link 4 582 6748 0 -2.43328457
Link 211 582 6834 0 -1.13538313
Link 563 909 6901 0 0.61464945
Link 909 211 6902 0 0.90681993
Link 165 95 6950 1 0.22836591
Link 781 403 6965 0 1.92919177
Link 369 918 6980 0 2.29691620
Link 918 771 6981 0 1.69976706
Link 582 707 7028 0 1.46317385
Link 88 643 7051 0 -0.98783597
Link 14 947 7218 1 -0.35794034
Link 947 67 7219 1 0.98340137
Link 42 952 7277 1 1.00000000
Link 952 42 7278 1 0.64265014
Link 771 771 7383 1 -4.21253545
Link 165 968 7415 0 -2.06567240
Link 968 756 7416 0 2.52950629
Link 239 985 7612 0 1.17447427
Link 985 51 7613 0 1.40193857
Link 51 582 7648 0 -0.15177096
Link 282 599 7908 0 -0.45589081
Link 531 1023 7938 0 0.08448239
Link 1023 11 7939 0 -0.18052207
Link 7 1031 8027 0 2.26924869
Link 67 1048 8142 0 0.00885553
Link 1048 88 8143 0 -0.29215848
Link 623 1061 8302 0 2.92960448
Link 1061 183 8303 0 1.93130466
Link 599 446 8409 1 -2.24426643
Link 771 88 8488 0 0.29047427
Link 778 985 8556 0 1.60038407
Link 585 1132 8865 0 -1.20258120
Link 524 1133 8870 1 1.16998504
Link 1133 524 8871 1 1.18603795
Link 503 947 9027 0 3.45256546
Link 6 41 9111 0 3.01771629
Link 755 30 9130 0 -2.55927658
Link 537 64 9237 1 -0.29881916
Link 174 1217 9479 1 0.81833508
Link 1217 503 9480 1 1.52755358
Link 778 211 9529 1 -2.78614909
Link 563 40 9549 0 -0.74554556
Link 78 78 9870 1 1.70530817
Link 64 282 10058 0 2.73219542
Link 1031 1288 10090 0 1.03658684
Link 282 724 10147 0 -1.88854157
Link 48 771 10235 1 -1.35425475
Link 135 74 10253 0 0.91148196
Link 80 1311 10277 0 -2.07036696
Link 1311 650 10278 0 0.16222160
Link 163 1314 10296 1 0.62853116
Link 1314 834 10297 1 1.35735534
Link 853 1331 10427 0 0.45008044
Link 1331 729 10428 0 0.20018450
Link 770 646 10803 0 -1.32723666
Link 367 1381 10906 0 0.41914764
Link 1381 1311 10907 0 -2.99236549
Link 163 1393 10990 0 1.69248757
Link 1393 628 10991 0 -0.55131792
Link 211 585 11033 0 -0.39338906
Link 135 165 11257 0 1.27456691
Link 216 1451 11524 0 1.00000000
Link 531 20 11547 0 0.13686348
Link 6 1217 11596 0 1.66878481
Link 1288 1482 11797 0 1.00000000
Link 1482 367 11798 0 0.73159922
Link 1132 1489 11884 0 1.81088991
Link 1489 51 11885 0 0.29248640
Link 1393 1393 12156 1 0.55426592
Link 1217 165 12311 0 -0.82910455
Link 811 1554 12455 0 0.32522733
Link 1554 12 12456 0 1.92343057
Link 80 781 12521 0 -2.03902205
Link 909 1381 12608 0 -3.68148229
Link 4 28 12696 0 3.14297061
Link 56 1048 12880 0 -0.41747901
Link 740 1132 13391 1 -1.99156219
Link 1554 585 13417 1 -1.57723094
Link 302 161 13463 0 -2.54121961
Link 1451 1678 13478 0 1.00000000
Link 1678 881 13479 0 1.44199395
GenomeEnd

