GenomeStart 72315
Neuron 1 1 0.00000000 1 0.00000000 0.00000000 0.00000000 0.00000000
Neuron 2 1 0.00000000 1 0.00000000 0.00000000 0.00000000 0.00000000
Neuron 3 1 0.00000000 1 0.00000000 0.00000000 0.00000000 0.00000000
Neuron 4 1 0.00000000 1 0.00000000 0.00000000 0.00000000 0.00000000
Neuron 5 1 0.00000000 1 0.00000000 0.00000000 0.00000000 0.00000000
Neuron 6 1 0.00000000 1 0.00000000 0.00000000 0.00000000 0.00000000
Neuron 7 1 0.00000000 1 0.00000000 0.00000000 0.00000000 0.00000000
Neuron 8 1 0.00000000 1 0.00000000 0.00000000 0.00000000 0.00000000
Neuron 9 2 0.00000000 1 0.00000000 0.00000000 0.00000000 0.00000000
Neuron 10 4 1.00000000 0 1.00000000 0.00000000 0.00000000 0.00000000
Neuron 11 4 1.00000000 0 1.00000000 0.00000000 0.00000000 0.00000000
Neuron 12 4 1.00000000 0 1.00000000 0.00000000 0.00000000 0.00000000
Neuron 13 4 1.00000000 0 1.00000000 0.00000000 0.00000000 0.00000000
Neuron 14 4 1.00000000 0 1.00000000 0.00000000 0.00000000 0.00000000
Neuron 15 4 1.00000000 0 1.00000000 0.00000000 0.00000000 0.00000000
Neuron 16 4 1.00000000 0 1.00000000 0.00000000 0.00000000 0.00000000
Neuron 18 3 0.50000000 1 1.00000000 0.00000000 0.00000000 0.00000000
Neuron 20 3 0.50000000 1 1.00000000 0.00000000 0.00000000 0.00000000
Neuron 26 3 0.50000000 1 1.00000000 0.00000000 0.00000000 0.00000000
Neuron 30 3 0.50000000 1 1.00000000 0.00000000 0.00000000 0.00000000
Neuron 35 3 0.50000000 1 1.00000000 0.00000000 0.00000000 0.00000000
Neuron 39 3 0.50000000 1 1.00000000 0.00000000 0.00000000 0.00000000
Neuron 40 3 0.50000000 1 1.00000000 0.00000000 0.00000000 0.00000000
Neuron 41 3 0.50000000 1 1.00000000 0.00000000 0.00000000 0.00000000
Neuron 42 3 0.50000000 1 1.00000000 0.00000000 0.00000000 0.00000000
Neuron 45 3 0.50000000 1 1.00000000 0.00000000 0.00000000 0.00000000
Neuron 46 3 0.50000000 1 1.00000000 0.00000000 0.00000000 0.00000000
Neuron 48 3 0.50000000 1 1.00000000 0.00000000 0.00000000 0.00000000
Neuron 49 3 0.50000000 1 1.00000000 0.00000000 0.00000000 0.00000000
Neuron 51 3 0.50000000 1 1.00000000 0.00000000 0.00000000 0.00000000
Neuron 56 3 0.50000000 1 1.00000000 0.00000000 0.00000000 0.00000000
Neuron 64 3 0.50000000 1 1.00000000 0.00000000 0.00000000 0.00000000
Neuron 67 3 0.50000000 1 1.00000000 0.00000000 0.00000000 0.00000000
Neuron 71 3 0.50000000 1 1.00000000 0.00000000 0.00000000 0.00000000
Neuron 74 3 0.75000000 1 1.00000000 0.00000000 0.00000000 0.00000000
Neuron 78 3 0.75000000 1 1.00000000 0.00000000 0.00000000 0.00000000
Neuron 80 3 0.50000000 1 1.00000000 0.00000000 0.00000000 0.00000000
Neuron 88 3 0.75000000 1 1.00000000 0.00000000 0.00000000 0.00000000
Neuron 90 3 0.75000000 1 1.00000000 0.00000000 0.00000000 0.00000000
Neuron 95 3 0.25000000 1 1.00000000 0.00000000 0.00000000 0.00000000
Neuron 122 3 0.25000000 1 1.00000000 0.00000000 0.00000000 0.00000000
Neuron 135 3 0.75000000 1 1.00000000 0.00000000 0.00000000 0.00000000
Neuron 163 3 0.75000000 1 1.00000000 0.00000000 0.00000000 0.00000000
Neuron 165 3 0.75000000 1 1.00000000 0.00000000 0.00000000 0.00000000
Neuron 174 3 0.25000000 1 1.00000000 0.00000000 0.00000000 0.00000000
Neuron 183 3 0.25000000 1 1.00000000 0.00000000 0.00000000 0.00000000
Neuron 198 3 0.75000000 1 1.00000000 0.00000000 0.00000000 0.00000000
Neuron 211 3 0.25000000 1 1.00000000 0.00000000 0.00000000 0.00000000
Neuron 216 3 0.25000000 1 1.00000000 0.00000000 0.00000000 0.00000000
Neuron 225 3 0.75000000 1 1.00000000 0.00000000 0.00000000 0.00000000
Neuron 239 3 0.25000000 1 1.00000000 0.00000000 0.00000000 0.00000000
Neuron 241 3 0.87500000 1 1.00000000 0.00000000 0.00000000 0.00000000
Neuron 282 3 0.50000000 1 1.00000000 0.00000000 0.00000000 0.00000000
Neuron 298 3 0.25000000 1 1.00000000 0.00000000 0.00000000 0.00000000
Neuron 302 3 0.37500000 1 1.00000000 0.00000000 0.00000000 0.00000000
Neuron 367 3 0.12500000 1 1.00000000 0.00000000 0.00000000 0.00000000
Neuron 369 3 0.25000000 1 1.00000000 0.00000000 0.00000000 0.00000000
Neuron 403 3 0.87500000 1 1.00000000 0.00000000 0.00000000 0.00000000
Neuron 408 3 0.25000000 1 1.00000000 0.00000000 0.00000000 0.00000000
Neuron 446 3 0.12500000 1 1.00000000 0.00000000 0.00000000 0.00000000
Neuron 503 3 0.06250000 1 1.00000000 0.00000000 0.00000000 0.00000000
Neuron 520 3 0.93750000 1 1.00000000 0.00000000 0.00000000 0.00000000
Neuron 524 3 0.87500000 1 1.00000000 0.00000000 0.00000000 0.00000000
Neuron 531 3 0.37500000 1 1.00000000 0.00000000 0.00000000 0.00000000
Neuron 537 3 0.62500000 1 1.00000000 0.00000000 0.00000000 0.00000000
Neuron 563 3 0.12500000 1 1.00000000 0.00000000 0.00000000 0.00000000
Neuron 582 3 0.75000000 1 1.00000000 0.00000000 0.00000000 0.00000000
Neuron 585 3 0.37500000 1 1.00000000 0.00000000 0.00000000 0.00000000
Neuron 599 3 0.62500000 1 1.00000000 0.00000000 0.00000000 0.00000000
Neuron 623 3 0.12500000 1 1.00000000 0.00000000 0.00000000 0.00000000
Neuron 628 3 0.81250000 1 1.00000000 0.00000000 0.00000000 0.00000000
Neuron 643 3 0.81250000 1 1.00000000 0.00000000 0.00000000 0.00000000
Neuron 646 3 0.56250000 1 1.00000000 0.00000000 0.00000000 0.00000000
Neuron 650 3 0.62500000 1 1.00000000 0.00000000 0.00000000 0.00000000
Neuron 692 3 0.78125000 1 1.00000000 0.00000000 0.00000000 0.00000000
Neuron 707 3 0.87500000 1 1.00000000 0.00000000 0.00000000 0.00000000
Neuron 724 3 0.90625000 1 1.00000000 0.00000000 0.00000000 0.00000000
Neuron 729 3 0.93750000 1 1.00000000 0.00000000 0.00000000 0.00000000
Neuron 740 3 0.68750000 1 1.00000000 0.00000000 0.00000000 0.00000000
Neuron 755 3 0.03125000 1 1.00000000 0.00000000 0.00000000 0.00000000
Neuron 756 3 0.81250000 1 1.00000000 0.00000000 0.00000000 0.00000000
Neuron 761 3 0.68750000 1 1.00000000 0.00000000 0.00000000 0.00000000
Neuron 766 3 0.90625000 1 1.00000000 0.00000000 0.00000000 0.00000000
Neuron 770 3 0.50000000 1 1.00000000 0.00000000 0.00000000 0.00000000
Neuron 771 3 0.37500000 1 1.00000000 0.00000000 0.00000000 0.00000000
Neuron 778 3 0.37500000 1 1.00000000 0.00000000 0.00000000 0.00000000
Neuron 781 3 0.75000000 1 1.00000000 0.00000000 0.00000000 0.00000000
Neuron 811 3 0.79687500 1 1.00000000 0.00000000 0.00000000 0.00000000
Neuron 834 3 0.68750000 1 1.00000000 0.00000000 0.00000000 0.00000000
Neuron 853 3 0.71875000 1 1.00000000 0.00000000 0.00000000 0.00000000
Neuron 881 3 0.37500000 1 1.00000000 0.00000000 0.00000000 0.00000000
Neuron 909 3 0.18750000 1 1.00000000 0.00000000 0.00000000 0.00000000
Neuron 918 3 0.31250000 1 1.00000000 0.00000000 0.00000000 0.00000000
Neuron 947 3 0.75000000 1 1.00000000 0.00000000 0.00000000 0.00000000
Neuron 968 3 0.78125000 1 1.00000000 0.00000000 0.00000000 0.00000000
Neuron 985 3 0.37500000 1 1.00000000 0.00000000 0.00000000 0.00000000
Neuron 1023 3 0.68750000 1 1.00000000 0.00000000 0.00000000 0.00000000
Neuron 1031 3 0.06250000 1 1.00000000 0.00000000 0.00000000 0.00000000
Neuron 1048 3 0.62500000 1 1.00000000 0.00000000 0.00000000 0.00000000
Neuron 1061 3 0.18750000 1 1.00000000 0.00000000 0.00000000 0.00000000
Neuron 1132 3 0.43750000 1 1.00000000 0.00000000 0.00000000 0.00000000
Neuron 1133 3 0.87500000 1 1.00000000 0.00000000 0.00000000 0.00000000
Neuron 1217 3 0.15625000 1 1.00000000 0.00000000 0.00000000 0.00000000
Neuron 1288 3 0.09375000 1 1.00000000 0.00000000 0.00000000 0.00000000
Neuron 1311 3 0.56250000 1 1.00000000 0.00000000 0.00000000 0.00000000
Neuron 1314 3 0.71875000 1 1.00000000 0.00000000 0.00000000 0.00000000
Link 2 10 2 0 -0.98567594
Link 3 10 3 0 -2.02036333
Link 5 10 5 0 0.05518484
Link 6 10 6 0 3.40511991
Link 1 11 10 0 3.30493037
Link 8 11 17 0 0.41707402
Link 9 11 18 0 -2.13403624
Link 1 12 19 0 6.16537351
Link 3 12 21 0 -1.66411359
Link 4 12 22 0 2.74584020
Link 6 12 24 0 2.37076939
Link 9 12 27 0 -1.88943922
Link 1 13 28 0 -1.11388504
Link 2 13 29 0 3.63251799
Link 3 13 30 0 -2.36968889
Link 4 13 31 0 0.38493598
Link 5 13 32 0 3.79719132
Link 6 13 33 0 -2.41383785
Link 7 13 34 0 -1.21780277
Link 8 13 35 0 -4.13028055
Link 1 14 37 0 -2.64726977
Link 2 14 38 0 -1.49663020
Link 3 14 39 0 -2.67338735
Link 4 14 40 0 0.48817378
Link 6 14 42 0 3.40178596
Link 7 14 43 0 -2.16041979
Link 1 15 46 0 -0.17222545
Link 4 15 49 0 -1.51976232
Link 5 15 50 0 -0.81101639
Link 6 15 51 0 -1.77281903
Link 7 15 52 0 -1.06813502
Link 8 15 53 0 -2.32948768
Link 9 15 54 0 1.22924447
Link 1 16 55 0 1.15975753
Link 2 16 56 0 1.96475637
Link 3 16 57 0 0.33619310
Link 5 16 59 0 -1.05819428
Link 6 16 60 0 -2.28702897
Link 7 16 61 0 2.78707459
Link 9 16 63 0 1.52283770
Link 5 18 70 0 0.78918838
Link 18 14 71 0 0.83747699
Link 4 20 77 0 0.43752353
Link 20 10 78 0 -0.00658926
Link 26 12 96 0 -0.62789346
Link 30 11 108 0 3.11512609
Link 14 14 109 1 -1.95764676
Link 8 35 124 0 0.77698635
Link 35 12 125 0 2.20530665
Link 7 40 142 0 -0.35415995
Link 40 10 143 0 -0.89898811
Link 7 41 145 0 1.26998284
Link 7 42 148 0 0.22179281
Link 3 45 157 0 0.32141754
Link 1 46 162 0 1.48306445
Link 8 48 168 0 2.85400663
Link 48 14 169 0 -3.83327920
Link 16 16 170 1 -3.72768777
Link 2 49 172 0 0.06919651
Link 51 16 179 0 1.82113099
Link 8 40 192 0 2.46600410
Link 56 11 199 0 -3.25533496
Link 4 64 232 0 -1.38360314
Link 3 67 259 0 -0.48639188
Link 67 15 260 0 0.61446662
Link 49 74 301 0 2.53728416
Link 74 15 302 0 -1.84590991
Link 78 12 339 0 -0.51079525
Link 39 11 351 0 1.50132957
Link 8 80 354 0 -1.42438265
Link 48 18 423 0 -1.42006235
Link 42 88 426 0 0.62181804
Link 88 11 427 0 1.89180773
Link 64 90 446 0 0.83830375
Link 90 11 447 0 2.91648347
Link 95 30 489 0 -1.21130947
Link 51 51 533 1 -0.81728694
Link 4 46 549 0 -3.39283726
Link 2 122 684 0 1.47039945
Link 45 135 780 0 0.37538728
Link 135 11 781 0 0.99091162
Link 42 42 793 1 -0.46253109
Link 14 49 795 1 -0.74333294
Link 26 26 862 1 3.41482969
Link 40 14 871 0 -0.68992040
Link 46 163 1052 0 2.37282372
Link 4 174 1112 0 1.39194065
Link 183 49 1155 0 -0.93170803
Link 198 10 1279 0 0.28335708
Link 3 46 1378 0 1.36923825
Link 211 26 1399 0 -0.03021292
Link 216 39 1453 0 0.09550841
Link 71 225 1514 0 -0.13024932
Link 5 239 1616 0 2.25299959
Link 239 71 1617 0 0.95812693
Link 241 14 1630 0 1.57965356
Link 7 282 1915 0 -0.57585393
Link 282 10 1916 0 1.42566912
Link 3 298 2028 0 2.38937671
Link 122 302 2061 0 1.00000000
Link 302 56 2062 0 2.79094332
Link 46 51 2335 0 -0.19716307
Link 367 216 2505 0 2.42043706
Link 5 369 2515 0 0.14537558
Link 39 30 2569 0 1.10083388
Link 225 40 2616 1 0.59146381
Link 8 88 2740 0 -0.51199279
Link 8 408 2765 0 -0.05926087
Link 408 26 2766 0 -1.29877749
Link 446 95 3056 0 -1.48653112
Link 298 298 3108 1 -2.02585430
Link 298 46 3159 0 2.48635454
Link 56 46 3471 0 2.74638390
Link 78 46 3515 1 -1.36587363
Link 503 446 3542 0 -1.57865543
Link 42 40 3543 0 -1.72849743
Link 520 11 3654 0 -3.03904482
Link 524 10 3683 0 2.50325402
Link 30 51 3708 0 0.28198424
Link 298 531 3721 0 0.28367811
Link 531 30 3722 0 0.20449803
Link 446 446 3827 1 -4.32449108
Link 2 563 3955 0 0.12360933
Link 582 40 4095 1 -1.14860403
Link 174 585 4113 0 0.76571138
Link 67 26 4115 0 -0.08873949
Link 16 80 4167 1 2.14189158
Link 39 599 4239 0 -1.17404566
Link 599 165 4240 0 0.34545337
Link 30 225 4329 0 1.86347478
Link 1 623 4402 0 4.02463021
Link 163 628 4434 0 0.68008649
Link 628 524 4435 0 2.78265784
Link 9 163 4510 0 0.96927901
Link 643 403 4540 0 2.68763798
Link 41 646 4563 0 0.66228697
Link 646 537 4564 0 -2.30285856
Link 650 198 4611 0 -2.49379379
Link 49 41 4664 0 -0.66669846
Link 225 692 4930 0 -1.52345034
Link 40 71 4940 0 0.30452353
Link 707 582 5049 1 -3.31279377
Link 403 724 5214 0 0.38784811
Link 724 520 5215 0 1.53532011
Link 16 729 5255 1 0.30884902
Link 537 740 5359 0 0.93684585
Link 740 78 5360 0 0.85995233
Link 9 369 5361 0 -3.84187850
Link 6 755 5492 0 1.09463048
Link 755 503 5493 0 -1.62981322
Link 756 241 5498 0 1.67974943
Link 403 761 5525 1 2.02927344
Link 761 71 5526 1 1.11438065
Link 729 766 5548 1 -0.95145973
Link 766 707 5549 1 3.42890504
Link 51 770 5587 0 2.32823731
Link 770 41 5588 0 1.80973786
Link 3 778 5663 0 2.09316534
Link 778 165 5664 0 -2.19400505
Link 12 781 5681 1 0.54661829
Link 781 41 5682 1 1.94312369
Link 403 446 5767 1 1.43877554
Link 9 582 5810 0 0.03451951
Link 211 95 6002 0 -1.96964362
Link 692 811 6005 0 2.88915066
Link 811 643 6006 0 0.73907086
Link 834 599 6216 1 -1.41033730
Link 10 707 6300 1 0.58088394
Link 1 563 6349 0 4.43044016
Link 51 853 6360 0 1.10511735
Link 853 729 6361 0 1.84681030
Link 8 298 6589 0 -1.65844172
Link 216 881 6619 0 1.02129128
Link 881 40 6620 0 1.05686126
Link 4 582 6748 0 -2.10259758
Link 211 582 6834 0 0.00956564
Link 563 909 6901 0 0.79694716
Link 909 211 6902 0 0.76840110
Link 165 95 6950 1 -1.20118624
Link 369 918 6980 0 0.78779162
Link 918 771 6981 0 1.10182347
Link 88 643 7051 0 -1.41938518
Link 14 947 7218 1 1.29430692
Link 947 67 7219 1 -0.03473725
Link 771 771 7383 1 -2.95291608
Link 165 968 7415 0 -0.92883494
Link 968 756 7416 0 1.19995174
Link 239 985 7612 0 -0.36333488
Link 985 51 7613 0 1.19188430
Link 51 582 7648 0 0.71367610
Link 282 599 7908 0 -0.76958761
Link 531 1023 7938 0 -1.52263940
Link 1023 11 7939 0 -0.60368034
Link 7 1031 8027 0 1.47780718
Link 67 1048 8142 0 -0.31650820
Link 1048 88 8143 0 -0.57149502
Link 623 1061 8302 0 0.83251325
Link 1061 183 8303 0 0.75786870
Link 599 446 8409 1 -0.76409615
Link 771 88 8488 0 4.61235789
Link 778 985 8556 0 1.77162992
Link 2 770 8789 0 0.73649024
Link 585 1132 8865 0 1.00088367
Link 1132 51 8866 0 0.85101326
Link 524 1133 8870 1 0.95883803
Link 1133 524 8871 1 0.35798489
Link 503 947 9027 0 3.68666215
Link 755 30 9130 0 -2.38926583
Link 537 64 9237 1 -0.38949313
Link 174 1217 9479 1 1.00267100
Link 1217 503 9480 1 -1.29156567
Link 778 211 9529 1 -3.79358637
Link 563 40 9549 0 -1.38851036
Link 78 78 9870 1 -0.80755022
Link 64 282 10058 0 3.34046911
Link 1031 1288 10090 0 1.00000000
Link 1288 367 10091 0 1.50252964
Link 282 724 10147 0 -2.12736381
Link 48 771 10235 1 -0.12510771
Link 135 74 10253 0 1.27674650
Link 80 1311 10277 0 1.04476416
Link 1311 650 10278 0 1.16490728
Link 163 1314 10296 1 0.67803114
Link 1314 834 10297 1 0.76341299
Link 770 646 10803 0 -1.73532536
Link 367 1311 10878 0 -0.69510200
Link 211 585 11033 0 -0.22061093
Link 135 165 11257 0 2.20518085
GenomeEnd

