GenomeStart 94022
Neuron 1 1 0.00000000 1 0.00000000 0.00000000 0.00000000 0.00000000
Neuron 2 1 0.00000000 1 0.00000000 0.00000000 0.00000000 0.00000000
Neuron 3 1 0.00000000 1 0.00000000 0.00000000 0.00000000 0.00000000
Neuron 4 1 0.00000000 1 0.00000000 0.00000000 0.00000000 0.00000000
Neuron 5 1 0.00000000 1 0.00000000 0.00000000 0.00000000 0.00000000
Neuron 6 1 0.00000000 1 0.00000000 0.00000000 0.00000000 0.00000000
Neuron 7 1 0.00000000 1 0.00000000 0.00000000 0.00000000 0.00000000
Neuron 8 1 0.00000000 1 0.00000000 0.00000000 0.00000000 0.00000000
Neuron 9 2 0.00000000 1 0.00000000 0.00000000 0.00000000 0.00000000
Neuron 10 4 1.00000000 0 1.00000000 0.00000000 0.00000000 0.00000000
Neuron 11 4 1.00000000 0 1.00000000 0.00000000 0.00000000 0.00000000
Neuron 12 4 1.00000000 0 1.00000000 0.00000000 0.00000000 0.00000000
Neuron 13 4 1.00000000 0 1.00000000 0.00000000 0.00000000 0.00000000
Neuron 14 4 1.00000000 0 1.00000000 0.00000000 0.00000000 0.00000000
Neuron 15 4 1.00000000 0 1.00000000 0.00000000 0.00000000 0.00000000
Neuron 16 4 1.00000000 0 1.00000000 0.00000000 0.00000000 0.00000000
Neuron 18 3 0.50000000 1 1.00000000 0.00000000 0.00000000 0.00000000
Neuron 20 3 0.50000000 1 1.00000000 0.00000000 0.00000000 0.00000000
Neuron 26 3 0.50000000 1 1.00000000 0.00000000 0.00000000 0.00000000
Neuron 28 3 0.50000000 1 1.00000000 0.00000000 0.00000000 0.00000000
Neuron 30 3 0.50000000 1 1.00000000 0.00000000 0.00000000 0.00000000
Neuron 35 3 0.50000000 1 1.00000000 0.00000000 0.00000000 0.00000000
Neuron 39 3 0.50000000 1 1.00000000 0.00000000 0.00000000 0.00000000
Neuron 40 3 0.50000000 1 1.00000000 0.00000000 0.00000000 0.00000000
Neuron 41 3 0.50000000 1 1.00000000 0.00000000 0.00000000 0.00000000
Neuron 42 3 0.50000000 1 1.00000000 0.00000000 0.00000000 0.00000000
Neuron 45 3 0.50000000 1 1.00000000 0.00000000 0.00000000 0.00000000
Neuron 46 3 0.50000000 1 1.00000000 0.00000000 0.00000000 0.00000000
Neuron 48 3 0.50000000 1 1.00000000 0.00000000 0.00000000 0.00000000
Neuron 49 3 0.50000000 1 1.00000000 0.00000000 0.00000000 0.00000000
Neuron 51 3 0.50000000 1 1.00000000 0.00000000 0.00000000 0.00000000
Neuron 55 3 0.50000000 1 1.00000000 0.00000000 0.00000000 0.00000000
Neuron 56 3 0.50000000 1 1.00000000 0.00000000 0.00000000 0.00000000
Neuron 64 3 0.50000000 1 1.00000000 0.00000000 0.00000000 0.00000000
Neuron 67 3 0.50000000 1 1.00000000 0.00000000 0.00000000 0.00000000
Neuron 71 3 0.50000000 1 1.00000000 0.00000000 0.00000000 0.00000000
Neuron 74 3 0.75000000 1 1.00000000 0.00000000 0.00000000 0.00000000
Neuron 78 3 0.75000000 1 1.00000000 0.00000000 0.00000000 0.00000000
Neuron 80 3 0.50000000 1 1.00000000 0.00000000 0.00000000 0.00000000
Neuron 88 3 0.75000000 1 1.00000000 0.00000000 0.00000000 0.00000000
Neuron 90 3 0.75000000 1 1.00000000 0.00000000 0.00000000 0.00000000
Neuron 95 3 0.25000000 1 1.00000000 0.00000000 0.00000000 0.00000000
Neuron 108 3 0.75000000 1 1.00000000 0.00000000 0.00000000 0.00000000
Neuron 122 3 0.25000000 1 1.00000000 0.00000000 0.00000000 0.00000000
Neuron 135 3 0.75000000 1 1.00000000 0.00000000 0.00000000 0.00000000
Neuron 160 3 0.25000000 1 1.00000000 0.00000000 0.00000000 0.00000000
Neuron 161 3 0.62500000 1 1.00000000 0.00000000 0.00000000 0.00000000
Neuron 163 3 0.75000000 1 1.00000000 0.00000000 0.00000000 0.00000000
Neuron 165 3 0.75000000 1 1.00000000 0.00000000 0.00000000 0.00000000
Neuron 174 3 0.25000000 1 1.00000000 0.00000000 0.00000000 0.00000000
Neuron 183 3 0.25000000 1 1.00000000 0.00000000 0.00000000 0.00000000
Neuron 198 3 0.75000000 1 1.00000000 0.00000000 0.00000000 0.00000000
Neuron 208 3 0.25000000 1 1.00000000 0.00000000 0.00000000 0.00000000
Neuron 210 3 1.00000000 1 1.00000000 0.00000000 0.00000000 0.00000000
Neuron 211 3 0.25000000 1 1.00000000 0.00000000 0.00000000 0.00000000
Neuron 216 3 0.25000000 1 1.00000000 0.00000000 0.00000000 0.00000000
Neuron 225 3 0.75000000 1 1.00000000 0.00000000 0.00000000 0.00000000
Neuron 239 3 0.25000000 1 1.00000000 0.00000000 0.00000000 0.00000000
Neuron 241 3 0.87500000 1 1.00000000 0.00000000 0.00000000 0.00000000
Neuron 282 3 0.50000000 1 1.00000000 0.00000000 0.00000000 0.00000000
Neuron 298 3 0.25000000 1 1.00000000 0.00000000 0.00000000 0.00000000
Neuron 302 3 0.37500000 1 1.00000000 0.00000000 0.00000000 0.00000000
Neuron 341 3 0.25000000 1 1.00000000 0.00000000 0.00000000 0.00000000
Neuron 367 3 0.12500000 1 1.00000000 0.00000000 0.00000000 0.00000000
Neuron 369 3 0.25000000 1 1.00000000 0.00000000 0.00000000 0.00000000
Neuron 403 3 0.87500000 1 1.00000000 0.00000000 0.00000000 0.00000000
Neuron 408 3 0.25000000 1 1.00000000 0.00000000 0.00000000 0.00000000
Neuron 446 3 0.12500000 1 1.00000000 0.00000000 0.00000000 0.00000000
Neuron 488 3 0.75000000 1 1.00000000 0.00000000 0.00000000 0.00000000
Neuron 503 3 0.06250000 1 1.00000000 0.00000000 0.00000000 0.00000000
Neuron 520 3 0.93750000 1 1.00000000 0.00000000 0.00000000 0.00000000
Neuron 524 3 0.87500000 1 1.00000000 0.00000000 0.00000000 0.00000000
Neuron 531 3 0.37500000 1 1.00000000 0.00000000 0.00000000 0.00000000
Neuron 537 3 0.62500000 1 1.00000000 0.00000000 0.00000000 0.00000000
Neuron 563 3 0.12500000 1 1.00000000 0.00000000 0.00000000 0.00000000
Neuron 582 3 0.75000000 1 1.00000000 0.00000000 0.00000000 0.00000000
Neuron 585 3 0.37500000 1 1.00000000 0.00000000 0.00000000 0.00000000
Neuron 599 3 0.62500000 1 1.00000000 0.00000000 0.00000000 0.00000000
Neuron 623 3 0.12500000 1 1.00000000 0.00000000 0.00000000 0.00000000
Neuron 628 3 0.81250000 1 1.00000000 0.00000000 0.00000000 0.00000000
Neuron 643 3 0.81250000 1 1.00000000 0.00000000 0.00000000 0.00000000
Neuron 646 3 0.56250000 1 1.00000000 0.00000000 0.00000000 0.00000000
Neuron 650 3 0.62500000 1 1.00000000 0.00000000 0.00000000 0.00000000
Neuron 656 3 0.75000000 1 1.00000000 0.00000000 0.00000000 0.00000000
Neuron 678 3 0.12500000 1 1.00000000 0.00000000 0.00000000 0.00000000
Neuron 692 3 0.78125000 1 1.00000000 0.00000000 0.00000000 0.00000000
Neuron 707 3 0.87500000 1 1.00000000 0.00000000 0.00000000 0.00000000
Neuron 724 3 0.90625000 1 1.00000000 0.00000000 0.00000000 0.00000000
Neuron 729 3 0.93750000 1 1.00000000 0.00000000 0.00000000 0.00000000
Neuron 740 3 0.68750000 1 1.00000000 0.00000000 0.00000000 0.00000000
Neuron 755 3 0.03125000 1 1.00000000 0.00000000 0.00000000 0.00000000
Neuron 756 3 0.81250000 1 1.00000000 0.00000000 0.00000000 0.00000000
Neuron 761 3 0.68750000 1 1.00000000 0.00000000 0.00000000 0.00000000
Neuron 766 3 0.90625000 1 1.00000000 0.00000000 0.00000000 0.00000000
Neuron 770 3 0.50000000 1 1.00000000 0.00000000 0.00000000 0.00000000
Neuron 771 3 0.37500000 1 1.00000000 0.00000000 0.00000000 0.00000000
Neuron 778 3 0.37500000 1 1.00000000 0.00000000 0.00000000 0.00000000
Neuron 781 3 0.75000000 1 1.00000000 0.00000000 0.00000000 0.00000000
Neuron 811 3 0.79687500 1 1.00000000 0.00000000 0.00000000 0.00000000
Neuron 831 3 0.50000000 1 1.00000000 0.00000000 0.00000000 0.00000000
Neuron 834 3 0.68750000 1 1.00000000 0.00000000 0.00000000 0.00000000
Neuron 853 3 0.71875000 1 1.00000000 0.00000000 0.00000000 0.00000000
Neuron 876 3 0.37500000 1 1.00000000 0.00000000 0.00000000 0.00000000
Neuron 877 3 0.43750000 1 1.00000000 0.00000000 0.00000000 0.00000000
Neuron 881 3 0.37500000 1 1.00000000 0.00000000 0.00000000 0.00000000
Neuron 909 3 0.18750000 1 1.00000000 0.00000000 0.00000000 0.00000000
Neuron 918 3 0.31250000 1 1.00000000 0.00000000 0.00000000 0.00000000
Neuron 947 3 0.75000000 1 1.00000000 0.00000000 0.00000000 0.00000000
Neuron 968 3 0.78125000 1 1.00000000 0.00000000 0.00000000 0.00000000
Neuron 985 3 0.37500000 1 1.00000000 0.00000000 0.00000000 0.00000000
Neuron 1014 3 0.78125000 1 1.00000000 0.00000000 0.00000000 0.00000000
Neuron 1023 3 0.68750000 1 1.00000000 0.00000000 0.00000000 0.00000000
Neuron 1031 3 0.06250000 1 1.00000000 0.00000000 0.00000000 0.00000000
Neuron 1048 3 0.62500000 1 1.00000000 0.00000000 0.00000000 0.00000000
Neuron 1059 3 0.87500000 1 1.00000000 0.00000000 0.00000000 0.00000000
Neuron 1061 3 0.18750000 1 1.00000000 0.00000000 0.00000000 0.00000000
Neuron 1132 3 0.43750000 1 1.00000000 0.00000000 0.00000000 0.00000000
Neuron 1133 3 0.87500000 1 1.00000000 0.00000000 0.00000000 0.00000000
Neuron 1217 3 0.15625000 1 1.00000000 0.00000000 0.00000000 0.00000000
Neuron 1288 3 0.09375000 1 1.00000000 0.00000000 0.00000000 0.00000000
Neuron 1308 3 0.43750000 1 1.00000000 0.00000000 0.00000000 0.00000000
Neuron 1311 3 0.56250000 1 1.00000000 0.00000000 0.00000000 0.00000000
Neuron 1314 3 0.71875000 1 1.00000000 0.00000000 0.00000000 0.00000000
Neuron 1330 3 0.15625000 1 1.00000000 0.00000000 0.00000000 0.00000000
Neuron 1331 3 0.82812500 1 1.00000000 0.00000000 0.00000000 0.00000000
Neuron 1381 3 0.34375000 1 1.00000000 0.00000000 0.00000000 0.00000000
Neuron 1393 3 0.78125000 1 1.00000000 0.00000000 0.00000000 0.00000000
Neuron 1451 3 0.31250000 1 1.00000000 0.00000000 0.00000000 0.00000000
Neuron 1460 3 0.70312500 1 1.00000000 0.00000000 0.00000000 0.00000000
Neuron 1482 3 0.10937500 1 1.00000000 0.00000000 0.00000000 0.00000000
Neuron 1489 3 0.46875000 1 1.00000000 0.00000000 0.00000000 0.00000000
Neuron 1549 3 0.68750000 1 1.00000000 0.00000000 0.00000000 0.00000000
Neuron 1554 3 0.89843750 1 1.00000000 0.00000000 0.00000000 0.00000000
Neuron 1678 3 0.34375000 1 1.00000000 0.00000000 0.00000000 0.00000000
Neuron 1688 3 0.87500000 1 1.00000000 0.00000000 0.00000000 0.00000000
Link 3 10 3 0 0.76477294
Link 5 10 5 0 2.53094425
Link 6 10 6 0 3.33203623
Link 1 11 10 0 3.17617873
Link 8 11 17 0 -0.58934070
Link 9 11 18 0 -2.21940072
Link 1 12 19 0 5.53686136
Link 3 12 21 0 -3.34977039
Link 4 12 22 0 1.83235061
Link 6 12 24 0 1.78937375
Link 9 12 27 0 -0.46601824
Link 1 13 28 0 -0.23122864
Link 2 13 29 0 -0.44103503
Link 3 13 30 0 -1.67555292
Link 4 13 31 0 2.74532005
Link 5 13 32 0 4.59224237
Link 6 13 33 0 -1.71573228
Link 7 13 34 0 -3.64705385
Link 8 13 35 0 -5.11236288
Link 1 14 37 0 -5.34159833
Link 2 14 38 0 -1.23467051
Link 3 14 39 0 1.56537734
Link 4 14 40 0 -1.35970692
Link 6 14 42 0 4.34055233
Link 7 14 43 0 -1.90319368
Link 4 15 49 0 -2.46354743
Link 5 15 50 0 -1.35505515
Link 6 15 51 0 0.36364351
Link 7 15 52 0 1.04918837
Link 8 15 53 0 -4.94906269
Link 9 15 54 0 -0.31499316
Link 1 16 55 0 1.07529261
Link 2 16 56 0 0.39229499
Link 3 16 57 0 -0.06614829
Link 6 16 60 0 0.26119491
Link 7 16 61 0 1.05057054
Link 9 16 63 0 1.05876382
Link 5 18 70 0 1.46373463
Link 18 14 71 0 1.77075893
Link 4 20 77 0 2.05465489
Link 20 10 78 0 -0.98104446
Link 26 12 96 0 -1.88835327
Link 2 28 101 0 0.92801294
Link 28 10 102 0 -1.49857436
Link 30 11 108 0 2.64586028
Link 35 12 125 0 2.87995027
Link 7 40 142 0 -0.26454684
Link 40 10 143 0 -3.68090504
Link 7 41 145 0 0.34277514
Link 7 42 148 0 -0.74883693
Link 3 45 157 0 1.61313185
Link 45 11 158 0 0.77539684
Link 1 46 162 0 3.60996918
Link 8 48 168 0 1.28484667
Link 48 14 169 0 -4.55432032
Link 16 16 170 1 -3.71563167
Link 51 16 179 0 -0.39663362
Link 8 40 192 0 1.78599819
Link 1 55 195 0 -0.68532790
Link 56 11 199 0 -1.33397908
Link 4 64 232 0 -1.17476891
Link 3 67 259 0 -0.41442255
Link 67 15 260 0 1.86272076
Link 74 15 302 0 -1.59152376
Link 78 12 339 0 1.53018923
Link 8 80 354 0 -1.20500754
Link 48 18 423 0 -0.19639680
Link 42 88 426 0 1.69053432
Link 88 11 427 0 2.31018450
Link 64 90 446 0 -0.45242226
Link 90 11 447 0 2.30928786
Link 95 30 489 0 -0.04084902
Link 51 51 533 1 -2.13618445
Link 55 108 585 0 1.43708047
Link 108 15 586 0 -0.74884336
Link 2 122 684 0 1.20157019
Link 45 135 780 0 -0.76146856
Link 135 11 781 0 -0.83560530
Link 42 42 793 1 0.51226847
Link 14 49 795 1 -0.52133327
Link 26 26 862 1 4.21302799
Link 40 14 871 0 0.68664455
Link 2 160 1032 0 0.83107860
Link 160 49 1033 0 0.16094543
Link 49 161 1035 0 0.49593556
Link 161 74 1036 0 2.17460913
Link 46 163 1052 0 0.79442123
Link 4 174 1112 0 1.68222254
Link 183 49 1155 0 0.02817485
Link 198 10 1279 0 1.10857715
Link 8 208 1375 0 1.09300325
Link 208 35 1376 0 -1.21610192
Link 3 46 1378 0 2.13795187
Link 14 210 1391 1 0.94084736
Link 210 14 1392 1 -0.54879245
Link 211 26 1399 0 1.06769450
Link 55 55 1420 1 -3.04587676
Link 216 39 1453 0 0.81962129
Link 71 225 1514 0 -2.17456518
Link 5 239 1616 0 2.75147482
Link 239 71 1617 0 0.67195698
Link 241 14 1630 0 2.96329799
Link 7 282 1915 0 -0.64598168
Link 282 10 1916 0 1.32983161
Link 3 298 2028 0 1.04399441
Link 122 302 2061 0 -2.24579104
Link 302 56 2062 0 -0.87768963
Link 4 341 2317 0 1.38095214
Link 341 46 2318 0 -1.67645685
Link 46 51 2335 0 1.08785059
Link 367 216 2505 0 2.23271732
Link 39 30 2569 0 0.88517173
Link 225 40 2616 1 1.02899297
Link 8 88 2740 0 0.25931642
Link 8 408 2765 0 0.96089718
Link 408 26 2766 0 -3.08822483
Link 446 95 3056 0 -1.07615001
Link 298 298 3108 1 -1.03383891
Link 39 488 3419 0 0.28688238
Link 56 46 3471 0 -0.26681074
Link 78 46 3515 1 0.22191431
Link 503 446 3542 0 -1.26584135
Link 42 40 3543 0 -1.28968555
Link 520 11 3654 0 -3.55728934
Link 524 10 3683 0 1.48805065
Link 298 531 3721 0 1.38798638
Link 446 446 3827 1 -2.89732127
Link 2 563 3955 0 0.14407773
Link 582 40 4095 1 -2.15488418
Link 174 585 4113 0 -0.30026181
Link 67 26 4115 0 -0.69556255
Link 39 599 4239 0 -0.66831487
Link 599 165 4240 0 0.18817941
Link 30 225 4329 0 0.53795696
Link 1 623 4402 0 2.14119949
Link 628 524 4435 0 3.95090260
Link 9 163 4510 0 0.78611204
Link 643 403 4540 0 1.13424161
Link 41 646 4563 0 -1.34183571
Link 646 537 4564 0 -1.18584047
Link 49 41 4664 0 0.17364314
Link 16 656 4666 1 1.09985878
Link 656 80 4667 1 1.40713566
Link 5 678 4847 0 0.96490678
Link 678 369 4848 0 -0.36295718
Link 225 692 4930 0 -1.28934242
Link 40 71 4940 0 -1.56077685
Link 707 582 5049 1 -0.92837739
Link 403 724 5214 0 0.48633456
Link 724 520 5215 0 -0.45088379
Link 95 10 5236 0 1.21682097
Link 16 729 5255 1 0.03261013
Link 537 740 5359 0 0.81775860
Link 740 78 5360 0 0.33538037
Link 9 369 5361 0 -4.30289344
Link 6 755 5492 0 3.42489435
Link 755 503 5493 0 1.74520238
Link 756 241 5498 0 3.03249266
Link 403 761 5525 1 2.16123180
Link 761 71 5526 1 0.43201832
Link 729 766 5548 1 -2.40807151
Link 766 707 5549 1 3.81162447
Link 51 770 5587 0 2.07076528
Link 770 41 5588 0 1.89854937
Link 3 778 5663 0 2.76174234
Link 778 165 5664 0 -2.14488607
Link 12 781 5681 1 2.12048999
Link 781 41 5682 1 0.83497552
Link 403 446 5767 1 -0.25453466
Link 9 582 5810 0 1.28787846
Link 211 95 6002 0 2.34530843
Link 692 811 6005 0 2.63665248
Link 811 643 6006 0 3.20088596
Link 30 831 6164 0 1.66941229
Link 831 51 6165 0 0.89080890
Link 834 599 6216 1 -2.29657012
Link 10 707 6300 1 0.42531144
Link 1 563 6349 0 -0.03205690
Link 51 853 6360 0 0.51964944
Link 298 876 6570 0 0.51124158
Link 876 46 6571 0 3.64929251
Link 8 298 6589 0 -1.45056320
Link 531 877 6591 0 0.28923946
Link 877 30 6592 0 2.46178328
Link 881 40 6620 0 3.61062978
Link 707 707 6741 1 -4.43747599
Link 4 582 6748 0 -0.50430449
Link 211 582 6834 0 -1.95683605
Link 909 211 6902 0 0.83150045
Link 165 95 6950 1 0.11125098
Link 781 403 6965 0 1.81969973
Link 369 918 6980 0 1.01820310
Link 918 771 6981 0 2.72770312
Link 582 707 7028 0 1.36403374
Link 14 947 7218 1 0.37639714
Link 947 67 7219 1 1.46572265
Link 771 771 7383 1 -4.20695139
Link 165 968 7415 0 -0.48028385
Link 968 756 7416 0 2.77935353
Link 183 520 7564 0 -0.54151178
Link 599 707 7571 0 -2.31565238
Link 239 985 7612 0 0.89411993
Link 985 51 7613 0 1.71014697
Link 51 582 7648 0 -0.04208357
Link 88 1014 7870 0 1.34690247
Link 1014 643 7871 0 -0.26347707
Link 282 599 7908 0 -0.66624513
Link 531 1023 7938 0 -0.59305740
Link 1023 11 7939 0 -1.18060993
Link 7 1031 8027 0 1.16385177
Link 67 1048 8142 0 1.13881115
Link 1048 88 8143 0 -0.22199706
Link 488 1059 8281 0 0.67346742
Link 1059 11 8282 0 1.01812540
Link 623 1061 8302 0 3.34051294
Link 1061 183 8303 0 1.08686221
Link 599 446 8409 1 -1.97989954
Link 771 88 8488 0 -0.00181582
Link 778 985 8556 0 1.06143437
Link 585 1132 8865 0 -1.65868111
Link 1133 524 8871 1 2.02834481
Link 503 947 9027 0 4.02878034
Link 6 41 9111 0 3.32605552
Link 755 30 9130 0 -3.36355464
Link 537 64 9237 1 -0.57723764
Link 174 1217 9479 1 0.39624894
Link 1217 503 9480 1 1.74569990
Link 778 211 9529 1 -2.02656618
Link 563 40 9549 0 -1.32869486
Link 78 78 9870 1 0.85622209
Link 64 282 10058 0 2.71613435
Link 1031 1288 10090 0 0.97037013
Link 282 724 10147 0 -2.04793941
Link 48 1308 10259 1 1.82248996
Link 1308 771 10260 1 -1.73980466
Link 80 1311 10277 0 -1.20360057
Link 1311 650 10278 0 0.79482053
Link 163 1314 10296 1 0.04106858
Link 563 1330 10424 0 0.34340997
Link 1330 909 10425 0 1.76689470
Link 853 1331 10427 0 1.02277263
Link 1331 729 10428 0 -0.53214205
Link 770 646 10803 0 -0.49529683
Link 367 1381 10906 0 -0.37536330
Link 1381 1311 10907 0 -2.35267269
Link 163 1393 10990 0 2.99238521
Link 1393 628 10991 0 -0.22654982
Link 211 585 11033 0 -0.48434206
Link 135 165 11257 0 0.97008545
Link 216 1451 11524 0 1.00175475
Link 531 20 11547 0 -0.53420214
Link 1314 1460 11593 1 1.69656250
Link 1460 834 11594 1 0.86007859
Link 6 1217 11596 0 0.37130387
Link 1288 1482 11797 0 1.53267876
Link 1482 367 11798 0 1.68632407
Link 1132 1489 11884 0 1.45057782
Link 1489 51 11885 0 0.04957851
Link 1393 1393 12156 1 1.02399124
Link 1217 165 12311 0 -1.54342843
Link 650 1549 12399 0 1.95311679
Link 1549 198 12400 0 -4.35298151
Link 811 1554 12455 0 0.05216459
Link 1554 12 12456 0 3.24228437
Link 80 781 12521 0 -0.66584777
Link 909 1381 12608 0 -4.28745245
Link 4 28 12696 0 4.15664152
Link 56 1048 12880 0 0.65639325
Link 740 1132 13391 1 -1.11228263
Link 1554 585 13417 1 -0.84989715
Link 302 161 13463 0 -3.95561862
Link 1451 1678 13478 0 1.65407854
Link 1678 881 13479 0 1.00213262
Link 1031 520 13578 0 0.81034193
Link 524 1688 13603 1 0.64861781
Link 1688 1133 13604 1 0.65642449
Link 208 49 13619 0 3.04474636
Link 1048 161 13661 0 -2.48810743
Link 298 781 13781 0 -1.36484273
Link 39 650 13910 0 2.62743865
Link 771 51 13930 0 0.43943998
Link 8 1489 14064 0 -3.75987888
Link 755 208 14147 0 -0.73154721
Link 488 163 14190 0 0.04219561
Link 1482 968 14404 0 -0.45027118
Link 11 531 14485 1 2.36555771
Link 74 770 14559 1 -0.48052466
Link 881 122 14802 1 -0.70883361
Link 90 1061 15189 1 1.33299518
Link 756 12 15234 0 -0.96711734
GenomeEnd

