GenomeStart 32745
Neuron 1 1 0.00000000 1 0.00000000 0.00000000 0.00000000 0.00000000
Neuron 2 1 0.00000000 1 0.00000000 0.00000000 0.00000000 0.00000000
Neuron 3 1 0.00000000 1 0.00000000 0.00000000 0.00000000 0.00000000
Neuron 4 1 0.00000000 1 0.00000000 0.00000000 0.00000000 0.00000000
Neuron 5 1 0.00000000 1 0.00000000 0.00000000 0.00000000 0.00000000
Neuron 6 1 0.00000000 1 0.00000000 0.00000000 0.00000000 0.00000000
Neuron 7 1 0.00000000 1 0.00000000 0.00000000 0.00000000 0.00000000
Neuron 8 1 0.00000000 1 0.00000000 0.00000000 0.00000000 0.00000000
Neuron 9 2 0.00000000 1 0.00000000 0.00000000 0.00000000 0.00000000
Neuron 10 4 1.00000000 0 1.00000000 0.00000000 0.00000000 0.00000000
Neuron 11 4 1.00000000 0 1.00000000 0.00000000 0.00000000 0.00000000
Neuron 12 4 1.00000000 0 1.00000000 0.00000000 0.00000000 0.00000000
Neuron 13 4 1.00000000 0 1.00000000 0.00000000 0.00000000 0.00000000
Neuron 14 4 1.00000000 0 1.00000000 0.00000000 0.00000000 0.00000000
Neuron 15 4 1.00000000 0 1.00000000 0.00000000 0.00000000 0.00000000
Neuron 16 4 1.00000000 0 1.00000000 0.00000000 0.00000000 0.00000000
Neuron 26 3 0.50000000 1 1.00000000 0.00000000 0.00000000 0.00000000
Neuron 30 3 0.50000000 1 1.00000000 0.00000000 0.00000000 0.00000000
Neuron 39 3 0.50000000 1 1.00000000 0.00000000 0.00000000 0.00000000
Neuron 40 3 0.50000000 1 1.00000000 0.00000000 0.00000000 0.00000000
Neuron 41 3 0.50000000 1 1.00000000 0.00000000 0.00000000 0.00000000
Neuron 42 3 0.50000000 1 1.00000000 0.00000000 0.00000000 0.00000000
Neuron 46 3 0.50000000 1 1.00000000 0.00000000 0.00000000 0.00000000
Neuron 49 3 0.50000000 1 1.00000000 0.00000000 0.00000000 0.00000000
Neuron 51 3 0.50000000 1 1.00000000 0.00000000 0.00000000 0.00000000
Neuron 56 3 0.50000000 1 1.00000000 0.00000000 0.00000000 0.00000000
Neuron 67 3 0.50000000 1 1.00000000 0.00000000 0.00000000 0.00000000
Neuron 71 3 0.50000000 1 1.00000000 0.00000000 0.00000000 0.00000000
Neuron 78 3 0.75000000 1 1.00000000 0.00000000 0.00000000 0.00000000
Neuron 80 3 0.50000000 1 1.00000000 0.00000000 0.00000000 0.00000000
Neuron 95 3 0.25000000 1 1.00000000 0.00000000 0.00000000 0.00000000
Neuron 165 3 0.75000000 1 1.00000000 0.00000000 0.00000000 0.00000000
Neuron 174 3 0.25000000 1 1.00000000 0.00000000 0.00000000 0.00000000
Neuron 198 3 0.75000000 1 1.00000000 0.00000000 0.00000000 0.00000000
Neuron 216 3 0.25000000 1 1.00000000 0.00000000 0.00000000 0.00000000
Neuron 225 3 0.75000000 1 1.00000000 0.00000000 0.00000000 0.00000000
Neuron 239 3 0.25000000 1 1.00000000 0.00000000 0.00000000 0.00000000
Neuron 241 3 0.87500000 1 1.00000000 0.00000000 0.00000000 0.00000000
Neuron 298 3 0.25000000 1 1.00000000 0.00000000 0.00000000 0.00000000
Neuron 369 3 0.25000000 1 1.00000000 0.00000000 0.00000000 0.00000000
Neuron 403 3 0.87500000 1 1.00000000 0.00000000 0.00000000 0.00000000
Neuron 408 3 0.25000000 1 1.00000000 0.00000000 0.00000000 0.00000000
Neuron 446 3 0.12500000 1 1.00000000 0.00000000 0.00000000 0.00000000
Neuron 503 3 0.06250000 1 1.00000000 0.00000000 0.00000000 0.00000000
Neuron 520 3 0.93750000 1 1.00000000 0.00000000 0.00000000 0.00000000
Neuron 582 3 0.75000000 1 1.00000000 0.00000000 0.00000000 0.00000000
Neuron 643 3 0.81250000 1 1.00000000 0.00000000 0.00000000 0.00000000
Link 2 10 2 0 -0.29007040
Link 3 10 3 0 -2.38007686
Link 4 10 4 0 -0.16373909
Link 5 10 5 0 -0.02071952
Link 6 10 6 0 2.99311147
Link 7 10 7 0 1.02611344
Link 9 10 9 0 -0.77639052
Link 1 11 10 0 2.47734435
Link 3 11 12 0 0.04924676
Link 4 11 13 0 1.60157300
Link 8 11 17 0 1.92609036
Link 9 11 18 0 0.79582076
Link 1 12 19 0 4.40723240
Link 3 12 21 0 -2.72742816
Link 4 12 22 0 3.41178195
Link 5 12 23 0 -1.09303648
Link 6 12 24 0 2.58858059
Link 8 12 26 0 1.23606414
Link 9 12 27 0 -0.03131600
Link 1 13 28 0 -1.18882191
Link 2 13 29 0 2.87913635
Link 3 13 30 0 -1.29870430
Link 4 13 31 0 -0.67108995
Link 5 13 32 0 3.13153615
Link 6 13 33 0 -1.04720444
Link 7 13 34 0 -1.70089143
Link 8 13 35 0 -4.04529475
Link 1 14 37 0 -2.68379784
Link 2 14 38 0 -1.68983364
Link 3 14 39 0 -1.88915670
Link 4 14 40 0 0.64946012
Link 5 14 41 0 0.37038871
Link 6 14 42 0 4.55625723
Link 7 14 43 0 -0.71170602
Link 8 14 44 0 0.78509840
Link 1 15 46 0 2.14930979
Link 4 15 49 0 -1.41231015
Link 5 15 50 0 0.84833502
Link 6 15 51 0 1.17363481
Link 7 15 52 0 -1.10136299
Link 8 15 53 0 -1.82366286
Link 9 15 54 0 0.92437673
Link 1 16 55 0 2.46830903
Link 2 16 56 0 0.79579543
Link 3 16 57 0 -2.78183207
Link 5 16 59 0 0.90504024
Link 6 16 60 0 -0.04202632
Link 7 16 61 0 -0.34759793
Link 9 16 63 0 1.09624717
Link 2 26 95 0 0.21023052
Link 26 12 96 0 -2.02686420
Link 30 11 108 0 0.62290266
Link 7 40 142 0 -0.21216974
Link 40 10 143 0 0.05885240
Link 7 41 145 0 1.42078159
Link 7 42 148 0 -0.10555594
Link 42 11 149 0 2.16746394
Link 1 46 162 0 -0.34338776
Link 46 10 163 0 3.80149226
Link 16 16 170 1 -3.75487879
Link 2 49 172 0 0.30896477
Link 49 15 173 0 -2.36005784
Link 51 16 179 0 -0.43738445
Link 8 40 192 0 2.20357852
Link 2 56 198 0 2.37498069
Link 56 11 199 0 -2.77572365
Link 3 67 259 0 2.22797108
Link 67 15 260 0 -0.54348075
Link 41 78 338 0 4.25337751
Link 78 12 339 0 0.40706219
Link 39 11 351 0 -1.13559328
Link 8 80 354 0 0.89699626
Link 1 49 388 0 3.16346392
Link 95 30 489 0 -0.43914696
Link 51 51 533 1 -1.58792596
Link 4 46 549 0 -4.81038886
Link 3 49 657 0 -2.56785245
Link 40 14 871 0 0.12491686
Link 39 165 1066 0 1.24452284
Link 4 174 1112 0 0.90520163
Link 174 51 1113 0 1.86012632
Link 80 198 1278 0 -3.00272525
Link 198 10 1279 0 -2.57405179
Link 7 216 1452 0 2.77102797
Link 216 39 1453 0 0.49874455
Link 71 225 1514 0 1.04729365
Link 5 239 1616 0 0.86184205
Link 239 71 1617 0 0.39838883
Link 165 241 1629 0 0.44864734
Link 241 14 1630 0 0.67137596
Link 3 298 2028 0 1.70802226
Link 298 30 2029 0 0.86882772
Link 46 51 2335 0 0.38359867
Link 5 369 2515 0 -0.87630090
Link 369 80 2516 0 -1.83147092
Link 39 30 2569 0 1.47023162
Link 225 40 2616 1 1.94953114
Link 8 408 2765 0 -0.71091808
Link 408 26 2766 0 -1.86352291
Link 51 41 3022 0 1.83509015
Link 446 95 3056 0 0.60519958
Link 298 298 3108 1 1.09446397
Link 56 46 3471 0 0.98067054
Link 78 46 3515 1 1.04419350
Link 6 503 3541 0 0.94774185
Link 503 446 3542 0 0.04621185
Link 403 520 3653 0 1.00000000
Link 520 11 3654 0 -1.96763428
Link 446 446 3827 1 -4.69842425
Link 3 165 3957 0 -2.07567419
Link 16 582 4094 1 -1.80849820
Link 582 40 4095 1 -1.24074504
Link 16 80 4167 1 1.30961788
Link 225 643 4539 0 -0.04563239
Link 643 403 4540 0 1.70196351
GenomeEnd

