GenomeStart 68598
Neuron 1 1 0.00000000 1 0.00000000 0.00000000 0.00000000 0.00000000
Neuron 2 1 0.00000000 1 0.00000000 0.00000000 0.00000000 0.00000000
Neuron 3 1 0.00000000 1 0.00000000 0.00000000 0.00000000 0.00000000
Neuron 4 1 0.00000000 1 0.00000000 0.00000000 0.00000000 0.00000000
Neuron 5 1 0.00000000 1 0.00000000 0.00000000 0.00000000 0.00000000
Neuron 6 1 0.00000000 1 0.00000000 0.00000000 0.00000000 0.00000000
Neuron 7 1 0.00000000 1 0.00000000 0.00000000 0.00000000 0.00000000
Neuron 8 1 0.00000000 1 0.00000000 0.00000000 0.00000000 0.00000000
Neuron 9 2 0.00000000 1 0.00000000 0.00000000 0.00000000 0.00000000
Neuron 10 4 1.00000000 0 1.00000000 0.00000000 0.00000000 0.00000000
Neuron 11 4 1.00000000 0 1.00000000 0.00000000 0.00000000 0.00000000
Neuron 12 4 1.00000000 0 1.00000000 0.00000000 0.00000000 0.00000000
Neuron 13 4 1.00000000 0 1.00000000 0.00000000 0.00000000 0.00000000
Neuron 14 4 1.00000000 0 1.00000000 0.00000000 0.00000000 0.00000000
Neuron 15 4 1.00000000 0 1.00000000 0.00000000 0.00000000 0.00000000
Neuron 16 4 1.00000000 0 1.00000000 0.00000000 0.00000000 0.00000000
Neuron 18 3 0.50000000 1 1.00000000 0.00000000 0.00000000 0.00000000
Neuron 20 3 0.50000000 1 1.00000000 0.00000000 0.00000000 0.00000000
Neuron 26 3 0.50000000 1 1.00000000 0.00000000 0.00000000 0.00000000
Neuron 30 3 0.50000000 1 1.00000000 0.00000000 0.00000000 0.00000000
Neuron 35 3 0.50000000 1 1.00000000 0.00000000 0.00000000 0.00000000
Neuron 39 3 0.50000000 1 1.00000000 0.00000000 0.00000000 0.00000000
Neuron 40 3 0.50000000 1 1.00000000 0.00000000 0.00000000 0.00000000
Neuron 41 3 0.50000000 1 1.00000000 0.00000000 0.00000000 0.00000000
Neuron 42 3 0.50000000 1 1.00000000 0.00000000 0.00000000 0.00000000
Neuron 45 3 0.50000000 1 1.00000000 0.00000000 0.00000000 0.00000000
Neuron 46 3 0.50000000 1 1.00000000 0.00000000 0.00000000 0.00000000
Neuron 48 3 0.50000000 1 1.00000000 0.00000000 0.00000000 0.00000000
Neuron 49 3 0.50000000 1 1.00000000 0.00000000 0.00000000 0.00000000
Neuron 51 3 0.50000000 1 1.00000000 0.00000000 0.00000000 0.00000000
Neuron 56 3 0.50000000 1 1.00000000 0.00000000 0.00000000 0.00000000
Neuron 64 3 0.50000000 1 1.00000000 0.00000000 0.00000000 0.00000000
Neuron 67 3 0.50000000 1 1.00000000 0.00000000 0.00000000 0.00000000
Neuron 71 3 0.50000000 1 1.00000000 0.00000000 0.00000000 0.00000000
Neuron 74 3 0.75000000 1 1.00000000 0.00000000 0.00000000 0.00000000
Neuron 78 3 0.75000000 1 1.00000000 0.00000000 0.00000000 0.00000000
Neuron 80 3 0.50000000 1 1.00000000 0.00000000 0.00000000 0.00000000
Neuron 88 3 0.75000000 1 1.00000000 0.00000000 0.00000000 0.00000000
Neuron 95 3 0.25000000 1 1.00000000 0.00000000 0.00000000 0.00000000
Neuron 122 3 0.25000000 1 1.00000000 0.00000000 0.00000000 0.00000000
Neuron 135 3 0.75000000 1 1.00000000 0.00000000 0.00000000 0.00000000
Neuron 163 3 0.75000000 1 1.00000000 0.00000000 0.00000000 0.00000000
Neuron 165 3 0.75000000 1 1.00000000 0.00000000 0.00000000 0.00000000
Neuron 174 3 0.25000000 1 1.00000000 0.00000000 0.00000000 0.00000000
Neuron 183 3 0.25000000 1 1.00000000 0.00000000 0.00000000 0.00000000
Neuron 198 3 0.75000000 1 1.00000000 0.00000000 0.00000000 0.00000000
Neuron 211 3 0.25000000 1 1.00000000 0.00000000 0.00000000 0.00000000
Neuron 216 3 0.25000000 1 1.00000000 0.00000000 0.00000000 0.00000000
Neuron 225 3 0.75000000 1 1.00000000 0.00000000 0.00000000 0.00000000
Neuron 239 3 0.25000000 1 1.00000000 0.00000000 0.00000000 0.00000000
Neuron 241 3 0.87500000 1 1.00000000 0.00000000 0.00000000 0.00000000
Neuron 282 3 0.50000000 1 1.00000000 0.00000000 0.00000000 0.00000000
Neuron 298 3 0.25000000 1 1.00000000 0.00000000 0.00000000 0.00000000
Neuron 367 3 0.12500000 1 1.00000000 0.00000000 0.00000000 0.00000000
Neuron 369 3 0.25000000 1 1.00000000 0.00000000 0.00000000 0.00000000
Neuron 403 3 0.87500000 1 1.00000000 0.00000000 0.00000000 0.00000000
Neuron 408 3 0.25000000 1 1.00000000 0.00000000 0.00000000 0.00000000
Neuron 446 3 0.12500000 1 1.00000000 0.00000000 0.00000000 0.00000000
Neuron 503 3 0.06250000 1 1.00000000 0.00000000 0.00000000 0.00000000
Neuron 520 3 0.93750000 1 1.00000000 0.00000000 0.00000000 0.00000000
Neuron 524 3 0.87500000 1 1.00000000 0.00000000 0.00000000 0.00000000
Neuron 531 3 0.37500000 1 1.00000000 0.00000000 0.00000000 0.00000000
Neuron 537 3 0.62500000 1 1.00000000 0.00000000 0.00000000 0.00000000
Neuron 563 3 0.12500000 1 1.00000000 0.00000000 0.00000000 0.00000000
Neuron 582 3 0.75000000 1 1.00000000 0.00000000 0.00000000 0.00000000
Neuron 585 3 0.37500000 1 1.00000000 0.00000000 0.00000000 0.00000000
Neuron 599 3 0.62500000 1 1.00000000 0.00000000 0.00000000 0.00000000
Neuron 623 3 0.12500000 1 1.00000000 0.00000000 0.00000000 0.00000000
Neuron 643 3 0.81250000 1 1.00000000 0.00000000 0.00000000 0.00000000
Neuron 646 3 0.56250000 1 1.00000000 0.00000000 0.00000000 0.00000000
Neuron 650 3 0.62500000 1 1.00000000 0.00000000 0.00000000 0.00000000
Neuron 692 3 0.78125000 1 1.00000000 0.00000000 0.00000000 0.00000000
Neuron 707 3 0.87500000 1 1.00000000 0.00000000 0.00000000 0.00000000
Neuron 724 3 0.90625000 1 1.00000000 0.00000000 0.00000000 0.00000000
Neuron 729 3 0.93750000 1 1.00000000 0.00000000 0.00000000 0.00000000
Neuron 755 3 0.03125000 1 1.00000000 0.00000000 0.00000000 0.00000000
Neuron 756 3 0.81250000 1 1.00000000 0.00000000 0.00000000 0.00000000
Neuron 761 3 0.68750000 1 1.00000000 0.00000000 0.00000000 0.00000000
Neuron 766 3 0.90625000 1 1.00000000 0.00000000 0.00000000 0.00000000
Neuron 770 3 0.50000000 1 1.00000000 0.00000000 0.00000000 0.00000000
Neuron 771 3 0.37500000 1 1.00000000 0.00000000 0.00000000 0.00000000
Neuron 778 3 0.37500000 1 1.00000000 0.00000000 0.00000000 0.00000000
Neuron 781 3 0.75000000 1 1.00000000 0.00000000 0.00000000 0.00000000
Neuron 811 3 0.79687500 1 1.00000000 0.00000000 0.00000000 0.00000000
Neuron 834 3 0.68750000 1 1.00000000 0.00000000 0.00000000 0.00000000
Neuron 853 3 0.71875000 1 1.00000000 0.00000000 0.00000000 0.00000000
Neuron 909 3 0.18750000 1 1.00000000 0.00000000 0.00000000 0.00000000
Neuron 918 3 0.31250000 1 1.00000000 0.00000000 0.00000000 0.00000000
Neuron 947 3 0.75000000 1 1.00000000 0.00000000 0.00000000 0.00000000
Neuron 968 3 0.78125000 1 1.00000000 0.00000000 0.00000000 0.00000000
Neuron 985 3 0.37500000 1 1.00000000 0.00000000 0.00000000 0.00000000
Neuron 1023 3 0.68750000 1 1.00000000 0.00000000 0.00000000 0.00000000
Neuron 1031 3 0.06250000 1 1.00000000 0.00000000 0.00000000 0.00000000
Neuron 1048 3 0.62500000 1 1.00000000 0.00000000 0.00000000 0.00000000
Neuron 1061 3 0.18750000 1 1.00000000 0.00000000 0.00000000 0.00000000
Neuron 1133 3 0.87500000 1 1.00000000 0.00000000 0.00000000 0.00000000
Neuron 1311 3 0.56250000 1 1.00000000 0.00000000 0.00000000 0.00000000
Neuron 1314 3 0.71875000 1 1.00000000 0.00000000 0.00000000 0.00000000
Link 2 10 2 0 -0.84826074
Link 3 10 3 0 -1.33961876
Link 5 10 5 0 0.39107490
Link 6 10 6 0 3.71245636
Link 1 11 10 0 3.30055440
Link 8 11 17 0 0.28132201
Link 9 11 18 0 -2.43983433
Link 1 12 19 0 6.02859705
Link 3 12 21 0 -1.24703161
Link 4 12 22 0 2.53693210
Link 6 12 24 0 2.47954336
Link 9 12 27 0 -1.54058012
Link 1 13 28 0 -1.18955487
Link 2 13 29 0 3.43295273
Link 3 13 30 0 -2.41651328
Link 4 13 31 0 0.36678317
Link 5 13 32 0 3.09467670
Link 6 13 33 0 -2.38878354
Link 7 13 34 0 -1.15131511
Link 8 13 35 0 -4.42604831
Link 1 14 37 0 -2.57629275
Link 2 14 38 0 -1.49326838
Link 3 14 39 0 -1.58853691
Link 4 14 40 0 0.39930578
Link 6 14 42 0 3.68929765
Link 7 14 43 0 -2.16041979
Link 1 15 46 0 0.04325780
Link 4 15 49 0 -1.43389728
Link 5 15 50 0 -0.97859448
Link 6 15 51 0 -1.84577411
Link 7 15 52 0 -0.52019895
Link 8 15 53 0 -1.78103778
Link 9 15 54 0 0.99882503
Link 1 16 55 0 1.43147478
Link 2 16 56 0 2.01046968
Link 3 16 57 0 0.54483088
Link 5 16 59 0 -0.92472897
Link 6 16 60 0 -1.63947600
Link 7 16 61 0 2.75781849
Link 9 16 63 0 1.40287018
Link 5 18 70 0 0.63426984
Link 18 14 71 0 1.14937034
Link 4 20 77 0 0.36990023
Link 20 10 78 0 0.02699214
Link 26 12 96 0 -1.04186585
Link 30 11 108 0 2.71691550
Link 14 14 109 1 -1.86485966
Link 8 35 124 0 0.84018710
Link 35 12 125 0 2.33360467
Link 7 40 142 0 -0.25765033
Link 40 10 143 0 -0.64380803
Link 7 41 145 0 1.38013476
Link 7 42 148 0 0.16425592
Link 3 45 157 0 0.64495427
Link 1 46 162 0 1.98056009
Link 8 48 168 0 2.82867178
Link 48 14 169 0 -3.74324383
Link 16 16 170 1 -3.75111519
Link 2 49 172 0 0.08245448
Link 51 16 179 0 1.18136039
Link 8 40 192 0 2.54420676
Link 56 11 199 0 -3.07098220
Link 4 64 232 0 -0.99543874
Link 64 11 233 0 2.85619489
Link 3 67 259 0 0.19459600
Link 67 15 260 0 0.71148285
Link 49 74 301 0 2.02517469
Link 74 15 302 0 -2.15010866
Link 78 12 339 0 -0.46213378
Link 39 11 351 0 1.63521481
Link 8 80 354 0 -1.55577457
Link 48 18 423 0 -1.39843077
Link 42 88 426 0 0.83922688
Link 88 11 427 0 1.96381681
Link 95 30 489 0 -1.11784116
Link 51 51 533 1 -0.63328435
Link 4 46 549 0 -2.25690499
Link 2 122 684 0 1.50821580
Link 122 56 685 0 2.86584917
Link 45 135 780 0 0.35139900
Link 135 11 781 0 0.71196233
Link 42 42 793 1 -0.27656196
Link 14 49 795 1 0.34297315
Link 26 26 862 1 3.45209353
Link 40 14 871 0 -0.52697343
Link 46 163 1052 0 2.77077442
Link 4 174 1112 0 1.65445562
Link 183 49 1155 0 -0.91719788
Link 198 10 1279 0 0.20717519
Link 3 46 1378 0 1.48851564
Link 211 26 1399 0 0.56094374
Link 216 39 1453 0 -0.43008555
Link 71 225 1514 0 -0.03342486
Link 5 239 1616 0 1.85039654
Link 239 71 1617 0 1.43416008
Link 241 14 1630 0 1.35274868
Link 7 282 1915 0 -0.53988935
Link 282 10 1916 0 1.41204581
Link 3 298 2028 0 2.57283935
Link 46 51 2335 0 -0.16514600
Link 367 216 2505 0 2.50160655
Link 5 369 2515 0 -0.16399959
Link 39 30 2569 0 1.07305253
Link 225 40 2616 1 0.57111152
Link 8 88 2740 0 -0.26234590
Link 8 408 2765 0 0.21826105
Link 408 26 2766 0 -0.90242988
Link 446 95 3056 0 -1.29002778
Link 298 298 3108 1 -2.44458241
Link 298 46 3159 0 2.29803187
Link 56 46 3471 0 2.76069162
Link 78 46 3515 1 -1.10698276
Link 503 446 3542 0 -1.39546373
Link 42 40 3543 0 -2.05689051
Link 520 11 3654 0 -3.11749830
Link 163 524 3682 0 2.53040341
Link 524 10 3683 0 1.88488019
Link 30 51 3708 0 0.36990691
Link 298 531 3721 0 0.13067110
Link 531 30 3722 0 -0.03499726
Link 537 78 3760 0 0.62446965
Link 446 446 3827 1 -4.26587133
Link 2 563 3955 0 0.02708564
Link 582 40 4095 1 -1.04918643
Link 174 585 4113 0 0.80883640
Link 585 51 4114 0 0.72240957
Link 67 26 4115 0 -0.15923811
Link 16 80 4167 1 2.14886245
Link 39 599 4239 0 -0.88051168
Link 599 165 4240 0 0.36427308
Link 30 225 4329 0 1.88209885
Link 1 623 4402 0 3.72496611
Link 9 163 4510 0 0.12868635
Link 643 403 4540 0 2.47748762
Link 41 646 4563 0 0.89164561
Link 646 537 4564 0 -2.33503511
Link 650 198 4611 0 -2.48114336
Link 49 41 4664 0 -0.96554229
Link 225 692 4930 0 -1.47413813
Link 40 71 4940 0 0.68289769
Link 707 582 5049 1 -3.25773322
Link 403 724 5214 0 0.41857887
Link 724 520 5215 0 1.47088183
Link 16 729 5255 1 0.35829263
Link 9 369 5361 0 -3.98332845
Link 6 755 5492 0 1.34589843
Link 755 503 5493 0 -1.40046454
Link 756 241 5498 0 1.78711715
Link 403 761 5525 1 1.74212119
Link 761 71 5526 1 1.08130691
Link 729 766 5548 1 -0.82027235
Link 766 707 5549 1 3.65887473
Link 51 770 5587 0 2.01122833
Link 770 41 5588 0 1.80851245
Link 3 778 5663 0 2.08151675
Link 778 165 5664 0 -2.19400505
Link 12 781 5681 1 0.66788264
Link 781 41 5682 1 1.56231915
Link 403 446 5767 1 1.42870161
Link 9 582 5810 0 -0.46862782
Link 211 95 6002 0 -2.11159188
Link 692 811 6005 0 3.16369001
Link 811 643 6006 0 0.47965836
Link 216 40 6186 0 1.32715629
Link 834 599 6216 1 -0.73907954
Link 10 707 6300 1 0.42966157
Link 1 563 6349 0 4.03380597
Link 51 853 6360 0 0.94715383
Link 853 729 6361 0 1.84148800
Link 8 298 6589 0 -1.43141609
Link 4 582 6748 0 -2.13771642
Link 211 582 6834 0 -0.00753242
Link 563 909 6901 0 0.59667090
Link 909 211 6902 0 0.95568371
Link 165 95 6950 1 -0.93299658
Link 369 918 6980 0 1.02239591
Link 918 771 6981 0 1.13013462
Link 88 643 7051 0 -1.39910544
Link 14 947 7218 1 1.30948112
Link 947 67 7219 1 -0.00210974
Link 771 771 7383 1 -2.96345645
Link 165 968 7415 0 -0.85334376
Link 968 756 7416 0 0.82772479
Link 239 985 7612 0 -0.34173256
Link 985 51 7613 0 1.35682425
Link 51 582 7648 0 0.50870948
Link 282 599 7908 0 -0.62522783
Link 531 1023 7938 0 -1.57941534
Link 1023 11 7939 0 -0.11108825
Link 7 1031 8027 0 0.60237355
Link 1031 367 8028 0 1.26218793
Link 67 1048 8142 0 -0.29503573
Link 1048 88 8143 0 -0.65785218
Link 623 1061 8302 0 1.00000000
Link 1061 183 8303 0 0.53226077
Link 599 446 8409 1 -0.80223782
Link 771 88 8488 0 5.00428482
Link 778 985 8556 0 1.61662128
Link 524 1133 8870 1 0.93183264
Link 1133 524 8871 1 0.55959124
Link 174 503 8894 1 -1.26902866
Link 503 947 9027 0 3.19708785
Link 755 30 9130 0 -2.28478007
Link 537 64 9237 1 -0.23765062
Link 778 211 9529 1 -3.78309371
Link 563 40 9549 0 -1.16796216
Link 78 78 9870 1 -1.09381328
Link 64 282 10058 0 3.35782969
Link 282 724 10147 0 -2.44920309
Link 48 771 10235 1 -0.20045035
Link 135 74 10253 0 1.75194821
Link 80 1311 10277 0 1.36584609
Link 1311 650 10278 0 1.02712094
Link 163 1314 10296 1 0.83777018
Link 1314 834 10297 1 1.04975648
Link 770 646 10803 0 -1.62052374
GenomeEnd

