GenomeStart 53865
Neuron 1 1 0.00000000 1 0.00000000 0.00000000 0.00000000 0.00000000
Neuron 2 1 0.00000000 1 0.00000000 0.00000000 0.00000000 0.00000000
Neuron 3 1 0.00000000 1 0.00000000 0.00000000 0.00000000 0.00000000
Neuron 4 1 0.00000000 1 0.00000000 0.00000000 0.00000000 0.00000000
Neuron 5 1 0.00000000 1 0.00000000 0.00000000 0.00000000 0.00000000
Neuron 6 1 0.00000000 1 0.00000000 0.00000000 0.00000000 0.00000000
Neuron 7 1 0.00000000 1 0.00000000 0.00000000 0.00000000 0.00000000
Neuron 8 1 0.00000000 1 0.00000000 0.00000000 0.00000000 0.00000000
Neuron 9 2 0.00000000 1 0.00000000 0.00000000 0.00000000 0.00000000
Neuron 10 4 1.00000000 0 1.00000000 0.00000000 0.00000000 0.00000000
Neuron 11 4 1.00000000 0 1.00000000 0.00000000 0.00000000 0.00000000
Neuron 12 4 1.00000000 0 1.00000000 0.00000000 0.00000000 0.00000000
Neuron 13 4 1.00000000 0 1.00000000 0.00000000 0.00000000 0.00000000
Neuron 14 4 1.00000000 0 1.00000000 0.00000000 0.00000000 0.00000000
Neuron 15 4 1.00000000 0 1.00000000 0.00000000 0.00000000 0.00000000
Neuron 16 4 1.00000000 0 1.00000000 0.00000000 0.00000000 0.00000000
Neuron 18 3 0.50000000 1 1.00000000 0.00000000 0.00000000 0.00000000
Neuron 26 3 0.50000000 1 1.00000000 0.00000000 0.00000000 0.00000000
Neuron 30 3 0.50000000 1 1.00000000 0.00000000 0.00000000 0.00000000
Neuron 35 3 0.50000000 1 1.00000000 0.00000000 0.00000000 0.00000000
Neuron 39 3 0.50000000 1 1.00000000 0.00000000 0.00000000 0.00000000
Neuron 40 3 0.50000000 1 1.00000000 0.00000000 0.00000000 0.00000000
Neuron 41 3 0.50000000 1 1.00000000 0.00000000 0.00000000 0.00000000
Neuron 42 3 0.50000000 1 1.00000000 0.00000000 0.00000000 0.00000000
Neuron 45 3 0.50000000 1 1.00000000 0.00000000 0.00000000 0.00000000
Neuron 46 3 0.50000000 1 1.00000000 0.00000000 0.00000000 0.00000000
Neuron 48 3 0.50000000 1 1.00000000 0.00000000 0.00000000 0.00000000
Neuron 49 3 0.50000000 1 1.00000000 0.00000000 0.00000000 0.00000000
Neuron 51 3 0.50000000 1 1.00000000 0.00000000 0.00000000 0.00000000
Neuron 56 3 0.50000000 1 1.00000000 0.00000000 0.00000000 0.00000000
Neuron 64 3 0.50000000 1 1.00000000 0.00000000 0.00000000 0.00000000
Neuron 67 3 0.50000000 1 1.00000000 0.00000000 0.00000000 0.00000000
Neuron 71 3 0.50000000 1 1.00000000 0.00000000 0.00000000 0.00000000
Neuron 74 3 0.75000000 1 1.00000000 0.00000000 0.00000000 0.00000000
Neuron 78 3 0.75000000 1 1.00000000 0.00000000 0.00000000 0.00000000
Neuron 80 3 0.50000000 1 1.00000000 0.00000000 0.00000000 0.00000000
Neuron 88 3 0.75000000 1 1.00000000 0.00000000 0.00000000 0.00000000
Neuron 95 3 0.25000000 1 1.00000000 0.00000000 0.00000000 0.00000000
Neuron 122 3 0.25000000 1 1.00000000 0.00000000 0.00000000 0.00000000
Neuron 163 3 0.75000000 1 1.00000000 0.00000000 0.00000000 0.00000000
Neuron 165 3 0.75000000 1 1.00000000 0.00000000 0.00000000 0.00000000
Neuron 174 3 0.25000000 1 1.00000000 0.00000000 0.00000000 0.00000000
Neuron 183 3 0.25000000 1 1.00000000 0.00000000 0.00000000 0.00000000
Neuron 198 3 0.75000000 1 1.00000000 0.00000000 0.00000000 0.00000000
Neuron 211 3 0.25000000 1 1.00000000 0.00000000 0.00000000 0.00000000
Neuron 216 3 0.25000000 1 1.00000000 0.00000000 0.00000000 0.00000000
Neuron 225 3 0.75000000 1 1.00000000 0.00000000 0.00000000 0.00000000
Neuron 239 3 0.25000000 1 1.00000000 0.00000000 0.00000000 0.00000000
Neuron 241 3 0.87500000 1 1.00000000 0.00000000 0.00000000 0.00000000
Neuron 282 3 0.50000000 1 1.00000000 0.00000000 0.00000000 0.00000000
Neuron 298 3 0.25000000 1 1.00000000 0.00000000 0.00000000 0.00000000
Neuron 367 3 0.12500000 1 1.00000000 0.00000000 0.00000000 0.00000000
Neuron 369 3 0.25000000 1 1.00000000 0.00000000 0.00000000 0.00000000
Neuron 403 3 0.87500000 1 1.00000000 0.00000000 0.00000000 0.00000000
Neuron 408 3 0.25000000 1 1.00000000 0.00000000 0.00000000 0.00000000
Neuron 446 3 0.12500000 1 1.00000000 0.00000000 0.00000000 0.00000000
Neuron 503 3 0.06250000 1 1.00000000 0.00000000 0.00000000 0.00000000
Neuron 520 3 0.93750000 1 1.00000000 0.00000000 0.00000000 0.00000000
Neuron 524 3 0.87500000 1 1.00000000 0.00000000 0.00000000 0.00000000
Neuron 531 3 0.37500000 1 1.00000000 0.00000000 0.00000000 0.00000000
Neuron 537 3 0.62500000 1 1.00000000 0.00000000 0.00000000 0.00000000
Neuron 563 3 0.12500000 1 1.00000000 0.00000000 0.00000000 0.00000000
Neuron 582 3 0.75000000 1 1.00000000 0.00000000 0.00000000 0.00000000
Neuron 599 3 0.62500000 1 1.00000000 0.00000000 0.00000000 0.00000000
Neuron 623 3 0.12500000 1 1.00000000 0.00000000 0.00000000 0.00000000
Neuron 643 3 0.81250000 1 1.00000000 0.00000000 0.00000000 0.00000000
Neuron 692 3 0.78125000 1 1.00000000 0.00000000 0.00000000 0.00000000
Neuron 707 3 0.87500000 1 1.00000000 0.00000000 0.00000000 0.00000000
Neuron 729 3 0.93750000 1 1.00000000 0.00000000 0.00000000 0.00000000
Neuron 756 3 0.81250000 1 1.00000000 0.00000000 0.00000000 0.00000000
Neuron 761 3 0.68750000 1 1.00000000 0.00000000 0.00000000 0.00000000
Neuron 770 3 0.50000000 1 1.00000000 0.00000000 0.00000000 0.00000000
Neuron 771 3 0.37500000 1 1.00000000 0.00000000 0.00000000 0.00000000
Neuron 778 3 0.37500000 1 1.00000000 0.00000000 0.00000000 0.00000000
Neuron 781 3 0.75000000 1 1.00000000 0.00000000 0.00000000 0.00000000
Neuron 811 3 0.79687500 1 1.00000000 0.00000000 0.00000000 0.00000000
Neuron 968 3 0.78125000 1 1.00000000 0.00000000 0.00000000 0.00000000
Neuron 985 3 0.37500000 1 1.00000000 0.00000000 0.00000000 0.00000000
Neuron 1023 3 0.68750000 1 1.00000000 0.00000000 0.00000000 0.00000000
Link 2 10 2 0 -1.02398802
Link 3 10 3 0 -1.29184791
Link 4 10 4 0 0.63463675
Link 5 10 5 0 0.42489419
Link 6 10 6 0 3.42851836
Link 9 10 9 0 -0.55425049
Link 1 11 10 0 3.92481037
Link 8 11 17 0 0.54240017
Link 9 11 18 0 -1.34173163
Link 1 12 19 0 5.02483704
Link 3 12 21 0 -0.34505101
Link 4 12 22 0 3.66031526
Link 6 12 24 0 2.58842793
Link 9 12 27 0 -1.72719960
Link 1 13 28 0 -0.66714545
Link 2 13 29 0 0.97822103
Link 3 13 30 0 -1.75976969
Link 4 13 31 0 -1.34773140
Link 5 13 32 0 2.75325800
Link 6 13 33 0 -1.08173488
Link 7 13 34 0 -1.46821876
Link 8 13 35 0 -3.86376711
Link 1 14 37 0 -2.47905768
Link 2 14 38 0 -1.83885408
Link 3 14 39 0 -0.18741629
Link 4 14 40 0 0.18492489
Link 6 14 42 0 4.69862775
Link 7 14 43 0 -2.80969887
Link 1 15 46 0 -0.11240724
Link 4 15 49 0 -1.40442784
Link 5 15 50 0 -0.53000093
Link 6 15 51 0 -1.27410333
Link 7 15 52 0 -1.35492291
Link 8 15 53 0 -2.38517488
Link 9 15 54 0 1.52348522
Link 1 16 55 0 1.32316190
Link 2 16 56 0 1.87643134
Link 3 16 57 0 0.00287309
Link 5 16 59 0 -0.44789759
Link 6 16 60 0 -0.96234426
Link 7 16 61 0 1.65126472
Link 9 16 63 0 1.19117362
Link 5 18 70 0 1.28070954
Link 18 14 71 0 0.98047397
Link 26 12 96 0 0.02965857
Link 30 11 108 0 1.86705772
Link 14 14 109 1 -0.60204929
Link 8 35 124 0 1.33212669
Link 35 12 125 0 2.76223374
Link 7 40 142 0 -1.67013637
Link 40 10 143 0 -0.81638458
Link 7 41 145 0 0.80596052
Link 7 42 148 0 -1.58369832
Link 3 45 157 0 0.91478863
Link 45 11 158 0 0.78865488
Link 1 46 162 0 1.35899357
Link 8 48 168 0 2.79550754
Link 48 14 169 0 -1.33273081
Link 16 16 170 1 -5.16176334
Link 2 49 172 0 -1.67174011
Link 51 16 179 0 1.25274346
Link 8 40 192 0 2.06629651
Link 56 11 199 0 -3.47605467
Link 4 64 232 0 0.79045807
Link 64 11 233 0 3.43544777
Link 3 67 259 0 3.29144786
Link 67 15 260 0 -0.28342313
Link 49 74 301 0 2.05513149
Link 74 15 302 0 -1.52950621
Link 78 12 339 0 0.21357252
Link 39 11 351 0 -0.41646374
Link 8 80 354 0 -1.56735935
Link 42 88 426 0 1.59976613
Link 88 11 427 0 1.18473643
Link 95 30 489 0 -0.94226106
Link 51 51 533 1 -0.79941855
Link 4 46 549 0 -3.75045549
Link 2 122 684 0 1.61822759
Link 122 56 685 0 2.64161415
Link 42 42 793 1 1.30783149
Link 14 49 795 1 0.97188700
Link 26 26 862 1 2.15627483
Link 40 14 871 0 -1.22759480
Link 46 163 1052 0 1.89001092
Link 4 174 1112 0 2.56242744
Link 174 51 1113 0 1.44632108
Link 183 49 1155 0 0.14786887
Link 80 198 1278 0 -2.27610340
Link 198 10 1279 0 -0.46175900
Link 211 26 1399 0 0.99627372
Link 216 39 1453 0 0.11806454
Link 71 225 1514 0 -1.26546496
Link 5 239 1616 0 0.88666042
Link 239 71 1617 0 2.05141691
Link 241 14 1630 0 1.90437159
Link 7 282 1915 0 0.58031728
Link 282 10 1916 0 1.81001552
Link 3 298 2028 0 0.75090764
Link 46 51 2335 0 0.54622050
Link 7 367 2504 0 1.45347292
Link 367 216 2505 0 2.75880697
Link 5 369 2515 0 -0.52012852
Link 39 30 2569 0 0.10524827
Link 225 40 2616 1 1.76667029
Link 8 408 2765 0 0.83655826
Link 408 26 2766 0 -1.84407057
Link 446 95 3056 0 -1.08351989
Link 298 298 3108 1 -2.25833403
Link 298 46 3159 0 1.35896488
Link 56 46 3471 0 3.48603695
Link 78 46 3515 1 -0.99832939
Link 6 503 3541 0 -1.07269277
Link 503 446 3542 0 -0.74570761
Link 403 520 3653 0 2.12364955
Link 520 11 3654 0 -2.66225903
Link 163 524 3682 0 1.95759792
Link 524 10 3683 0 2.79762218
Link 30 51 3708 0 -0.77694855
Link 298 531 3721 0 1.23097790
Link 531 30 3722 0 1.09682977
Link 41 537 3759 0 -1.54865379
Link 537 78 3760 0 1.51697376
Link 446 446 3827 1 -3.61600513
Link 2 563 3955 0 0.88342088
Link 563 211 3956 0 0.44779269
Link 582 40 4095 1 -0.86928715
Link 67 26 4115 0 -0.86036493
Link 16 80 4167 1 1.97534131
Link 39 599 4239 0 -0.09273475
Link 599 165 4240 0 0.95406069
Link 1 623 4402 0 2.96669971
Link 623 183 4403 0 1.53639644
Link 643 403 4540 0 2.91861244
Link 49 41 4664 0 -0.31142957
Link 225 692 4930 0 0.01970056
Link 707 582 5049 1 -3.72649190
Link 165 239 5091 1 1.26930625
Link 16 729 5255 1 0.64582509
Link 729 707 5256 1 1.52500714
Link 9 369 5361 0 -3.08044214
Link 7 46 5439 0 -4.97646477
Link 756 241 5498 0 0.59286596
Link 403 761 5525 1 0.36047901
Link 761 71 5526 1 -0.03797692
Link 51 770 5587 0 1.41704184
Link 770 41 5588 0 2.61510079
Link 369 771 5590 0 0.31374527
Link 771 80 5591 0 -1.02451394
Link 3 778 5663 0 1.04934574
Link 778 165 5664 0 -2.48268088
Link 12 781 5681 1 0.72079458
Link 781 41 5682 1 1.37808439
Link 163 599 5710 1 -0.58205033
Link 403 446 5767 1 1.67812615
Link 9 582 5810 0 0.05847020
Link 211 95 6002 0 -2.74133284
Link 692 811 6005 0 2.74943994
Link 811 643 6006 0 -0.68282505
Link 14 67 6160 1 -0.03023947
Link 216 40 6186 0 1.03388413
Link 51 729 6273 0 0.86111120
Link 10 707 6300 1 0.74123213
Link 1 563 6349 0 3.73764598
Link 8 298 6589 0 -0.29038929
Link 4 582 6748 0 -1.43482381
Link 211 582 6834 0 -0.84665564
Link 165 95 6950 1 -1.45701629
Link 88 643 7051 0 -0.32317070
Link 67 88 7211 0 -0.84889959
Link 771 771 7383 1 -2.51911421
Link 165 968 7415 0 0.29192188
Link 968 756 7416 0 1.29524765
Link 239 985 7612 0 0.55734823
Link 985 51 7613 0 2.43108241
Link 51 582 7648 0 0.47701898
Link 282 599 7908 0 -1.56032427
Link 531 1023 7938 0 0.01949755
Link 1023 11 7939 0 1.59557296
Link 524 524 8231 1 -0.04613480
GenomeEnd

