GenomeStart 86098
Neuron 1 1 0.00000000 1 0.00000000 0.00000000 0.00000000 0.00000000
Neuron 2 1 0.00000000 1 0.00000000 0.00000000 0.00000000 0.00000000
Neuron 3 1 0.00000000 1 0.00000000 0.00000000 0.00000000 0.00000000
Neuron 4 1 0.00000000 1 0.00000000 0.00000000 0.00000000 0.00000000
Neuron 5 1 0.00000000 1 0.00000000 0.00000000 0.00000000 0.00000000
Neuron 6 1 0.00000000 1 0.00000000 0.00000000 0.00000000 0.00000000
Neuron 7 1 0.00000000 1 0.00000000 0.00000000 0.00000000 0.00000000
Neuron 8 1 0.00000000 1 0.00000000 0.00000000 0.00000000 0.00000000
Neuron 9 2 0.00000000 1 0.00000000 0.00000000 0.00000000 0.00000000
Neuron 10 4 1.00000000 0 1.00000000 0.00000000 0.00000000 0.00000000
Neuron 11 4 1.00000000 0 1.00000000 0.00000000 0.00000000 0.00000000
Neuron 12 4 1.00000000 0 1.00000000 0.00000000 0.00000000 0.00000000
Neuron 13 4 1.00000000 0 1.00000000 0.00000000 0.00000000 0.00000000
Neuron 14 4 1.00000000 0 1.00000000 0.00000000 0.00000000 0.00000000
Neuron 15 4 1.00000000 0 1.00000000 0.00000000 0.00000000 0.00000000
Neuron 16 4 1.00000000 0 1.00000000 0.00000000 0.00000000 0.00000000
Neuron 18 3 0.50000000 1 1.00000000 0.00000000 0.00000000 0.00000000
Neuron 20 3 0.50000000 1 1.00000000 0.00000000 0.00000000 0.00000000
Neuron 26 3 0.50000000 1 1.00000000 0.00000000 0.00000000 0.00000000
Neuron 28 3 0.50000000 1 1.00000000 0.00000000 0.00000000 0.00000000
Neuron 30 3 0.50000000 1 1.00000000 0.00000000 0.00000000 0.00000000
Neuron 35 3 0.50000000 1 1.00000000 0.00000000 0.00000000 0.00000000
Neuron 39 3 0.50000000 1 1.00000000 0.00000000 0.00000000 0.00000000
Neuron 40 3 0.50000000 1 1.00000000 0.00000000 0.00000000 0.00000000
Neuron 41 3 0.50000000 1 1.00000000 0.00000000 0.00000000 0.00000000
Neuron 42 3 0.50000000 1 1.00000000 0.00000000 0.00000000 0.00000000
Neuron 45 3 0.50000000 1 1.00000000 0.00000000 0.00000000 0.00000000
Neuron 46 3 0.50000000 1 1.00000000 0.00000000 0.00000000 0.00000000
Neuron 48 3 0.50000000 1 1.00000000 0.00000000 0.00000000 0.00000000
Neuron 49 3 0.50000000 1 1.00000000 0.00000000 0.00000000 0.00000000
Neuron 51 3 0.50000000 1 1.00000000 0.00000000 0.00000000 0.00000000
Neuron 55 3 0.50000000 1 1.00000000 0.00000000 0.00000000 0.00000000
Neuron 56 3 0.50000000 1 1.00000000 0.00000000 0.00000000 0.00000000
Neuron 64 3 0.50000000 1 1.00000000 0.00000000 0.00000000 0.00000000
Neuron 67 3 0.50000000 1 1.00000000 0.00000000 0.00000000 0.00000000
Neuron 71 3 0.50000000 1 1.00000000 0.00000000 0.00000000 0.00000000
Neuron 74 3 0.75000000 1 1.00000000 0.00000000 0.00000000 0.00000000
Neuron 78 3 0.75000000 1 1.00000000 0.00000000 0.00000000 0.00000000
Neuron 80 3 0.50000000 1 1.00000000 0.00000000 0.00000000 0.00000000
Neuron 88 3 0.75000000 1 1.00000000 0.00000000 0.00000000 0.00000000
Neuron 90 3 0.75000000 1 1.00000000 0.00000000 0.00000000 0.00000000
Neuron 95 3 0.25000000 1 1.00000000 0.00000000 0.00000000 0.00000000
Neuron 122 3 0.25000000 1 1.00000000 0.00000000 0.00000000 0.00000000
Neuron 135 3 0.75000000 1 1.00000000 0.00000000 0.00000000 0.00000000
Neuron 161 3 0.62500000 1 1.00000000 0.00000000 0.00000000 0.00000000
Neuron 163 3 0.75000000 1 1.00000000 0.00000000 0.00000000 0.00000000
Neuron 165 3 0.75000000 1 1.00000000 0.00000000 0.00000000 0.00000000
Neuron 174 3 0.25000000 1 1.00000000 0.00000000 0.00000000 0.00000000
Neuron 183 3 0.25000000 1 1.00000000 0.00000000 0.00000000 0.00000000
Neuron 198 3 0.75000000 1 1.00000000 0.00000000 0.00000000 0.00000000
Neuron 208 3 0.25000000 1 1.00000000 0.00000000 0.00000000 0.00000000
Neuron 210 3 1.00000000 1 1.00000000 0.00000000 0.00000000 0.00000000
Neuron 211 3 0.25000000 1 1.00000000 0.00000000 0.00000000 0.00000000
Neuron 216 3 0.25000000 1 1.00000000 0.00000000 0.00000000 0.00000000
Neuron 225 3 0.75000000 1 1.00000000 0.00000000 0.00000000 0.00000000
Neuron 239 3 0.25000000 1 1.00000000 0.00000000 0.00000000 0.00000000
Neuron 241 3 0.87500000 1 1.00000000 0.00000000 0.00000000 0.00000000
Neuron 282 3 0.50000000 1 1.00000000 0.00000000 0.00000000 0.00000000
Neuron 298 3 0.25000000 1 1.00000000 0.00000000 0.00000000 0.00000000
Neuron 302 3 0.37500000 1 1.00000000 0.00000000 0.00000000 0.00000000
Neuron 367 3 0.12500000 1 1.00000000 0.00000000 0.00000000 0.00000000
Neuron 369 3 0.25000000 1 1.00000000 0.00000000 0.00000000 0.00000000
Neuron 403 3 0.87500000 1 1.00000000 0.00000000 0.00000000 0.00000000
Neuron 408 3 0.25000000 1 1.00000000 0.00000000 0.00000000 0.00000000
Neuron 446 3 0.12500000 1 1.00000000 0.00000000 0.00000000 0.00000000
Neuron 503 3 0.06250000 1 1.00000000 0.00000000 0.00000000 0.00000000
Neuron 520 3 0.93750000 1 1.00000000 0.00000000 0.00000000 0.00000000
Neuron 524 3 0.87500000 1 1.00000000 0.00000000 0.00000000 0.00000000
Neuron 531 3 0.37500000 1 1.00000000 0.00000000 0.00000000 0.00000000
Neuron 537 3 0.62500000 1 1.00000000 0.00000000 0.00000000 0.00000000
Neuron 563 3 0.12500000 1 1.00000000 0.00000000 0.00000000 0.00000000
Neuron 582 3 0.75000000 1 1.00000000 0.00000000 0.00000000 0.00000000
Neuron 585 3 0.37500000 1 1.00000000 0.00000000 0.00000000 0.00000000
Neuron 599 3 0.62500000 1 1.00000000 0.00000000 0.00000000 0.00000000
Neuron 623 3 0.12500000 1 1.00000000 0.00000000 0.00000000 0.00000000
Neuron 628 3 0.81250000 1 1.00000000 0.00000000 0.00000000 0.00000000
Neuron 643 3 0.81250000 1 1.00000000 0.00000000 0.00000000 0.00000000
Neuron 646 3 0.56250000 1 1.00000000 0.00000000 0.00000000 0.00000000
Neuron 650 3 0.62500000 1 1.00000000 0.00000000 0.00000000 0.00000000
Neuron 692 3 0.78125000 1 1.00000000 0.00000000 0.00000000 0.00000000
Neuron 707 3 0.87500000 1 1.00000000 0.00000000 0.00000000 0.00000000
Neuron 724 3 0.90625000 1 1.00000000 0.00000000 0.00000000 0.00000000
Neuron 729 3 0.93750000 1 1.00000000 0.00000000 0.00000000 0.00000000
Neuron 740 3 0.68750000 1 1.00000000 0.00000000 0.00000000 0.00000000
Neuron 755 3 0.03125000 1 1.00000000 0.00000000 0.00000000 0.00000000
Neuron 756 3 0.81250000 1 1.00000000 0.00000000 0.00000000 0.00000000
Neuron 761 3 0.68750000 1 1.00000000 0.00000000 0.00000000 0.00000000
Neuron 766 3 0.90625000 1 1.00000000 0.00000000 0.00000000 0.00000000
Neuron 770 3 0.50000000 1 1.00000000 0.00000000 0.00000000 0.00000000
Neuron 771 3 0.37500000 1 1.00000000 0.00000000 0.00000000 0.00000000
Neuron 778 3 0.37500000 1 1.00000000 0.00000000 0.00000000 0.00000000
Neuron 781 3 0.75000000 1 1.00000000 0.00000000 0.00000000 0.00000000
Neuron 811 3 0.79687500 1 1.00000000 0.00000000 0.00000000 0.00000000
Neuron 831 3 0.50000000 1 1.00000000 0.00000000 0.00000000 0.00000000
Neuron 834 3 0.68750000 1 1.00000000 0.00000000 0.00000000 0.00000000
Neuron 853 3 0.71875000 1 1.00000000 0.00000000 0.00000000 0.00000000
Neuron 876 3 0.37500000 1 1.00000000 0.00000000 0.00000000 0.00000000
Neuron 877 3 0.43750000 1 1.00000000 0.00000000 0.00000000 0.00000000
Neuron 881 3 0.37500000 1 1.00000000 0.00000000 0.00000000 0.00000000
Neuron 909 3 0.18750000 1 1.00000000 0.00000000 0.00000000 0.00000000
Neuron 918 3 0.31250000 1 1.00000000 0.00000000 0.00000000 0.00000000
Neuron 947 3 0.75000000 1 1.00000000 0.00000000 0.00000000 0.00000000
Neuron 968 3 0.78125000 1 1.00000000 0.00000000 0.00000000 0.00000000
Neuron 985 3 0.37500000 1 1.00000000 0.00000000 0.00000000 0.00000000
Neuron 1023 3 0.68750000 1 1.00000000 0.00000000 0.00000000 0.00000000
Neuron 1031 3 0.06250000 1 1.00000000 0.00000000 0.00000000 0.00000000
Neuron 1048 3 0.62500000 1 1.00000000 0.00000000 0.00000000 0.00000000
Neuron 1061 3 0.18750000 1 1.00000000 0.00000000 0.00000000 0.00000000
Neuron 1132 3 0.43750000 1 1.00000000 0.00000000 0.00000000 0.00000000
Neuron 1133 3 0.87500000 1 1.00000000 0.00000000 0.00000000 0.00000000
Neuron 1217 3 0.15625000 1 1.00000000 0.00000000 0.00000000 0.00000000
Neuron 1288 3 0.09375000 1 1.00000000 0.00000000 0.00000000 0.00000000
Neuron 1311 3 0.56250000 1 1.00000000 0.00000000 0.00000000 0.00000000
Neuron 1314 3 0.71875000 1 1.00000000 0.00000000 0.00000000 0.00000000
Neuron 1331 3 0.82812500 1 1.00000000 0.00000000 0.00000000 0.00000000
Neuron 1381 3 0.34375000 1 1.00000000 0.00000000 0.00000000 0.00000000
Neuron 1393 3 0.78125000 1 1.00000000 0.00000000 0.00000000 0.00000000
Neuron 1451 3 0.31250000 1 1.00000000 0.00000000 0.00000000 0.00000000
Neuron 1460 3 0.70312500 1 1.00000000 0.00000000 0.00000000 0.00000000
Neuron 1482 3 0.10937500 1 1.00000000 0.00000000 0.00000000 0.00000000
Neuron 1489 3 0.46875000 1 1.00000000 0.00000000 0.00000000 0.00000000
Neuron 1549 3 0.68750000 1 1.00000000 0.00000000 0.00000000 0.00000000
Neuron 1554 3 0.89843750 1 1.00000000 0.00000000 0.00000000 0.00000000
Neuron 1678 3 0.34375000 1 1.00000000 0.00000000 0.00000000 0.00000000
Neuron 1688 3 0.87500000 1 1.00000000 0.00000000 0.00000000 0.00000000
Link 3 10 3 0 1.50987437
Link 5 10 5 0 2.06084381
Link 6 10 6 0 3.10984218
Link 1 11 10 0 2.18925174
Link 8 11 17 0 0.03254161
Link 9 11 18 0 -3.13278457
Link 1 12 19 0 6.15850241
Link 3 12 21 0 -3.14728202
Link 4 12 22 0 1.39395505
Link 6 12 24 0 2.84093249
Link 9 12 27 0 -0.41163648
Link 1 13 28 0 0.08166630
Link 2 13 29 0 0.85139856
Link 3 13 30 0 -1.72282027
Link 4 13 31 0 1.21785276
Link 5 13 32 0 3.16389572
Link 6 13 33 0 -2.14351133
Link 7 13 34 0 -3.86110848
Link 8 13 35 0 -3.78342679
Link 1 14 37 0 -4.21126599
Link 2 14 38 0 -1.62802803
Link 3 14 39 0 1.78231045
Link 4 14 40 0 -1.52800296
Link 6 14 42 0 3.72646036
Link 7 14 43 0 -1.68054368
Link 4 15 49 0 -2.18974630
Link 5 15 50 0 -1.39252302
Link 6 15 51 0 -0.24395772
Link 7 15 52 0 1.14384722
Link 8 15 53 0 -4.56117946
Link 9 15 54 0 0.36711673
Link 1 16 55 0 1.35614183
Link 2 16 56 0 0.71082135
Link 3 16 57 0 1.42199248
Link 5 16 59 0 -0.34575280
Link 6 16 60 0 -0.06863182
Link 7 16 61 0 0.60608618
Link 9 16 63 0 1.89813944
Link 5 18 70 0 0.04554600
Link 18 14 71 0 2.60638888
Link 4 20 77 0 0.56287349
Link 20 10 78 0 0.73711454
Link 26 12 96 0 -2.04343824
Link 2 28 101 0 0.48536115
Link 28 10 102 0 -1.37694555
Link 30 11 108 0 2.58835644
Link 35 12 125 0 2.42471061
Link 7 40 142 0 -0.08142063
Link 40 10 143 0 -3.06524489
Link 7 41 145 0 0.16963174
Link 7 42 148 0 -2.00632501
Link 3 45 157 0 1.04505107
Link 45 11 158 0 1.35093234
Link 1 46 162 0 3.68552356
Link 8 48 168 0 2.32357935
Link 48 14 169 0 -5.06351698
Link 16 16 170 1 -3.42957818
Link 2 49 172 0 0.32755068
Link 51 16 179 0 -0.92545630
Link 8 40 192 0 2.20912603
Link 1 55 195 0 -0.87278524
Link 55 15 196 0 -1.56191616
Link 56 11 199 0 -1.84073218
Link 4 64 232 0 -1.32790745
Link 3 67 259 0 -0.67671385
Link 67 15 260 0 1.96920641
Link 74 15 302 0 -2.27344942
Link 78 12 339 0 1.60866008
Link 39 11 351 0 0.09626970
Link 8 80 354 0 -2.55546113
Link 48 18 423 0 -1.59987778
Link 42 88 426 0 0.89762817
Link 88 11 427 0 2.95966973
Link 64 90 446 0 -0.89616441
Link 90 11 447 0 1.68112131
Link 95 30 489 0 0.24499636
Link 51 51 533 1 -2.76165760
Link 4 46 549 0 -2.61449651
Link 2 122 684 0 1.92615206
Link 45 135 780 0 0.78322908
Link 135 11 781 0 -0.26933406
Link 42 42 793 1 0.39134210
Link 14 49 795 1 -0.18213486
Link 26 26 862 1 4.16588933
Link 40 14 871 0 1.47359528
Link 49 161 1035 0 1.13744924
Link 161 74 1036 0 3.86408268
Link 46 163 1052 0 1.32130936
Link 4 174 1112 0 2.18628290
Link 183 49 1155 0 -1.06452315
Link 198 10 1279 0 1.90392768
Link 8 208 1375 0 0.71410422
Link 208 35 1376 0 -1.05736685
Link 3 46 1378 0 1.26843806
Link 14 210 1391 1 0.40681469
Link 210 14 1392 1 -1.52066536
Link 211 26 1399 0 0.61047992
Link 216 39 1453 0 0.99210232
Link 71 225 1514 0 -1.61526169
Link 5 239 1616 0 2.33327181
Link 239 71 1617 0 0.01663119
Link 241 14 1630 0 3.50462828
Link 7 282 1915 0 -1.10278830
Link 282 10 1916 0 1.18231141
Link 3 298 2028 0 0.89331962
Link 122 302 2061 0 -1.82619251
Link 302 56 2062 0 0.76690771
Link 46 51 2335 0 1.17963677
Link 367 216 2505 0 1.56218774
Link 5 369 2515 0 0.41937607
Link 39 30 2569 0 1.21684193
Link 225 40 2616 1 0.90344160
Link 8 88 2740 0 0.43979823
Link 8 408 2765 0 0.31150201
Link 408 26 2766 0 -2.37259992
Link 446 95 3056 0 -1.97888703
Link 298 298 3108 1 -0.31964565
Link 56 46 3471 0 0.07975417
Link 78 46 3515 1 0.92654454
Link 503 446 3542 0 -1.99600324
Link 42 40 3543 0 -1.92075913
Link 520 11 3654 0 -4.15607990
Link 524 10 3683 0 1.20631876
Link 298 531 3721 0 0.84455590
Link 446 446 3827 1 -3.18819514
Link 2 563 3955 0 0.23940130
Link 582 40 4095 1 -2.03681180
Link 174 585 4113 0 0.84513020
Link 67 26 4115 0 -1.10424212
Link 16 80 4167 1 2.11101409
Link 39 599 4239 0 -0.10496702
Link 599 165 4240 0 -0.19725275
Link 30 225 4329 0 0.45231889
Link 1 623 4402 0 2.75993682
Link 628 524 4435 0 3.58709688
Link 9 163 4510 0 -0.06637666
Link 643 403 4540 0 1.58805698
Link 41 646 4563 0 -1.54274874
Link 646 537 4564 0 -1.46043959
Link 49 41 4664 0 -0.31418286
Link 225 692 4930 0 -1.04233185
Link 40 71 4940 0 -0.58361292
Link 707 582 5049 1 -1.34761443
Link 403 724 5214 0 0.28481375
Link 724 520 5215 0 -0.99047423
Link 95 10 5236 0 0.71469790
Link 16 729 5255 1 1.44969446
Link 537 740 5359 0 0.76465949
Link 740 78 5360 0 -0.23017269
Link 9 369 5361 0 -4.86625967
Link 6 755 5492 0 3.06029541
Link 755 503 5493 0 1.46732617
Link 756 241 5498 0 3.08088852
Link 403 761 5525 1 1.80559050
Link 761 71 5526 1 1.37281861
Link 729 766 5548 1 -1.03321518
Link 766 707 5549 1 3.21447767
Link 51 770 5587 0 2.77707468
Link 770 41 5588 0 2.50063055
Link 3 778 5663 0 2.58557235
Link 778 165 5664 0 -1.90884273
Link 12 781 5681 1 1.47954325
Link 781 41 5682 1 0.99219216
Link 403 446 5767 1 -0.09790861
Link 9 582 5810 0 1.52485131
Link 211 95 6002 0 2.27460905
Link 692 811 6005 0 2.29444100
Link 811 643 6006 0 2.49162361
Link 30 831 6164 0 1.02270824
Link 831 51 6165 0 0.47280644
Link 834 599 6216 1 -2.32553159
Link 10 707 6300 1 0.38926537
Link 1 563 6349 0 0.93495977
Link 51 853 6360 0 1.63613227
Link 298 876 6570 0 1.07873525
Link 876 46 6571 0 3.04689601
Link 8 298 6589 0 -2.18154145
Link 531 877 6591 0 0.40009090
Link 877 30 6592 0 2.33525630
Link 881 40 6620 0 3.54209258
Link 4 582 6748 0 -2.74074720
Link 211 582 6834 0 -1.61365492
Link 563 909 6901 0 1.03939674
Link 909 211 6902 0 1.05998954
Link 165 95 6950 1 -0.04847676
Link 781 403 6965 0 1.96701972
Link 369 918 6980 0 2.18396140
Link 918 771 6981 0 2.11001353
Link 582 707 7028 0 1.78560272
Link 88 643 7051 0 -0.69815464
Link 14 947 7218 1 -0.56488776
Link 947 67 7219 1 0.95283594
Link 771 771 7383 1 -4.49301337
Link 165 968 7415 0 -1.74154175
Link 968 756 7416 0 2.87947958
Link 183 520 7564 0 -0.43141337
Link 599 707 7571 0 -2.22468854
Link 239 985 7612 0 0.92285976
Link 985 51 7613 0 1.49456255
Link 51 582 7648 0 -0.35006051
Link 282 599 7908 0 -0.94554994
Link 531 1023 7938 0 0.04958030
Link 1023 11 7939 0 -0.45889645
Link 7 1031 8027 0 1.17158503
Link 67 1048 8142 0 0.58291916
Link 1048 88 8143 0 -0.19308340
Link 623 1061 8302 0 3.25554305
Link 1061 183 8303 0 1.72292839
Link 599 446 8409 1 -2.31015409
Link 771 88 8488 0 0.30896619
Link 778 985 8556 0 1.29097056
Link 585 1132 8865 0 -2.03604509
Link 1133 524 8871 1 2.02900083
Link 503 947 9027 0 3.87400434
Link 6 41 9111 0 3.59202573
Link 755 30 9130 0 -2.61667894
Link 537 64 9237 1 -0.19042915
Link 174 1217 9479 1 0.16823396
Link 1217 503 9480 1 1.37995494
Link 778 211 9529 1 -2.31831113
Link 563 40 9549 0 -1.04191403
Link 78 78 9870 1 1.60011381
Link 64 282 10058 0 2.77542406
Link 1031 1288 10090 0 0.62743642
Link 282 724 10147 0 -1.55167875
Link 48 771 10235 1 -1.22953070
Link 135 74 10253 0 1.12076894
Link 80 1311 10277 0 -2.21469614
Link 1311 650 10278 0 -0.14829546
Link 163 1314 10296 1 -0.03614382
Link 853 1331 10427 0 -0.18520440
Link 1331 729 10428 0 0.24704277
Link 770 646 10803 0 -1.14708335
Link 367 1381 10906 0 0.60123429
Link 1381 1311 10907 0 -2.79060511
Link 163 1393 10990 0 2.02700929
Link 1393 628 10991 0 -0.58528805
Link 211 585 11033 0 -0.56367658
Link 135 165 11257 0 1.15853221
Link 216 1451 11524 0 1.15802632
Link 531 20 11547 0 0.53709933
Link 1314 1460 11593 1 0.80588515
Link 1460 834 11594 1 1.56218584
Link 6 1217 11596 0 1.41413928
Link 1288 1482 11797 0 1.01037975
Link 1482 367 11798 0 0.80871043
Link 1132 1489 11884 0 1.64448488
Link 1489 51 11885 0 0.78548291
Link 1393 1393 12156 1 0.18667683
Link 1217 165 12311 0 -0.85816381
Link 650 1549 12399 0 0.97645545
Link 1549 198 12400 0 -3.44906778
Link 811 1554 12455 0 0.07843895
Link 1554 12 12456 0 2.93520309
Link 80 781 12521 0 -1.52674124
Link 909 1381 12608 0 -4.39732324
Link 4 28 12696 0 3.37776898
Link 56 1048 12880 0 -0.26544062
Link 740 1132 13391 1 -0.99382630
Link 1554 585 13417 1 -1.51587412
Link 302 161 13463 0 -2.33187458
Link 1451 1678 13478 0 1.43581212
Link 1678 881 13479 0 0.86695880
Link 1031 520 13578 0 0.43460769
Link 524 1688 13603 1 1.08301319
Link 1688 1133 13604 1 1.39422646
Link 208 49 13619 0 2.84215551
Link 1048 161 13661 0 -2.38488267
Link 298 781 13781 0 -0.23727881
Link 39 650 13910 0 3.30165880
Link 771 51 13930 0 0.30159575
GenomeEnd

