GenomeStart 83133
Neuron 1 1 0.00000000 1 0.00000000 0.00000000 0.00000000 0.00000000
Neuron 2 1 0.00000000 1 0.00000000 0.00000000 0.00000000 0.00000000
Neuron 3 1 0.00000000 1 0.00000000 0.00000000 0.00000000 0.00000000
Neuron 4 1 0.00000000 1 0.00000000 0.00000000 0.00000000 0.00000000
Neuron 5 1 0.00000000 1 0.00000000 0.00000000 0.00000000 0.00000000
Neuron 6 1 0.00000000 1 0.00000000 0.00000000 0.00000000 0.00000000
Neuron 7 1 0.00000000 1 0.00000000 0.00000000 0.00000000 0.00000000
Neuron 8 1 0.00000000 1 0.00000000 0.00000000 0.00000000 0.00000000
Neuron 9 2 0.00000000 1 0.00000000 0.00000000 0.00000000 0.00000000
Neuron 10 4 1.00000000 0 1.00000000 0.00000000 0.00000000 0.00000000
Neuron 11 4 1.00000000 0 1.00000000 0.00000000 0.00000000 0.00000000
Neuron 12 4 1.00000000 0 1.00000000 0.00000000 0.00000000 0.00000000
Neuron 13 4 1.00000000 0 1.00000000 0.00000000 0.00000000 0.00000000
Neuron 14 4 1.00000000 0 1.00000000 0.00000000 0.00000000 0.00000000
Neuron 15 4 1.00000000 0 1.00000000 0.00000000 0.00000000 0.00000000
Neuron 16 4 1.00000000 0 1.00000000 0.00000000 0.00000000 0.00000000
Neuron 18 3 0.50000000 1 1.00000000 0.00000000 0.00000000 0.00000000
Neuron 20 3 0.50000000 1 1.00000000 0.00000000 0.00000000 0.00000000
Neuron 26 3 0.50000000 1 1.00000000 0.00000000 0.00000000 0.00000000
Neuron 28 3 0.50000000 1 1.00000000 0.00000000 0.00000000 0.00000000
Neuron 30 3 0.50000000 1 1.00000000 0.00000000 0.00000000 0.00000000
Neuron 35 3 0.50000000 1 1.00000000 0.00000000 0.00000000 0.00000000
Neuron 39 3 0.50000000 1 1.00000000 0.00000000 0.00000000 0.00000000
Neuron 40 3 0.50000000 1 1.00000000 0.00000000 0.00000000 0.00000000
Neuron 41 3 0.50000000 1 1.00000000 0.00000000 0.00000000 0.00000000
Neuron 42 3 0.50000000 1 1.00000000 0.00000000 0.00000000 0.00000000
Neuron 45 3 0.50000000 1 1.00000000 0.00000000 0.00000000 0.00000000
Neuron 46 3 0.50000000 1 1.00000000 0.00000000 0.00000000 0.00000000
Neuron 48 3 0.50000000 1 1.00000000 0.00000000 0.00000000 0.00000000
Neuron 49 3 0.50000000 1 1.00000000 0.00000000 0.00000000 0.00000000
Neuron 51 3 0.50000000 1 1.00000000 0.00000000 0.00000000 0.00000000
Neuron 55 3 0.50000000 1 1.00000000 0.00000000 0.00000000 0.00000000
Neuron 56 3 0.50000000 1 1.00000000 0.00000000 0.00000000 0.00000000
Neuron 59 3 0.50000000 1 1.00000000 0.00000000 0.00000000 0.00000000
Neuron 64 3 0.50000000 1 1.00000000 0.00000000 0.00000000 0.00000000
Neuron 67 3 0.50000000 1 1.00000000 0.00000000 0.00000000 0.00000000
Neuron 71 3 0.50000000 1 1.00000000 0.00000000 0.00000000 0.00000000
Neuron 74 3 0.75000000 1 1.00000000 0.00000000 0.00000000 0.00000000
Neuron 78 3 0.75000000 1 1.00000000 0.00000000 0.00000000 0.00000000
Neuron 80 3 0.50000000 1 1.00000000 0.00000000 0.00000000 0.00000000
Neuron 88 3 0.75000000 1 1.00000000 0.00000000 0.00000000 0.00000000
Neuron 90 3 0.75000000 1 1.00000000 0.00000000 0.00000000 0.00000000
Neuron 95 3 0.25000000 1 1.00000000 0.00000000 0.00000000 0.00000000
Neuron 122 3 0.25000000 1 1.00000000 0.00000000 0.00000000 0.00000000
Neuron 135 3 0.75000000 1 1.00000000 0.00000000 0.00000000 0.00000000
Neuron 161 3 0.62500000 1 1.00000000 0.00000000 0.00000000 0.00000000
Neuron 163 3 0.75000000 1 1.00000000 0.00000000 0.00000000 0.00000000
Neuron 165 3 0.75000000 1 1.00000000 0.00000000 0.00000000 0.00000000
Neuron 174 3 0.25000000 1 1.00000000 0.00000000 0.00000000 0.00000000
Neuron 183 3 0.25000000 1 1.00000000 0.00000000 0.00000000 0.00000000
Neuron 198 3 0.75000000 1 1.00000000 0.00000000 0.00000000 0.00000000
Neuron 208 3 0.25000000 1 1.00000000 0.00000000 0.00000000 0.00000000
Neuron 210 3 1.00000000 1 1.00000000 0.00000000 0.00000000 0.00000000
Neuron 211 3 0.25000000 1 1.00000000 0.00000000 0.00000000 0.00000000
Neuron 216 3 0.25000000 1 1.00000000 0.00000000 0.00000000 0.00000000
Neuron 225 3 0.75000000 1 1.00000000 0.00000000 0.00000000 0.00000000
Neuron 239 3 0.25000000 1 1.00000000 0.00000000 0.00000000 0.00000000
Neuron 241 3 0.87500000 1 1.00000000 0.00000000 0.00000000 0.00000000
Neuron 282 3 0.50000000 1 1.00000000 0.00000000 0.00000000 0.00000000
Neuron 298 3 0.25000000 1 1.00000000 0.00000000 0.00000000 0.00000000
Neuron 302 3 0.37500000 1 1.00000000 0.00000000 0.00000000 0.00000000
Neuron 367 3 0.12500000 1 1.00000000 0.00000000 0.00000000 0.00000000
Neuron 369 3 0.25000000 1 1.00000000 0.00000000 0.00000000 0.00000000
Neuron 403 3 0.87500000 1 1.00000000 0.00000000 0.00000000 0.00000000
Neuron 408 3 0.25000000 1 1.00000000 0.00000000 0.00000000 0.00000000
Neuron 446 3 0.12500000 1 1.00000000 0.00000000 0.00000000 0.00000000
Neuron 503 3 0.06250000 1 1.00000000 0.00000000 0.00000000 0.00000000
Neuron 515 3 0.37500000 1 1.00000000 0.00000000 0.00000000 0.00000000
Neuron 520 3 0.93750000 1 1.00000000 0.00000000 0.00000000 0.00000000
Neuron 524 3 0.87500000 1 1.00000000 0.00000000 0.00000000 0.00000000
Neuron 531 3 0.37500000 1 1.00000000 0.00000000 0.00000000 0.00000000
Neuron 537 3 0.62500000 1 1.00000000 0.00000000 0.00000000 0.00000000
Neuron 563 3 0.12500000 1 1.00000000 0.00000000 0.00000000 0.00000000
Neuron 582 3 0.75000000 1 1.00000000 0.00000000 0.00000000 0.00000000
Neuron 585 3 0.37500000 1 1.00000000 0.00000000 0.00000000 0.00000000
Neuron 599 3 0.62500000 1 1.00000000 0.00000000 0.00000000 0.00000000
Neuron 623 3 0.12500000 1 1.00000000 0.00000000 0.00000000 0.00000000
Neuron 628 3 0.81250000 1 1.00000000 0.00000000 0.00000000 0.00000000
Neuron 643 3 0.81250000 1 1.00000000 0.00000000 0.00000000 0.00000000
Neuron 646 3 0.56250000 1 1.00000000 0.00000000 0.00000000 0.00000000
Neuron 650 3 0.62500000 1 1.00000000 0.00000000 0.00000000 0.00000000
Neuron 692 3 0.78125000 1 1.00000000 0.00000000 0.00000000 0.00000000
Neuron 707 3 0.87500000 1 1.00000000 0.00000000 0.00000000 0.00000000
Neuron 713 3 0.12500000 1 1.00000000 0.00000000 0.00000000 0.00000000
Neuron 724 3 0.90625000 1 1.00000000 0.00000000 0.00000000 0.00000000
Neuron 729 3 0.93750000 1 1.00000000 0.00000000 0.00000000 0.00000000
Neuron 740 3 0.68750000 1 1.00000000 0.00000000 0.00000000 0.00000000
Neuron 755 3 0.03125000 1 1.00000000 0.00000000 0.00000000 0.00000000
Neuron 756 3 0.81250000 1 1.00000000 0.00000000 0.00000000 0.00000000
Neuron 761 3 0.68750000 1 1.00000000 0.00000000 0.00000000 0.00000000
Neuron 766 3 0.90625000 1 1.00000000 0.00000000 0.00000000 0.00000000
Neuron 770 3 0.50000000 1 1.00000000 0.00000000 0.00000000 0.00000000
Neuron 771 3 0.37500000 1 1.00000000 0.00000000 0.00000000 0.00000000
Neuron 778 3 0.37500000 1 1.00000000 0.00000000 0.00000000 0.00000000
Neuron 781 3 0.75000000 1 1.00000000 0.00000000 0.00000000 0.00000000
Neuron 811 3 0.79687500 1 1.00000000 0.00000000 0.00000000 0.00000000
Neuron 834 3 0.68750000 1 1.00000000 0.00000000 0.00000000 0.00000000
Neuron 853 3 0.71875000 1 1.00000000 0.00000000 0.00000000 0.00000000
Neuron 877 3 0.43750000 1 1.00000000 0.00000000 0.00000000 0.00000000
Neuron 881 3 0.37500000 1 1.00000000 0.00000000 0.00000000 0.00000000
Neuron 909 3 0.18750000 1 1.00000000 0.00000000 0.00000000 0.00000000
Neuron 918 3 0.31250000 1 1.00000000 0.00000000 0.00000000 0.00000000
Neuron 939 3 0.50000000 1 1.00000000 0.00000000 0.00000000 0.00000000
Neuron 947 3 0.75000000 1 1.00000000 0.00000000 0.00000000 0.00000000
Neuron 968 3 0.78125000 1 1.00000000 0.00000000 0.00000000 0.00000000
Neuron 985 3 0.37500000 1 1.00000000 0.00000000 0.00000000 0.00000000
Neuron 1023 3 0.68750000 1 1.00000000 0.00000000 0.00000000 0.00000000
Neuron 1031 3 0.06250000 1 1.00000000 0.00000000 0.00000000 0.00000000
Neuron 1048 3 0.62500000 1 1.00000000 0.00000000 0.00000000 0.00000000
Neuron 1061 3 0.18750000 1 1.00000000 0.00000000 0.00000000 0.00000000
Neuron 1093 3 0.56250000 1 1.00000000 0.00000000 0.00000000 0.00000000
Neuron 1132 3 0.43750000 1 1.00000000 0.00000000 0.00000000 0.00000000
Neuron 1133 3 0.87500000 1 1.00000000 0.00000000 0.00000000 0.00000000
Neuron 1217 3 0.15625000 1 1.00000000 0.00000000 0.00000000 0.00000000
Neuron 1223 3 0.76562500 1 1.00000000 0.00000000 0.00000000 0.00000000
Neuron 1240 3 1.00000000 1 1.00000000 0.00000000 0.00000000 0.00000000
Neuron 1288 3 0.09375000 1 1.00000000 0.00000000 0.00000000 0.00000000
Neuron 1311 3 0.56250000 1 1.00000000 0.00000000 0.00000000 0.00000000
Neuron 1314 3 0.71875000 1 1.00000000 0.00000000 0.00000000 0.00000000
Neuron 1381 3 0.34375000 1 1.00000000 0.00000000 0.00000000 0.00000000
Neuron 1393 3 0.78125000 1 1.00000000 0.00000000 0.00000000 0.00000000
Neuron 1489 3 0.46875000 1 1.00000000 0.00000000 0.00000000 0.00000000
Neuron 1549 3 0.68750000 1 1.00000000 0.00000000 0.00000000 0.00000000
Neuron 1628 3 0.87500000 1 1.00000000 0.00000000 0.00000000 0.00000000
Link 3 10 3 0 0.68686029
Link 5 10 5 0 1.08838353
Link 6 10 6 0 3.25294011
Link 1 11 10 0 1.94128729
Link 8 11 17 0 1.03895631
Link 9 11 18 0 -2.92190434
Link 1 12 19 0 5.91657713
Link 3 12 21 0 -3.93619377
Link 4 12 22 0 1.53834756
Link 6 12 24 0 3.47941652
Link 9 12 27 0 -0.25142821
Link 1 13 28 0 0.11838367
Link 2 13 29 0 1.24185114
Link 3 13 30 0 -0.59693340
Link 4 13 31 0 0.64417984
Link 5 13 32 0 4.54386539
Link 6 13 33 0 -1.38424899
Link 7 13 34 0 -1.79315225
Link 8 13 35 0 -2.33492916
Link 1 14 37 0 -3.78083215
Link 2 14 38 0 -0.95435798
Link 4 14 40 0 -0.27770301
Link 6 14 42 0 3.26225538
Link 7 14 43 0 -1.16793423
Link 4 15 49 0 -1.05606054
Link 5 15 50 0 -1.55175975
Link 6 15 51 0 -0.30883803
Link 7 15 52 0 0.41609864
Link 8 15 53 0 -2.67421796
Link 9 15 54 0 1.69804670
Link 1 16 55 0 2.22859732
Link 2 16 56 0 1.59867689
Link 3 16 57 0 0.41443631
Link 6 16 60 0 -1.02971582
Link 7 16 61 0 -1.31086993
Link 9 16 63 0 2.00565571
Link 5 18 70 0 -0.18663074
Link 18 14 71 0 2.06199511
Link 4 20 77 0 0.79861152
Link 20 10 78 0 1.27074408
Link 26 12 96 0 -1.30191437
Link 2 28 101 0 0.86054155
Link 28 10 102 0 -1.66932335
Link 30 11 108 0 2.46882876
Link 35 12 125 0 3.12222567
Link 7 40 142 0 -0.72889658
Link 40 10 143 0 -2.66858950
Link 7 41 145 0 0.89734177
Link 7 42 148 0 0.23026597
Link 3 45 157 0 2.00527540
Link 45 11 158 0 1.51736918
Link 1 46 162 0 2.64216302
Link 8 48 168 0 2.13892271
Link 48 14 169 0 -4.42645743
Link 16 16 170 1 -3.24168241
Link 2 49 172 0 -0.89790929
Link 51 16 179 0 -0.76160420
Link 8 40 192 0 2.47520123
Link 1 55 195 0 -1.35351016
Link 55 15 196 0 0.20516384
Link 56 11 199 0 -1.63370009
Link 3 59 209 0 0.97209827
Link 59 14 210 0 1.76452412
Link 4 64 232 0 -2.18421583
Link 3 67 259 0 -1.95533861
Link 67 15 260 0 2.47760033
Link 74 15 302 0 -2.88260217
Link 78 12 339 0 0.53759059
Link 39 11 351 0 2.03484295
Link 8 80 354 0 -2.83882755
Link 48 18 423 0 -0.75278399
Link 42 88 426 0 0.42789766
Link 88 11 427 0 2.93538406
Link 64 90 446 0 0.17058477
Link 95 30 489 0 0.62237613
Link 51 51 533 1 -0.31343952
Link 4 46 549 0 -2.31589127
Link 2 122 684 0 3.15512371
Link 45 135 780 0 -0.10919996
Link 135 11 781 0 0.22320206
Link 42 42 793 1 0.97315453
Link 14 49 795 1 -0.69629309
Link 26 26 862 1 4.04374819
Link 40 14 871 0 1.31075214
Link 49 161 1035 0 1.64645260
Link 161 74 1036 0 3.97333479
Link 46 163 1052 0 1.13159060
Link 4 174 1112 0 1.88784736
Link 183 49 1155 0 -1.12867007
Link 198 10 1279 0 1.15020639
Link 8 208 1375 0 1.33998550
Link 208 35 1376 0 0.62239321
Link 3 46 1378 0 1.13010680
Link 14 210 1391 1 -0.21209194
Link 211 26 1399 0 -1.62874005
Link 216 39 1453 0 1.03877038
Link 71 225 1514 0 -1.60006856
Link 5 239 1616 0 2.19988545
Link 241 14 1630 0 2.09824297
Link 7 282 1915 0 -0.64139584
Link 282 10 1916 0 2.13280952
Link 3 298 2028 0 1.76570323
Link 122 302 2061 0 -0.60151632
Link 302 56 2062 0 2.58406201
Link 46 51 2335 0 -0.03558509
Link 367 216 2505 0 1.23790508
Link 5 369 2515 0 -0.40633763
Link 39 30 2569 0 0.36049003
Link 225 40 2616 1 0.80774363
Link 8 88 2740 0 0.51502282
Link 8 408 2765 0 -0.67299159
Link 408 26 2766 0 -1.25105601
Link 446 95 3056 0 -2.82064913
Link 298 298 3108 1 -1.13869254
Link 298 46 3159 0 4.67842117
Link 56 46 3471 0 1.20754641
Link 78 46 3515 1 1.14492199
Link 503 446 3542 0 -0.82159446
Link 42 40 3543 0 -0.23602738
Link 239 515 3620 0 0.13601855
Link 515 71 3621 0 0.88756869
Link 520 11 3654 0 -4.21782530
Link 524 10 3683 0 0.85991901
Link 30 51 3708 0 0.72731032
Link 298 531 3721 0 -0.14517306
Link 2 563 3955 0 -0.28208191
Link 582 40 4095 1 -2.37973833
Link 174 585 4113 0 0.05631897
Link 67 26 4115 0 0.82507494
Link 16 80 4167 1 1.81101370
Link 39 599 4239 0 -0.13183172
Link 599 165 4240 0 0.31045212
Link 30 225 4329 0 -0.30006263
Link 1 623 4402 0 3.13339320
Link 628 524 4435 0 4.42583408
Link 9 163 4510 0 -1.32022925
Link 643 403 4540 0 2.79005297
Link 41 646 4563 0 -0.33803896
Link 646 537 4564 0 -1.66530742
Link 49 41 4664 0 0.33499128
Link 225 692 4930 0 -0.29076919
Link 40 71 4940 0 -1.15286590
Link 707 582 5049 1 -1.00502895
Link 446 713 5087 1 0.74739355
Link 713 446 5088 1 -3.98671674
Link 403 724 5214 0 -0.21208226
Link 724 520 5215 0 -1.01850445
Link 16 729 5255 1 2.16762519
Link 537 740 5359 0 2.61033211
Link 740 78 5360 0 0.42892271
Link 9 369 5361 0 -4.34042673
Link 6 755 5492 0 1.62562800
Link 755 503 5493 0 0.53998324
Link 756 241 5498 0 2.32241962
Link 403 761 5525 1 1.14484686
Link 761 71 5526 1 0.20788452
Link 729 766 5548 1 0.31159717
Link 766 707 5549 1 3.03904137
Link 51 770 5587 0 1.04715710
Link 770 41 5588 0 2.26527168
Link 3 778 5663 0 2.69755447
Link 778 165 5664 0 -2.18797042
Link 12 781 5681 1 1.23736348
Link 781 41 5682 1 0.78746930
Link 403 446 5767 1 0.64417858
Link 9 582 5810 0 0.00040529
Link 211 95 6002 0 1.37146130
Link 692 811 6005 0 0.96027339
Link 811 643 6006 0 2.65275810
Link 834 599 6216 1 -2.14063742
Link 10 707 6300 1 -0.48255973
Link 1 563 6349 0 0.17681220
Link 51 853 6360 0 2.06237732
Link 853 729 6361 0 -0.13420382
Link 8 298 6589 0 -4.18320765
Link 531 877 6591 0 1.30301090
Link 877 30 6592 0 0.30996196
Link 216 881 6619 0 1.02782321
Link 881 40 6620 0 4.34118048
Link 4 582 6748 0 -2.02865526
Link 211 582 6834 0 -0.42709735
Link 563 909 6901 0 1.81744323
Link 909 211 6902 0 1.19727837
Link 781 403 6965 0 2.39634491
Link 369 918 6980 0 3.05499449
Link 918 771 6981 0 1.31308168
Link 582 707 7028 0 1.03692439
Link 88 643 7051 0 -1.87392987
Link 165 939 7147 1 0.11819616
Link 939 95 7148 1 -0.45294369
Link 14 947 7218 1 0.49799980
Link 947 67 7219 1 0.72006919
Link 771 771 7383 1 -4.51666897
Link 968 756 7416 0 -0.61563803
Link 239 985 7612 0 1.43416936
Link 985 51 7613 0 1.93568115
Link 51 582 7648 0 -0.55613103
Link 282 599 7908 0 -0.20180054
Link 531 1023 7938 0 -1.10039669
Link 1023 11 7939 0 -0.65476661
Link 7 1031 8027 0 0.99641383
Link 67 1048 8142 0 -0.58033565
Link 1048 88 8143 0 -1.27738334
Link 623 1061 8302 0 0.93784785
Link 1061 183 8303 0 1.03263813
Link 599 446 8409 1 -1.20694155
Link 778 985 8556 0 2.46558063
Link 771 1093 8560 0 1.27566909
Link 1093 88 8561 0 -0.25856828
Link 585 1132 8865 0 0.92096820
Link 524 1133 8870 1 1.58980401
Link 1133 524 8871 1 0.90790099
Link 503 947 9027 0 2.91272695
Link 6 41 9111 0 2.42038244
Link 755 30 9130 0 -1.98077833
Link 537 64 9237 1 -0.63815402
Link 174 1217 9479 1 1.05206893
Link 1217 503 9480 1 0.22014647
Link 165 1223 9527 0 1.02822400
Link 1223 968 9528 0 -1.95482374
Link 778 211 9529 1 -2.34956211
Link 563 40 9549 0 0.86521248
Link 210 1240 9683 1 0.74378866
Link 1240 14 9684 1 -3.05021638
Link 78 78 9870 1 1.30809235
Link 64 282 10058 0 4.42216325
Link 1031 1288 10090 0 0.73375681
Link 1288 367 10091 0 1.95836785
Link 282 724 10147 0 -3.21719291
Link 48 771 10235 1 -1.43030574
Link 135 74 10253 0 0.64172422
Link 80 1311 10277 0 -1.21723391
Link 1311 650 10278 0 -0.44744575
Link 163 1314 10296 1 1.53491270
Link 1314 834 10297 1 0.26481071
Link 770 646 10803 0 -0.87646178
Link 367 1381 10906 0 1.46391392
Link 1381 1311 10907 0 -4.01393950
Link 163 1393 10990 0 1.22594887
Link 1393 628 10991 0 0.03763521
Link 211 585 11033 0 -0.70324769
Link 135 165 11257 0 1.71254408
Link 531 20 11547 0 -0.22999145
Link 6 1217 11596 0 0.71874657
Link 40 650 11775 0 2.84206569
Link 1132 1489 11884 0 1.34375247
Link 1489 51 11885 0 1.21746894
Link 811 12 11965 0 1.61503989
Link 1393 1393 12156 1 0.25347982
Link 650 1549 12399 0 -0.28182411
Link 1549 198 12400 0 -2.71270797
Link 80 781 12521 0 -0.97806687
Link 853 12 12818 0 0.09862663
Link 64 520 12904 0 0.63992541
Link 35 59 12941 0 -1.68419647
Link 909 947 12984 0 -1.85640992
Link 90 1628 13122 0 0.81406465
Link 1628 11 13123 0 3.05113628
Link 724 30 13254 1 1.33185004
GenomeEnd

