GenomeStart 6830
Neuron 1 1 0.00000000 1 0.00000000 0.00000000 0.00000000 0.00000000
Neuron 2 1 0.00000000 1 0.00000000 0.00000000 0.00000000 0.00000000
Neuron 3 1 0.00000000 1 0.00000000 0.00000000 0.00000000 0.00000000
Neuron 4 1 0.00000000 1 0.00000000 0.00000000 0.00000000 0.00000000
Neuron 5 1 0.00000000 1 0.00000000 0.00000000 0.00000000 0.00000000
Neuron 6 1 0.00000000 1 0.00000000 0.00000000 0.00000000 0.00000000
Neuron 7 1 0.00000000 1 0.00000000 0.00000000 0.00000000 0.00000000
Neuron 8 1 0.00000000 1 0.00000000 0.00000000 0.00000000 0.00000000
Neuron 9 2 0.00000000 1 0.00000000 0.00000000 0.00000000 0.00000000
Neuron 10 4 1.00000000 0 1.00000000 0.00000000 0.00000000 0.00000000
Neuron 11 4 1.00000000 0 1.00000000 0.00000000 0.00000000 0.00000000
Neuron 12 4 1.00000000 0 1.00000000 0.00000000 0.00000000 0.00000000
Neuron 13 4 1.00000000 0 1.00000000 0.00000000 0.00000000 0.00000000
Neuron 14 4 1.00000000 0 1.00000000 0.00000000 0.00000000 0.00000000
Neuron 15 4 1.00000000 0 1.00000000 0.00000000 0.00000000 0.00000000
Neuron 16 4 1.00000000 0 1.00000000 0.00000000 0.00000000 0.00000000
Neuron 23 3 0.50000000 1 1.00000000 0.00000000 0.00000000 0.00000000
Neuron 42 3 0.50000000 1 1.00000000 0.00000000 0.00000000 0.00000000
Neuron 62 3 0.50000000 1 1.00000000 0.00000000 0.00000000 0.00000000
Neuron 76 3 0.50000000 1 1.00000000 0.00000000 0.00000000 0.00000000
Link 1 10 1 0 -1.77983911
Link 2 10 2 0 -3.64674995
Link 4 10 4 0 -3.24979165
Link 5 10 5 0 2.21619071
Link 6 10 6 0 -0.94210663
Link 7 10 7 0 1.37159809
Link 9 10 9 0 0.12190416
Link 1 11 10 0 -3.91995731
Link 2 11 11 0 -1.59395065
Link 3 11 12 0 2.19628833
Link 4 11 13 0 -1.51209067
Link 5 11 14 0 -0.99451624
Link 6 11 15 0 0.57400103
Link 9 11 18 0 -0.84637914
Link 1 12 19 0 -0.95840316
Link 2 12 20 0 -1.16829000
Link 3 12 21 0 -1.69251831
Link 4 12 22 0 2.30392909
Link 5 12 23 0 -1.10085307
Link 6 12 24 0 -0.76134099
Link 7 12 25 0 1.00406625
Link 8 12 26 0 -2.69167150
Link 9 12 27 0 2.36228710
Link 1 13 28 0 -3.49131283
Link 2 13 29 0 -0.07895170
Link 3 13 30 0 -3.65675410
Link 4 13 31 0 1.12765116
Link 5 13 32 0 0.71527427
Link 6 13 33 0 5.00607079
Link 7 13 34 0 -1.29046462
Link 8 13 35 0 -1.76626974
Link 9 13 36 0 -0.12598687
Link 1 14 37 0 -0.90415268
Link 2 14 38 0 3.76577658
Link 3 14 39 0 0.16073939
Link 4 14 40 0 -1.14259310
Link 5 14 41 0 -0.53993898
Link 6 14 42 0 0.16239089
Link 7 14 43 0 3.26792250
Link 8 14 44 0 2.94092447
Link 1 15 46 0 0.41026410
Link 2 15 47 0 5.06442411
Link 3 15 48 0 -1.10192510
Link 4 15 49 0 -4.33022811
Link 5 15 50 0 0.75383714
Link 6 15 51 0 1.39634011
Link 8 15 53 0 4.17577688
Link 9 15 54 0 -2.18924571
Link 1 16 55 0 -2.98745940
Link 2 16 56 0 3.26250642
Link 3 16 57 0 3.93262648
Link 4 16 58 0 0.13809538
Link 5 16 59 0 -0.81373650
Link 6 16 60 0 1.19556378
Link 7 16 61 0 -0.63869303
Link 8 16 62 0 -0.53587285
Link 9 16 63 0 0.25107716
Link 7 23 86 0 -2.02178738
Link 23 15 87 0 -1.87529955
Link 7 42 148 0 0.82753807
Link 42 11 149 0 1.61754805
Link 8 62 223 0 1.00000000
Link 62 11 224 0 -1.83698675
Link 6 23 257 0 -2.10249159
Link 12 23 310 1 -1.69852472
Link 3 76 328 0 0.45311092
Link 76 10 329 0 -0.64536550
Link 3 42 404 0 2.48914501
Link 10 76 610 1 1.57679731
GenomeEnd

