GenomeStart 100143
Neuron 1 1 0.00000000 1 0.00000000 0.00000000 0.00000000 0.00000000
Neuron 2 1 0.00000000 1 0.00000000 0.00000000 0.00000000 0.00000000
Neuron 3 1 0.00000000 1 0.00000000 0.00000000 0.00000000 0.00000000
Neuron 4 1 0.00000000 1 0.00000000 0.00000000 0.00000000 0.00000000
Neuron 5 1 0.00000000 1 0.00000000 0.00000000 0.00000000 0.00000000
Neuron 6 1 0.00000000 1 0.00000000 0.00000000 0.00000000 0.00000000
Neuron 7 1 0.00000000 1 0.00000000 0.00000000 0.00000000 0.00000000
Neuron 8 1 0.00000000 1 0.00000000 0.00000000 0.00000000 0.00000000
Neuron 9 2 0.00000000 1 0.00000000 0.00000000 0.00000000 0.00000000
Neuron 10 4 1.00000000 0 1.00000000 0.00000000 0.00000000 0.00000000
Neuron 11 4 1.00000000 0 1.00000000 0.00000000 0.00000000 0.00000000
Neuron 12 4 1.00000000 0 1.00000000 0.00000000 0.00000000 0.00000000
Neuron 13 4 1.00000000 0 1.00000000 0.00000000 0.00000000 0.00000000
Neuron 14 4 1.00000000 0 1.00000000 0.00000000 0.00000000 0.00000000
Neuron 15 4 1.00000000 0 1.00000000 0.00000000 0.00000000 0.00000000
Neuron 16 4 1.00000000 0 1.00000000 0.00000000 0.00000000 0.00000000
Neuron 18 3 0.50000000 1 1.00000000 0.00000000 0.00000000 0.00000000
Neuron 20 3 0.50000000 1 1.00000000 0.00000000 0.00000000 0.00000000
Neuron 26 3 0.50000000 1 1.00000000 0.00000000 0.00000000 0.00000000
Neuron 28 3 0.50000000 1 1.00000000 0.00000000 0.00000000 0.00000000
Neuron 30 3 0.50000000 1 1.00000000 0.00000000 0.00000000 0.00000000
Neuron 35 3 0.50000000 1 1.00000000 0.00000000 0.00000000 0.00000000
Neuron 39 3 0.50000000 1 1.00000000 0.00000000 0.00000000 0.00000000
Neuron 40 3 0.50000000 1 1.00000000 0.00000000 0.00000000 0.00000000
Neuron 41 3 0.50000000 1 1.00000000 0.00000000 0.00000000 0.00000000
Neuron 42 3 0.50000000 1 1.00000000 0.00000000 0.00000000 0.00000000
Neuron 45 3 0.50000000 1 1.00000000 0.00000000 0.00000000 0.00000000
Neuron 46 3 0.50000000 1 1.00000000 0.00000000 0.00000000 0.00000000
Neuron 48 3 0.50000000 1 1.00000000 0.00000000 0.00000000 0.00000000
Neuron 49 3 0.50000000 1 1.00000000 0.00000000 0.00000000 0.00000000
Neuron 51 3 0.50000000 1 1.00000000 0.00000000 0.00000000 0.00000000
Neuron 55 3 0.50000000 1 1.00000000 0.00000000 0.00000000 0.00000000
Neuron 56 3 0.50000000 1 1.00000000 0.00000000 0.00000000 0.00000000
Neuron 64 3 0.50000000 1 1.00000000 0.00000000 0.00000000 0.00000000
Neuron 67 3 0.50000000 1 1.00000000 0.00000000 0.00000000 0.00000000
Neuron 71 3 0.50000000 1 1.00000000 0.00000000 0.00000000 0.00000000
Neuron 74 3 0.75000000 1 1.00000000 0.00000000 0.00000000 0.00000000
Neuron 78 3 0.75000000 1 1.00000000 0.00000000 0.00000000 0.00000000
Neuron 80 3 0.50000000 1 1.00000000 0.00000000 0.00000000 0.00000000
Neuron 88 3 0.75000000 1 1.00000000 0.00000000 0.00000000 0.00000000
Neuron 90 3 0.75000000 1 1.00000000 0.00000000 0.00000000 0.00000000
Neuron 95 3 0.25000000 1 1.00000000 0.00000000 0.00000000 0.00000000
Neuron 108 3 0.75000000 1 1.00000000 0.00000000 0.00000000 0.00000000
Neuron 122 3 0.25000000 1 1.00000000 0.00000000 0.00000000 0.00000000
Neuron 135 3 0.75000000 1 1.00000000 0.00000000 0.00000000 0.00000000
Neuron 160 3 0.25000000 1 1.00000000 0.00000000 0.00000000 0.00000000
Neuron 161 3 0.62500000 1 1.00000000 0.00000000 0.00000000 0.00000000
Neuron 163 3 0.75000000 1 1.00000000 0.00000000 0.00000000 0.00000000
Neuron 165 3 0.75000000 1 1.00000000 0.00000000 0.00000000 0.00000000
Neuron 174 3 0.25000000 1 1.00000000 0.00000000 0.00000000 0.00000000
Neuron 183 3 0.25000000 1 1.00000000 0.00000000 0.00000000 0.00000000
Neuron 198 3 0.75000000 1 1.00000000 0.00000000 0.00000000 0.00000000
Neuron 208 3 0.25000000 1 1.00000000 0.00000000 0.00000000 0.00000000
Neuron 210 3 1.00000000 1 1.00000000 0.00000000 0.00000000 0.00000000
Neuron 211 3 0.25000000 1 1.00000000 0.00000000 0.00000000 0.00000000
Neuron 216 3 0.25000000 1 1.00000000 0.00000000 0.00000000 0.00000000
Neuron 225 3 0.75000000 1 1.00000000 0.00000000 0.00000000 0.00000000
Neuron 239 3 0.25000000 1 1.00000000 0.00000000 0.00000000 0.00000000
Neuron 241 3 0.87500000 1 1.00000000 0.00000000 0.00000000 0.00000000
Neuron 282 3 0.50000000 1 1.00000000 0.00000000 0.00000000 0.00000000
Neuron 298 3 0.25000000 1 1.00000000 0.00000000 0.00000000 0.00000000
Neuron 302 3 0.37500000 1 1.00000000 0.00000000 0.00000000 0.00000000
Neuron 341 3 0.25000000 1 1.00000000 0.00000000 0.00000000 0.00000000
Neuron 362 3 0.12500000 1 1.00000000 0.00000000 0.00000000 0.00000000
Neuron 367 3 0.12500000 1 1.00000000 0.00000000 0.00000000 0.00000000
Neuron 369 3 0.25000000 1 1.00000000 0.00000000 0.00000000 0.00000000
Neuron 403 3 0.87500000 1 1.00000000 0.00000000 0.00000000 0.00000000
Neuron 408 3 0.25000000 1 1.00000000 0.00000000 0.00000000 0.00000000
Neuron 446 3 0.12500000 1 1.00000000 0.00000000 0.00000000 0.00000000
Neuron 466 3 0.87500000 1 1.00000000 0.00000000 0.00000000 0.00000000
Neuron 468 3 0.12500000 1 1.00000000 0.00000000 0.00000000 0.00000000
Neuron 488 3 0.75000000 1 1.00000000 0.00000000 0.00000000 0.00000000
Neuron 503 3 0.06250000 1 1.00000000 0.00000000 0.00000000 0.00000000
Neuron 520 3 0.93750000 1 1.00000000 0.00000000 0.00000000 0.00000000
Neuron 524 3 0.87500000 1 1.00000000 0.00000000 0.00000000 0.00000000
Neuron 531 3 0.37500000 1 1.00000000 0.00000000 0.00000000 0.00000000
Neuron 537 3 0.62500000 1 1.00000000 0.00000000 0.00000000 0.00000000
Neuron 563 3 0.12500000 1 1.00000000 0.00000000 0.00000000 0.00000000
Neuron 582 3 0.75000000 1 1.00000000 0.00000000 0.00000000 0.00000000
Neuron 585 3 0.37500000 1 1.00000000 0.00000000 0.00000000 0.00000000
Neuron 599 3 0.62500000 1 1.00000000 0.00000000 0.00000000 0.00000000
Neuron 623 3 0.12500000 1 1.00000000 0.00000000 0.00000000 0.00000000
Neuron 628 3 0.81250000 1 1.00000000 0.00000000 0.00000000 0.00000000
Neuron 643 3 0.81250000 1 1.00000000 0.00000000 0.00000000 0.00000000
Neuron 646 3 0.56250000 1 1.00000000 0.00000000 0.00000000 0.00000000
Neuron 650 3 0.62500000 1 1.00000000 0.00000000 0.00000000 0.00000000
Neuron 656 3 0.75000000 1 1.00000000 0.00000000 0.00000000 0.00000000
Neuron 678 3 0.12500000 1 1.00000000 0.00000000 0.00000000 0.00000000
Neuron 692 3 0.78125000 1 1.00000000 0.00000000 0.00000000 0.00000000
Neuron 698 3 0.09375000 1 1.00000000 0.00000000 0.00000000 0.00000000
Neuron 707 3 0.87500000 1 1.00000000 0.00000000 0.00000000 0.00000000
Neuron 724 3 0.90625000 1 1.00000000 0.00000000 0.00000000 0.00000000
Neuron 729 3 0.93750000 1 1.00000000 0.00000000 0.00000000 0.00000000
Neuron 740 3 0.68750000 1 1.00000000 0.00000000 0.00000000 0.00000000
Neuron 755 3 0.03125000 1 1.00000000 0.00000000 0.00000000 0.00000000
Neuron 756 3 0.81250000 1 1.00000000 0.00000000 0.00000000 0.00000000
Neuron 761 3 0.68750000 1 1.00000000 0.00000000 0.00000000 0.00000000
Neuron 766 3 0.90625000 1 1.00000000 0.00000000 0.00000000 0.00000000
Neuron 770 3 0.50000000 1 1.00000000 0.00000000 0.00000000 0.00000000
Neuron 771 3 0.37500000 1 1.00000000 0.00000000 0.00000000 0.00000000
Neuron 778 3 0.37500000 1 1.00000000 0.00000000 0.00000000 0.00000000
Neuron 781 3 0.75000000 1 1.00000000 0.00000000 0.00000000 0.00000000
Neuron 811 3 0.79687500 1 1.00000000 0.00000000 0.00000000 0.00000000
Neuron 831 3 0.50000000 1 1.00000000 0.00000000 0.00000000 0.00000000
Neuron 834 3 0.68750000 1 1.00000000 0.00000000 0.00000000 0.00000000
Neuron 853 3 0.71875000 1 1.00000000 0.00000000 0.00000000 0.00000000
Neuron 876 3 0.37500000 1 1.00000000 0.00000000 0.00000000 0.00000000
Neuron 877 3 0.43750000 1 1.00000000 0.00000000 0.00000000 0.00000000
Neuron 881 3 0.37500000 1 1.00000000 0.00000000 0.00000000 0.00000000
Neuron 909 3 0.18750000 1 1.00000000 0.00000000 0.00000000 0.00000000
Neuron 918 3 0.31250000 1 1.00000000 0.00000000 0.00000000 0.00000000
Neuron 947 3 0.75000000 1 1.00000000 0.00000000 0.00000000 0.00000000
Neuron 968 3 0.78125000 1 1.00000000 0.00000000 0.00000000 0.00000000
Neuron 985 3 0.37500000 1 1.00000000 0.00000000 0.00000000 0.00000000
Neuron 1010 3 0.50000000 1 1.00000000 0.00000000 0.00000000 0.00000000
Neuron 1014 3 0.78125000 1 1.00000000 0.00000000 0.00000000 0.00000000
Neuron 1016 3 0.28125000 1 1.00000000 0.00000000 0.00000000 0.00000000
Neuron 1023 3 0.68750000 1 1.00000000 0.00000000 0.00000000 0.00000000
Neuron 1031 3 0.06250000 1 1.00000000 0.00000000 0.00000000 0.00000000
Neuron 1048 3 0.62500000 1 1.00000000 0.00000000 0.00000000 0.00000000
Neuron 1050 3 0.31250000 1 1.00000000 0.00000000 0.00000000 0.00000000
Neuron 1059 3 0.87500000 1 1.00000000 0.00000000 0.00000000 0.00000000
Neuron 1061 3 0.18750000 1 1.00000000 0.00000000 0.00000000 0.00000000
Neuron 1132 3 0.43750000 1 1.00000000 0.00000000 0.00000000 0.00000000
Neuron 1133 3 0.87500000 1 1.00000000 0.00000000 0.00000000 0.00000000
Neuron 1217 3 0.15625000 1 1.00000000 0.00000000 0.00000000 0.00000000
Neuron 1260 3 0.62500000 1 1.00000000 0.00000000 0.00000000 0.00000000
Neuron 1288 3 0.09375000 1 1.00000000 0.00000000 0.00000000 0.00000000
Neuron 1308 3 0.43750000 1 1.00000000 0.00000000 0.00000000 0.00000000
Neuron 1311 3 0.56250000 1 1.00000000 0.00000000 0.00000000 0.00000000
Neuron 1314 3 0.71875000 1 1.00000000 0.00000000 0.00000000 0.00000000
Neuron 1330 3 0.15625000 1 1.00000000 0.00000000 0.00000000 0.00000000
Neuron 1331 3 0.82812500 1 1.00000000 0.00000000 0.00000000 0.00000000
Neuron 1381 3 0.34375000 1 1.00000000 0.00000000 0.00000000 0.00000000
Neuron 1393 3 0.78125000 1 1.00000000 0.00000000 0.00000000 0.00000000
Neuron 1451 3 0.31250000 1 1.00000000 0.00000000 0.00000000 0.00000000
Neuron 1460 3 0.70312500 1 1.00000000 0.00000000 0.00000000 0.00000000
Neuron 1482 3 0.10937500 1 1.00000000 0.00000000 0.00000000 0.00000000
Neuron 1489 3 0.46875000 1 1.00000000 0.00000000 0.00000000 0.00000000
Neuron 1549 3 0.68750000 1 1.00000000 0.00000000 0.00000000 0.00000000
Neuron 1554 3 0.89843750 1 1.00000000 0.00000000 0.00000000 0.00000000
Neuron 1663 3 0.53125000 1 1.00000000 0.00000000 0.00000000 0.00000000
Neuron 1664 3 0.71875000 1 1.00000000 0.00000000 0.00000000 0.00000000
Neuron 1678 3 0.34375000 1 1.00000000 0.00000000 0.00000000 0.00000000
Neuron 1688 3 0.87500000 1 1.00000000 0.00000000 0.00000000 0.00000000
Neuron 1799 3 0.69531250 1 1.00000000 0.00000000 0.00000000 0.00000000
Neuron 1865 3 0.87500000 1 1.00000000 0.00000000 0.00000000 0.00000000
Neuron 1869 3 0.18750000 1 1.00000000 0.00000000 0.00000000 0.00000000
Link 3 10 3 0 -0.07845909
Link 5 10 5 0 2.55229589
Link 6 10 6 0 4.14461233
Link 1 11 10 0 3.58212155
Link 8 11 17 0 -0.40895586
Link 9 11 18 0 -2.13379656
Link 1 12 19 0 4.75045275
Link 3 12 21 0 -2.77411665
Link 4 12 22 0 1.51383366
Link 6 12 24 0 2.05330854
Link 9 12 27 0 0.18346962
Link 1 13 28 0 0.03022358
Link 2 13 29 0 -0.53596649
Link 3 13 30 0 -0.98672520
Link 4 13 31 0 3.12147904
Link 5 13 32 0 4.09776120
Link 6 13 33 0 -1.97815945
Link 7 13 34 0 -2.60033688
Link 8 13 35 0 -5.24962029
Link 1 14 37 0 -4.26764294
Link 2 14 38 0 -1.75711737
Link 3 14 39 0 0.44079849
Link 4 14 40 0 -1.06141757
Link 6 14 42 0 3.32505172
Link 7 14 43 0 -1.60292520
Link 4 15 49 0 -2.63133879
Link 5 15 50 0 -0.91170337
Link 6 15 51 0 -0.19424312
Link 7 15 52 0 1.32173087
Link 8 15 53 0 -5.13054836
Link 9 15 54 0 -0.09000648
Link 1 16 55 0 1.42898168
Link 2 16 56 0 -0.25077487
Link 3 16 57 0 0.43150761
Link 5 16 59 0 -0.63962963
Link 6 16 60 0 0.42479110
Link 7 16 61 0 0.46309783
Link 9 16 63 0 1.27592800
Link 5 18 70 0 0.99127160
Link 18 14 71 0 1.49167931
Link 4 20 77 0 1.98186964
Link 20 10 78 0 -0.85799978
Link 26 12 96 0 -2.05505881
Link 2 28 101 0 0.84457610
Link 28 10 102 0 -1.88262773
Link 30 11 108 0 2.31901518
Link 35 12 125 0 2.86317527
Link 7 40 142 0 -0.55224789
Link 40 10 143 0 -4.27874686
Link 7 41 145 0 0.75399414
Link 7 42 148 0 -0.89812277
Link 3 45 157 0 1.98710640
Link 45 11 158 0 0.12248696
Link 1 46 162 0 3.29141188
Link 8 48 168 0 1.04285163
Link 48 14 169 0 -5.46798514
Link 16 16 170 1 -3.26212331
Link 8 40 192 0 1.68562885
Link 1 55 195 0 -0.62732228
Link 56 11 199 0 -1.21743506
Link 4 64 232 0 -0.93705898
Link 3 67 259 0 -0.47623716
Link 67 15 260 0 2.37782751
Link 74 15 302 0 -1.34422952
Link 8 80 354 0 -0.74281904
Link 48 18 423 0 -0.34916208
Link 42 88 426 0 1.82924387
Link 88 11 427 0 2.64087834
Link 64 90 446 0 -0.40911828
Link 90 11 447 0 1.50143541
Link 95 30 489 0 -0.17861039
Link 51 51 533 1 -1.76182113
Link 55 108 585 0 1.25717880
Link 108 15 586 0 -0.86356268
Link 135 11 781 0 -0.96716018
Link 42 42 793 1 0.47101018
Link 14 49 795 1 -0.64815324
Link 26 26 862 1 4.65635370
Link 40 14 871 0 0.10690549
Link 2 160 1032 0 1.61253566
Link 160 49 1033 0 0.01240135
Link 49 161 1035 0 0.88421049
Link 161 74 1036 0 2.28448126
Link 46 163 1052 0 0.45674181
Link 4 174 1112 0 0.85667251
Link 183 49 1155 0 -0.44632937
Link 198 10 1279 0 1.39645354
Link 8 208 1375 0 0.44624377
Link 208 35 1376 0 -1.58315595
Link 3 46 1378 0 1.85452526
Link 14 210 1391 1 0.91883228
Link 210 14 1392 1 -0.54439795
Link 211 26 1399 0 1.35862527
Link 216 39 1453 0 0.64486807
Link 71 225 1514 0 -2.48377959
Link 239 71 1617 0 1.00636100
Link 241 14 1630 0 2.94487063
Link 7 282 1915 0 -0.81482984
Link 282 10 1916 0 0.99506525
Link 3 298 2028 0 1.15969815
Link 122 302 2061 0 -2.14966961
Link 302 56 2062 0 -1.19183124
Link 4 341 2317 0 1.07204042
Link 341 46 2318 0 -2.09742624
Link 46 51 2335 0 1.84802746
Link 2 362 2475 0 0.74336107
Link 362 122 2476 0 1.20713104
Link 367 216 2505 0 1.80692063
Link 39 30 2569 0 1.83227073
Link 225 40 2616 1 1.96833345
Link 8 88 2740 0 0.15309105
Link 8 408 2765 0 0.18632504
Link 408 26 2766 0 -3.27978404
Link 446 95 3056 0 -0.92640238
Link 298 298 3108 1 -0.98079082
Link 78 466 3223 0 1.41863268
Link 466 12 3224 0 1.14163641
Link 5 468 3236 0 1.59530378
Link 468 239 3237 0 2.91704105
Link 39 488 3419 0 0.77753648
Link 56 46 3471 0 -0.27747679
Link 78 46 3515 1 0.04761355
Link 42 40 3543 0 -1.79833622
Link 520 11 3654 0 -3.65629010
Link 298 71 3680 0 -0.13260314
Link 524 10 3683 0 1.77859853
Link 298 531 3721 0 1.68236057
Link 446 446 3827 1 -2.25051061
Link 2 563 3955 0 -0.20426163
Link 582 40 4095 1 -2.36735866
Link 174 585 4113 0 0.02674531
Link 67 26 4115 0 -0.65991362
Link 39 599 4239 0 -0.32927029
Link 599 165 4240 0 -0.60522873
Link 30 225 4329 0 0.50221165
Link 1 623 4402 0 1.80111644
Link 628 524 4435 0 3.58918011
Link 9 163 4510 0 0.81464777
Link 643 403 4540 0 0.57091560
Link 41 646 4563 0 -1.52343012
Link 646 537 4564 0 -1.26228568
Link 49 41 4664 0 1.02157378
Link 16 656 4666 1 1.20137032
Link 656 80 4667 1 1.76091839
Link 5 678 4847 0 1.31085893
Link 225 692 4930 0 -0.68817914
Link 40 71 4940 0 -1.64561937
Link 503 698 4971 0 0.79223846
Link 698 446 4972 0 -1.52054482
Link 707 582 5049 1 -1.06097513
Link 403 724 5214 0 1.47507561
Link 724 520 5215 0 -0.75386050
Link 95 10 5236 0 1.10965704
Link 16 729 5255 1 0.15120482
Link 216 241 5295 0 2.88326058
Link 537 740 5359 0 1.00349268
Link 9 369 5361 0 -4.26110746
Link 6 755 5492 0 3.81105907
Link 755 503 5493 0 2.18821885
Link 756 241 5498 0 2.72630926
Link 403 761 5525 1 2.17507447
Link 761 71 5526 1 0.89956707
Link 729 766 5548 1 -1.93882668
Link 766 707 5549 1 3.47381618
Link 51 770 5587 0 2.63976615
Link 3 778 5663 0 2.75323472
Link 778 165 5664 0 -1.58838802
Link 12 781 5681 1 2.38421894
Link 781 41 5682 1 0.35267267
Link 403 446 5767 1 -1.05242170
Link 9 582 5810 0 1.17597447
Link 211 95 6002 0 3.02972519
Link 692 811 6005 0 2.79111292
Link 811 643 6006 0 3.26658917
Link 30 831 6164 0 1.92657191
Link 831 51 6165 0 1.28181940
Link 834 599 6216 1 -1.84394232
Link 10 707 6300 1 -0.50561826
Link 1 563 6349 0 -0.44796698
Link 51 853 6360 0 0.19647358
Link 298 876 6570 0 -0.44613956
Link 876 46 6571 0 4.00710501
Link 8 298 6589 0 -1.28807454
Link 531 877 6591 0 -0.12943518
Link 877 30 6592 0 1.84114154
Link 881 40 6620 0 3.78363112
Link 4 582 6748 0 -0.79777945
Link 211 582 6834 0 -1.88254275
Link 909 211 6902 0 0.59357779
Link 165 95 6950 1 -0.93016369
Link 781 403 6965 0 2.52062300
Link 918 771 6981 0 3.16864747
Link 582 707 7028 0 1.31202744
Link 14 947 7218 1 1.39263690
Link 947 67 7219 1 0.28430615
Link 771 771 7383 1 -4.22945388
Link 165 968 7415 0 -0.24786166
Link 968 756 7416 0 2.79795489
Link 183 520 7564 0 -0.49122397
Link 599 707 7571 0 -1.74129153
Link 985 51 7613 0 1.93790311
Link 51 582 7648 0 -0.20425552
Link 770 1010 7833 0 1.56451164
Link 1010 41 7834 0 1.99264600
Link 88 1014 7870 0 1.76613817
Link 1014 643 7871 0 -0.17630135
Link 369 1016 7883 0 0.85369859
Link 1016 918 7884 0 1.30940967
Link 282 599 7908 0 -0.41640444
Link 531 1023 7938 0 -0.23974809
Link 1023 11 7939 0 -0.03350033
Link 7 1031 8027 0 2.39354374
Link 67 1048 8142 0 1.81647810
Link 1048 88 8143 0 -0.53656110
Link 239 1050 8158 0 0.83500486
Link 1050 985 8159 0 0.89208934
Link 488 1059 8281 0 0.65645952
Link 1059 11 8282 0 0.43840682
Link 623 1061 8302 0 3.38598926
Link 1061 183 8303 0 1.08275825
Link 599 446 8409 1 -1.92421521
Link 771 88 8488 0 -0.85454981
Link 778 985 8556 0 0.45633839
Link 585 1132 8865 0 -0.70223096
Link 1133 524 8871 1 2.47355536
Link 503 947 9027 0 4.81588967
Link 6 41 9111 0 3.35466159
Link 755 30 9130 0 -3.40174589
Link 537 64 9237 1 -1.24261217
Link 174 1217 9479 1 1.21842856
Link 1217 503 9480 1 0.86049447
Link 778 211 9529 1 -2.15988625
Link 563 40 9549 0 -1.97295571
Link 45 1260 9868 0 1.00000000
Link 1260 135 9869 0 -1.00327531
Link 78 78 9870 1 0.72823141
Link 64 282 10058 0 3.39621024
Link 1031 1288 10090 0 1.85924810
Link 282 724 10147 0 -2.04312758
Link 48 1308 10259 1 2.05487973
Link 1308 771 10260 1 -1.44900581
Link 80 1311 10277 0 -0.91687547
Link 1311 650 10278 0 1.00646812
Link 40 210 10281 0 2.55960925
Link 163 1314 10296 1 0.25001580
Link 563 1330 10424 0 1.34407369
Link 1330 909 10425 0 1.44027743
Link 853 1331 10427 0 0.71294694
Link 1331 729 10428 0 -0.01737864
Link 367 1381 10906 0 -0.51042313
Link 1381 1311 10907 0 -2.55228065
Link 163 1393 10990 0 2.53081245
Link 1393 628 10991 0 -0.40033979
Link 211 585 11033 0 -0.78479022
Link 135 165 11257 0 1.14049286
Link 216 1451 11524 0 0.93339918
Link 531 20 11547 0 -0.81914673
Link 1314 1460 11593 1 0.96250560
Link 6 1217 11596 0 0.08342911
Link 1288 1482 11797 0 1.62561296
Link 1482 367 11798 0 1.12747879
Link 1132 1489 11884 0 1.88303747
Link 1489 51 11885 0 -0.38264717
Link 811 12 11965 0 -1.97772763
Link 1393 1393 12156 1 1.05360209
Link 1217 165 12311 0 -1.62694301
Link 650 1549 12399 0 2.46432064
Link 1549 198 12400 0 -4.69475402
Link 811 1554 12455 0 -0.06854584
Link 1554 12 12456 0 3.55848100
Link 80 781 12521 0 -0.95250703
Link 909 1381 12608 0 -3.93932114
Link 56 1048 12880 0 0.52169236
Link 770 1663 13364 0 0.48267547
Link 1663 646 13365 0 -0.69673783
Link 740 1664 13367 0 1.00000000
Link 1664 78 13368 0 0.00520650
Link 740 1132 13391 1 -1.30564216
Link 1554 585 13417 1 -0.42682296
Link 302 161 13463 0 -3.67821692
Link 1451 1678 13478 0 1.42852976
Link 1678 881 13479 0 1.23546809
Link 1031 520 13578 0 0.48786407
Link 524 1688 13603 1 -0.06818306
Link 1688 1133 13604 1 0.78051569
Link 208 49 13619 0 3.35643472
Link 1048 161 13661 0 -4.29119114
Link 298 781 13781 0 -1.40583970
Link 771 51 13930 0 0.89654007
Link 8 1489 14064 0 -3.35413776
Link 755 208 14147 0 -0.23835189
Link 488 163 14190 0 -0.23729836
Link 1482 968 14404 0 -0.98158509
Link 11 531 14485 1 1.41818015
Link 74 770 14559 1 -1.07399038
Link 1460 1799 14744 1 0.38282134
Link 1799 834 14745 1 1.08116303
Link 585 1048 14749 0 5.33083818
Link 881 122 14802 1 -0.86892677
Link 90 1061 15189 1 1.83210005
Link 756 12 15234 0 -0.92635819
Link 834 40 15299 1 -0.27080853
Link 707 1865 15453 1 0.82137529
Link 1865 707 15454 1 -4.15024114
Link 678 1869 15483 0 1.11584485
Link 1869 369 15484 0 -0.05618454
Link 7 1288 15659 0 -3.63248539
Link 656 165 15785 0 1.01183864
Link 64 1489 15841 1 -0.41809805
Link 161 135 15912 0 -0.65250384
Link 1460 241 15953 0 -2.76942209
Link 755 35 16061 0 1.16582311
Link 740 163 16200 0 -0.97607616
Link 1311 740 16413 0 0.28025709
GenomeEnd

