GenomeStart 116930
Neuron 1 1 0.00000000 1 0.00000000 0.00000000 0.00000000 0.00000000
Neuron 2 1 0.00000000 1 0.00000000 0.00000000 0.00000000 0.00000000
Neuron 3 1 0.00000000 1 0.00000000 0.00000000 0.00000000 0.00000000
Neuron 4 1 0.00000000 1 0.00000000 0.00000000 0.00000000 0.00000000
Neuron 5 1 0.00000000 1 0.00000000 0.00000000 0.00000000 0.00000000
Neuron 6 1 0.00000000 1 0.00000000 0.00000000 0.00000000 0.00000000
Neuron 7 1 0.00000000 1 0.00000000 0.00000000 0.00000000 0.00000000
Neuron 8 1 0.00000000 1 0.00000000 0.00000000 0.00000000 0.00000000
Neuron 9 2 0.00000000 1 0.00000000 0.00000000 0.00000000 0.00000000
Neuron 10 4 1.00000000 0 1.00000000 0.00000000 0.00000000 0.00000000
Neuron 11 4 1.00000000 0 1.00000000 0.00000000 0.00000000 0.00000000
Neuron 12 4 1.00000000 0 1.00000000 0.00000000 0.00000000 0.00000000
Neuron 13 4 1.00000000 0 1.00000000 0.00000000 0.00000000 0.00000000
Neuron 14 4 1.00000000 0 1.00000000 0.00000000 0.00000000 0.00000000
Neuron 15 4 1.00000000 0 1.00000000 0.00000000 0.00000000 0.00000000
Neuron 16 4 1.00000000 0 1.00000000 0.00000000 0.00000000 0.00000000
Neuron 17 3 0.50000000 1 1.00000000 0.00000000 0.00000000 0.00000000
Neuron 18 3 0.50000000 1 1.00000000 0.00000000 0.00000000 0.00000000
Neuron 21 3 0.50000000 1 1.00000000 0.00000000 0.00000000 0.00000000
Neuron 22 3 0.50000000 1 1.00000000 0.00000000 0.00000000 0.00000000
Neuron 23 3 0.50000000 1 1.00000000 0.00000000 0.00000000 0.00000000
Neuron 26 3 0.50000000 1 1.00000000 0.00000000 0.00000000 0.00000000
Neuron 27 3 0.50000000 1 1.00000000 0.00000000 0.00000000 0.00000000
Neuron 29 3 0.50000000 1 1.00000000 0.00000000 0.00000000 0.00000000
Neuron 30 3 0.50000000 1 1.00000000 0.00000000 0.00000000 0.00000000
Neuron 31 3 0.50000000 1 1.00000000 0.00000000 0.00000000 0.00000000
Neuron 32 3 0.50000000 1 1.00000000 0.00000000 0.00000000 0.00000000
Neuron 35 3 0.50000000 1 1.00000000 0.00000000 0.00000000 0.00000000
Neuron 36 3 0.50000000 1 1.00000000 0.00000000 0.00000000 0.00000000
Neuron 39 3 0.50000000 1 1.00000000 0.00000000 0.00000000 0.00000000
Neuron 42 3 0.50000000 1 1.00000000 0.00000000 0.00000000 0.00000000
Neuron 43 3 0.50000000 1 1.00000000 0.00000000 0.00000000 0.00000000
Neuron 44 3 0.50000000 1 1.00000000 0.00000000 0.00000000 0.00000000
Neuron 45 3 0.50000000 1 1.00000000 0.00000000 0.00000000 0.00000000
Neuron 48 3 0.50000000 1 1.00000000 0.00000000 0.00000000 0.00000000
Neuron 53 3 0.50000000 1 1.00000000 0.00000000 0.00000000 0.00000000
Neuron 57 3 0.50000000 1 1.00000000 0.00000000 0.00000000 0.00000000
Neuron 59 3 0.50000000 1 1.00000000 0.00000000 0.00000000 0.00000000
Neuron 61 3 0.50000000 1 1.00000000 0.00000000 0.00000000 0.00000000
Neuron 63 3 0.50000000 1 1.00000000 0.00000000 0.00000000 0.00000000
Neuron 64 3 0.50000000 1 1.00000000 0.00000000 0.00000000 0.00000000
Neuron 65 3 0.50000000 1 1.00000000 0.00000000 0.00000000 0.00000000
Neuron 67 3 0.25000000 1 1.00000000 0.00000000 0.00000000 0.00000000
Neuron 69 3 0.50000000 1 1.00000000 0.00000000 0.00000000 0.00000000
Neuron 74 3 0.50000000 1 1.00000000 0.00000000 0.00000000 0.00000000
Neuron 77 3 0.25000000 1 1.00000000 0.00000000 0.00000000 0.00000000
Neuron 80 3 0.25000000 1 1.00000000 0.00000000 0.00000000 0.00000000
Neuron 82 3 0.75000000 1 1.00000000 0.00000000 0.00000000 0.00000000
Neuron 83 3 0.75000000 1 1.00000000 0.00000000 0.00000000 0.00000000
Neuron 84 3 0.50000000 1 1.00000000 0.00000000 0.00000000 0.00000000
Neuron 85 3 0.25000000 1 1.00000000 0.00000000 0.00000000 0.00000000
Neuron 89 3 0.25000000 1 1.00000000 0.00000000 0.00000000 0.00000000
Neuron 91 3 0.50000000 1 1.00000000 0.00000000 0.00000000 0.00000000
Neuron 98 3 0.75000000 1 1.00000000 0.00000000 0.00000000 0.00000000
Neuron 99 3 0.12500000 1 1.00000000 0.00000000 0.00000000 0.00000000
Neuron 109 3 0.25000000 1 1.00000000 0.00000000 0.00000000 0.00000000
Neuron 110 3 0.25000000 1 1.00000000 0.00000000 0.00000000 0.00000000
Neuron 112 3 0.25000000 1 1.00000000 0.00000000 0.00000000 0.00000000
Neuron 113 3 0.75000000 1 1.00000000 0.00000000 0.00000000 0.00000000
Neuron 120 3 0.75000000 1 1.00000000 0.00000000 0.00000000 0.00000000
Neuron 121 3 0.75000000 1 1.00000000 0.00000000 0.00000000 0.00000000
Neuron 123 3 0.25000000 1 1.00000000 0.00000000 0.00000000 0.00000000
Neuron 127 3 0.75000000 1 1.00000000 0.00000000 0.00000000 0.00000000
Neuron 131 3 0.25000000 1 1.00000000 0.00000000 0.00000000 0.00000000
Neuron 135 3 0.62500000 1 1.00000000 0.00000000 0.00000000 0.00000000
Neuron 140 3 0.25000000 1 1.00000000 0.00000000 0.00000000 0.00000000
Neuron 141 3 0.75000000 1 1.00000000 0.00000000 0.00000000 0.00000000
Neuron 143 3 0.25000000 1 1.00000000 0.00000000 0.00000000 0.00000000
Neuron 147 3 0.75000000 1 1.00000000 0.00000000 0.00000000 0.00000000
Neuron 149 3 0.12500000 1 1.00000000 0.00000000 0.00000000 0.00000000
Neuron 151 3 0.50000000 1 1.00000000 0.00000000 0.00000000 0.00000000
Neuron 152 3 0.56250000 1 1.00000000 0.00000000 0.00000000 0.00000000
Neuron 156 3 0.75000000 1 1.00000000 0.00000000 0.00000000 0.00000000
Neuron 159 3 0.75000000 1 1.00000000 0.00000000 0.00000000 0.00000000
Neuron 184 3 0.59375000 1 1.00000000 0.00000000 0.00000000 0.00000000
Neuron 199 3 0.50000000 1 1.00000000 0.00000000 0.00000000 0.00000000
Neuron 203 3 0.37500000 1 1.00000000 0.00000000 0.00000000 0.00000000
Neuron 204 3 0.75000000 1 1.00000000 0.00000000 0.00000000 0.00000000
Neuron 206 3 0.62500000 1 1.00000000 0.00000000 0.00000000 0.00000000
Neuron 211 3 0.75000000 1 1.00000000 0.00000000 0.00000000 0.00000000
Neuron 212 3 0.75000000 1 1.00000000 0.00000000 0.00000000 0.00000000
Neuron 214 3 0.12500000 1 1.00000000 0.00000000 0.00000000 0.00000000
Neuron 215 3 0.50000000 1 1.00000000 0.00000000 0.00000000 0.00000000
Neuron 222 3 0.37500000 1 1.00000000 0.00000000 0.00000000 0.00000000
Neuron 224 3 0.37500000 1 1.00000000 0.00000000 0.00000000 0.00000000
Neuron 228 3 0.56250000 1 1.00000000 0.00000000 0.00000000 0.00000000
Neuron 231 3 0.25000000 1 1.00000000 0.00000000 0.00000000 0.00000000
Neuron 239 3 0.37500000 1 1.00000000 0.00000000 0.00000000 0.00000000
Neuron 241 3 0.25000000 1 1.00000000 0.00000000 0.00000000 0.00000000
Neuron 245 3 0.43750000 1 1.00000000 0.00000000 0.00000000 0.00000000
Neuron 247 3 0.50000000 1 1.00000000 0.00000000 0.00000000 0.00000000
Neuron 251 3 0.37500000 1 1.00000000 0.00000000 0.00000000 0.00000000
Neuron 253 3 0.75000000 1 1.00000000 0.00000000 0.00000000 0.00000000
Neuron 258 3 0.62500000 1 1.00000000 0.00000000 0.00000000 0.00000000
Neuron 262 3 0.31250000 1 1.00000000 0.00000000 0.00000000 0.00000000
Neuron 263 3 0.25000000 1 1.00000000 0.00000000 0.00000000 0.00000000
Neuron 270 3 0.75000000 1 1.00000000 0.00000000 0.00000000 0.00000000
Neuron 273 3 0.56250000 1 1.00000000 0.00000000 0.00000000 0.00000000
Neuron 274 3 0.37500000 1 1.00000000 0.00000000 0.00000000 0.00000000
Neuron 277 3 0.37500000 1 1.00000000 0.00000000 0.00000000 0.00000000
Neuron 289 3 0.25000000 1 1.00000000 0.00000000 0.00000000 0.00000000
Neuron 297 3 0.75000000 1 1.00000000 0.00000000 0.00000000 0.00000000
Neuron 298 3 0.50000000 1 1.00000000 0.00000000 0.00000000 0.00000000
Neuron 331 3 0.12500000 1 1.00000000 0.00000000 0.00000000 0.00000000
Neuron 333 3 0.53125000 1 1.00000000 0.00000000 0.00000000 0.00000000
Neuron 337 3 0.37500000 1 1.00000000 0.00000000 0.00000000 0.00000000
Neuron 341 3 0.50000000 1 1.00000000 0.00000000 0.00000000 0.00000000
Neuron 342 3 0.68750000 1 1.00000000 0.00000000 0.00000000 0.00000000
Neuron 343 3 0.31250000 1 1.00000000 0.00000000 0.00000000 0.00000000
Neuron 344 3 0.50000000 1 1.00000000 0.00000000 0.00000000 0.00000000
Neuron 347 3 0.87500000 1 1.00000000 0.00000000 0.00000000 0.00000000
Neuron 363 3 0.31250000 1 1.00000000 0.00000000 0.00000000 0.00000000
Neuron 373 3 0.37500000 1 1.00000000 0.00000000 0.00000000 0.00000000
Neuron 383 3 0.87500000 1 1.00000000 0.00000000 0.00000000 0.00000000
Neuron 385 3 0.37500000 1 1.00000000 0.00000000 0.00000000 0.00000000
Neuron 386 3 0.62500000 1 1.00000000 0.00000000 0.00000000 0.00000000
Neuron 395 3 0.31250000 1 1.00000000 0.00000000 0.00000000 0.00000000
Neuron 398 3 0.87500000 1 1.00000000 0.00000000 0.00000000 0.00000000
Neuron 399 3 0.50000000 1 1.00000000 0.00000000 0.00000000 0.00000000
Neuron 415 3 0.12500000 1 1.00000000 0.00000000 0.00000000 0.00000000
Neuron 418 3 0.56250000 1 1.00000000 0.00000000 0.00000000 0.00000000
Neuron 421 3 0.37500000 1 1.00000000 0.00000000 0.00000000 0.00000000
Neuron 430 3 0.12500000 1 1.00000000 0.00000000 0.00000000 0.00000000
Neuron 439 3 0.31250000 1 1.00000000 0.00000000 0.00000000 0.00000000
Neuron 442 3 0.12500000 1 1.00000000 0.00000000 0.00000000 0.00000000
Neuron 458 3 0.68750000 1 1.00000000 0.00000000 0.00000000 0.00000000
Neuron 459 3 0.62500000 1 1.00000000 0.00000000 0.00000000 0.00000000
Neuron 460 3 0.62500000 1 1.00000000 0.00000000 0.00000000 0.00000000
Neuron 477 3 0.18750000 1 1.00000000 0.00000000 0.00000000 0.00000000
Neuron 482 3 0.75000000 1 1.00000000 0.00000000 0.00000000 0.00000000
Neuron 485 3 0.28125000 1 1.00000000 0.00000000 0.00000000 0.00000000
Neuron 486 3 0.25000000 1 1.00000000 0.00000000 0.00000000 0.00000000
Neuron 494 3 0.87500000 1 1.00000000 0.00000000 0.00000000 0.00000000
Neuron 495 3 0.43750000 1 1.00000000 0.00000000 0.00000000 0.00000000
Neuron 496 3 0.75000000 1 1.00000000 0.00000000 0.00000000 0.00000000
Neuron 498 3 0.43750000 1 1.00000000 0.00000000 0.00000000 0.00000000
Neuron 519 3 0.43750000 1 1.00000000 0.00000000 0.00000000 0.00000000
Neuron 523 3 0.34375000 1 1.00000000 0.00000000 0.00000000 0.00000000
Neuron 535 3 0.50000000 1 1.00000000 0.00000000 0.00000000 0.00000000
Neuron 551 3 0.43750000 1 1.00000000 0.00000000 0.00000000 0.00000000
Neuron 559 3 0.28125000 1 1.00000000 0.00000000 0.00000000 0.00000000
Neuron 565 3 0.62500000 1 1.00000000 0.00000000 0.00000000 0.00000000
Neuron 566 3 0.53125000 1 1.00000000 0.00000000 0.00000000 0.00000000
Neuron 578 3 0.37500000 1 1.00000000 0.00000000 0.00000000 0.00000000
Neuron 583 3 0.37500000 1 1.00000000 0.00000000 0.00000000 0.00000000
Neuron 594 3 0.12500000 1 1.00000000 0.00000000 0.00000000 0.00000000
Neuron 597 3 0.50000000 1 1.00000000 0.00000000 0.00000000 0.00000000
Neuron 604 3 0.43750000 1 1.00000000 0.00000000 0.00000000 0.00000000
Neuron 610 3 0.31250000 1 1.00000000 0.00000000 0.00000000 0.00000000
Neuron 611 3 0.43750000 1 1.00000000 0.00000000 0.00000000 0.00000000
Neuron 619 3 0.34375000 1 1.00000000 0.00000000 0.00000000 0.00000000
Neuron 626 3 0.28125000 1 1.00000000 0.00000000 0.00000000 0.00000000
Neuron 641 3 0.25000000 1 1.00000000 0.00000000 0.00000000 0.00000000
Neuron 644 3 0.50000000 1 1.00000000 0.00000000 0.00000000 0.00000000
Neuron 650 3 0.59375000 1 1.00000000 0.00000000 0.00000000 0.00000000
Neuron 653 3 0.34375000 1 1.00000000 0.00000000 0.00000000 0.00000000
Neuron 659 3 0.68750000 1 1.00000000 0.00000000 0.00000000 0.00000000
Neuron 680 3 0.31250000 1 1.00000000 0.00000000 0.00000000 0.00000000
Neuron 683 3 0.43750000 1 1.00000000 0.00000000 0.00000000 0.00000000
Neuron 684 3 0.87500000 1 1.00000000 0.00000000 0.00000000 0.00000000
Neuron 693 3 0.60937500 1 1.00000000 0.00000000 0.00000000 0.00000000
Neuron 694 3 0.71875000 1 1.00000000 0.00000000 0.00000000 0.00000000
Neuron 705 3 0.62500000 1 1.00000000 0.00000000 0.00000000 0.00000000
Neuron 723 3 0.15625000 1 1.00000000 0.00000000 0.00000000 0.00000000
Neuron 735 3 0.64062500 1 1.00000000 0.00000000 0.00000000 0.00000000
Neuron 749 3 0.81250000 1 1.00000000 0.00000000 0.00000000 0.00000000
Neuron 752 3 0.51562500 1 1.00000000 0.00000000 0.00000000 0.00000000
Neuron 766 3 0.87500000 1 1.00000000 0.00000000 0.00000000 0.00000000
Neuron 771 3 0.62500000 1 1.00000000 0.00000000 0.00000000 0.00000000
Neuron 778 3 0.29687500 1 1.00000000 0.00000000 0.00000000 0.00000000
Neuron 779 3 0.37500000 1 1.00000000 0.00000000 0.00000000 0.00000000
Neuron 783 3 0.50000000 1 1.00000000 0.00000000 0.00000000 0.00000000
Neuron 785 3 0.62500000 1 1.00000000 0.00000000 0.00000000 0.00000000
Neuron 793 3 0.25000000 1 1.00000000 0.00000000 0.00000000 0.00000000
Neuron 794 3 0.40625000 1 1.00000000 0.00000000 0.00000000 0.00000000
Neuron 798 3 0.61718750 1 1.00000000 0.00000000 0.00000000 0.00000000
Neuron 801 3 0.18750000 1 1.00000000 0.00000000 0.00000000 0.00000000
Neuron 827 3 0.25000000 1 1.00000000 0.00000000 0.00000000 0.00000000
Neuron 829 3 0.60156250 1 1.00000000 0.00000000 0.00000000 0.00000000
Neuron 830 3 0.31250000 1 1.00000000 0.00000000 0.00000000 0.00000000
Neuron 835 3 0.87500000 1 1.00000000 0.00000000 0.00000000 0.00000000
Neuron 838 3 0.37500000 1 1.00000000 0.00000000 0.00000000 0.00000000
Neuron 844 3 0.26562500 1 1.00000000 0.00000000 0.00000000 0.00000000
Neuron 846 3 0.87500000 1 1.00000000 0.00000000 0.00000000 0.00000000
Neuron 850 3 0.12500000 1 1.00000000 0.00000000 0.00000000 0.00000000
Neuron 852 3 0.42187500 1 1.00000000 0.00000000 0.00000000 0.00000000
Neuron 853 3 0.35937500 1 1.00000000 0.00000000 0.00000000 0.00000000
Neuron 858 3 0.50000000 1 1.00000000 0.00000000 0.00000000 0.00000000
Neuron 861 3 0.50000000 1 1.00000000 0.00000000 0.00000000 0.00000000
Neuron 871 3 0.32812500 1 1.00000000 0.00000000 0.00000000 0.00000000
Neuron 872 3 0.15625000 1 1.00000000 0.00000000 0.00000000 0.00000000
Neuron 889 3 0.37500000 1 1.00000000 0.00000000 0.00000000 0.00000000
Neuron 892 3 0.37500000 1 1.00000000 0.00000000 0.00000000 0.00000000
Neuron 894 3 0.37500000 1 1.00000000 0.00000000 0.00000000 0.00000000
Neuron 897 3 0.62109375 1 1.00000000 0.00000000 0.00000000 0.00000000
Neuron 901 3 0.81250000 1 1.00000000 0.00000000 0.00000000 0.00000000
Neuron 909 3 0.12500000 1 1.00000000 0.00000000 0.00000000 0.00000000
Neuron 912 3 0.46875000 1 1.00000000 0.00000000 0.00000000 0.00000000
Neuron 926 3 0.61328125 1 1.00000000 0.00000000 0.00000000 0.00000000
Neuron 947 3 0.50000000 1 1.00000000 0.00000000 0.00000000 0.00000000
Neuron 949 3 0.93750000 1 1.00000000 0.00000000 0.00000000 0.00000000
Neuron 965 3 0.43750000 1 1.00000000 0.00000000 0.00000000 0.00000000
Neuron 969 3 0.93750000 1 1.00000000 0.00000000 0.00000000 0.00000000
Neuron 973 3 0.12500000 1 1.00000000 0.00000000 0.00000000 0.00000000
Neuron 974 3 0.12500000 1 1.00000000 0.00000000 0.00000000 0.00000000
Neuron 976 3 0.73437500 1 1.00000000 0.00000000 0.00000000 0.00000000
Neuron 1002 3 0.50000000 1 1.00000000 0.00000000 0.00000000 0.00000000
Neuron 1012 3 0.43750000 1 1.00000000 0.00000000 0.00000000 0.00000000
Neuron 1021 3 0.51562500 1 1.00000000 0.00000000 0.00000000 0.00000000
Neuron 1032 3 0.65625000 1 1.00000000 0.00000000 0.00000000 0.00000000
Neuron 1045 3 0.56250000 1 1.00000000 0.00000000 0.00000000 0.00000000
Neuron 1066 3 0.06250000 1 1.00000000 0.00000000 0.00000000 0.00000000
Neuron 1072 3 0.28125000 1 1.00000000 0.00000000 0.00000000 0.00000000
Neuron 1116 3 0.39062500 1 1.00000000 0.00000000 0.00000000 0.00000000
Neuron 1135 3 0.32812500 1 1.00000000 0.00000000 0.00000000 0.00000000
Neuron 1143 3 0.31250000 1 1.00000000 0.00000000 0.00000000 0.00000000
Neuron 1174 3 0.25000000 1 1.00000000 0.00000000 0.00000000 0.00000000
Neuron 1187 3 0.90625000 1 1.00000000 0.00000000 0.00000000 0.00000000
Neuron 1188 3 0.43359375 1 1.00000000 0.00000000 0.00000000 0.00000000
Neuron 1193 3 0.50000000 1 1.00000000 0.00000000 0.00000000 0.00000000
Neuron 1202 3 0.34375000 1 1.00000000 0.00000000 0.00000000 0.00000000
Neuron 1205 3 0.28125000 1 1.00000000 0.00000000 0.00000000 0.00000000
Neuron 1220 3 0.25000000 1 1.00000000 0.00000000 0.00000000 0.00000000
Neuron 1227 3 0.50000000 1 1.00000000 0.00000000 0.00000000 0.00000000
Neuron 1234 3 0.43750000 1 1.00000000 0.00000000 0.00000000 0.00000000
Neuron 1240 3 0.81250000 1 1.00000000 0.00000000 0.00000000 0.00000000
Neuron 1265 3 0.12500000 1 1.00000000 0.00000000 0.00000000 0.00000000
Neuron 1292 3 0.46875000 1 1.00000000 0.00000000 0.00000000 0.00000000
Neuron 1296 3 0.36718750 1 1.00000000 0.00000000 0.00000000 0.00000000
Neuron 1299 3 0.50000000 1 1.00000000 0.00000000 0.00000000 0.00000000
Neuron 1302 3 0.18750000 1 1.00000000 0.00000000 0.00000000 0.00000000
Neuron 1306 3 0.56250000 1 1.00000000 0.00000000 0.00000000 0.00000000
Neuron 1316 3 0.68750000 1 1.00000000 0.00000000 0.00000000 0.00000000
Neuron 1347 3 0.28125000 1 1.00000000 0.00000000 0.00000000 0.00000000
Neuron 1354 3 0.81250000 1 1.00000000 0.00000000 0.00000000 0.00000000
Neuron 1367 3 0.40625000 1 1.00000000 0.00000000 0.00000000 0.00000000
Neuron 1384 3 0.50781250 1 1.00000000 0.00000000 0.00000000 0.00000000
Neuron 1399 3 0.31250000 1 1.00000000 0.00000000 0.00000000 0.00000000
Neuron 1407 3 0.81250000 1 1.00000000 0.00000000 0.00000000 0.00000000
Neuron 1429 3 0.90625000 1 1.00000000 0.00000000 0.00000000 0.00000000
Neuron 1439 3 0.54687500 1 1.00000000 0.00000000 0.00000000 0.00000000
Neuron 1451 3 0.46875000 1 1.00000000 0.00000000 0.00000000 0.00000000
Neuron 1455 3 0.28125000 1 1.00000000 0.00000000 0.00000000 0.00000000
Neuron 1462 3 0.62500000 1 1.00000000 0.00000000 0.00000000 0.00000000
Neuron 1481 3 0.29687500 1 1.00000000 0.00000000 0.00000000 0.00000000
Neuron 1517 3 0.44531250 1 1.00000000 0.00000000 0.00000000 0.00000000
Neuron 1558 3 0.78125000 1 1.00000000 0.00000000 0.00000000 0.00000000
Neuron 1559 3 0.64062500 1 1.00000000 0.00000000 0.00000000 0.00000000
Neuron 1575 3 0.84375000 1 1.00000000 0.00000000 0.00000000 0.00000000
Neuron 1581 3 0.45312500 1 1.00000000 0.00000000 0.00000000 0.00000000
Neuron 1614 3 0.43750000 1 1.00000000 0.00000000 0.00000000 0.00000000
Neuron 1639 3 0.18750000 1 1.00000000 0.00000000 0.00000000 0.00000000
Neuron 1729 3 0.62500000 1 1.00000000 0.00000000 0.00000000 0.00000000
Neuron 1734 3 0.50000000 1 1.00000000 0.00000000 0.00000000 0.00000000
Neuron 1755 3 0.50000000 1 1.00000000 0.00000000 0.00000000 0.00000000
Neuron 1767 3 0.37500000 1 1.00000000 0.00000000 0.00000000 0.00000000
Neuron 1801 3 0.50000000 1 1.00000000 0.00000000 0.00000000 0.00000000
Neuron 1805 3 0.31250000 1 1.00000000 0.00000000 0.00000000 0.00000000
Neuron 1903 3 0.37500000 1 1.00000000 0.00000000 0.00000000 0.00000000
Neuron 1933 3 0.50000000 1 1.00000000 0.00000000 0.00000000 0.00000000
Neuron 1937 3 0.50000000 1 1.00000000 0.00000000 0.00000000 0.00000000
Neuron 1957 3 0.48437500 1 1.00000000 0.00000000 0.00000000 0.00000000
Neuron 1967 3 0.57812500 1 1.00000000 0.00000000 0.00000000 0.00000000
Neuron 1986 3 0.43750000 1 1.00000000 0.00000000 0.00000000 0.00000000
Neuron 1988 3 0.34375000 1 1.00000000 0.00000000 0.00000000 0.00000000
Neuron 1999 3 0.75000000 1 1.00000000 0.00000000 0.00000000 0.00000000
Neuron 2046 3 0.34375000 1 1.00000000 0.00000000 0.00000000 0.00000000
Neuron 2119 3 0.43750000 1 1.00000000 0.00000000 0.00000000 0.00000000
Neuron 2138 3 0.75000000 1 1.00000000 0.00000000 0.00000000 0.00000000
Neuron 2167 3 0.43750000 1 1.00000000 0.00000000 0.00000000 0.00000000
Neuron 2250 3 0.50000000 1 1.00000000 0.00000000 0.00000000 0.00000000
Neuron 2321 3 0.75000000 1 1.00000000 0.00000000 0.00000000 0.00000000
Neuron 2363 3 0.35937500 1 1.00000000 0.00000000 0.00000000 0.00000000
Neuron 2473 3 0.68750000 1 1.00000000 0.00000000 0.00000000 0.00000000
Neuron 2513 3 0.31250000 1 1.00000000 0.00000000 0.00000000 0.00000000
Neuron 2594 3 0.56250000 1 1.00000000 0.00000000 0.00000000 0.00000000
Neuron 2660 3 0.40625000 1 1.00000000 0.00000000 0.00000000 0.00000000
Neuron 2670 3 0.25000000 1 1.00000000 0.00000000 0.00000000 0.00000000
Neuron 2686 3 0.53515625 1 1.00000000 0.00000000 0.00000000 0.00000000
Neuron 2706 3 0.75000000 1 1.00000000 0.00000000 0.00000000 0.00000000
Neuron 2777 3 0.62500000 1 1.00000000 0.00000000 0.00000000 0.00000000
Link 1 10 1 0 -1.37892703
Link 2 10 2 0 -4.96619620
Link 3 10 3 0 -2.60145452
Link 4 10 4 0 -1.81120544
Link 5 10 5 0 1.64834766
Link 6 10 6 0 -0.53513737
Link 7 10 7 0 -3.27500271
Link 8 10 8 0 1.83756082
Link 9 10 9 0 -0.23991925
Link 1 11 10 0 -1.39121416
Link 2 11 11 0 -1.54687244
Link 3 11 12 0 1.64643971
Link 4 11 13 0 1.18456914
Link 5 11 14 0 -0.16950230
Link 6 11 15 0 -0.93637720
Link 7 11 16 0 1.00386198
Link 8 11 17 0 -2.17221503
Link 9 11 18 0 -1.64428373
Link 1 12 19 0 -3.04574834
Link 2 12 20 0 2.36685248
Link 4 12 22 0 2.85389594
Link 5 12 23 0 2.10196229
Link 6 12 24 0 -1.18167292
Link 7 12 25 0 0.17244672
Link 8 12 26 0 -3.40356060
Link 9 12 27 0 -2.22922402
Link 1 13 28 0 0.22978510
Link 2 13 29 0 -0.37019339
Link 3 13 30 0 -1.38506630
Link 4 13 31 0 2.14375468
Link 5 13 32 0 1.90191868
Link 6 13 33 0 -3.81928867
Link 7 13 34 0 3.23582782
Link 8 13 35 0 1.89453136
Link 9 13 36 0 1.84063733
Link 1 14 37 0 -0.50930676
Link 3 14 39 0 -1.56137374
Link 4 14 40 0 3.31448506
Link 5 14 41 0 -1.18511344
Link 7 14 43 0 3.02823725
Link 9 14 45 0 2.04647624
Link 1 15 46 0 2.77641184
Link 2 15 47 0 0.46192473
Link 3 15 48 0 -0.63929934
Link 4 15 49 0 -1.72741065
Link 5 15 50 0 -0.54208993
Link 6 15 51 0 1.14078184
Link 7 15 52 0 -2.01092094
Link 8 15 53 0 1.42826584
Link 9 15 54 0 -1.04189897
Link 1 16 55 0 -1.66912947
Link 2 16 56 0 -1.12772530
Link 3 16 57 0 0.55273367
Link 4 16 58 0 1.73877637
Link 6 16 60 0 -5.56975479
Link 9 16 63 0 -2.58117666
Link 6 17 66 0 2.37508598
Link 17 14 67 0 -0.19198764
Link 1 18 69 0 0.78095503
Link 7 21 79 0 0.50322353
Link 21 10 80 0 0.78633783
Link 1 22 82 0 3.25484368
Link 4 23 85 0 5.29612194
Link 23 16 86 0 -0.28638069
Link 26 13 95 0 0.55122851
Link 7 27 97 0 1.31465984
Link 27 14 98 0 1.12660826
Link 30 14 107 0 -0.32639571
Link 31 15 110 0 -3.19813068
Link 8 32 112 0 1.45350624
Link 32 15 113 0 0.01315357
Link 3 35 121 0 -1.74159100
Link 35 16 122 0 1.29872817
Link 7 36 124 0 -0.26366969
Link 1 39 134 0 0.42325526
Link 39 11 135 0 -0.77876683
Link 2 42 145 0 0.56546389
Link 10 10 148 1 -1.07907498
Link 6 43 150 0 2.66238307
Link 3 44 153 0 1.33669409
Link 44 12 154 0 0.33920612
Link 9 31 166 0 2.47840862
Link 48 12 170 0 -0.31566859
Link 1 57 208 0 -0.33132625
Link 57 12 209 0 0.24372701
Link 6 61 233 0 0.72019464
Link 61 16 234 0 2.01050203
Link 16 16 235 1 -3.86783047
Link 3 63 244 0 4.62741989
Link 63 14 245 0 -1.65460929
Link 64 13 248 0 0.04581870
Link 69 12 281 0 -0.01006256
Link 5 31 287 0 1.31694311
Link 14 31 307 1 -3.39832953
Link 15 36 325 1 1.94856103
Link 2 31 330 0 1.65074391
Link 77 30 351 0 0.12840320
Link 7 23 378 0 -2.04829364
Link 9 29 384 0 -3.59721312
Link 82 15 393 0 -0.09860194
Link 4 31 400 0 -1.84185724
Link 61 83 402 0 0.59508984
Link 83 16 403 0 0.22304539
Link 5 84 407 0 1.03327218
Link 85 29 413 0 -0.09549822
Link 3 89 431 0 0.64966840
Link 89 64 432 0 -2.16392298
Link 1 91 449 0 1.89429927
Link 91 13 450 0 -0.16554917
Link 7 22 494 0 -2.71368651
Link 15 31 496 1 3.89407126
Link 31 98 539 0 1.29369467
Link 5 99 546 0 0.92840909
Link 9 35 559 0 -4.18657750
Link 2 45 602 0 1.43667964
Link 6 109 620 0 0.28441150
Link 1 110 626 0 1.12945347
Link 5 112 633 0 2.84463814
Link 112 65 634 0 1.77594607
Link 22 113 638 0 1.10221519
Link 113 16 639 0 1.17156099
Link 84 120 682 0 1.29470733
Link 65 121 689 0 1.46678507
Link 121 16 690 0 0.07357070
Link 2 123 699 0 0.22419570
Link 23 63 702 0 -3.75162301
Link 22 14 709 0 -0.26306147
Link 29 127 736 0 2.29872326
Link 127 15 737 0 1.47498487
Link 11 23 773 1 -3.33504236
Link 64 135 788 0 1.57692492
Link 135 98 789 0 -1.22756931
Link 16 22 814 1 -6.71257564
Link 2 140 827 0 0.67586244
Link 140 42 828 0 1.50218535
Link 141 14 832 0 -0.78334386
Link 5 143 841 0 0.79788004
Link 143 45 842 0 -0.85893163
Link 147 13 890 0 0.05806753
Link 8 149 901 0 2.12217816
Link 149 80 902 0 0.65439416
Link 8 151 910 0 0.67223403
Link 151 14 911 0 0.05199805
Link 18 156 949 0 4.35251585
Link 156 14 950 0 0.52955483
Link 23 57 966 0 -3.24441256
Link 11 21 972 1 1.75476565
Link 159 14 981 0 1.90623053
Link 26 31 1041 0 -1.38552530
Link 4 84 1080 0 -0.33905286
Link 152 184 1135 0 0.00207715
Link 42 42 1214 1 -2.13928542
Link 11 65 1244 1 -1.91942645
Link 63 199 1276 0 0.13064451
Link 199 22 1277 0 3.94653946
Link 211 13 1358 0 -0.03004901
Link 2 84 1360 0 -0.87119692
Link 212 14 1364 0 0.15563457
Link 214 85 1371 0 0.09791394
Link 222 59 1413 0 0.76329328
Link 110 224 1432 0 0.67399499
Link 74 228 1459 0 0.03132422
Link 228 206 1460 0 1.98019327
Link 8 231 1474 0 3.46457433
Link 231 31 1475 0 -1.31115255
Link 64 59 1502 0 -3.11151063
Link 10 110 1508 1 -0.77786633
Link 1 84 1509 0 0.86921045
Link 69 65 1528 0 0.90364424
Link 9 69 1552 0 1.00180623
Link 5 21 1557 0 1.80136230
Link 241 48 1560 0 1.40966337
Link 84 23 1579 0 -0.76080677
Link 35 215 1580 0 1.34775775
Link 203 245 1595 0 0.35798980
Link 245 53 1596 0 -0.30781444
Link 4 212 1598 0 -1.96248406
Link 91 204 1599 0 -0.15916309
Link 31 247 1615 1 1.39120015
Link 251 45 1634 0 0.90630298
Link 14 253 1645 1 1.39390505
Link 253 18 1646 1 -2.63170806
Link 258 212 1676 0 0.85538568
Link 36 270 1766 0 -1.90498184
Link 45 273 1788 0 0.10236349
Link 273 135 1789 0 3.88806467
Link 1 30 1804 0 2.10335459
Link 277 26 1822 0 0.38611882
Link 263 258 1864 0 -2.95506330
Link 12 32 1947 1 0.88319848
Link 297 10 1962 0 -0.52039967
Link 298 31 1965 1 -2.17282755
Link 36 84 2195 0 1.87138589
Link 7 331 2202 0 0.94403199
Link 331 289 2203 0 0.28719964
Link 64 333 2213 0 -0.68470089
Link 333 152 2214 0 1.88108661
Link 10 258 2230 1 -4.23218595
Link 109 337 2244 0 1.00000000
Link 337 69 2245 0 1.50683381
Link 3 341 2289 0 0.90069848
Link 341 12 2290 0 0.38099547
Link 10 342 2292 1 1.00000000
Link 342 274 2293 1 0.18869862
Link 343 258 2297 0 -2.29215543
Link 247 344 2301 1 1.63097013
Link 344 215 2302 1 1.57780006
Link 347 16 2324 0 -1.77818136
Link 22 43 2348 0 1.29552607
Link 59 203 2390 1 1.82931646
Link 258 36 2430 1 -2.59421346
Link 203 363 2433 1 1.55683362
Link 2 270 2455 0 2.52789662
Link 274 274 2546 1 1.38957504
Link 98 383 2558 0 1.32663095
Link 383 10 2559 0 0.35558463
Link 204 15 2566 0 0.52771026
Link 131 385 2577 0 1.04982422
Link 84 386 2581 0 0.52974227
Link 386 120 2582 0 1.12472212
Link 18 152 2607 0 -0.34562193
Link 9 43 2645 0 -0.33993192
Link 42 85 2647 1 -4.20883062
Link 9 42 2650 0 2.47922334
Link 17 17 2654 1 2.89530777
Link 398 16 2658 0 0.36140494
Link 399 16 2663 0 0.68217639
Link 109 135 2715 0 2.76883340
Link 43 258 2749 0 1.96132120
Link 4 415 2764 0 0.95634527
Link 17 418 2775 0 1.78638024
Link 418 258 2776 0 -0.32430331
Link 289 421 2793 0 1.58756316
Link 421 42 2794 0 -1.25727737
Link 84 39 2826 0 0.52196267
Link 5 430 2864 0 -0.14545707
Link 430 263 2865 0 0.06928565
Link 222 203 2917 0 -0.63988250
Link 22 127 2921 0 2.15229962
Link 442 289 2946 0 -4.81449585
Link 22 22 2986 1 -0.63537894
Link 43 274 3025 1 3.80695500
Link 127 458 3050 1 2.04366549
Link 204 459 3053 1 1.44570436
Link 459 91 3054 1 -1.46770551
Link 91 460 3058 0 2.03958485
Link 460 211 3059 0 1.47551042
Link 59 64 3068 0 2.17349051
Link 477 67 3172 0 2.38283761
Link 80 485 3217 0 0.95147389
Link 485 395 3218 0 0.44562448
Link 4 486 3223 0 1.97612686
Link 486 91 3224 0 3.22971363
Link 482 494 3272 0 2.10778273
Link 494 12 3273 0 -0.56814396
Link 222 495 3276 0 0.62277828
Link 496 74 3285 1 3.42946469
Link 45 498 3296 1 0.46311822
Link 498 222 3297 1 -1.67565973
Link 59 26 3362 0 0.72081248
Link 9 270 3398 0 -0.87807934
Link 15 35 3399 1 2.20409268
Link 14 91 3400 1 2.58294382
Link 373 519 3435 0 0.56364508
Link 519 59 3436 0 2.22506144
Link 43 535 3563 1 1.86423115
Link 535 43 3564 1 -1.04061176
Link 395 184 3567 0 -0.41608616
Link 4 127 3611 0 0.97109156
Link 74 74 3639 1 -2.89014376
Link 551 57 3656 0 -0.61164257
Link 559 131 3698 1 3.00321412
Link 80 69 3712 0 1.65550688
Link 57 565 3734 0 -0.27087126
Link 565 120 3735 0 0.25052680
Link 152 566 3738 1 1.00000000
Link 566 65 3739 1 -2.27352140
Link 15 22 3766 1 -0.22929870
Link 2 112 3800 0 -1.44580282
Link 80 578 3825 0 1.18676062
Link 31 204 3843 0 2.32371618
Link 80 583 3863 0 0.91388851
Link 583 65 3864 0 -3.66637801
Link 31 17 3881 0 0.33478878
Link 91 215 3914 0 1.08739305
Link 6 594 3916 0 1.00000000
Link 594 140 3917 0 3.13232658
Link 597 26 3937 0 -0.62067456
Link 224 604 3981 0 0.81887887
Link 604 22 3982 0 -2.20577192
Link 2 610 4020 0 1.17434407
Link 22 611 4028 1 0.16588401
Link 611 239 4029 1 1.18767306
Link 439 619 4070 0 1.43995219
Link 263 626 4126 0 2.32439170
Link 626 439 4127 0 2.23574657
Link 16 30 4134 1 0.14966248
Link 3 641 4272 0 1.41712679
Link 644 298 4293 1 1.78143092
Link 120 650 4338 1 -0.17419211
Link 650 498 4339 1 0.46658767
Link 395 59 4356 0 -4.13695593
Link 653 222 4376 0 -0.06723476
Link 206 659 4413 0 1.60068217
Link 439 258 4422 0 -0.58834366
Link 59 39 4483 0 1.57991822
Link 239 680 4549 1 1.11749210
Link 680 85 4550 1 -2.97515813
Link 683 344 4576 0 1.27819686
Link 45 39 4598 0 -0.13366883
Link 140 140 4635 1 -0.73218403
Link 184 693 4649 0 1.28478064
Link 693 135 4650 0 -0.21289812
Link 659 694 4653 0 -0.28299413
Link 344 140 4691 1 -0.68811727
Link 705 147 4727 0 -0.21856897
Link 289 486 4770 0 2.01299170
Link 4 723 4825 0 3.77552871
Link 723 343 4826 0 1.14796388
Link 13 735 4901 1 1.33902179
Link 735 559 4902 1 0.25126924
Link 80 67 4927 0 -0.28707653
Link 684 749 4980 1 1.06402033
Link 752 333 5003 0 0.71935860
Link 156 156 5028 1 -1.85707677
Link 22 604 5067 1 3.18902492
Link 7 239 5073 0 1.08560917
Link 120 766 5110 0 1.11637844
Link 766 14 5111 0 -0.68153106
Link 45 771 5143 0 1.01363008
Link 771 82 5144 0 2.42906934
Link 363 778 5170 1 1.10051277
Link 778 559 5171 1 0.06983372
Link 67 779 5173 0 0.97382102
Link 779 17 5174 0 1.88610346
Link 64 783 5195 0 0.29388830
Link 26 785 5204 0 1.45490303
Link 794 551 5261 0 -0.00619441
Link 143 67 5306 0 -1.80535684
Link 149 801 5315 0 1.72930386
Link 801 80 5316 0 0.05791983
Link 2 439 5349 0 2.64311117
Link 69 82 5443 0 -0.17350100
Link 149 827 5526 0 1.00000000
Link 827 224 5527 0 4.86035120
Link 184 829 5552 0 -0.30555923
Link 829 693 5553 0 1.12819972
Link 11 835 5607 1 0.95978387
Link 835 212 5608 1 -3.46149861
Link 793 838 5627 0 1.39311963
Link 838 535 5628 0 1.23283471
Link 559 844 5670 1 -2.56707749
Link 844 131 5671 1 2.59994222
Link 12 82 5695 1 -3.31629604
Link 2 850 5718 0 0.69056704
Link 850 112 5719 0 -2.69034194
Link 84 852 5744 1 0.76950346
Link 852 523 5745 1 2.09862006
Link 523 853 5747 0 1.06328380
Link 858 212 5775 0 -1.99553236
Link 1 861 5788 0 1.21696359
Link 861 11 5789 0 0.69950328
Link 1 659 5808 0 0.32369755
Link 363 460 5881 0 -2.92792893
Link 477 147 5889 0 1.69942675
Link 395 871 5891 0 1.38283444
Link 871 523 5892 0 1.62762610
Link 99 872 5922 0 1.13621808
Link 872 477 5923 0 -1.17912752
Link 641 889 6044 0 1.08343959
Link 889 21 6045 0 -1.05654135
Link 112 892 6060 0 0.72906125
Link 892 65 6061 0 0.91889070
Link 123 894 6071 0 0.67845659
Link 894 31 6072 0 1.63595226
Link 798 897 6086 0 0.85531406
Link 897 135 6087 0 -0.57050425
Link 204 901 6112 0 1.08310423
Link 901 347 6113 0 0.86061214
Link 85 42 6153 0 0.28548300
Link 373 373 6167 1 -0.08618123
Link 2 909 6175 0 1.03321954
Link 909 241 6176 0 0.53213237
Link 610 912 6189 0 1.36452932
Link 1 141 6206 0 -4.18550964
Link 693 926 6279 0 1.30456628
Link 926 798 6280 0 1.47959704
Link 14 486 6377 1 1.15935747
Link 74 641 6464 1 -0.57053562
Link 21 947 6466 0 1.18368389
Link 947 30 6467 0 1.00101246
Link 14 949 6482 1 0.84606214
Link 578 965 6575 0 1.73487837
Link 149 156 6600 0 -1.39961188
Link 611 247 6617 0 -1.07272717
Link 12 969 6620 1 0.57597577
Link 1 973 6646 0 0.63031520
Link 2 974 6652 0 0.91794293
Link 974 793 6653 0 0.96651797
Link 694 976 6672 0 0.89337539
Link 976 204 6673 0 1.16814598
Link 74 13 6720 0 0.13407696
Link 659 127 6827 0 -2.08146055
Link 53 1002 6900 0 0.89264853
Link 1002 64 6901 0 -0.10984887
Link 7 152 6906 0 -3.45961383
Link 1012 98 6994 0 -4.41307874
Link 735 12 7016 0 0.21610970
Link 650 1021 7057 1 0.60348710
Link 1021 498 7058 1 0.71942438
Link 184 253 7062 0 1.23701205
Link 273 258 7105 0 2.66235988
Link 458 1032 7136 1 0.56168180
Link 1032 206 7137 1 -1.06548727
Link 9 143 7168 0 1.47944152
Link 59 1045 7218 0 1.19336745
Link 1045 705 7219 0 1.73982537
Link 289 611 7233 0 -4.63888516
Link 149 850 7266 0 4.86205106
Link 523 253 7299 0 0.98880757
Link 9 215 7301 0 3.21183117
Link 3 1066 7353 0 0.72570963
Link 1066 214 7354 0 0.13061795
Link 80 1072 7382 0 0.95728045
Link 626 551 7409 0 -0.90689985
Link 850 26 7570 0 -1.15200275
Link 67 395 7587 0 1.53489165
Link 247 969 7614 0 0.29644834
Link 850 53 7637 0 1.34103924
Link 274 1116 7644 0 1.02179189
Link 1116 794 7645 0 0.73088762
Link 395 1135 7777 0 1.00000000
Link 1135 653 7778 0 0.85502722
Link 45 258 7796 0 2.94761948
Link 29 347 7806 0 2.82963837
Link 143 1143 7834 0 0.95841583
Link 1143 251 7835 0 0.65461802
Link 9 298 7849 0 3.01085267
Link 5 1174 8067 0 0.37497683
Link 1174 29 8068 0 -0.54597306
Link 801 121 8107 0 2.17585287
Link 69 386 8147 0 -2.67608665
Link 949 1187 8155 1 0.44140380
Link 1187 846 8156 1 0.57112904
Link 798 1188 8176 1 1.46613672
Link 1188 80 8177 1 1.88706484
Link 783 1193 8241 0 1.00000000
Link 1193 59 8242 0 -2.58592347
Link 830 1202 8298 0 1.07840906
Link 1202 277 8299 0 0.82355116
Link 535 861 8302 0 -0.30973929
Link 91 239 8317 1 -2.90952057
Link 6 1205 8323 0 0.33806007
Link 1205 152 8324 0 -2.93457879
Link 135 147 8407 0 -1.81141466
Link 1220 215 8439 0 0.15886816
Link 5 1227 8474 0 0.73250602
Link 1227 16 8475 0 -3.86705361
Link 6 1234 8527 0 0.93217407
Link 1234 347 8528 0 2.10907055
Link 1240 253 8559 1 0.34618602
Link 1 1265 8721 0 1.46670971
Link 1265 1220 8722 0 2.02521697
Link 263 551 8749 0 -1.65727631
Link 694 641 8807 1 -0.48250349
Link 1 258 8840 0 -0.35543213
Link 273 363 8881 1 3.10747945
Link 228 22 8901 1 0.07277969
Link 4 871 8962 0 -0.65665266
Link 15 894 8981 1 -1.48367637
Link 853 1296 9025 0 0.89301395
Link 1296 373 9026 0 0.83595881
Link 59 1299 9046 1 1.03372746
Link 1299 59 9047 1 1.29798212
Link 415 1302 9071 0 1.00000000
Link 1302 77 9072 0 0.78079779
Link 273 110 9094 1 -1.95698567
Link 45 1306 9102 0 1.11785134
Link 1306 135 9103 0 5.01793159
Link 785 1316 9208 0 0.99997223
Link 1316 482 9209 0 0.84251644
Link 421 29 9404 0 0.11913297
Link 149 1347 9408 0 0.78551107
Link 1347 1012 9409 0 -0.59250884
Link 270 1354 9447 0 1.01530190
Link 1354 398 9448 0 0.98876297
Link 4 838 9537 0 -2.47640988
Link 239 1367 9544 0 0.83441688
Link 1367 683 9545 0 0.25095399
Link 215 829 9604 0 -2.09944823
Link 64 1384 9666 0 1.24291332
Link 1384 752 9667 0 1.80803852
Link 206 969 9682 0 0.91959877
Link 6 1399 9762 0 1.18331490
Link 1399 785 9763 0 -2.79730133
Link 912 801 9793 1 -1.77706564
Link 12 1407 9815 1 0.29768341
Link 1407 206 9816 1 3.97674631
Link 84 752 9824 0 2.21920060
Link 871 785 9841 0 1.89153452
Link 969 1429 9951 1 1.59503875
Link 1429 684 9952 1 0.67903486
Link 26 270 9965 0 3.66597963
Link 74 442 9974 1 0.08475332
Link 251 495 10003 0 -1.31946176
Link 912 1439 10020 0 0.61728412
Link 1439 258 10021 0 -0.72586286
Link 231 829 10057 0 1.51402017
Link 965 1451 10105 0 2.33182842
Link 1451 69 10106 0 0.02086100
Link 67 1455 10145 0 0.93124452
Link 1455 262 10146 0 1.99483257
Link 251 949 10192 0 0.11787792
Link 26 1462 10200 0 0.71206830
Link 1462 482 10201 0 0.47774948
Link 203 912 10228 0 -0.54039579
Link 1072 1481 10351 0 0.83266190
Link 1481 830 10352 0 0.52152624
Link 228 228 10427 1 -2.97727072
Link 13 850 10432 1 0.08338492
Link 109 184 10465 0 -2.14566978
Link 844 1517 10639 0 0.95497543
Link 98 120 10745 0 2.38613538
Link 22 214 10796 1 1.24035188
Link 749 1558 10962 1 1.11672632
Link 1558 496 10963 1 -1.04104011
Link 13 1559 10974 1 1.01885536
Link 1559 559 10975 1 -0.32766197
Link 846 1575 11124 1 1.01441705
Link 1575 1240 11125 1 -1.28424402
Link 892 861 11157 0 1.07723861
Link 495 1581 11159 0 0.99605498
Link 1581 1292 11160 0 0.72467175
Link 159 1306 11194 1 3.17170841
Link 15 683 11427 1 -4.26581009
Link 498 1614 11435 0 1.37197030
Link 1614 604 11436 0 2.88498263
Link 1032 1558 11523 0 -1.52057165
Link 30 1429 11537 0 -0.98986788
Link 844 1306 11560 0 -0.13351433
Link 973 1639 11640 0 0.56737761
Link 1639 140 11641 0 -3.99373691
Link 231 597 11673 0 -2.70587075
Link 785 82 11761 0 1.07641518
Link 912 1292 11799 0 -2.86655297
Link 430 258 11902 0 2.56167524
Link 1639 694 11919 0 -2.33492918
Link 415 684 12022 0 -0.27819930
Link 460 850 12119 1 -1.32369729
Link 42 1729 12302 0 1.00000000
Link 1729 159 12303 0 0.28535620
Link 496 1734 12344 1 1.30891362
Link 1734 289 12345 1 -1.94964932
Link 262 199 12376 0 -0.70966088
Link 215 1755 12499 1 1.38966692
Link 1755 644 12500 1 0.79974894
Link 3 184 12517 0 1.18257920
Link 263 1767 12581 0 1.00000000
Link 1767 858 12582 0 0.42995121
Link 69 1801 12847 0 1.00000000
Link 1801 597 12848 0 0.23487877
Link 793 1805 12891 0 1.67858077
Link 1805 274 12892 0 0.61363122
Link 395 343 12908 0 0.36183201
Link 343 74 13484 0 -3.88094861
Link 1903 231 13646 1 -0.50947170
Link 30 1462 13695 0 -0.65327121
Link 67 1933 13855 0 0.94065342
Link 1933 253 13856 0 -1.49049760
Link 1937 783 13889 0 2.15599045
Link 48 965 13925 1 2.01739779
Link 1292 1957 14031 0 1.01272245
Link 1957 59 14032 0 3.05529913
Link 973 212 14105 0 -1.45614012
Link 344 1967 14122 0 1.00000000
Link 1967 1032 14123 0 -2.34578050
Link 1639 270 14151 0 -3.09486685
Link 385 1986 14230 0 1.00000000
Link 1986 53 14231 0 3.89065279
Link 626 224 14237 0 -2.40933148
Link 395 1988 14242 0 1.01668867
Link 1988 222 14243 0 0.45504941
Link 1999 127 14316 0 -2.16744717
Link 597 21 14336 0 0.99326407
Link 1072 131 14376 1 -1.84427649
Link 1399 147 14397 0 -0.41463423
Link 383 785 14502 1 -1.05871265
Link 705 1292 14537 1 3.69617857
Link 858 610 14702 1 -0.89239684
Link 262 2046 14738 0 0.99535491
Link 2046 222 14739 0 2.30796770
Link 347 44 14891 1 -1.86942065
Link 1734 705 14906 0 2.37346158
Link 347 783 14955 1 -3.04052911
Link 77 683 14974 0 1.69979950
Link 48 120 15273 0 3.27056610
Link 477 653 15361 0 0.47566266
Link 641 1462 15397 0 -0.98302665
Link 53 2119 15440 1 0.97508909
Link 2119 1903 15441 1 0.81788909
Link 347 241 15583 1 -1.17171182
Link 141 2138 15607 0 0.93618125
Link 2138 1999 15608 0 1.44029522
Link 203 2167 15831 0 1.00000000
Link 2167 84 15832 0 -4.31284542
Link 947 844 16346 1 -1.54660689
Link 251 274 16376 0 1.82977529
Link 1202 659 16395 0 1.72770997
Link 23 705 16533 0 -1.38386537
Link 23 2250 16673 0 0.88353602
Link 2250 1937 16674 0 1.14077407
Link 559 494 17193 0 -0.36859677
Link 77 626 17219 0 1.07297844
Link 199 2321 17321 0 1.00126741
Link 2321 12 17322 0 -0.02696835
Link 778 1481 17484 0 1.42827610
Link 619 2363 17684 0 1.01890248
Link 2363 274 17685 0 0.52295165
Link 127 212 18076 0 3.17514485
Link 1451 206 18291 0 1.70622323
Link 2 1805 18491 0 1.08425445
Link 2473 949 18563 0 1.26623216
Link 1903 1306 18595 0 -0.34037500
Link 89 1614 18658 0 1.14916878
Link 442 460 18677 0 -3.73748244
Link 1174 2513 18901 0 1.00000000
Link 2513 583 18902 0 -0.09642220
Link 8 1002 19021 0 -0.78294416
Link 551 2594 19537 0 0.90632659
Link 2594 2473 19538 0 0.98790336
Link 495 258 19844 0 -1.35120319
Link 17 398 19993 0 3.74945069
Link 594 1032 20021 0 2.26237457
Link 1367 147 20042 0 -0.49429301
Link 45 2660 20119 1 1.00000000
Link 2660 343 20120 1 2.17567714
Link 7 2670 20210 0 0.79931057
Link 2670 399 20211 0 0.93382460
Link 1174 277 20294 0 -0.29269809
Link 1517 2686 20329 0 1.00000000
Link 2686 258 20330 0 2.20821180
Link 42 2706 20559 0 1.00000000
Link 2706 14 20560 0 0.20519718
Link 48 143 20721 1 -0.96863703
Link 7 211 20913 0 -0.80721478
Link 583 245 20975 0 0.24658996
Link 43 2777 21114 0 1.00000000
Link 2777 297 21115 0 1.00891219
Link 2660 1559 21248 0 -0.65764411
Link 771 48 21264 1 -0.82385739
Link 341 83 21526 0 0.08051834
Link 1220 496 21549 0 -2.95591917
GenomeEnd

