GenomeStart 47048
Neuron 1 1 0.00000000 1 0.00000000 0.00000000 0.00000000 0.00000000
Neuron 2 1 0.00000000 1 0.00000000 0.00000000 0.00000000 0.00000000
Neuron 3 1 0.00000000 1 0.00000000 0.00000000 0.00000000 0.00000000
Neuron 4 1 0.00000000 1 0.00000000 0.00000000 0.00000000 0.00000000
Neuron 5 1 0.00000000 1 0.00000000 0.00000000 0.00000000 0.00000000
Neuron 6 1 0.00000000 1 0.00000000 0.00000000 0.00000000 0.00000000
Neuron 7 1 0.00000000 1 0.00000000 0.00000000 0.00000000 0.00000000
Neuron 8 1 0.00000000 1 0.00000000 0.00000000 0.00000000 0.00000000
Neuron 9 2 0.00000000 1 0.00000000 0.00000000 0.00000000 0.00000000
Neuron 10 4 1.00000000 0 1.00000000 0.00000000 0.00000000 0.00000000
Neuron 11 4 1.00000000 0 1.00000000 0.00000000 0.00000000 0.00000000
Neuron 12 4 1.00000000 0 1.00000000 0.00000000 0.00000000 0.00000000
Neuron 13 4 1.00000000 0 1.00000000 0.00000000 0.00000000 0.00000000
Neuron 14 4 1.00000000 0 1.00000000 0.00000000 0.00000000 0.00000000
Neuron 15 4 1.00000000 0 1.00000000 0.00000000 0.00000000 0.00000000
Neuron 16 4 1.00000000 0 1.00000000 0.00000000 0.00000000 0.00000000
Neuron 24 3 0.50000000 1 1.00000000 0.00000000 0.00000000 0.00000000
Neuron 38 3 0.50000000 1 1.00000000 0.00000000 0.00000000 0.00000000
Neuron 47 3 0.50000000 1 1.00000000 0.00000000 0.00000000 0.00000000
Neuron 48 3 0.50000000 1 1.00000000 0.00000000 0.00000000 0.00000000
Neuron 58 3 0.50000000 1 1.00000000 0.00000000 0.00000000 0.00000000
Neuron 59 3 0.50000000 1 1.00000000 0.00000000 0.00000000 0.00000000
Neuron 60 3 0.50000000 1 1.00000000 0.00000000 0.00000000 0.00000000
Neuron 63 3 0.50000000 1 1.00000000 0.00000000 0.00000000 0.00000000
Neuron 76 3 0.25000000 1 1.00000000 0.00000000 0.00000000 0.00000000
Neuron 85 3 0.75000000 1 1.00000000 0.00000000 0.00000000 0.00000000
Neuron 106 3 0.75000000 1 1.00000000 0.00000000 0.00000000 0.00000000
Neuron 113 3 0.25000000 1 1.00000000 0.00000000 0.00000000 0.00000000
Neuron 129 3 0.87500000 1 1.00000000 0.00000000 0.00000000 0.00000000
Neuron 133 3 0.25000000 1 1.00000000 0.00000000 0.00000000 0.00000000
Neuron 199 3 0.75000000 1 1.00000000 0.00000000 0.00000000 0.00000000
Neuron 209 3 0.25000000 1 1.00000000 0.00000000 0.00000000 0.00000000
Neuron 239 3 0.25000000 1 1.00000000 0.00000000 0.00000000 0.00000000
Neuron 241 3 0.25000000 1 1.00000000 0.00000000 0.00000000 0.00000000
Neuron 252 3 0.25000000 1 1.00000000 0.00000000 0.00000000 0.00000000
Neuron 253 3 0.25000000 1 1.00000000 0.00000000 0.00000000 0.00000000
Neuron 277 3 0.37500000 1 1.00000000 0.00000000 0.00000000 0.00000000
Neuron 301 3 0.37500000 1 1.00000000 0.00000000 0.00000000 0.00000000
Neuron 309 3 0.37500000 1 1.00000000 0.00000000 0.00000000 0.00000000
Neuron 395 3 0.25000000 1 1.00000000 0.00000000 0.00000000 0.00000000
Neuron 429 3 0.75000000 1 1.00000000 0.00000000 0.00000000 0.00000000
Neuron 457 3 0.25000000 1 1.00000000 0.00000000 0.00000000 0.00000000
Neuron 462 3 0.50000000 1 1.00000000 0.00000000 0.00000000 0.00000000
Neuron 497 3 0.18750000 1 1.00000000 0.00000000 0.00000000 0.00000000
Neuron 501 3 0.37500000 1 1.00000000 0.00000000 0.00000000 0.00000000
Neuron 513 3 0.37500000 1 1.00000000 0.00000000 0.00000000 0.00000000
Neuron 541 3 0.81250000 1 1.00000000 0.00000000 0.00000000 0.00000000
Neuron 598 3 0.12500000 1 1.00000000 0.00000000 0.00000000 0.00000000
Neuron 606 3 0.37500000 1 1.00000000 0.00000000 0.00000000 0.00000000
Neuron 673 3 0.62500000 1 1.00000000 0.00000000 0.00000000 0.00000000
Neuron 720 3 0.25000000 1 1.00000000 0.00000000 0.00000000 0.00000000
Neuron 753 3 0.37500000 1 1.00000000 0.00000000 0.00000000 0.00000000
Neuron 826 3 0.43750000 1 1.00000000 0.00000000 0.00000000 0.00000000
Neuron 862 3 0.43750000 1 1.00000000 0.00000000 0.00000000 0.00000000
Neuron 920 3 0.75000000 1 1.00000000 0.00000000 0.00000000 0.00000000
Neuron 1030 3 0.68750000 1 1.00000000 0.00000000 0.00000000 0.00000000
Neuron 1074 3 0.50000000 1 1.00000000 0.00000000 0.00000000 0.00000000
Link 1 10 1 0 2.52084284
Link 2 10 2 0 2.61406276
Link 3 10 3 0 -2.88828981
Link 4 10 4 0 4.08297239
Link 6 10 6 0 4.56101340
Link 7 10 7 0 0.96911187
Link 8 10 8 0 -1.96040364
Link 9 10 9 0 0.19359334
Link 1 11 10 0 0.82743332
Link 2 11 11 0 -1.12609076
Link 3 11 12 0 1.39930097
Link 4 11 13 0 0.33931993
Link 5 11 14 0 2.78448294
Link 6 11 15 0 3.94526186
Link 8 11 17 0 2.40796047
Link 9 11 18 0 -3.12959411
Link 1 12 19 0 -0.65772867
Link 2 12 20 0 -3.66023385
Link 3 12 21 0 0.69294612
Link 5 12 23 0 4.70515944
Link 6 12 24 0 -0.67683095
Link 7 12 25 0 -4.01097837
Link 8 12 26 0 1.13963696
Link 9 12 27 0 0.97055626
Link 1 13 28 0 -0.33496067
Link 2 13 29 0 1.44008304
Link 4 13 31 0 -0.13753349
Link 5 13 32 0 2.18356502
Link 6 13 33 0 -3.12427379
Link 7 13 34 0 4.12069043
Link 8 13 35 0 -3.15808975
Link 2 14 38 0 -1.70938614
Link 3 14 39 0 -0.87510229
Link 4 14 40 0 3.17464534
Link 5 14 41 0 -2.36760027
Link 6 14 42 0 -0.76806018
Link 8 14 44 0 -1.25618038
Link 9 14 45 0 4.26023732
Link 1 15 46 0 -0.92325939
Link 2 15 47 0 -1.13861567
Link 3 15 48 0 2.94841433
Link 4 15 49 0 0.25501982
Link 5 15 50 0 -5.24187512
Link 8 15 53 0 1.14297764
Link 9 15 54 0 -1.55270991
Link 3 16 57 0 -1.26097197
Link 4 16 58 0 -2.98126994
Link 5 16 59 0 -3.05399054
Link 6 16 60 0 -1.19046013
Link 7 16 61 0 -2.22520871
Link 8 16 62 0 -2.13570117
Link 9 16 63 0 -2.14750923
Link 7 47 158 0 1.19020616
Link 47 15 159 0 0.66661923
Link 48 10 163 0 -0.05662886
Link 58 12 208 0 0.04969522
Link 3 63 233 0 1.42949520
Link 63 13 234 0 -0.11206057
Link 6 60 294 0 0.82372634
Link 4 60 299 0 2.59109800
Link 1 76 333 0 0.92392232
Link 60 85 408 0 0.96919107
Link 85 14 409 0 0.27426427
Link 16 60 585 1 0.35509406
Link 7 113 671 0 0.89068238
Link 24 85 699 0 -3.63896961
Link 47 58 735 0 -1.83255336
Link 85 16 748 0 -0.66578512
Link 47 24 766 0 -2.65904879
Link 47 106 767 0 1.10106621
Link 16 47 772 1 2.45049303
Link 85 12 801 0 -0.35753362
Link 15 129 821 1 0.90263295
Link 59 59 847 1 -2.40250115
Link 133 24 865 0 1.19226102
Link 8 60 1022 0 -1.20439762
Link 14 47 1044 1 2.71027858
Link 9 85 1145 0 4.39636329
Link 12 59 1312 1 0.37576457
Link 59 199 1337 0 1.21253407
Link 199 16 1338 0 0.03803907
Link 6 209 1413 0 1.00000000
Link 209 58 1414 0 1.84571552
Link 7 239 1614 0 0.96992595
Link 239 24 1615 0 0.18703996
Link 7 241 1622 0 1.37165465
Link 1 252 1695 0 1.00000000
Link 252 58 1696 0 3.08245641
Link 3 253 1698 0 0.41985676
Link 253 24 1699 0 5.12637625
Link 113 106 1772 0 1.58050433
Link 253 60 1806 0 3.45121520
Link 277 106 1864 0 1.81860095
Link 60 60 1912 1 1.06117709
Link 113 301 2011 0 0.90840713
Link 301 60 2012 0 -0.39929846
Link 3 309 2059 0 0.31857077
Link 309 85 2060 0 -2.22351625
Link 2 253 2081 0 -1.73124665
Link 85 24 2224 1 -2.61910434
Link 277 24 2447 0 -3.72737554
Link 2 106 2537 0 4.49193121
Link 5 395 2599 0 1.00000000
Link 395 60 2600 0 -0.09340571
Link 11 309 2659 1 1.99608822
Link 85 429 2849 1 0.79797441
Link 429 85 2850 1 -0.22007644
Link 3 457 3048 0 1.00000000
Link 457 47 3049 0 -1.77969003
Link 60 462 3073 1 1.27056915
Link 462 60 3074 1 1.82478061
Link 7 85 3089 0 -0.61457517
Link 6 497 3314 0 1.00000000
Link 497 277 3315 0 1.63950454
Link 3 59 3346 0 -1.17682399
Link 24 501 3348 1 1.00000000
Link 501 113 3349 1 3.34588431
Link 24 58 3416 0 -1.20708143
Link 309 513 3431 1 1.41199119
Link 513 309 3432 1 0.93979637
Link 129 541 3626 1 1.17469080
Link 541 106 3627 1 1.96338058
Link 12 253 3729 1 0.41922012
Link 1 598 3985 0 0.60080219
Link 598 133 3986 0 1.72276750
Link 241 606 4055 0 1.22442264
Link 5 606 4159 0 -0.68542893
Link 106 673 4551 1 1.10425608
Link 673 60 4552 1 -1.41027320
Link 462 58 4800 0 -1.27673044
Link 5 720 4936 0 1.03228418
Link 720 48 4937 0 0.86305003
Link 76 753 5162 0 1.13549420
Link 753 38 5163 0 1.33660789
Link 48 462 5182 0 1.08526645
Link 7 606 5282 0 2.11958384
Link 753 129 5422 0 1.82613694
Link 277 60 5453 0 1.26615663
Link 513 606 5473 0 -3.04060768
Link 606 826 5689 0 1.00000000
Link 826 60 5690 0 1.73376644
Link 513 862 5876 0 1.00000000
Link 862 462 5877 0 5.18713120
Link 13 541 5971 1 -2.01693434
Link 38 920 6228 0 0.84964536
Link 920 16 6229 0 0.10775013
Link 15 47 6310 1 1.15002061
Link 11 277 6358 1 -2.51255874
Link 309 429 6387 0 2.19227376
Link 753 239 6423 1 1.07759015
Link 199 429 6552 0 -0.73484083
Link 12 113 6743 1 1.09046175
Link 14 1030 6973 1 1.00000000
Link 1030 606 6974 1 0.53041924
Link 497 85 7147 0 1.62238961
Link 133 48 7247 0 2.92623263
Link 47 1074 7292 1 0.65318313
Link 1074 47 7293 1 0.21672690
Link 14 826 7367 1 -1.18467267
Link 58 129 7520 0 3.31874043
GenomeEnd

