GenomeStart 39741
Neuron 1 1 0.00000000 1 0.00000000 0.00000000 0.00000000 0.00000000
Neuron 2 1 0.00000000 1 0.00000000 0.00000000 0.00000000 0.00000000
Neuron 3 1 0.00000000 1 0.00000000 0.00000000 0.00000000 0.00000000
Neuron 4 1 0.00000000 1 0.00000000 0.00000000 0.00000000 0.00000000
Neuron 5 1 0.00000000 1 0.00000000 0.00000000 0.00000000 0.00000000
Neuron 6 1 0.00000000 1 0.00000000 0.00000000 0.00000000 0.00000000
Neuron 7 1 0.00000000 1 0.00000000 0.00000000 0.00000000 0.00000000
Neuron 8 1 0.00000000 1 0.00000000 0.00000000 0.00000000 0.00000000
Neuron 9 2 0.00000000 1 0.00000000 0.00000000 0.00000000 0.00000000
Neuron 10 4 1.00000000 0 1.00000000 0.00000000 0.00000000 0.00000000
Neuron 11 4 1.00000000 0 1.00000000 0.00000000 0.00000000 0.00000000
Neuron 12 4 1.00000000 0 1.00000000 0.00000000 0.00000000 0.00000000
Neuron 13 4 1.00000000 0 1.00000000 0.00000000 0.00000000 0.00000000
Neuron 14 4 1.00000000 0 1.00000000 0.00000000 0.00000000 0.00000000
Neuron 15 4 1.00000000 0 1.00000000 0.00000000 0.00000000 0.00000000
Neuron 16 4 1.00000000 0 1.00000000 0.00000000 0.00000000 0.00000000
Neuron 24 3 0.50000000 1 1.00000000 0.00000000 0.00000000 0.00000000
Neuron 38 3 0.50000000 1 1.00000000 0.00000000 0.00000000 0.00000000
Neuron 47 3 0.50000000 1 1.00000000 0.00000000 0.00000000 0.00000000
Neuron 48 3 0.50000000 1 1.00000000 0.00000000 0.00000000 0.00000000
Neuron 58 3 0.50000000 1 1.00000000 0.00000000 0.00000000 0.00000000
Neuron 59 3 0.50000000 1 1.00000000 0.00000000 0.00000000 0.00000000
Neuron 60 3 0.50000000 1 1.00000000 0.00000000 0.00000000 0.00000000
Neuron 63 3 0.50000000 1 1.00000000 0.00000000 0.00000000 0.00000000
Neuron 76 3 0.25000000 1 1.00000000 0.00000000 0.00000000 0.00000000
Neuron 85 3 0.75000000 1 1.00000000 0.00000000 0.00000000 0.00000000
Neuron 106 3 0.75000000 1 1.00000000 0.00000000 0.00000000 0.00000000
Neuron 113 3 0.25000000 1 1.00000000 0.00000000 0.00000000 0.00000000
Neuron 129 3 0.87500000 1 1.00000000 0.00000000 0.00000000 0.00000000
Neuron 133 3 0.25000000 1 1.00000000 0.00000000 0.00000000 0.00000000
Neuron 209 3 0.25000000 1 1.00000000 0.00000000 0.00000000 0.00000000
Neuron 239 3 0.25000000 1 1.00000000 0.00000000 0.00000000 0.00000000
Neuron 241 3 0.25000000 1 1.00000000 0.00000000 0.00000000 0.00000000
Neuron 253 3 0.25000000 1 1.00000000 0.00000000 0.00000000 0.00000000
Neuron 277 3 0.37500000 1 1.00000000 0.00000000 0.00000000 0.00000000
Neuron 301 3 0.37500000 1 1.00000000 0.00000000 0.00000000 0.00000000
Neuron 309 3 0.37500000 1 1.00000000 0.00000000 0.00000000 0.00000000
Neuron 374 3 0.12500000 1 1.00000000 0.00000000 0.00000000 0.00000000
Neuron 462 3 0.50000000 1 1.00000000 0.00000000 0.00000000 0.00000000
Neuron 497 3 0.18750000 1 1.00000000 0.00000000 0.00000000 0.00000000
Neuron 513 3 0.37500000 1 1.00000000 0.00000000 0.00000000 0.00000000
Neuron 606 3 0.37500000 1 1.00000000 0.00000000 0.00000000 0.00000000
Neuron 673 3 0.62500000 1 1.00000000 0.00000000 0.00000000 0.00000000
Neuron 706 3 0.50000000 1 1.00000000 0.00000000 0.00000000 0.00000000
Neuron 753 3 0.37500000 1 1.00000000 0.00000000 0.00000000 0.00000000
Neuron 765 3 0.31250000 1 1.00000000 0.00000000 0.00000000 0.00000000
Neuron 876 3 0.50000000 1 1.00000000 0.00000000 0.00000000 0.00000000
Neuron 913 3 0.43750000 1 1.00000000 0.00000000 0.00000000 0.00000000
Neuron 923 3 0.34375000 1 1.00000000 0.00000000 0.00000000 0.00000000
Link 1 10 1 0 2.60993348
Link 2 10 2 0 2.79502025
Link 3 10 3 0 -2.88828981
Link 4 10 4 0 4.08344690
Link 6 10 6 0 4.56101340
Link 7 10 7 0 0.83286260
Link 8 10 8 0 -2.13811727
Link 9 10 9 0 0.69899778
Link 1 11 10 0 1.06272787
Link 2 11 11 0 -1.21310023
Link 3 11 12 0 1.07867731
Link 4 11 13 0 0.44675261
Link 5 11 14 0 2.85387588
Link 6 11 15 0 4.04850138
Link 8 11 17 0 2.08724706
Link 9 11 18 0 -4.17363776
Link 1 12 19 0 -0.64250206
Link 2 12 20 0 -3.58196424
Link 3 12 21 0 0.43666169
Link 5 12 23 0 4.67358736
Link 6 12 24 0 -0.55347279
Link 7 12 25 0 -4.08553032
Link 8 12 26 0 1.01286551
Link 9 12 27 0 0.86328545
Link 1 13 28 0 -0.29617929
Link 2 13 29 0 1.23231667
Link 4 13 31 0 -0.15828582
Link 5 13 32 0 2.18356502
Link 6 13 33 0 -2.58144290
Link 7 13 34 0 3.93529144
Link 8 13 35 0 -3.12761521
Link 2 14 38 0 -1.37631342
Link 3 14 39 0 -0.68584104
Link 4 14 40 0 3.83000783
Link 5 14 41 0 -2.20316626
Link 6 14 42 0 -0.71485063
Link 8 14 44 0 -1.25893000
Link 9 14 45 0 3.65584456
Link 1 15 46 0 -0.76512914
Link 2 15 47 0 -1.10438060
Link 3 15 48 0 2.96333895
Link 4 15 49 0 0.65484231
Link 5 15 50 0 -4.45537213
Link 6 15 51 0 1.79155134
Link 8 15 53 0 1.22075250
Link 9 15 54 0 -0.80920352
Link 4 16 58 0 -2.98126994
Link 5 16 59 0 -2.77306053
Link 6 16 60 0 -1.19849131
Link 7 16 61 0 -2.34613175
Link 8 16 62 0 -2.12975562
Link 9 16 63 0 -2.19292499
Link 38 16 131 0 -0.25389682
Link 7 47 158 0 1.10663007
Link 47 15 159 0 0.37940853
Link 5 48 162 0 0.83385717
Link 48 10 163 0 -0.05662886
Link 58 12 208 0 -0.06788931
Link 2 59 217 0 1.69199617
Link 59 16 218 0 0.12672413
Link 3 63 233 0 1.68768356
Link 63 13 234 0 -0.06130746
Link 4 60 299 0 2.53416403
Link 1 76 333 0 1.01520790
Link 60 85 408 0 0.62222107
Link 85 14 409 0 0.23735244
Link 16 60 585 1 0.64184573
Link 85 85 599 1 -0.11182392
Link 7 113 671 0 0.95264733
Link 24 85 699 0 -3.76205869
Link 47 24 766 0 -3.00368955
Link 47 106 767 0 1.08338207
Link 16 47 772 1 2.42031077
Link 85 12 801 0 -0.31411180
Link 15 129 821 1 0.85608395
Link 129 106 822 1 1.88569074
Link 3 47 829 0 -1.75559975
Link 59 59 847 1 -2.06712047
Link 1 133 864 0 0.99949235
Link 133 24 865 0 1.19050025
Link 8 60 1022 0 -0.90430219
Link 14 47 1044 1 2.48926461
Link 9 85 1145 0 3.55598397
Link 1 58 1267 0 3.04478565
Link 12 59 1312 1 0.49498820
Link 24 113 1313 1 4.09039127
Link 5 60 1390 0 -0.44224689
Link 6 209 1413 0 1.01790202
Link 209 58 1414 0 1.93982382
Link 7 239 1614 0 0.73276510
Link 239 24 1615 0 0.47529300
Link 7 241 1622 0 1.09708059
Link 113 113 1652 1 -4.59475177
Link 3 253 1698 0 0.19722754
Link 253 24 1699 0 4.98549187
Link 113 106 1772 0 0.84490198
Link 253 60 1806 0 3.85032708
Link 277 106 1864 0 2.04009383
Link 8 47 1894 0 -2.29536153
Link 113 301 2011 0 1.09232389
Link 301 60 2012 0 -0.72134233
Link 3 309 2059 0 0.31857077
Link 309 85 2060 0 -1.81609577
Link 2 253 2081 0 -1.30352594
Link 85 24 2224 1 -2.82073831
Link 277 24 2447 0 -3.90514046
Link 4 374 2471 0 1.00000000
Link 374 133 2472 0 -0.04539238
Link 2 106 2537 0 4.53097439
Link 11 309 2659 1 1.48723375
Link 462 60 3074 1 1.93568544
Link 7 85 3089 0 -0.62470938
Link 6 497 3314 0 0.87686368
Link 497 277 3315 0 0.92646250
Link 309 513 3431 1 1.08754821
Link 513 309 3432 1 0.45483730
Link 12 253 3729 1 0.28059777
Link 606 60 4056 0 1.84524837
Link 5 606 4159 0 -0.62915808
Link 106 673 4551 1 1.04051033
Link 673 60 4552 1 -1.55821213
Link 462 58 4800 0 -1.42079041
Link 24 706 4815 0 0.96561952
Link 706 58 4816 0 -1.16857757
Link 513 462 4963 0 4.81257884
Link 14 606 4987 1 0.24079916
Link 76 753 5162 0 0.98543702
Link 753 38 5163 0 0.90266777
Link 48 462 5182 0 1.05706230
Link 241 765 5241 0 0.97023547
Link 497 59 5343 0 -2.58012331
Link 38 497 5360 1 -2.32669853
Link 209 606 5377 0 -2.10543008
Link 9 673 5471 0 -1.26959853
Link 753 113 5518 1 -1.07619721
Link 253 765 5721 0 1.60177827
Link 3 753 5942 0 -2.44720764
Link 60 876 5950 1 1.09467284
Link 876 462 5951 1 1.26277913
Link 58 913 6181 1 1.00000000
Link 913 277 6182 1 1.44147466
Link 765 923 6251 0 1.00000000
Link 923 606 6252 0 0.53575383
GenomeEnd

