GenomeStart 85419
Neuron 1 1 0.00000000 1 0.00000000 0.00000000 0.00000000 0.00000000
Neuron 2 1 0.00000000 1 0.00000000 0.00000000 0.00000000 0.00000000
Neuron 3 1 0.00000000 1 0.00000000 0.00000000 0.00000000 0.00000000
Neuron 4 1 0.00000000 1 0.00000000 0.00000000 0.00000000 0.00000000
Neuron 5 1 0.00000000 1 0.00000000 0.00000000 0.00000000 0.00000000
Neuron 6 1 0.00000000 1 0.00000000 0.00000000 0.00000000 0.00000000
Neuron 7 1 0.00000000 1 0.00000000 0.00000000 0.00000000 0.00000000
Neuron 8 1 0.00000000 1 0.00000000 0.00000000 0.00000000 0.00000000
Neuron 9 2 0.00000000 1 0.00000000 0.00000000 0.00000000 0.00000000
Neuron 10 4 1.00000000 0 1.00000000 0.00000000 0.00000000 0.00000000
Neuron 11 4 1.00000000 0 1.00000000 0.00000000 0.00000000 0.00000000
Neuron 12 4 1.00000000 0 1.00000000 0.00000000 0.00000000 0.00000000
Neuron 13 4 1.00000000 0 1.00000000 0.00000000 0.00000000 0.00000000
Neuron 14 4 1.00000000 0 1.00000000 0.00000000 0.00000000 0.00000000
Neuron 15 4 1.00000000 0 1.00000000 0.00000000 0.00000000 0.00000000
Neuron 16 4 1.00000000 0 1.00000000 0.00000000 0.00000000 0.00000000
Neuron 17 3 0.50000000 1 1.00000000 0.00000000 0.00000000 0.00000000
Neuron 18 3 0.50000000 1 1.00000000 0.00000000 0.00000000 0.00000000
Neuron 19 3 0.50000000 1 1.00000000 0.00000000 0.00000000 0.00000000
Neuron 20 3 0.50000000 1 1.00000000 0.00000000 0.00000000 0.00000000
Neuron 21 3 0.50000000 1 1.00000000 0.00000000 0.00000000 0.00000000
Neuron 23 3 0.50000000 1 1.00000000 0.00000000 0.00000000 0.00000000
Neuron 24 3 0.50000000 1 1.00000000 0.00000000 0.00000000 0.00000000
Neuron 25 3 0.50000000 1 1.00000000 0.00000000 0.00000000 0.00000000
Neuron 27 3 0.50000000 1 1.00000000 0.00000000 0.00000000 0.00000000
Neuron 29 3 0.50000000 1 1.00000000 0.00000000 0.00000000 0.00000000
Neuron 30 3 0.50000000 1 1.00000000 0.00000000 0.00000000 0.00000000
Neuron 31 3 0.50000000 1 1.00000000 0.00000000 0.00000000 0.00000000
Neuron 33 3 0.50000000 1 1.00000000 0.00000000 0.00000000 0.00000000
Neuron 34 3 0.50000000 1 1.00000000 0.00000000 0.00000000 0.00000000
Neuron 38 3 0.50000000 1 1.00000000 0.00000000 0.00000000 0.00000000
Neuron 39 3 0.50000000 1 1.00000000 0.00000000 0.00000000 0.00000000
Neuron 41 3 0.50000000 1 1.00000000 0.00000000 0.00000000 0.00000000
Neuron 43 3 0.50000000 1 1.00000000 0.00000000 0.00000000 0.00000000
Neuron 45 3 0.50000000 1 1.00000000 0.00000000 0.00000000 0.00000000
Neuron 46 3 0.50000000 1 1.00000000 0.00000000 0.00000000 0.00000000
Neuron 47 3 0.50000000 1 1.00000000 0.00000000 0.00000000 0.00000000
Neuron 48 3 0.50000000 1 1.00000000 0.00000000 0.00000000 0.00000000
Neuron 49 3 0.50000000 1 1.00000000 0.00000000 0.00000000 0.00000000
Neuron 50 3 0.50000000 1 1.00000000 0.00000000 0.00000000 0.00000000
Neuron 51 3 0.50000000 1 1.00000000 0.00000000 0.00000000 0.00000000
Neuron 52 3 0.50000000 1 1.00000000 0.00000000 0.00000000 0.00000000
Neuron 53 3 0.50000000 1 1.00000000 0.00000000 0.00000000 0.00000000
Neuron 55 3 0.50000000 1 1.00000000 0.00000000 0.00000000 0.00000000
Neuron 56 3 0.50000000 1 1.00000000 0.00000000 0.00000000 0.00000000
Neuron 59 3 0.50000000 1 1.00000000 0.00000000 0.00000000 0.00000000
Neuron 60 3 0.50000000 1 1.00000000 0.00000000 0.00000000 0.00000000
Neuron 61 3 0.50000000 1 1.00000000 0.00000000 0.00000000 0.00000000
Neuron 62 3 0.50000000 1 1.00000000 0.00000000 0.00000000 0.00000000
Neuron 64 3 0.50000000 1 1.00000000 0.00000000 0.00000000 0.00000000
Neuron 67 3 0.75000000 1 1.00000000 0.00000000 0.00000000 0.00000000
Neuron 68 3 0.50000000 1 1.00000000 0.00000000 0.00000000 0.00000000
Neuron 69 3 0.50000000 1 1.00000000 0.00000000 0.00000000 0.00000000
Neuron 74 3 0.25000000 1 1.00000000 0.00000000 0.00000000 0.00000000
Neuron 78 3 0.50000000 1 1.00000000 0.00000000 0.00000000 0.00000000
Neuron 79 3 0.50000000 1 1.00000000 0.00000000 0.00000000 0.00000000
Neuron 84 3 0.75000000 1 1.00000000 0.00000000 0.00000000 0.00000000
Neuron 87 3 0.50000000 1 1.00000000 0.00000000 0.00000000 0.00000000
Neuron 88 3 0.75000000 1 1.00000000 0.00000000 0.00000000 0.00000000
Neuron 91 3 0.75000000 1 1.00000000 0.00000000 0.00000000 0.00000000
Neuron 94 3 0.25000000 1 1.00000000 0.00000000 0.00000000 0.00000000
Neuron 97 3 0.75000000 1 1.00000000 0.00000000 0.00000000 0.00000000
Neuron 99 3 0.75000000 1 1.00000000 0.00000000 0.00000000 0.00000000
Neuron 102 3 0.25000000 1 1.00000000 0.00000000 0.00000000 0.00000000
Neuron 105 3 0.75000000 1 1.00000000 0.00000000 0.00000000 0.00000000
Neuron 111 3 0.75000000 1 1.00000000 0.00000000 0.00000000 0.00000000
Neuron 116 3 0.25000000 1 1.00000000 0.00000000 0.00000000 0.00000000
Neuron 121 3 0.50000000 1 1.00000000 0.00000000 0.00000000 0.00000000
Neuron 134 3 0.75000000 1 1.00000000 0.00000000 0.00000000 0.00000000
Neuron 136 3 0.75000000 1 1.00000000 0.00000000 0.00000000 0.00000000
Neuron 137 3 0.25000000 1 1.00000000 0.00000000 0.00000000 0.00000000
Neuron 138 3 0.75000000 1 1.00000000 0.00000000 0.00000000 0.00000000
Neuron 139 3 0.25000000 1 1.00000000 0.00000000 0.00000000 0.00000000
Neuron 141 3 0.25000000 1 1.00000000 0.00000000 0.00000000 0.00000000
Neuron 151 3 0.25000000 1 1.00000000 0.00000000 0.00000000 0.00000000
Neuron 164 3 0.25000000 1 1.00000000 0.00000000 0.00000000 0.00000000
Neuron 166 3 0.87500000 1 1.00000000 0.00000000 0.00000000 0.00000000
Neuron 170 3 0.25000000 1 1.00000000 0.00000000 0.00000000 0.00000000
Neuron 173 3 0.25000000 1 1.00000000 0.00000000 0.00000000 0.00000000
Neuron 175 3 0.75000000 1 1.00000000 0.00000000 0.00000000 0.00000000
Neuron 192 3 0.75000000 1 1.00000000 0.00000000 0.00000000 0.00000000
Neuron 199 3 0.75000000 1 1.00000000 0.00000000 0.00000000 0.00000000
Neuron 211 3 0.75000000 1 1.00000000 0.00000000 0.00000000 0.00000000
Neuron 218 3 0.50000000 1 1.00000000 0.00000000 0.00000000 0.00000000
Neuron 225 3 0.62500000 1 1.00000000 0.00000000 0.00000000 0.00000000
Neuron 226 3 0.25000000 1 1.00000000 0.00000000 0.00000000 0.00000000
Neuron 235 3 0.75000000 1 1.00000000 0.00000000 0.00000000 0.00000000
Neuron 243 3 0.75000000 1 1.00000000 0.00000000 0.00000000 0.00000000
Neuron 252 3 0.25000000 1 1.00000000 0.00000000 0.00000000 0.00000000
Neuron 258 3 0.87500000 1 1.00000000 0.00000000 0.00000000 0.00000000
Neuron 262 3 0.25000000 1 1.00000000 0.00000000 0.00000000 0.00000000
Neuron 263 3 0.25000000 1 1.00000000 0.00000000 0.00000000 0.00000000
Neuron 266 3 0.75000000 1 1.00000000 0.00000000 0.00000000 0.00000000
Neuron 271 3 0.75000000 1 1.00000000 0.00000000 0.00000000 0.00000000
Neuron 281 3 0.12500000 1 1.00000000 0.00000000 0.00000000 0.00000000
Neuron 291 3 0.37500000 1 1.00000000 0.00000000 0.00000000 0.00000000
Neuron 299 3 0.75000000 1 1.00000000 0.00000000 0.00000000 0.00000000
Neuron 301 3 0.75000000 1 1.00000000 0.00000000 0.00000000 0.00000000
Neuron 312 3 0.87500000 1 1.00000000 0.00000000 0.00000000 0.00000000
Neuron 313 3 0.37500000 1 1.00000000 0.00000000 0.00000000 0.00000000
Neuron 329 3 0.93750000 1 1.00000000 0.00000000 0.00000000 0.00000000
Neuron 330 3 0.62500000 1 1.00000000 0.00000000 0.00000000 0.00000000
Neuron 333 3 0.12500000 1 1.00000000 0.00000000 0.00000000 0.00000000
Neuron 336 3 0.37500000 1 1.00000000 0.00000000 0.00000000 0.00000000
Neuron 345 3 0.25000000 1 1.00000000 0.00000000 0.00000000 0.00000000
Neuron 350 3 0.31250000 1 1.00000000 0.00000000 0.00000000 0.00000000
Neuron 357 3 0.12500000 1 1.00000000 0.00000000 0.00000000 0.00000000
Neuron 364 3 0.75000000 1 1.00000000 0.00000000 0.00000000 0.00000000
Neuron 383 3 0.37500000 1 1.00000000 0.00000000 0.00000000 0.00000000
Neuron 394 3 0.50000000 1 1.00000000 0.00000000 0.00000000 0.00000000
Neuron 404 3 0.37500000 1 1.00000000 0.00000000 0.00000000 0.00000000
Neuron 408 3 0.75000000 1 1.00000000 0.00000000 0.00000000 0.00000000
Neuron 424 3 0.87500000 1 1.00000000 0.00000000 0.00000000 0.00000000
Neuron 433 3 0.50000000 1 1.00000000 0.00000000 0.00000000 0.00000000
Neuron 442 3 0.25000000 1 1.00000000 0.00000000 0.00000000 0.00000000
Neuron 444 3 0.87500000 1 1.00000000 0.00000000 0.00000000 0.00000000
Neuron 446 3 0.62500000 1 1.00000000 0.00000000 0.00000000 0.00000000
Neuron 448 3 0.37500000 1 1.00000000 0.00000000 0.00000000 0.00000000
Neuron 459 3 0.87500000 1 1.00000000 0.00000000 0.00000000 0.00000000
Neuron 466 3 0.25000000 1 1.00000000 0.00000000 0.00000000 0.00000000
Neuron 470 3 0.62500000 1 1.00000000 0.00000000 0.00000000 0.00000000
Neuron 481 3 0.87500000 1 1.00000000 0.00000000 0.00000000 0.00000000
Neuron 482 3 0.25000000 1 1.00000000 0.00000000 0.00000000 0.00000000
Neuron 493 3 0.25000000 1 1.00000000 0.00000000 0.00000000 0.00000000
Neuron 499 3 0.75000000 1 1.00000000 0.00000000 0.00000000 0.00000000
Neuron 500 3 0.50000000 1 1.00000000 0.00000000 0.00000000 0.00000000
Neuron 503 3 0.62500000 1 1.00000000 0.00000000 0.00000000 0.00000000
Neuron 508 3 0.37500000 1 1.00000000 0.00000000 0.00000000 0.00000000
Neuron 511 3 0.62500000 1 1.00000000 0.00000000 0.00000000 0.00000000
Neuron 517 3 0.75000000 1 1.00000000 0.00000000 0.00000000 0.00000000
Neuron 521 3 0.50000000 1 1.00000000 0.00000000 0.00000000 0.00000000
Neuron 522 3 0.75000000 1 1.00000000 0.00000000 0.00000000 0.00000000
Neuron 539 3 0.37500000 1 1.00000000 0.00000000 0.00000000 0.00000000
Neuron 541 3 0.62500000 1 1.00000000 0.00000000 0.00000000 0.00000000
Neuron 548 3 0.37500000 1 1.00000000 0.00000000 0.00000000 0.00000000
Neuron 556 3 0.87500000 1 1.00000000 0.00000000 0.00000000 0.00000000
Neuron 560 3 0.87500000 1 1.00000000 0.00000000 0.00000000 0.00000000
Neuron 564 3 0.50000000 1 1.00000000 0.00000000 0.00000000 0.00000000
Neuron 568 3 0.25000000 1 1.00000000 0.00000000 0.00000000 0.00000000
Neuron 576 3 0.25000000 1 1.00000000 0.00000000 0.00000000 0.00000000
Neuron 580 3 0.12500000 1 1.00000000 0.00000000 0.00000000 0.00000000
Neuron 584 3 0.50000000 1 1.00000000 0.00000000 0.00000000 0.00000000
Neuron 593 3 0.50000000 1 1.00000000 0.00000000 0.00000000 0.00000000
Neuron 594 3 0.12500000 1 1.00000000 0.00000000 0.00000000 0.00000000
Neuron 600 3 0.25000000 1 1.00000000 0.00000000 0.00000000 0.00000000
Neuron 603 3 0.93750000 1 1.00000000 0.00000000 0.00000000 0.00000000
Neuron 617 3 0.62500000 1 1.00000000 0.00000000 0.00000000 0.00000000
Neuron 620 3 0.87500000 1 1.00000000 0.00000000 0.00000000 0.00000000
Neuron 621 3 0.50000000 1 1.00000000 0.00000000 0.00000000 0.00000000
Neuron 623 3 0.37500000 1 1.00000000 0.00000000 0.00000000 0.00000000
Neuron 636 3 0.37500000 1 1.00000000 0.00000000 0.00000000 0.00000000
Neuron 638 3 0.37500000 1 1.00000000 0.00000000 0.00000000 0.00000000
Neuron 639 3 0.12500000 1 1.00000000 0.00000000 0.00000000 0.00000000
Neuron 643 3 0.50000000 1 1.00000000 0.00000000 0.00000000 0.00000000
Neuron 646 3 0.62500000 1 1.00000000 0.00000000 0.00000000 0.00000000
Neuron 650 3 0.25000000 1 1.00000000 0.00000000 0.00000000 0.00000000
Neuron 653 3 0.87500000 1 1.00000000 0.00000000 0.00000000 0.00000000
Neuron 663 3 0.56250000 1 1.00000000 0.00000000 0.00000000 0.00000000
Neuron 667 3 0.12500000 1 1.00000000 0.00000000 0.00000000 0.00000000
Neuron 670 3 0.75000000 1 1.00000000 0.00000000 0.00000000 0.00000000
Neuron 672 3 0.37500000 1 1.00000000 0.00000000 0.00000000 0.00000000
Neuron 679 3 0.62500000 1 1.00000000 0.00000000 0.00000000 0.00000000
Neuron 682 3 0.62500000 1 1.00000000 0.00000000 0.00000000 0.00000000
Neuron 685 3 0.25000000 1 1.00000000 0.00000000 0.00000000 0.00000000
Neuron 686 3 0.62500000 1 1.00000000 0.00000000 0.00000000 0.00000000
Neuron 696 3 0.56250000 1 1.00000000 0.00000000 0.00000000 0.00000000
Neuron 708 3 0.93750000 1 1.00000000 0.00000000 0.00000000 0.00000000
Neuron 714 3 0.18750000 1 1.00000000 0.00000000 0.00000000 0.00000000
Neuron 719 3 0.59375000 1 1.00000000 0.00000000 0.00000000 0.00000000
Neuron 720 3 0.12500000 1 1.00000000 0.00000000 0.00000000 0.00000000
Neuron 731 3 0.37500000 1 1.00000000 0.00000000 0.00000000 0.00000000
Neuron 734 3 0.62500000 1 1.00000000 0.00000000 0.00000000 0.00000000
Neuron 739 3 0.56250000 1 1.00000000 0.00000000 0.00000000 0.00000000
Neuron 745 3 0.62500000 1 1.00000000 0.00000000 0.00000000 0.00000000
Neuron 746 3 0.81250000 1 1.00000000 0.00000000 0.00000000 0.00000000
Neuron 757 3 0.50000000 1 1.00000000 0.00000000 0.00000000 0.00000000
Neuron 758 3 0.18750000 1 1.00000000 0.00000000 0.00000000 0.00000000
Neuron 766 3 0.37500000 1 1.00000000 0.00000000 0.00000000 0.00000000
Neuron 767 3 0.50000000 1 1.00000000 0.00000000 0.00000000 0.00000000
Neuron 768 3 0.62500000 1 1.00000000 0.00000000 0.00000000 0.00000000
Neuron 773 3 0.25000000 1 1.00000000 0.00000000 0.00000000 0.00000000
Neuron 780 3 0.50000000 1 1.00000000 0.00000000 0.00000000 0.00000000
Neuron 782 3 0.56250000 1 1.00000000 0.00000000 0.00000000 0.00000000
Neuron 786 3 0.56250000 1 1.00000000 0.00000000 0.00000000 0.00000000
Neuron 787 3 0.50000000 1 1.00000000 0.00000000 0.00000000 0.00000000
Neuron 788 3 0.50000000 1 1.00000000 0.00000000 0.00000000 0.00000000
Neuron 793 3 0.06250000 1 1.00000000 0.00000000 0.00000000 0.00000000
Neuron 794 3 0.93750000 1 1.00000000 0.00000000 0.00000000 0.00000000
Neuron 796 3 0.56250000 1 1.00000000 0.00000000 0.00000000 0.00000000
Neuron 801 3 0.62500000 1 1.00000000 0.00000000 0.00000000 0.00000000
Neuron 806 3 0.68750000 1 1.00000000 0.00000000 0.00000000 0.00000000
Neuron 819 3 0.65625000 1 1.00000000 0.00000000 0.00000000 0.00000000
Neuron 826 3 0.21875000 1 1.00000000 0.00000000 0.00000000 0.00000000
Neuron 830 3 0.37500000 1 1.00000000 0.00000000 0.00000000 0.00000000
Neuron 833 3 0.37500000 1 1.00000000 0.00000000 0.00000000 0.00000000
Neuron 847 3 0.37500000 1 1.00000000 0.00000000 0.00000000 0.00000000
Neuron 848 3 0.43750000 1 1.00000000 0.00000000 0.00000000 0.00000000
Neuron 864 3 0.59375000 1 1.00000000 0.00000000 0.00000000 0.00000000
Neuron 867 3 0.18750000 1 1.00000000 0.00000000 0.00000000 0.00000000
Neuron 870 3 0.25000000 1 1.00000000 0.00000000 0.00000000 0.00000000
Neuron 887 3 0.50000000 1 1.00000000 0.00000000 0.00000000 0.00000000
Neuron 890 3 0.50000000 1 1.00000000 0.00000000 0.00000000 0.00000000
Neuron 898 3 0.87500000 1 1.00000000 0.00000000 0.00000000 0.00000000
Neuron 899 3 0.50000000 1 1.00000000 0.00000000 0.00000000 0.00000000
Neuron 902 3 0.62500000 1 1.00000000 0.00000000 0.00000000 0.00000000
Neuron 914 3 0.43750000 1 1.00000000 0.00000000 0.00000000 0.00000000
Neuron 917 3 0.50000000 1 1.00000000 0.00000000 0.00000000 0.00000000
Neuron 918 3 0.50000000 1 1.00000000 0.00000000 0.00000000 0.00000000
Neuron 928 3 0.90625000 1 1.00000000 0.00000000 0.00000000 0.00000000
Neuron 936 3 0.40625000 1 1.00000000 0.00000000 0.00000000 0.00000000
Neuron 938 3 0.25000000 1 1.00000000 0.00000000 0.00000000 0.00000000
Neuron 940 3 0.75000000 1 1.00000000 0.00000000 0.00000000 0.00000000
Neuron 958 3 0.62500000 1 1.00000000 0.00000000 0.00000000 0.00000000
Neuron 959 3 0.34375000 1 1.00000000 0.00000000 0.00000000 0.00000000
Neuron 963 3 0.31250000 1 1.00000000 0.00000000 0.00000000 0.00000000
Neuron 976 3 0.81250000 1 1.00000000 0.00000000 0.00000000 0.00000000
Neuron 979 3 0.56250000 1 1.00000000 0.00000000 0.00000000 0.00000000
Neuron 986 3 0.50000000 1 1.00000000 0.00000000 0.00000000 0.00000000
Neuron 992 3 0.31250000 1 1.00000000 0.00000000 0.00000000 0.00000000
Neuron 1003 3 0.50000000 1 1.00000000 0.00000000 0.00000000 0.00000000
Neuron 1004 3 0.18750000 1 1.00000000 0.00000000 0.00000000 0.00000000
Neuron 1023 3 0.37500000 1 1.00000000 0.00000000 0.00000000 0.00000000
Neuron 1024 3 0.40625000 1 1.00000000 0.00000000 0.00000000 0.00000000
Neuron 1031 3 0.75000000 1 1.00000000 0.00000000 0.00000000 0.00000000
Neuron 1044 3 0.75000000 1 1.00000000 0.00000000 0.00000000 0.00000000
Neuron 1055 3 0.71875000 1 1.00000000 0.00000000 0.00000000 0.00000000
Neuron 1078 3 0.37500000 1 1.00000000 0.00000000 0.00000000 0.00000000
Neuron 1086 3 0.39062500 1 1.00000000 0.00000000 0.00000000 0.00000000
Neuron 1104 3 0.50000000 1 1.00000000 0.00000000 0.00000000 0.00000000
Neuron 1119 3 0.06250000 1 1.00000000 0.00000000 0.00000000 0.00000000
Neuron 1131 3 0.25000000 1 1.00000000 0.00000000 0.00000000 0.00000000
Neuron 1133 3 0.56250000 1 1.00000000 0.00000000 0.00000000 0.00000000
Neuron 1141 3 0.37500000 1 1.00000000 0.00000000 0.00000000 0.00000000
Neuron 1144 3 0.18750000 1 1.00000000 0.00000000 0.00000000 0.00000000
Neuron 1147 3 0.43750000 1 1.00000000 0.00000000 0.00000000 0.00000000
Neuron 1159 3 0.39843750 1 1.00000000 0.00000000 0.00000000 0.00000000
Neuron 1188 3 0.59375000 1 1.00000000 0.00000000 0.00000000 0.00000000
Neuron 1204 3 0.39062500 1 1.00000000 0.00000000 0.00000000 0.00000000
Neuron 1214 3 0.43750000 1 1.00000000 0.00000000 0.00000000 0.00000000
Neuron 1221 3 0.87500000 1 1.00000000 0.00000000 0.00000000 0.00000000
Neuron 1230 3 0.62500000 1 1.00000000 0.00000000 0.00000000 0.00000000
Neuron 1235 3 0.50000000 1 1.00000000 0.00000000 0.00000000 0.00000000
Neuron 1236 3 0.39843750 1 1.00000000 0.00000000 0.00000000 0.00000000
Neuron 1259 3 0.50000000 1 1.00000000 0.00000000 0.00000000 0.00000000
Neuron 1271 3 0.56250000 1 1.00000000 0.00000000 0.00000000 0.00000000
Neuron 1286 3 0.31250000 1 1.00000000 0.00000000 0.00000000 0.00000000
Neuron 1301 3 0.28125000 1 1.00000000 0.00000000 0.00000000 0.00000000
Neuron 1306 3 0.56250000 1 1.00000000 0.00000000 0.00000000 0.00000000
Neuron 1311 3 0.40625000 1 1.00000000 0.00000000 0.00000000 0.00000000
Neuron 1532 3 0.43750000 1 1.00000000 0.00000000 0.00000000 0.00000000
Neuron 1596 3 0.50000000 1 1.00000000 0.00000000 0.00000000 0.00000000
Neuron 1611 3 0.59375000 1 1.00000000 0.00000000 0.00000000 0.00000000
Link 1 10 1 0 0.81997336
Link 2 10 2 0 0.19559089
Link 4 10 4 0 -1.00698046
Link 5 10 5 0 -0.55063690
Link 6 10 6 0 1.04773306
Link 7 10 7 0 -2.79771343
Link 8 10 8 0 -2.98830006
Link 9 10 9 0 -0.03012758
Link 1 11 10 0 3.13848591
Link 2 11 11 0 -1.12059410
Link 3 11 12 0 -2.54884855
Link 4 11 13 0 -1.76563617
Link 5 11 14 0 1.29028366
Link 6 11 15 0 -0.47647669
Link 7 11 16 0 2.72447103
Link 8 11 17 0 -0.64426337
Link 9 11 18 0 -0.55853167
Link 2 12 20 0 -1.63278947
Link 3 12 21 0 2.03564826
Link 4 12 22 0 -0.68809190
Link 5 12 23 0 -1.96651003
Link 6 12 24 0 1.11543736
Link 7 12 25 0 -3.52587746
Link 8 12 26 0 -1.14737805
Link 9 12 27 0 1.45772339
Link 1 13 28 0 1.19711877
Link 2 13 29 0 -2.05448892
Link 3 13 30 0 -0.32245110
Link 5 13 32 0 0.66882746
Link 7 13 34 0 -0.46084554
Link 8 13 35 0 -0.54194395
Link 9 13 36 0 -1.66197720
Link 3 14 39 0 2.65454664
Link 4 14 40 0 -1.56705395
Link 5 14 41 0 -0.33554487
Link 6 14 42 0 1.34962336
Link 8 14 44 0 1.13421013
Link 9 14 45 0 0.03251492
Link 1 15 46 0 2.01050370
Link 2 15 47 0 -0.07767155
Link 3 15 48 0 1.10081003
Link 4 15 49 0 4.41855314
Link 5 15 50 0 0.53809471
Link 6 15 51 0 -2.47397571
Link 7 15 52 0 -2.08296086
Link 8 15 53 0 -2.33191304
Link 9 15 54 0 -1.80083810
Link 1 16 55 0 -4.26920718
Link 2 16 56 0 -1.29028235
Link 3 16 57 0 2.73956301
Link 4 16 58 0 -0.68567727
Link 5 16 59 0 1.35252240
Link 6 16 60 0 -3.56169560
Link 7 16 61 0 -1.40880230
Link 9 16 63 0 -0.36783616
Link 3 17 65 0 -0.83111266
Link 17 10 66 0 1.16452782
Link 8 18 68 0 1.19092976
Link 18 14 69 0 1.17605097
Link 3 19 71 0 1.79904572
Link 19 11 72 0 -0.03409996
Link 23 13 85 0 2.26159439
Link 1 24 87 0 1.77180461
Link 2 25 90 0 1.01648271
Link 8 29 103 0 -0.34706021
Link 29 12 104 0 0.80635218
Link 4 30 106 0 1.11049201
Link 3 31 109 0 0.66745918
Link 6 33 115 0 1.05662260
Link 33 14 116 0 -1.97008812
Link 7 34 118 0 -0.18510694
Link 34 10 119 0 0.29777270
Link 4 38 130 0 1.16818351
Link 38 13 131 0 -3.65045536
Link 2 39 133 0 -3.03635903
Link 39 15 134 0 0.77612638
Link 6 41 139 0 -2.19082090
Link 41 16 140 0 -1.09918272
Link 6 43 146 0 1.91819684
Link 43 12 147 0 -1.29404032
Link 7 45 152 0 1.39560998
Link 47 13 159 0 1.39496985
Link 1 48 161 0 -1.99513465
Link 48 14 162 0 1.91591329
Link 5 49 164 0 -1.28196171
Link 8 50 168 0 -0.25322711
Link 50 16 169 0 1.47715201
Link 1 52 175 0 2.40683362
Link 52 12 176 0 2.54703806
Link 5 53 179 0 -0.85762396
Link 53 12 180 0 -1.53780444
Link 8 55 185 0 -1.07898862
Link 55 15 186 0 0.94512530
Link 8 56 188 0 -0.40448942
Link 56 13 189 0 1.77001288
Link 8 59 216 0 -1.26241931
Link 59 11 217 0 1.36366838
Link 60 12 221 0 -0.50712620
Link 6 61 225 0 -0.48854122
Link 61 13 226 0 -1.96300506
Link 2 62 234 0 0.84382518
Link 62 12 235 0 1.30274327
Link 4 64 243 0 -0.18260918
Link 64 10 244 0 0.68914966
Link 21 67 264 0 -1.35288966
Link 67 15 265 0 0.55203311
Link 11 23 270 1 -0.43601521
Link 2 68 274 0 -0.26440465
Link 68 10 275 0 -0.69437864
Link 7 69 285 0 -0.30246107
Link 51 61 323 0 0.74103703
Link 8 74 334 0 1.39968557
Link 78 10 354 0 -1.92709022
Link 79 11 365 0 -0.93193526
Link 9 21 406 0 -1.32257725
Link 51 84 425 0 1.14882051
Link 84 14 426 0 1.70324919
Link 3 69 445 0 -1.24317340
Link 4 87 457 0 0.68857512
Link 87 15 458 0 2.92222669
Link 20 88 466 0 -1.32915904
Link 88 16 467 0 -0.46880641
Link 50 10 476 0 -0.02370330
Link 50 91 513 0 -0.65053984
Link 91 16 514 0 0.87490550
Link 94 41 533 0 -0.04139766
Link 3 61 534 0 -0.22436930
Link 52 16 556 0 -0.89100426
Link 45 99 565 0 3.26215572
Link 99 16 566 0 -2.64105367
Link 4 102 586 0 1.70826033
Link 102 20 587 0 -0.39771362
Link 9 31 601 0 -0.69933284
Link 2 17 617 0 1.60935270
Link 7 51 618 0 -0.73234374
Link 60 105 631 0 2.73629298
Link 105 12 632 0 -0.13034944
Link 61 111 676 0 -1.69083849
Link 111 13 677 0 -2.37022841
Link 3 116 708 0 0.16280107
Link 6 121 753 0 5.34548122
Link 121 15 754 0 2.41524008
Link 10 61 755 1 -0.56916379
Link 8 31 792 0 -0.78342434
Link 49 134 855 0 -0.33830374
Link 134 14 856 0 1.16588363
Link 3 137 872 0 0.41361560
Link 137 60 873 0 1.78389108
Link 138 12 881 0 -0.57263491
Link 2 139 883 0 -1.98885563
Link 139 17 884 0 -0.97656792
Link 7 141 892 0 -0.85754846
Link 141 21 893 0 -3.28056975
Link 46 69 926 0 -0.24421805
Link 3 151 966 0 1.92127990
Link 6 164 1057 0 -1.00052418
Link 164 61 1058 0 0.80767636
Link 84 166 1070 0 -1.41106775
Link 166 14 1071 0 -0.29000349
Link 3 170 1087 0 3.87461673
Link 170 17 1088 0 -0.58916254
Link 53 14 1096 0 -0.66347232
Link 6 173 1110 0 2.44199804
Link 173 27 1111 0 0.71103461
Link 46 175 1117 0 -0.98755026
Link 17 13 1127 0 -1.15773704
Link 7 19 1139 0 -0.87243840
Link 1 25 1224 0 2.36596635
Link 192 10 1280 0 1.68247227
Link 55 13 1296 0 0.04308986
Link 62 62 1330 1 -0.99002481
Link 48 199 1353 0 1.21355508
Link 31 211 1408 0 -1.69722479
Link 24 225 1512 0 0.21225584
Link 225 136 1513 0 1.85799290
Link 7 226 1515 0 -1.94682153
Link 226 79 1516 0 -3.79943272
Link 69 235 1580 0 -0.48697185
Link 235 14 1581 0 -0.34246167
Link 50 79 1608 0 -0.53152852
Link 31 243 1637 0 0.31330398
Link 243 14 1638 0 -0.27084882
Link 62 47 1650 0 2.46401254
Link 47 46 1684 0 -0.54443354
Link 252 51 1718 0 1.46527904
Link 136 258 1749 0 -0.67281502
Link 8 262 1777 0 -0.20657751
Link 5 226 1809 0 -0.17343895
Link 53 266 1813 0 -0.37759664
Link 266 10 1814 0 1.90916715
Link 9 199 1828 0 1.00428731
Link 211 10 1845 0 -0.86248509
Link 271 12 1865 0 -1.91182484
Link 51 24 1883 0 0.64466888
Link 211 17 1909 1 -1.54277492
Link 7 281 1920 0 1.48746913
Link 281 263 1921 0 3.41344624
Link 262 291 1976 0 1.26238434
Link 291 78 1977 0 0.14532468
Link 47 299 2018 0 2.13901113
Link 299 13 2019 0 2.41077925
Link 30 301 2034 0 -0.07757553
Link 301 14 2035 0 -1.20037182
Link 33 34 2104 0 -1.90990378
Link 199 312 2110 0 -1.90099986
Link 312 14 2111 0 1.41875946
Link 151 313 2117 0 -2.95229234
Link 313 19 2118 0 -0.03791666
Link 312 329 2201 0 1.18555008
Link 329 14 2202 0 -0.79605663
Link 24 330 2208 0 0.80616013
Link 330 138 2209 0 1.23389551
Link 2 333 2222 0 -0.42968103
Link 333 252 2223 0 -1.91977860
Link 336 79 2264 0 0.76482965
Link 1 345 2308 0 -0.25139724
Link 345 48 2309 0 -1.35748856
Link 226 350 2350 0 -3.45175800
Link 6 357 2394 0 -0.72576993
Link 357 94 2395 0 -0.78696807
Link 61 53 2409 0 -1.66234342
Link 25 364 2456 0 1.95516363
Link 364 16 2457 0 -1.89534259
Link 263 383 2566 0 -0.58207354
Link 383 69 2567 0 -0.28765091
Link 5 394 2633 0 1.09356389
Link 394 13 2634 0 -0.05138826
Link 116 404 2692 0 0.18114807
Link 404 47 2693 0 2.48879949
Link 27 33 2695 0 0.17853811
Link 13 199 2731 1 -0.48219185
Link 211 424 2832 0 1.08281098
Link 424 15 2833 0 1.85467520
Link 7 433 2896 0 2.13671164
Link 433 14 2897 0 2.44359838
Link 78 61 2967 0 2.07889318
Link 2 442 2981 0 0.82024694
Link 442 23 2982 0 1.00707447
Link 235 444 3000 0 -1.07821223
Link 31 446 3013 0 1.31180467
Link 446 211 3014 0 -1.46849051
Link 74 448 3024 0 1.83466760
Link 448 50 3025 0 0.51721647
Link 13 459 3083 1 -0.20911884
Link 459 199 3084 1 0.87680067
Link 52 13 3100 0 -0.81962003
Link 3 466 3152 0 -1.22454223
Link 470 192 3172 0 -1.89938749
Link 23 68 3177 0 -3.92534105
Link 6 263 3202 0 0.93269112
Link 3 192 3217 0 -0.06651099
Link 243 481 3245 0 -1.56851374
Link 2 482 3250 0 -0.96830118
Link 482 25 3251 0 0.76491161
Link 21 11 3275 0 -1.74694138
Link 14 20 3292 1 1.09000757
Link 7 493 3333 0 -0.76487195
Link 493 61 3334 0 0.77523921
Link 69 61 3336 0 -0.29712608
Link 52 499 3375 0 -0.55743247
Link 499 16 3376 0 -0.02284236
Link 218 500 3405 0 0.08081863
Link 500 51 3406 0 -0.85623030
Link 31 503 3435 0 -1.66104463
Link 503 243 3436 0 1.80818815
Link 102 508 3478 0 1.15911407
Link 508 20 3479 0 -3.68085880
Link 511 199 3504 0 0.01021512
Link 21 517 3558 0 -0.73560457
Link 517 13 3559 0 -0.70006918
Link 312 312 3592 1 0.46357912
Link 68 521 3594 0 2.04204445
Link 521 53 3595 0 -0.70639970
Link 17 522 3616 0 -0.40270043
Link 522 13 3617 0 -3.23553912
Link 24 19 3625 0 -1.03698309
Link 4 27 3680 0 1.85014081
Link 141 539 3726 0 3.01117429
Link 539 21 3727 0 -0.64022674
Link 14 541 3733 1 0.03660588
Link 541 263 3734 1 0.08313225
Link 41 53 3738 0 -2.50968939
Link 25 199 3809 0 1.91063631
Link 466 548 3819 0 -1.42943993
Link 548 24 3820 0 0.62519124
Link 1 102 3821 0 -0.61287818
Link 271 556 3871 0 -0.26549826
Link 556 12 3872 0 1.20907827
Link 175 560 3896 0 -2.09070901
Link 560 13 3897 0 0.70077052
Link 564 218 3918 0 -2.75342510
Link 568 69 3941 0 0.44328649
Link 50 51 3948 0 1.30291698
Link 226 199 3980 0 0.61686665
Link 5 383 3984 0 2.30347480
Link 3 576 4006 0 -0.18635871
Link 576 51 4007 0 1.04863865
Link 580 173 4070 0 -0.36855898
Link 30 383 4074 1 -0.84659952
Link 91 11 4110 0 1.22622233
Link 31 51 4116 0 -2.51059140
Link 21 21 4135 1 0.59365661
Link 51 593 4182 0 -1.75320653
Link 593 47 4183 0 -0.00875424
Link 7 594 4192 0 3.18486328
Link 594 493 4193 0 2.02373014
Link 568 568 4218 1 -2.11975170
Link 102 51 4251 0 1.82238321
Link 258 603 4284 0 -2.95481783
Link 603 13 4285 0 2.45584131
Link 16 271 4327 1 -2.78120106
Link 493 211 4380 0 -1.80630705
Link 69 617 4399 0 0.96221509
Link 617 211 4400 0 0.70872390
Link 199 199 4421 1 3.84831378
Link 11 620 4442 1 0.66713405
Link 620 91 4443 1 0.13410820
Link 69 621 4445 0 2.70648567
Link 621 61 4446 0 1.34859226
Link 4 623 4458 0 -2.18898079
Link 11 138 4460 1 -0.10697672
Link 141 33 4465 0 -2.61847374
Link 226 61 4543 0 0.41249491
Link 493 636 4558 0 -0.77676108
Link 636 61 4559 0 0.35684655
Link 3 639 4582 0 -0.65694980
Link 639 568 4583 0 -2.07623410
Link 69 643 4641 0 -0.45011722
Link 78 646 4657 0 1.95539812
Link 646 235 4658 0 -0.13947661
Link 17 60 4669 0 -0.16896569
Link 1 521 4677 0 -1.58589356
Link 493 14 4682 0 0.39601113
Link 46 47 4695 0 2.81806478
Link 1 650 4706 0 0.28635189
Link 650 25 4707 0 -2.06757783
Link 653 13 4736 0 0.20085736
Link 617 61 4782 1 -1.35548129
Link 517 517 4784 1 -0.11267395
Link 27 663 4827 0 -3.40709243
Link 226 620 4849 0 -0.66440592
Link 4 667 4870 0 0.72330330
Link 667 600 4871 0 1.91377385
Link 13 670 4893 1 0.24334661
Link 670 46 4894 1 2.05614892
Link 650 672 4904 0 -1.98714954
Link 43 61 4934 0 1.88789186
Link 21 679 4950 0 -1.01766054
Link 679 271 4951 0 2.57837859
Link 21 682 4981 0 0.67427376
Link 682 67 4982 0 -0.34135957
Link 650 312 4983 0 -1.49448510
Link 25 79 5000 0 3.69372670
Link 3 685 5018 0 0.18827466
Link 61 686 5021 0 -1.04667340
Link 686 111 5022 0 4.57339132
Link 19 541 5039 0 -0.63748914
Link 27 517 5041 0 -0.69129518
Link 15 511 5053 1 0.95622673
Link 24 258 5095 0 3.74311919
Link 225 383 5096 1 -1.01995440
Link 696 312 5128 0 -1.25946552
Link 621 679 5217 0 -1.82131074
Link 481 708 5219 0 3.43819613
Link 708 14 5220 0 1.63299615
Link 3 714 5257 0 0.71546030
Link 714 638 5258 0 0.57727446
Link 51 52 5307 0 -1.77192302
Link 663 719 5310 0 -1.53973350
Link 719 470 5311 0 2.31307798
Link 192 67 5313 0 -0.23349035
Link 4 731 5385 0 -1.62062480
Link 731 301 5386 0 0.32407794
Link 7 517 5395 0 -1.55654170
Link 734 51 5411 1 -1.46374135
Link 638 739 5438 0 0.69992093
Link 739 192 5439 0 1.73379756
Link 50 745 5470 0 0.39501162
Link 745 408 5471 0 -2.30548602
Link 459 746 5474 1 1.31470681
Link 746 199 5475 1 2.69608610
Link 4 757 5551 0 -0.41226106
Link 757 10 5552 0 -2.11722680
Link 580 758 5557 0 -0.87372563
Link 41 225 5577 0 1.58945574
Link 3 766 5607 0 -0.97884311
Link 766 192 5608 0 1.92164401
Link 643 767 5611 0 -0.71400229
Link 767 621 5612 0 2.62491667
Link 271 768 5615 1 -1.69035022
Link 768 56 5616 1 0.73128519
Link 226 773 5637 0 0.86554755
Link 773 600 5638 0 -0.70083498
Link 18 31 5642 0 -1.49951861
Link 780 51 5667 1 -0.39964040
Link 1 734 5668 0 2.99682944
Link 623 782 5689 0 -2.95716324
Link 48 786 5717 0 0.49032832
Link 243 211 5727 0 1.32133044
Link 31 787 5732 0 2.23311158
Link 787 47 5733 0 -2.23805725
Link 55 48 5755 0 1.96393945
Link 788 780 5759 1 0.50787683
Link 61 60 5762 0 0.40368394
Link 17 18 5789 0 1.71281437
Link 6 793 5794 0 1.93698982
Link 793 580 5795 0 0.19853946
Link 31 12 5798 0 0.02824656
Link 68 782 5801 0 3.68224336
Link 444 794 5803 0 2.15237938
Link 794 14 5804 0 0.90565995
Link 21 796 5813 0 0.53812620
Link 116 266 5837 0 1.28171433
Link 313 12 5854 0 3.13479478
Link 25 801 5860 0 -0.68161879
Link 801 364 5861 0 -1.08113688
Link 9 137 5885 0 1.41561258
Link 679 806 5900 0 1.99092285
Link 806 271 5901 0 -2.23610100
Link 780 53 5915 0 2.98442380
Link 138 444 5981 0 3.19830542
Link 782 819 6001 0 1.20521885
Link 819 266 6002 0 1.92576555
Link 91 271 6016 0 -2.64320036
Link 8 312 6022 0 -3.53931951
Link 758 826 6058 0 0.77013386
Link 826 173 6059 0 -2.38292619
Link 685 830 6086 0 -1.64175828
Link 508 175 6094 0 -2.33050799
Link 173 617 6102 0 -1.14413781
Link 650 137 6120 0 1.45594429
Link 299 638 6122 1 0.87131453
Link 173 833 6124 0 1.44060266
Link 833 48 6125 0 -0.43725625
Link 61 31 6180 0 -0.32266573
Link 584 243 6206 0 0.93067334
Link 1 23 6213 0 0.51099297
Link 848 25 6229 0 1.31112605
Link 734 350 6284 1 -0.30110266
Link 786 864 6383 0 -0.34068460
Link 864 511 6384 0 1.30974147
Link 499 50 6395 1 0.35639574
Link 594 867 6401 0 -0.38638908
Link 867 493 6402 0 -0.19480635
Link 2 870 6431 0 0.71885154
Link 870 51 6432 0 0.90399762
Link 225 235 6510 0 1.28865182
Link 25 243 6511 0 -2.70521037
Link 50 887 6563 0 1.74560699
Link 887 584 6564 0 -0.20679551
Link 23 890 6580 0 -0.59845646
Link 890 564 6581 0 1.40615105
Link 408 898 6644 0 -1.15289362
Link 898 10 6645 0 0.27343489
Link 19 899 6656 0 0.53889102
Link 48 902 6682 0 4.57213109
Link 902 175 6683 0 -3.39297018
Link 141 299 6738 0 -0.87293078
Link 672 15 6744 0 -2.39422908
Link 847 53 6764 0 -1.38081763
Link 914 27 6795 0 0.85603241
Link 10 60 6810 1 -3.71164494
Link 899 917 6829 0 -1.53969212
Link 917 47 6830 0 -1.11639808
Link 584 918 6833 0 2.67644642
Link 69 258 6856 0 0.72203158
Link 864 336 6864 1 0.58020640
Link 199 18 6914 1 1.34618421
Link 312 928 6932 0 0.64747964
Link 928 329 6933 0 0.69311141
Link 15 580 6977 1 -0.46672041
Link 936 914 7014 0 -4.80618730
Link 111 69 7021 1 -0.73850846
Link 69 252 7029 1 2.01368418
Link 3 938 7036 0 -0.97573417
Link 938 47 7037 0 0.98011688
Link 79 940 7046 0 -1.20125668
Link 940 15 7047 0 -0.94616459
Link 313 313 7111 1 -1.42578255
Link 12 746 7187 1 1.09335607
Link 192 958 7215 1 -0.90934293
Link 958 17 7216 1 0.16941326
Link 350 959 7219 0 -0.43576672
Link 959 336 7220 0 1.59766934
Link 899 164 7234 1 1.18844812
Link 963 847 7249 0 -3.52391511
Link 111 976 7329 0 -1.38290157
Link 976 653 7330 0 -2.25540605
Link 46 541 7339 0 3.42067886
Link 433 979 7355 0 -1.85253774
Link 979 902 7356 0 -2.31262475
Link 69 137 7365 1 -0.37848336
Link 52 459 7376 0 -0.28046054
Link 917 670 7453 0 0.33990110
Link 918 986 7460 0 -0.24806541
Link 986 79 7461 0 -3.78650575
Link 650 936 7482 0 -0.56869581
Link 345 992 7508 0 1.78496670
Link 992 847 7509 0 -0.31044373
Link 580 64 7527 0 2.21107937
Link 8 685 7542 0 1.30784220
Link 25 25 7577 1 2.48964451
Link 3 1003 7605 0 -0.70697979
Link 1003 10 7606 0 -3.32875165
Link 720 1004 7614 0 2.91034534
Link 1004 151 7615 0 -0.23584300
Link 56 33 7663 0 -0.90200531
Link 51 848 7766 1 0.45198190
Link 517 299 7778 0 1.90417104
Link 226 1023 7780 0 0.58633894
Link 1023 69 7781 0 2.26958541
Link 1024 848 7784 0 -0.06978916
Link 88 1031 7826 0 -1.81166840
Link 1031 136 7827 0 -1.80085424
Link 69 1044 7959 0 1.34839844
Link 1044 14 7960 0 1.22475175
Link 329 1055 8014 1 -1.57992484
Link 1055 25 8015 1 -1.11401898
Link 47 74 8094 1 0.94013540
Link 847 1086 8213 0 -1.55669814
Link 541 621 8261 1 1.84756793
Link 192 576 8331 1 -1.27943276
Link 33 1104 8407 1 2.39145221
Link 1104 33 8408 1 3.55472585
Link 87 899 8425 0 1.15663422
Link 638 444 8489 0 0.55395079
Link 6 1119 8505 0 2.11835809
Link 1119 720 8506 0 0.50563586
Link 2 1131 8633 0 0.93555694
Link 1131 23 8634 0 1.86107109
Link 51 1133 8647 0 0.01010918
Link 1133 470 8648 0 -1.03701287
Link 56 503 8718 0 -4.95117916
Link 29 470 8732 0 -0.51535310
Link 266 499 8758 0 1.36537109
Link 383 1141 8779 0 0.83254927
Link 1141 623 8780 0 1.62497320
Link 580 1144 8801 0 -2.69595534
Link 1144 650 8802 0 2.86383115
Link 11 638 8812 1 -0.37912874
Link 503 1147 8822 1 -3.34739464
Link 1147 345 8823 1 3.62880900
Link 470 580 8878 1 -1.41794845
Link 299 620 9001 0 -1.60763607
Link 1086 1159 9027 0 -0.95905310
Link 1159 936 9028 0 2.81239691
Link 890 890 9070 1 1.46251246
Link 686 686 9155 1 0.80859914
Link 102 173 9269 0 -1.90623969
Link 271 672 9297 1 2.18869104
Link 796 1188 9301 0 -0.02561313
Link 1188 679 9302 0 -0.67139110
Link 672 1204 9439 0 -1.19380993
Link 864 522 9449 0 1.27059111
Link 503 91 9457 0 -2.61217813
Link 25 1214 9515 1 2.49832836
Link 1214 1078 9516 1 -0.45640680
Link 56 48 9553 0 -0.66467159
Link 20 51 9565 0 -3.25433292
Link 97 1221 9587 0 0.36617310
Link 1221 12 9588 0 0.40769782
Link 914 1144 9600 1 -0.26031944
Link 46 27 9666 0 1.30419500
Link 623 745 9686 0 4.22027921
Link 53 1230 9702 0 0.52562127
Link 1230 97 9703 0 0.48295655
Link 62 1235 9792 0 0.84841999
Link 1235 50 9793 0 2.20931884
Link 1204 1236 9795 0 1.24848341
Link 1236 1024 9796 0 -0.89886095
Link 470 61 9814 1 0.35561327
Link 91 600 9864 1 0.28565249
Link 329 600 9928 1 2.87054047
Link 51 1259 10002 1 0.00359936
Link 1259 788 10003 1 -0.57936379
Link 41 1271 10111 0 0.55941926
Link 1271 446 10112 0 -0.75531870
Link 780 43 10143 0 1.13144522
Link 796 91 10148 0 -1.16513814
Link 1078 1286 10306 1 -0.21872899
Link 1286 137 10307 1 0.23065755
Link 459 266 10400 1 -0.55448701
Link 312 15 10423 0 0.92879705
Link 105 638 10438 1 0.06769848
Link 600 1301 10482 0 -0.27700317
Link 1301 963 10483 0 -0.20137048
Link 746 621 10514 1 -2.52900216
Link 679 1306 10526 1 -0.36627514
Link 1306 29 10527 1 0.13416404
Link 17 329 10534 0 -2.56254574
Link 173 1311 10585 0 1.92634137
Link 1311 696 10586 0 -0.48441081
Link 8 963 10645 0 1.53422116
Link 1133 696 10663 0 0.12527210
Link 685 211 10735 0 -0.98277326
Link 5 336 10755 0 -0.98913135
Link 15 584 10795 1 -0.95331795
Link 336 793 10802 1 1.69407869
Link 56 134 10819 0 0.33361863
Link 686 734 10892 0 -1.30687587
Link 1078 271 11018 0 1.65282250
Link 53 141 11052 1 2.03286863
Link 18 940 11056 0 1.20908343
Link 48 56 11084 0 0.62746782
Link 603 94 11203 1 -1.51434433
Link 1235 679 11283 0 2.10098821
Link 1078 470 11315 0 -1.02489939
Link 225 794 11356 0 1.16986806
Link 7 29 11390 0 0.97277119
Link 18 41 11407 0 -0.26021286
Link 99 111 11460 0 2.77341818
Link 170 672 11551 0 -1.33606342
Link 136 1044 11625 0 -0.92684393
Link 226 291 12188 0 -1.06934161
Link 448 329 12441 0 -2.34948604
Link 364 938 12615 1 -0.57555137
Link 19 34 12667 0 0.04370604
Link 830 1532 12721 0 -2.22550284
Link 1532 69 12722 0 0.46292752
Link 767 768 12748 0 -1.21986300
Link 263 636 12759 0 1.69999941
Link 867 97 13053 0 3.06891023
Link 500 899 13073 0 -4.71353654
Link 17 87 13102 0 -1.59850859
Link 383 584 13121 0 -3.13208164
Link 262 500 13177 0 1.35300006
Link 19 1596 13376 0 0.98487887
Link 1596 69 13377 0 3.20644985
Link 88 1611 13510 1 1.02234748
Link 1611 914 13511 1 -4.00748382
Link 576 46 13724 0 -2.66101255
Link 890 30 13984 0 0.15792381
Link 796 768 14102 0 0.14673268
GenomeEnd

