GenomeStart 61594
Neuron 1 1 0.00000000 1 0.00000000 0.00000000 0.00000000 0.00000000
Neuron 2 1 0.00000000 1 0.00000000 0.00000000 0.00000000 0.00000000
Neuron 3 1 0.00000000 1 0.00000000 0.00000000 0.00000000 0.00000000
Neuron 4 1 0.00000000 1 0.00000000 0.00000000 0.00000000 0.00000000
Neuron 5 1 0.00000000 1 0.00000000 0.00000000 0.00000000 0.00000000
Neuron 6 1 0.00000000 1 0.00000000 0.00000000 0.00000000 0.00000000
Neuron 7 1 0.00000000 1 0.00000000 0.00000000 0.00000000 0.00000000
Neuron 8 1 0.00000000 1 0.00000000 0.00000000 0.00000000 0.00000000
Neuron 9 2 0.00000000 1 0.00000000 0.00000000 0.00000000 0.00000000
Neuron 10 4 1.00000000 0 1.00000000 0.00000000 0.00000000 0.00000000
Neuron 11 4 1.00000000 0 1.00000000 0.00000000 0.00000000 0.00000000
Neuron 12 4 1.00000000 0 1.00000000 0.00000000 0.00000000 0.00000000
Neuron 13 4 1.00000000 0 1.00000000 0.00000000 0.00000000 0.00000000
Neuron 14 4 1.00000000 0 1.00000000 0.00000000 0.00000000 0.00000000
Neuron 15 4 1.00000000 0 1.00000000 0.00000000 0.00000000 0.00000000
Neuron 16 4 1.00000000 0 1.00000000 0.00000000 0.00000000 0.00000000
Neuron 17 3 0.50000000 1 1.00000000 0.00000000 0.00000000 0.00000000
Neuron 18 3 0.50000000 1 1.00000000 0.00000000 0.00000000 0.00000000
Neuron 19 3 0.50000000 1 1.00000000 0.00000000 0.00000000 0.00000000
Neuron 20 3 0.50000000 1 1.00000000 0.00000000 0.00000000 0.00000000
Neuron 21 3 0.50000000 1 1.00000000 0.00000000 0.00000000 0.00000000
Neuron 23 3 0.50000000 1 1.00000000 0.00000000 0.00000000 0.00000000
Neuron 24 3 0.50000000 1 1.00000000 0.00000000 0.00000000 0.00000000
Neuron 25 3 0.50000000 1 1.00000000 0.00000000 0.00000000 0.00000000
Neuron 27 3 0.50000000 1 1.00000000 0.00000000 0.00000000 0.00000000
Neuron 29 3 0.50000000 1 1.00000000 0.00000000 0.00000000 0.00000000
Neuron 30 3 0.50000000 1 1.00000000 0.00000000 0.00000000 0.00000000
Neuron 31 3 0.50000000 1 1.00000000 0.00000000 0.00000000 0.00000000
Neuron 33 3 0.50000000 1 1.00000000 0.00000000 0.00000000 0.00000000
Neuron 39 3 0.50000000 1 1.00000000 0.00000000 0.00000000 0.00000000
Neuron 41 3 0.50000000 1 1.00000000 0.00000000 0.00000000 0.00000000
Neuron 43 3 0.50000000 1 1.00000000 0.00000000 0.00000000 0.00000000
Neuron 46 3 0.50000000 1 1.00000000 0.00000000 0.00000000 0.00000000
Neuron 47 3 0.50000000 1 1.00000000 0.00000000 0.00000000 0.00000000
Neuron 48 3 0.50000000 1 1.00000000 0.00000000 0.00000000 0.00000000
Neuron 50 3 0.50000000 1 1.00000000 0.00000000 0.00000000 0.00000000
Neuron 51 3 0.50000000 1 1.00000000 0.00000000 0.00000000 0.00000000
Neuron 52 3 0.50000000 1 1.00000000 0.00000000 0.00000000 0.00000000
Neuron 53 3 0.50000000 1 1.00000000 0.00000000 0.00000000 0.00000000
Neuron 55 3 0.50000000 1 1.00000000 0.00000000 0.00000000 0.00000000
Neuron 56 3 0.50000000 1 1.00000000 0.00000000 0.00000000 0.00000000
Neuron 60 3 0.50000000 1 1.00000000 0.00000000 0.00000000 0.00000000
Neuron 61 3 0.50000000 1 1.00000000 0.00000000 0.00000000 0.00000000
Neuron 62 3 0.50000000 1 1.00000000 0.00000000 0.00000000 0.00000000
Neuron 64 3 0.50000000 1 1.00000000 0.00000000 0.00000000 0.00000000
Neuron 67 3 0.75000000 1 1.00000000 0.00000000 0.00000000 0.00000000
Neuron 68 3 0.50000000 1 1.00000000 0.00000000 0.00000000 0.00000000
Neuron 69 3 0.50000000 1 1.00000000 0.00000000 0.00000000 0.00000000
Neuron 74 3 0.25000000 1 1.00000000 0.00000000 0.00000000 0.00000000
Neuron 78 3 0.50000000 1 1.00000000 0.00000000 0.00000000 0.00000000
Neuron 79 3 0.50000000 1 1.00000000 0.00000000 0.00000000 0.00000000
Neuron 87 3 0.50000000 1 1.00000000 0.00000000 0.00000000 0.00000000
Neuron 88 3 0.75000000 1 1.00000000 0.00000000 0.00000000 0.00000000
Neuron 91 3 0.75000000 1 1.00000000 0.00000000 0.00000000 0.00000000
Neuron 94 3 0.25000000 1 1.00000000 0.00000000 0.00000000 0.00000000
Neuron 97 3 0.75000000 1 1.00000000 0.00000000 0.00000000 0.00000000
Neuron 102 3 0.25000000 1 1.00000000 0.00000000 0.00000000 0.00000000
Neuron 105 3 0.75000000 1 1.00000000 0.00000000 0.00000000 0.00000000
Neuron 111 3 0.75000000 1 1.00000000 0.00000000 0.00000000 0.00000000
Neuron 116 3 0.25000000 1 1.00000000 0.00000000 0.00000000 0.00000000
Neuron 136 3 0.75000000 1 1.00000000 0.00000000 0.00000000 0.00000000
Neuron 137 3 0.25000000 1 1.00000000 0.00000000 0.00000000 0.00000000
Neuron 138 3 0.75000000 1 1.00000000 0.00000000 0.00000000 0.00000000
Neuron 139 3 0.25000000 1 1.00000000 0.00000000 0.00000000 0.00000000
Neuron 141 3 0.25000000 1 1.00000000 0.00000000 0.00000000 0.00000000
Neuron 151 3 0.25000000 1 1.00000000 0.00000000 0.00000000 0.00000000
Neuron 164 3 0.25000000 1 1.00000000 0.00000000 0.00000000 0.00000000
Neuron 173 3 0.25000000 1 1.00000000 0.00000000 0.00000000 0.00000000
Neuron 175 3 0.75000000 1 1.00000000 0.00000000 0.00000000 0.00000000
Neuron 192 3 0.75000000 1 1.00000000 0.00000000 0.00000000 0.00000000
Neuron 199 3 0.75000000 1 1.00000000 0.00000000 0.00000000 0.00000000
Neuron 211 3 0.75000000 1 1.00000000 0.00000000 0.00000000 0.00000000
Neuron 218 3 0.50000000 1 1.00000000 0.00000000 0.00000000 0.00000000
Neuron 225 3 0.62500000 1 1.00000000 0.00000000 0.00000000 0.00000000
Neuron 226 3 0.25000000 1 1.00000000 0.00000000 0.00000000 0.00000000
Neuron 235 3 0.75000000 1 1.00000000 0.00000000 0.00000000 0.00000000
Neuron 243 3 0.75000000 1 1.00000000 0.00000000 0.00000000 0.00000000
Neuron 252 3 0.25000000 1 1.00000000 0.00000000 0.00000000 0.00000000
Neuron 258 3 0.87500000 1 1.00000000 0.00000000 0.00000000 0.00000000
Neuron 262 3 0.25000000 1 1.00000000 0.00000000 0.00000000 0.00000000
Neuron 263 3 0.25000000 1 1.00000000 0.00000000 0.00000000 0.00000000
Neuron 266 3 0.75000000 1 1.00000000 0.00000000 0.00000000 0.00000000
Neuron 271 3 0.75000000 1 1.00000000 0.00000000 0.00000000 0.00000000
Neuron 291 3 0.37500000 1 1.00000000 0.00000000 0.00000000 0.00000000
Neuron 299 3 0.75000000 1 1.00000000 0.00000000 0.00000000 0.00000000
Neuron 301 3 0.75000000 1 1.00000000 0.00000000 0.00000000 0.00000000
Neuron 312 3 0.87500000 1 1.00000000 0.00000000 0.00000000 0.00000000
Neuron 313 3 0.37500000 1 1.00000000 0.00000000 0.00000000 0.00000000
Neuron 329 3 0.93750000 1 1.00000000 0.00000000 0.00000000 0.00000000
Neuron 330 3 0.62500000 1 1.00000000 0.00000000 0.00000000 0.00000000
Neuron 357 3 0.12500000 1 1.00000000 0.00000000 0.00000000 0.00000000
Neuron 364 3 0.75000000 1 1.00000000 0.00000000 0.00000000 0.00000000
Neuron 383 3 0.37500000 1 1.00000000 0.00000000 0.00000000 0.00000000
Neuron 408 3 0.75000000 1 1.00000000 0.00000000 0.00000000 0.00000000
Neuron 433 3 0.50000000 1 1.00000000 0.00000000 0.00000000 0.00000000
Neuron 442 3 0.25000000 1 1.00000000 0.00000000 0.00000000 0.00000000
Neuron 444 3 0.87500000 1 1.00000000 0.00000000 0.00000000 0.00000000
Neuron 446 3 0.62500000 1 1.00000000 0.00000000 0.00000000 0.00000000
Neuron 448 3 0.37500000 1 1.00000000 0.00000000 0.00000000 0.00000000
Neuron 459 3 0.87500000 1 1.00000000 0.00000000 0.00000000 0.00000000
Neuron 466 3 0.25000000 1 1.00000000 0.00000000 0.00000000 0.00000000
Neuron 481 3 0.87500000 1 1.00000000 0.00000000 0.00000000 0.00000000
Neuron 493 3 0.25000000 1 1.00000000 0.00000000 0.00000000 0.00000000
Neuron 499 3 0.75000000 1 1.00000000 0.00000000 0.00000000 0.00000000
Neuron 500 3 0.50000000 1 1.00000000 0.00000000 0.00000000 0.00000000
Neuron 508 3 0.37500000 1 1.00000000 0.00000000 0.00000000 0.00000000
Neuron 517 3 0.75000000 1 1.00000000 0.00000000 0.00000000 0.00000000
Neuron 521 3 0.50000000 1 1.00000000 0.00000000 0.00000000 0.00000000
Neuron 539 3 0.37500000 1 1.00000000 0.00000000 0.00000000 0.00000000
Neuron 541 3 0.62500000 1 1.00000000 0.00000000 0.00000000 0.00000000
Neuron 548 3 0.37500000 1 1.00000000 0.00000000 0.00000000 0.00000000
Neuron 564 3 0.50000000 1 1.00000000 0.00000000 0.00000000 0.00000000
Neuron 568 3 0.25000000 1 1.00000000 0.00000000 0.00000000 0.00000000
Neuron 576 3 0.25000000 1 1.00000000 0.00000000 0.00000000 0.00000000
Neuron 580 3 0.12500000 1 1.00000000 0.00000000 0.00000000 0.00000000
Neuron 584 3 0.50000000 1 1.00000000 0.00000000 0.00000000 0.00000000
Neuron 594 3 0.12500000 1 1.00000000 0.00000000 0.00000000 0.00000000
Neuron 603 3 0.93750000 1 1.00000000 0.00000000 0.00000000 0.00000000
Neuron 617 3 0.62500000 1 1.00000000 0.00000000 0.00000000 0.00000000
Neuron 620 3 0.87500000 1 1.00000000 0.00000000 0.00000000 0.00000000
Neuron 621 3 0.50000000 1 1.00000000 0.00000000 0.00000000 0.00000000
Neuron 623 3 0.37500000 1 1.00000000 0.00000000 0.00000000 0.00000000
Neuron 636 3 0.37500000 1 1.00000000 0.00000000 0.00000000 0.00000000
Neuron 638 3 0.37500000 1 1.00000000 0.00000000 0.00000000 0.00000000
Neuron 643 3 0.50000000 1 1.00000000 0.00000000 0.00000000 0.00000000
Neuron 646 3 0.62500000 1 1.00000000 0.00000000 0.00000000 0.00000000
Neuron 650 3 0.25000000 1 1.00000000 0.00000000 0.00000000 0.00000000
Neuron 670 3 0.75000000 1 1.00000000 0.00000000 0.00000000 0.00000000
Neuron 679 3 0.62500000 1 1.00000000 0.00000000 0.00000000 0.00000000
Neuron 682 3 0.62500000 1 1.00000000 0.00000000 0.00000000 0.00000000
Neuron 685 3 0.25000000 1 1.00000000 0.00000000 0.00000000 0.00000000
Neuron 720 3 0.12500000 1 1.00000000 0.00000000 0.00000000 0.00000000
Neuron 745 3 0.62500000 1 1.00000000 0.00000000 0.00000000 0.00000000
Neuron 746 3 0.81250000 1 1.00000000 0.00000000 0.00000000 0.00000000
Neuron 766 3 0.37500000 1 1.00000000 0.00000000 0.00000000 0.00000000
Neuron 767 3 0.50000000 1 1.00000000 0.00000000 0.00000000 0.00000000
Neuron 768 3 0.62500000 1 1.00000000 0.00000000 0.00000000 0.00000000
Neuron 780 3 0.50000000 1 1.00000000 0.00000000 0.00000000 0.00000000
Neuron 782 3 0.56250000 1 1.00000000 0.00000000 0.00000000 0.00000000
Neuron 787 3 0.50000000 1 1.00000000 0.00000000 0.00000000 0.00000000
Neuron 788 3 0.50000000 1 1.00000000 0.00000000 0.00000000 0.00000000
Neuron 794 3 0.93750000 1 1.00000000 0.00000000 0.00000000 0.00000000
Neuron 796 3 0.56250000 1 1.00000000 0.00000000 0.00000000 0.00000000
Neuron 801 3 0.62500000 1 1.00000000 0.00000000 0.00000000 0.00000000
Neuron 819 3 0.65625000 1 1.00000000 0.00000000 0.00000000 0.00000000
Neuron 830 3 0.37500000 1 1.00000000 0.00000000 0.00000000 0.00000000
Neuron 887 3 0.50000000 1 1.00000000 0.00000000 0.00000000 0.00000000
Neuron 890 3 0.50000000 1 1.00000000 0.00000000 0.00000000 0.00000000
Neuron 899 3 0.50000000 1 1.00000000 0.00000000 0.00000000 0.00000000
Neuron 902 3 0.62500000 1 1.00000000 0.00000000 0.00000000 0.00000000
Neuron 917 3 0.50000000 1 1.00000000 0.00000000 0.00000000 0.00000000
Neuron 918 3 0.50000000 1 1.00000000 0.00000000 0.00000000 0.00000000
Neuron 979 3 0.56250000 1 1.00000000 0.00000000 0.00000000 0.00000000
Neuron 986 3 0.50000000 1 1.00000000 0.00000000 0.00000000 0.00000000
Neuron 1003 3 0.50000000 1 1.00000000 0.00000000 0.00000000 0.00000000
Neuron 1004 3 0.18750000 1 1.00000000 0.00000000 0.00000000 0.00000000
Neuron 1221 3 0.87500000 1 1.00000000 0.00000000 0.00000000 0.00000000
Neuron 1230 3 0.62500000 1 1.00000000 0.00000000 0.00000000 0.00000000
Neuron 1235 3 0.50000000 1 1.00000000 0.00000000 0.00000000 0.00000000
Neuron 1271 3 0.56250000 1 1.00000000 0.00000000 0.00000000 0.00000000
Link 1 10 1 0 0.48832806
Link 2 10 2 0 -0.24850015
Link 4 10 4 0 -0.17612708
Link 5 10 5 0 -0.90375543
Link 6 10 6 0 2.49039224
Link 7 10 7 0 0.87629992
Link 8 10 8 0 -0.74822782
Link 9 10 9 0 1.01088140
Link 1 11 10 0 2.61332745
Link 2 11 11 0 -1.91551902
Link 3 11 12 0 1.49118224
Link 4 11 13 0 -0.31383866
Link 5 11 14 0 0.96664018
Link 6 11 15 0 -1.04061319
Link 7 11 16 0 -1.55423085
Link 8 11 17 0 1.07346290
Link 9 11 18 0 0.37923081
Link 2 12 20 0 0.80373460
Link 3 12 21 0 0.73329263
Link 4 12 22 0 -0.45826298
Link 5 12 23 0 -0.58442037
Link 6 12 24 0 -0.83221438
Link 7 12 25 0 0.21570380
Link 8 12 26 0 2.08611962
Link 9 12 27 0 -1.98239531
Link 1 13 28 0 1.18964488
Link 2 13 29 0 0.30353414
Link 4 13 31 0 0.84935522
Link 5 13 32 0 -0.07332341
Link 7 13 34 0 -1.08334182
Link 8 13 35 0 2.46754637
Link 9 13 36 0 0.65460945
Link 3 14 39 0 -1.20386745
Link 5 14 41 0 3.53655791
Link 6 14 42 0 1.62690884
Link 8 14 44 0 2.54836550
Link 9 14 45 0 0.20346318
Link 1 15 46 0 2.54387204
Link 2 15 47 0 2.55250777
Link 3 15 48 0 -0.10600023
Link 4 15 49 0 0.25686079
Link 5 15 50 0 -1.27548536
Link 6 15 51 0 0.83926948
Link 7 15 52 0 -1.29105976
Link 8 15 53 0 1.22767656
Link 9 15 54 0 -0.21303044
Link 1 16 55 0 0.73565235
Link 2 16 56 0 -0.26425578
Link 3 16 57 0 -1.85525449
Link 4 16 58 0 0.27884903
Link 5 16 59 0 0.14166426
Link 6 16 60 0 1.14705428
Link 7 16 61 0 -2.65703818
Link 9 16 63 0 -0.18930882
Link 3 17 65 0 3.34114117
Link 17 10 66 0 -0.27430082
Link 8 18 68 0 -1.21964527
Link 18 14 69 0 -1.61153538
Link 19 11 72 0 -0.26669727
Link 2 23 84 0 1.15448128
Link 23 13 85 0 -0.06530954
Link 1 24 87 0 -4.40918133
Link 2 25 90 0 -0.57039978
Link 8 29 103 0 0.74946654
Link 29 12 104 0 -0.63981447
Link 4 30 106 0 -1.94121669
Link 3 31 109 0 -2.68642092
Link 6 33 115 0 0.81633085
Link 33 14 116 0 1.17573843
Link 2 39 133 0 -1.06090877
Link 39 15 134 0 -1.40461362
Link 6 41 139 0 0.41308019
Link 41 16 140 0 1.38361074
Link 6 43 146 0 0.15764691
Link 43 12 147 0 1.67646570
Link 3 47 158 0 -0.58214750
Link 47 13 159 0 0.14837801
Link 1 48 161 0 1.99543247
Link 48 14 162 0 0.60209517
Link 8 50 168 0 -0.91924912
Link 50 16 169 0 -0.01213685
Link 2 51 172 0 -1.20358762
Link 51 14 173 0 0.48223524
Link 1 52 175 0 0.80689817
Link 52 12 176 0 1.86440213
Link 5 53 179 0 -0.92675502
Link 8 55 185 0 -1.87692903
Link 55 15 186 0 0.03169135
Link 8 56 188 0 0.82429525
Link 56 13 189 0 2.47685899
Link 60 12 221 0 0.57356014
Link 6 61 225 0 0.67320301
Link 61 13 226 0 3.03293230
Link 2 62 234 0 1.16408898
Link 62 12 235 0 1.48715284
Link 4 64 243 0 1.07753401
Link 64 10 244 0 -1.65270334
Link 21 67 264 0 2.94859116
Link 67 15 265 0 1.34561265
Link 11 23 270 1 0.79086065
Link 2 68 274 0 1.79690726
Link 68 10 275 0 -1.10281700
Link 7 69 285 0 0.08047501
Link 69 14 286 0 -1.92676511
Link 51 61 323 0 -0.32862266
Link 8 74 334 0 0.52871295
Link 78 10 354 0 -0.09289314
Link 79 11 365 0 -0.05561162
Link 9 21 406 0 2.44774226
Link 4 87 457 0 0.50740867
Link 87 15 458 0 -0.94405260
Link 20 88 466 0 -0.05295096
Link 88 16 467 0 0.32993520
Link 50 10 476 0 0.84031605
Link 50 91 513 0 -2.93349403
Link 91 16 514 0 -0.96651845
Link 94 41 533 0 0.06577394
Link 3 61 534 0 -2.01478021
Link 52 16 556 0 1.34231166
Link 4 102 586 0 0.81189220
Link 102 20 587 0 2.79924670
Link 9 31 601 0 0.29253815
Link 2 17 617 0 -0.53014248
Link 7 51 618 0 -0.48799325
Link 60 105 631 0 -0.07051920
Link 105 12 632 0 -1.45794860
Link 61 111 676 0 -0.27629196
Link 111 13 677 0 -0.56325126
Link 3 116 708 0 0.47523595
Link 116 47 709 0 2.10622578
Link 10 61 755 1 0.45013869
Link 8 31 792 0 -0.72726341
Link 3 137 872 0 -0.01903070
Link 137 60 873 0 1.20515371
Link 138 12 881 0 0.08508088
Link 2 139 883 0 -0.35160162
Link 139 17 884 0 -1.46233604
Link 7 141 892 0 -0.87529951
Link 141 21 893 0 -1.01632510
Link 46 69 926 0 2.50214080
Link 3 151 966 0 0.19929417
Link 6 164 1057 0 0.97879651
Link 164 61 1058 0 -0.54797265
Link 6 173 1110 0 1.64975482
Link 173 27 1111 0 0.94192235
Link 46 175 1117 0 4.50834837
Link 175 13 1118 0 2.41392866
Link 17 13 1127 0 -0.86124188
Link 7 19 1139 0 0.64325822
Link 1 25 1224 0 0.60734978
Link 27 192 1279 0 1.77571779
Link 192 10 1280 0 -1.96812488
Link 55 13 1296 0 1.49647412
Link 62 62 1330 1 -2.13722264
Link 48 199 1353 0 -1.44585335
Link 211 15 1409 0 1.30908674
Link 24 225 1512 0 2.24861338
Link 225 136 1513 0 1.99688921
Link 7 226 1515 0 0.89467089
Link 226 79 1516 0 -0.70974839
Link 69 235 1580 0 -0.74586790
Link 50 79 1608 0 -1.74250271
Link 31 243 1637 0 2.23336333
Link 243 14 1638 0 -2.18274682
Link 62 47 1650 0 1.09139301
Link 47 46 1684 0 0.23109583
Link 2 252 1717 0 0.78050903
Link 252 51 1718 0 1.54834274
Link 136 258 1749 0 2.29870359
Link 8 262 1777 0 2.08494341
Link 7 263 1789 0 -2.28049442
Link 5 226 1809 0 -0.45805369
Link 53 266 1813 0 1.49766856
Link 266 10 1814 0 -1.27650197
Link 9 199 1828 0 -1.56225916
Link 271 12 1865 0 -0.93606488
Link 51 24 1883 0 0.83347469
Link 211 17 1909 1 -0.42480162
Link 262 291 1976 0 -2.47802270
Link 291 78 1977 0 0.46063117
Link 47 299 2018 0 -0.04649632
Link 299 13 2019 0 0.80918881
Link 30 301 2034 0 0.28840771
Link 301 14 2035 0 2.25367055
Link 199 312 2110 0 -0.21632485
Link 312 14 2111 0 1.30356595
Link 151 313 2117 0 0.93074788
Link 313 19 2118 0 1.11757129
Link 312 329 2201 0 -1.28436665
Link 329 14 2202 0 2.03817247
Link 24 330 2208 0 0.34391759
Link 330 138 2209 0 1.60199385
Link 6 357 2394 0 0.20122928
Link 357 94 2395 0 0.23754758
Link 61 53 2409 0 1.89086453
Link 51 47 2423 0 -1.93067387
Link 25 364 2456 0 -1.62679430
Link 364 16 2457 0 -0.73027022
Link 263 383 2566 0 1.61648554
Link 383 69 2567 0 1.01024336
Link 27 33 2695 0 0.11029761
Link 408 10 2729 0 1.49145289
Link 13 199 2731 1 1.97629445
Link 7 433 2896 0 -0.10936014
Link 433 14 2897 0 0.78991172
Link 78 61 2967 0 0.17909436
Link 2 442 2981 0 0.83950330
Link 442 23 2982 0 1.27237859
Link 235 444 3000 0 -0.69042621
Link 31 446 3013 0 1.10459491
Link 446 211 3014 0 -0.60049036
Link 74 448 3024 0 0.31273853
Link 448 50 3025 0 1.40672095
Link 13 459 3083 1 -0.36458115
Link 3 466 3152 0 2.63369364
Link 23 68 3177 0 -1.27526232
Link 6 263 3202 0 0.51753823
Link 243 481 3245 0 0.14537533
Link 481 14 3246 0 0.23235150
Link 21 11 3275 0 0.65767334
Link 14 20 3292 1 -3.33481236
Link 7 493 3333 0 2.09357064
Link 493 61 3334 0 1.88463886
Link 52 499 3375 0 0.69572098
Link 499 16 3376 0 1.10892800
Link 218 500 3405 0 2.11078915
Link 500 51 3406 0 -0.56040362
Link 102 508 3478 0 -0.23608844
Link 508 20 3479 0 -0.32968791
Link 21 517 3558 0 0.15819734
Link 517 13 3559 0 -0.00519156
Link 312 312 3592 1 1.18320417
Link 68 521 3594 0 -0.43479251
Link 521 53 3595 0 0.24069219
Link 24 19 3625 0 -1.42548561
Link 4 27 3680 0 0.77070938
Link 141 539 3726 0 -0.46109952
Link 539 21 3727 0 -2.13323280
Link 14 541 3733 1 1.52973990
Link 541 263 3734 1 -2.01542230
Link 41 53 3738 0 3.07141252
Link 466 548 3819 0 0.06788126
Link 548 24 3820 0 0.51130204
Link 1 102 3821 0 -1.61111307
Link 564 218 3918 0 1.32804803
Link 3 568 3940 0 -2.38305654
Link 568 69 3941 0 -1.46681377
Link 50 51 3948 0 0.10814145
Link 5 383 3984 0 -2.87230036
Link 3 576 4006 0 -0.83065727
Link 576 51 4007 0 -0.31095535
Link 580 173 4070 0 -1.91233275
Link 30 383 4074 1 1.02463005
Link 31 51 4116 0 -3.16785691
Link 7 594 4192 0 3.04526329
Link 594 493 4193 0 0.04318032
Link 568 568 4218 1 0.01915900
Link 102 51 4251 0 -1.00807042
Link 258 603 4284 0 1.04514928
Link 603 13 4285 0 4.06752367
Link 493 211 4380 0 -1.14270295
Link 69 617 4399 0 2.07682329
Link 617 211 4400 0 1.82089384
Link 11 620 4442 1 0.44147642
Link 620 91 4443 1 -1.05209698
Link 69 621 4445 0 0.56463506
Link 621 61 4446 0 3.12905733
Link 4 623 4458 0 -1.08422552
Link 11 138 4460 1 -4.76238872
Link 141 33 4465 0 0.26690600
Link 226 61 4543 0 -0.15923598
Link 493 636 4558 0 -0.57955216
Link 636 61 4559 0 -0.64846157
Link 3 638 4579 0 -0.03118185
Link 638 192 4580 0 -0.20784311
Link 69 643 4641 0 -0.66703739
Link 78 646 4657 0 1.35022288
Link 646 235 4658 0 0.46302001
Link 17 60 4669 0 0.43998080
Link 1 521 4677 0 1.84462054
Link 46 47 4695 0 0.06176838
Link 1 650 4706 0 -2.12953134
Link 650 25 4707 0 -0.81359518
Link 617 61 4782 1 0.32014301
Link 226 620 4849 0 -2.72174418
Link 13 670 4893 1 0.50072058
Link 670 46 4894 1 0.72339969
Link 43 61 4934 0 0.38978279
Link 679 271 4951 0 0.08572315
Link 21 682 4981 0 -3.36515472
Link 682 67 4982 0 2.38350637
Link 650 312 4983 0 3.76064360
Link 25 79 5000 0 0.41925999
Link 3 685 5018 0 1.78852371
Link 19 541 5039 0 3.65814573
Link 27 517 5041 0 -0.30154972
Link 24 258 5095 0 -0.96827824
Link 225 383 5096 1 0.51079444
Link 4 301 5164 0 -0.67540392
Link 621 679 5217 0 0.68963395
Link 51 52 5307 0 0.58055567
Link 192 67 5313 0 0.37104447
Link 6 720 5323 0 0.24926623
Link 7 517 5395 0 0.11982208
Link 50 745 5470 0 -0.51925863
Link 745 408 5471 0 2.97255941
Link 459 746 5474 1 2.32837184
Link 746 199 5475 1 -1.95400244
Link 41 225 5577 0 -1.02515247
Link 3 766 5607 0 1.74325213
Link 766 192 5608 0 0.04705275
Link 643 767 5611 0 0.09715146
Link 767 621 5612 0 0.02390480
Link 271 768 5615 1 0.77666734
Link 768 56 5616 1 1.56879154
Link 18 31 5642 0 1.79421882
Link 780 51 5667 1 0.88002753
Link 623 782 5689 0 1.30492885
Link 31 787 5732 0 0.89336098
Link 787 47 5733 0 2.69230784
Link 173 48 5745 0 -0.86914907
Link 55 48 5755 0 1.19066354
Link 51 788 5758 1 0.09549130
Link 788 780 5759 1 0.30317641
Link 61 60 5762 0 0.69012983
Link 17 18 5789 0 1.87730508
Link 31 12 5798 0 0.22360454
Link 68 782 5801 0 2.21959403
Link 444 794 5803 0 0.32554453
Link 794 14 5804 0 -0.46975809
Link 21 796 5813 0 -0.27933876
Link 796 679 5814 0 -0.39306414
Link 116 266 5837 0 -0.59890957
Link 313 12 5854 0 0.86578582
Link 25 801 5860 0 0.42764772
Link 801 364 5861 0 0.41635417
Link 780 53 5915 0 2.03503422
Link 138 444 5981 0 1.16339352
Link 782 819 6001 0 1.85126703
Link 819 266 6002 0 -2.79973676
Link 8 312 6022 0 -1.75935679
Link 685 830 6086 0 -0.16954585
Link 830 69 6087 0 1.71675471
Link 508 175 6094 0 1.60081059
Link 173 617 6102 0 3.87189824
Link 299 638 6122 1 -1.21926046
Link 61 31 6180 0 2.17298265
Link 584 243 6206 0 -0.37147667
Link 1 23 6213 0 0.30165436
Link 79 15 6280 0 -0.32793965
Link 499 50 6395 1 2.98238300
Link 225 235 6510 0 -1.77144768
Link 25 243 6511 0 0.83426025
Link 50 887 6563 0 -0.74927570
Link 887 584 6564 0 -0.28653899
Link 23 890 6580 0 0.72767370
Link 890 564 6581 0 -0.71669455
Link 19 899 6656 0 0.29240306
Link 48 902 6682 0 -1.16059282
Link 902 175 6683 0 1.22971691
Link 141 299 6738 0 -1.35388586
Link 899 917 6829 0 0.21250009
Link 917 47 6830 0 2.42063299
Link 584 918 6833 0 2.30506265
Link 69 258 6856 0 -4.21976184
Link 199 18 6914 1 2.43553250
Link 15 580 6977 1 -0.84853312
Link 69 252 7029 1 0.72956641
Link 313 313 7111 1 -2.66919924
Link 12 746 7187 1 -0.53981108
Link 899 164 7234 1 -0.56704547
Link 88 136 7259 0 1.39546866
Link 46 541 7339 0 1.50396403
Link 433 979 7355 0 1.98335630
Link 979 902 7356 0 0.56677302
Link 69 137 7365 1 0.76990359
Link 52 459 7376 0 2.36139269
Link 383 623 7402 0 -0.56966086
Link 917 670 7453 0 -1.42513710
Link 918 986 7460 0 1.27544501
Link 986 79 7461 0 0.63303459
Link 580 64 7527 0 2.21834679
Link 8 685 7542 0 -0.35713318
Link 25 25 7577 1 3.65897998
Link 3 1003 7605 0 1.23587965
Link 1003 10 7606 0 1.04320470
Link 720 1004 7614 0 1.10828810
Link 1004 151 7615 0 -1.11971976
Link 56 33 7663 0 -1.44036492
Link 517 299 7778 0 -2.15020154
Link 459 60 7929 1 0.81991171
Link 47 74 8094 1 -0.82490771
Link 541 621 8261 1 -1.17553075
Link 192 576 8331 1 0.17027068
Link 87 899 8425 0 0.98384606
Link 638 444 8489 0 2.09555093
Link 266 499 8758 0 2.44399889
Link 11 638 8812 1 0.06050828
Link 299 620 9001 0 2.42517117
Link 890 890 9070 1 -0.51081356
Link 102 173 9269 0 2.64337726
Link 20 51 9565 0 1.09178619
Link 97 1221 9587 0 0.73910777
Link 1221 12 9588 0 0.45738327
Link 46 27 9666 0 2.87518185
Link 623 745 9686 0 -0.65734237
Link 53 1230 9702 0 1.03144712
Link 1230 97 9703 0 0.09963271
Link 62 1235 9792 0 0.35705000
Link 1235 50 9793 0 1.90674456
Link 41 1271 10111 0 1.00000000
Link 1271 446 10112 0 -0.87298128
GenomeEnd

