GenomeStart 91966
Neuron 1 1 0.00000000 1 0.00000000 0.00000000 0.00000000 0.00000000
Neuron 2 1 0.00000000 1 0.00000000 0.00000000 0.00000000 0.00000000
Neuron 3 1 0.00000000 1 0.00000000 0.00000000 0.00000000 0.00000000
Neuron 4 1 0.00000000 1 0.00000000 0.00000000 0.00000000 0.00000000
Neuron 5 1 0.00000000 1 0.00000000 0.00000000 0.00000000 0.00000000
Neuron 6 1 0.00000000 1 0.00000000 0.00000000 0.00000000 0.00000000
Neuron 7 1 0.00000000 1 0.00000000 0.00000000 0.00000000 0.00000000
Neuron 8 1 0.00000000 1 0.00000000 0.00000000 0.00000000 0.00000000
Neuron 9 2 0.00000000 1 0.00000000 0.00000000 0.00000000 0.00000000
Neuron 10 4 1.00000000 0 1.00000000 0.00000000 0.00000000 0.00000000
Neuron 11 4 1.00000000 0 1.00000000 0.00000000 0.00000000 0.00000000
Neuron 12 4 1.00000000 0 1.00000000 0.00000000 0.00000000 0.00000000
Neuron 13 4 1.00000000 0 1.00000000 0.00000000 0.00000000 0.00000000
Neuron 14 4 1.00000000 0 1.00000000 0.00000000 0.00000000 0.00000000
Neuron 15 4 1.00000000 0 1.00000000 0.00000000 0.00000000 0.00000000
Neuron 16 4 1.00000000 0 1.00000000 0.00000000 0.00000000 0.00000000
Neuron 17 3 0.50000000 1 1.00000000 0.00000000 0.00000000 0.00000000
Neuron 19 3 0.50000000 1 1.00000000 0.00000000 0.00000000 0.00000000
Neuron 21 3 0.50000000 1 1.00000000 0.00000000 0.00000000 0.00000000
Neuron 25 3 0.50000000 1 1.00000000 0.00000000 0.00000000 0.00000000
Neuron 27 3 0.50000000 1 1.00000000 0.00000000 0.00000000 0.00000000
Neuron 29 3 0.50000000 1 1.00000000 0.00000000 0.00000000 0.00000000
Neuron 31 3 0.50000000 1 1.00000000 0.00000000 0.00000000 0.00000000
Neuron 33 3 0.50000000 1 1.00000000 0.00000000 0.00000000 0.00000000
Neuron 34 3 0.50000000 1 1.00000000 0.00000000 0.00000000 0.00000000
Neuron 36 3 0.50000000 1 1.00000000 0.00000000 0.00000000 0.00000000
Neuron 37 3 0.50000000 1 1.00000000 0.00000000 0.00000000 0.00000000
Neuron 45 3 0.50000000 1 1.00000000 0.00000000 0.00000000 0.00000000
Neuron 48 3 0.50000000 1 1.00000000 0.00000000 0.00000000 0.00000000
Neuron 49 3 0.50000000 1 1.00000000 0.00000000 0.00000000 0.00000000
Neuron 50 3 0.50000000 1 1.00000000 0.00000000 0.00000000 0.00000000
Neuron 51 3 0.50000000 1 1.00000000 0.00000000 0.00000000 0.00000000
Neuron 52 3 0.50000000 1 1.00000000 0.00000000 0.00000000 0.00000000
Neuron 53 3 0.50000000 1 1.00000000 0.00000000 0.00000000 0.00000000
Neuron 56 3 0.50000000 1 1.00000000 0.00000000 0.00000000 0.00000000
Neuron 59 3 0.50000000 1 1.00000000 0.00000000 0.00000000 0.00000000
Neuron 60 3 0.50000000 1 1.00000000 0.00000000 0.00000000 0.00000000
Neuron 61 3 0.50000000 1 1.00000000 0.00000000 0.00000000 0.00000000
Neuron 67 3 0.75000000 1 1.00000000 0.00000000 0.00000000 0.00000000
Neuron 69 3 0.50000000 1 1.00000000 0.00000000 0.00000000 0.00000000
Neuron 71 3 0.50000000 1 1.00000000 0.00000000 0.00000000 0.00000000
Neuron 78 3 0.50000000 1 1.00000000 0.00000000 0.00000000 0.00000000
Neuron 79 3 0.50000000 1 1.00000000 0.00000000 0.00000000 0.00000000
Neuron 81 3 0.75000000 1 1.00000000 0.00000000 0.00000000 0.00000000
Neuron 84 3 0.75000000 1 1.00000000 0.00000000 0.00000000 0.00000000
Neuron 87 3 0.50000000 1 1.00000000 0.00000000 0.00000000 0.00000000
Neuron 91 3 0.75000000 1 1.00000000 0.00000000 0.00000000 0.00000000
Neuron 111 3 0.75000000 1 1.00000000 0.00000000 0.00000000 0.00000000
Neuron 121 3 0.50000000 1 1.00000000 0.00000000 0.00000000 0.00000000
Neuron 134 3 0.75000000 1 1.00000000 0.00000000 0.00000000 0.00000000
Neuron 137 3 0.25000000 1 1.00000000 0.00000000 0.00000000 0.00000000
Neuron 141 3 0.25000000 1 1.00000000 0.00000000 0.00000000 0.00000000
Neuron 173 3 0.25000000 1 1.00000000 0.00000000 0.00000000 0.00000000
Neuron 192 3 0.75000000 1 1.00000000 0.00000000 0.00000000 0.00000000
Neuron 199 3 0.75000000 1 1.00000000 0.00000000 0.00000000 0.00000000
Neuron 211 3 0.75000000 1 1.00000000 0.00000000 0.00000000 0.00000000
Neuron 226 3 0.25000000 1 1.00000000 0.00000000 0.00000000 0.00000000
Neuron 235 3 0.75000000 1 1.00000000 0.00000000 0.00000000 0.00000000
Neuron 243 3 0.75000000 1 1.00000000 0.00000000 0.00000000 0.00000000
Neuron 252 3 0.25000000 1 1.00000000 0.00000000 0.00000000 0.00000000
Neuron 263 3 0.25000000 1 1.00000000 0.00000000 0.00000000 0.00000000
Neuron 271 3 0.75000000 1 1.00000000 0.00000000 0.00000000 0.00000000
Neuron 312 3 0.87500000 1 1.00000000 0.00000000 0.00000000 0.00000000
Neuron 329 3 0.93750000 1 1.00000000 0.00000000 0.00000000 0.00000000
Neuron 333 3 0.12500000 1 1.00000000 0.00000000 0.00000000 0.00000000
Neuron 336 3 0.37500000 1 1.00000000 0.00000000 0.00000000 0.00000000
Neuron 345 3 0.25000000 1 1.00000000 0.00000000 0.00000000 0.00000000
Neuron 350 3 0.31250000 1 1.00000000 0.00000000 0.00000000 0.00000000
Neuron 364 3 0.75000000 1 1.00000000 0.00000000 0.00000000 0.00000000
Neuron 456 3 0.37500000 1 1.00000000 0.00000000 0.00000000 0.00000000
Neuron 470 3 0.62500000 1 1.00000000 0.00000000 0.00000000 0.00000000
Neuron 482 3 0.25000000 1 1.00000000 0.00000000 0.00000000 0.00000000
Neuron 493 3 0.25000000 1 1.00000000 0.00000000 0.00000000 0.00000000
Neuron 503 3 0.62500000 1 1.00000000 0.00000000 0.00000000 0.00000000
Neuron 511 3 0.62500000 1 1.00000000 0.00000000 0.00000000 0.00000000
Neuron 517 3 0.75000000 1 1.00000000 0.00000000 0.00000000 0.00000000
Neuron 522 3 0.75000000 1 1.00000000 0.00000000 0.00000000 0.00000000
Neuron 556 3 0.87500000 1 1.00000000 0.00000000 0.00000000 0.00000000
Neuron 580 3 0.12500000 1 1.00000000 0.00000000 0.00000000 0.00000000
Neuron 600 3 0.25000000 1 1.00000000 0.00000000 0.00000000 0.00000000
Neuron 644 3 0.50000000 1 1.00000000 0.00000000 0.00000000 0.00000000
Neuron 650 3 0.25000000 1 1.00000000 0.00000000 0.00000000 0.00000000
Neuron 653 3 0.87500000 1 1.00000000 0.00000000 0.00000000 0.00000000
Neuron 663 3 0.56250000 1 1.00000000 0.00000000 0.00000000 0.00000000
Neuron 672 3 0.37500000 1 1.00000000 0.00000000 0.00000000 0.00000000
Neuron 679 3 0.62500000 1 1.00000000 0.00000000 0.00000000 0.00000000
Neuron 682 3 0.62500000 1 1.00000000 0.00000000 0.00000000 0.00000000
Neuron 686 3 0.62500000 1 1.00000000 0.00000000 0.00000000 0.00000000
Neuron 719 3 0.59375000 1 1.00000000 0.00000000 0.00000000 0.00000000
Neuron 734 3 0.62500000 1 1.00000000 0.00000000 0.00000000 0.00000000
Neuron 758 3 0.18750000 1 1.00000000 0.00000000 0.00000000 0.00000000
Neuron 765 3 0.53125000 1 1.00000000 0.00000000 0.00000000 0.00000000
Neuron 773 3 0.25000000 1 1.00000000 0.00000000 0.00000000 0.00000000
Neuron 786 3 0.56250000 1 1.00000000 0.00000000 0.00000000 0.00000000
Neuron 793 3 0.06250000 1 1.00000000 0.00000000 0.00000000 0.00000000
Neuron 802 3 0.28125000 1 1.00000000 0.00000000 0.00000000 0.00000000
Neuron 805 3 0.93750000 1 1.00000000 0.00000000 0.00000000 0.00000000
Neuron 806 3 0.68750000 1 1.00000000 0.00000000 0.00000000 0.00000000
Neuron 847 3 0.37500000 1 1.00000000 0.00000000 0.00000000 0.00000000
Neuron 848 3 0.43750000 1 1.00000000 0.00000000 0.00000000 0.00000000
Neuron 854 3 0.62500000 1 1.00000000 0.00000000 0.00000000 0.00000000
Neuron 864 3 0.59375000 1 1.00000000 0.00000000 0.00000000 0.00000000
Neuron 914 3 0.43750000 1 1.00000000 0.00000000 0.00000000 0.00000000
Neuron 936 3 0.40625000 1 1.00000000 0.00000000 0.00000000 0.00000000
Neuron 958 3 0.62500000 1 1.00000000 0.00000000 0.00000000 0.00000000
Neuron 1013 3 0.03125000 1 1.00000000 0.00000000 0.00000000 0.00000000
Neuron 1017 3 0.68750000 1 1.00000000 0.00000000 0.00000000 0.00000000
Neuron 1021 3 0.32812500 1 1.00000000 0.00000000 0.00000000 0.00000000
Neuron 1023 3 0.37500000 1 1.00000000 0.00000000 0.00000000 0.00000000
Neuron 1024 3 0.40625000 1 1.00000000 0.00000000 0.00000000 0.00000000
Neuron 1051 3 0.37500000 1 1.00000000 0.00000000 0.00000000 0.00000000
Neuron 1055 3 0.71875000 1 1.00000000 0.00000000 0.00000000 0.00000000
Neuron 1078 3 0.37500000 1 1.00000000 0.00000000 0.00000000 0.00000000
Neuron 1086 3 0.39062500 1 1.00000000 0.00000000 0.00000000 0.00000000
Neuron 1088 3 0.42187500 1 1.00000000 0.00000000 0.00000000 0.00000000
Neuron 1094 3 0.62500000 1 1.00000000 0.00000000 0.00000000 0.00000000
Neuron 1144 3 0.18750000 1 1.00000000 0.00000000 0.00000000 0.00000000
Neuron 1147 3 0.43750000 1 1.00000000 0.00000000 0.00000000 0.00000000
Neuron 1159 3 0.39843750 1 1.00000000 0.00000000 0.00000000 0.00000000
Neuron 1204 3 0.39062500 1 1.00000000 0.00000000 0.00000000 0.00000000
Neuron 1214 3 0.43750000 1 1.00000000 0.00000000 0.00000000 0.00000000
Neuron 1236 3 0.39843750 1 1.00000000 0.00000000 0.00000000 0.00000000
Neuron 1249 3 0.40625000 1 1.00000000 0.00000000 0.00000000 0.00000000
Neuron 1290 3 0.39453125 1 1.00000000 0.00000000 0.00000000 0.00000000
Neuron 1307 3 0.46875000 1 1.00000000 0.00000000 0.00000000 0.00000000
Neuron 1334 3 0.59375000 1 1.00000000 0.00000000 0.00000000 0.00000000
Neuron 1432 3 0.39453125 1 1.00000000 0.00000000 0.00000000 0.00000000
Neuron 1535 3 0.06250000 1 1.00000000 0.00000000 0.00000000 0.00000000
Neuron 1663 3 0.31250000 1 1.00000000 0.00000000 0.00000000 0.00000000
Neuron 1717 3 0.26562500 1 1.00000000 0.00000000 0.00000000 0.00000000
Link 1 10 1 0 -3.51775311
Link 2 10 2 0 -3.42360451
Link 4 10 4 0 -1.77790617
Link 5 10 5 0 -0.06335502
Link 9 10 9 0 -0.74847926
Link 2 11 11 0 -0.36613235
Link 5 11 14 0 -1.78130389
Link 6 11 15 0 2.81202366
Link 9 11 18 0 -0.44866616
Link 2 12 20 0 -0.28945680
Link 4 12 22 0 -0.07892893
Link 6 12 24 0 -1.73403271
Link 7 12 25 0 0.25386369
Link 9 12 27 0 0.00514940
Link 1 13 28 0 -3.90933604
Link 2 13 29 0 2.15210045
Link 3 13 30 0 -3.28342166
Link 4 13 31 0 2.45232321
Link 7 13 34 0 -1.48416293
Link 9 13 36 0 -1.24409921
Link 3 14 39 0 -4.11610358
Link 4 14 40 0 0.80814507
Link 8 14 44 0 1.57163629
Link 1 15 46 0 -2.88070826
Link 2 15 47 0 1.48516944
Link 8 15 53 0 -0.15734737
Link 9 15 54 0 1.17542527
Link 1 16 55 0 -2.09240538
Link 4 16 58 0 1.03501148
Link 5 16 59 0 0.88978934
Link 6 16 60 0 -2.21248582
Link 3 17 65 0 -1.16884947
Link 17 10 66 0 -0.97727803
Link 3 19 71 0 -1.28152118
Link 19 11 72 0 1.02000295
Link 8 29 103 0 -0.44691666
Link 3 31 109 0 -2.70289384
Link 6 33 115 0 -0.20477147
Link 33 14 116 0 1.11867431
Link 7 34 118 0 2.87006288
Link 34 10 119 0 -1.21040959
Link 1 36 124 0 -0.47283787
Link 36 11 125 0 1.19005865
Link 3 37 127 0 0.57982295
Link 37 16 128 0 0.06167550
Link 7 45 152 0 -0.21556223
Link 45 16 153 0 3.02119290
Link 5 49 164 0 1.29479837
Link 8 50 168 0 1.19502558
Link 1 52 175 0 -0.26885052
Link 52 12 176 0 -1.28594555
Link 5 53 179 0 -1.44450482
Link 53 12 180 0 3.31829879
Link 8 56 188 0 1.86897834
Link 56 13 189 0 2.60198457
Link 8 59 216 0 -0.56772476
Link 59 11 217 0 -0.63759396
Link 60 12 221 0 -2.02966340
Link 6 61 225 0 1.99125518
Link 67 15 265 0 2.86697908
Link 5 71 305 0 -1.19905654
Link 71 15 306 0 -0.88666753
Link 8 78 353 0 -0.66049177
Link 78 10 354 0 -0.56593207
Link 79 11 365 0 1.21970547
Link 29 81 381 0 1.00000000
Link 81 12 382 0 -1.51886592
Link 9 21 406 0 1.74256720
Link 51 84 425 0 1.13801866
Link 84 14 426 0 2.20880684
Link 4 87 457 0 1.69722310
Link 87 15 458 0 1.92138999
Link 50 10 476 0 1.66669197
Link 50 91 513 0 -3.77294913
Link 91 16 514 0 1.13592577
Link 52 16 556 0 -0.39374163
Link 9 31 601 0 -0.37003575
Link 2 17 617 0 2.68759383
Link 6 121 753 0 0.55102247
Link 121 15 754 0 1.70093336
Link 8 31 792 0 -0.31348549
Link 49 134 855 0 0.98887886
Link 134 14 856 0 -0.13799651
Link 3 137 872 0 4.13339142
Link 137 60 873 0 -1.84680121
Link 7 141 892 0 -1.42606324
Link 141 21 893 0 -1.70689748
Link 173 27 1111 0 -1.04261250
Link 192 10 1280 0 0.09929934
Link 31 211 1408 0 0.51665711
Link 211 15 1409 0 3.77637884
Link 7 226 1515 0 -0.77707941
Link 69 235 1580 0 -0.33055194
Link 235 14 1581 0 0.98536139
Link 50 79 1608 0 -4.27904176
Link 111 111 1617 1 -0.47813790
Link 243 14 1638 0 -1.27608216
Link 71 48 1708 0 2.53696759
Link 7 263 1789 0 -0.76356145
Link 263 69 1790 0 -1.80599685
Link 5 226 1809 0 -0.33950845
Link 9 199 1828 0 -0.52674946
Link 211 10 1845 0 2.57883208
Link 211 17 1909 1 -2.52797930
Link 33 34 2104 0 1.84504066
Link 199 312 2110 0 0.51710406
Link 312 329 2201 0 0.81899324
Link 329 14 2202 0 1.45387200
Link 333 252 2223 0 -1.20078632
Link 336 79 2264 0 -4.36926187
Link 1 345 2308 0 -0.11030291
Link 350 336 2351 0 1.00602688
Link 25 364 2456 0 0.78089808
Link 364 16 2457 0 -3.52470446
Link 3 25 2516 0 0.21343034
Link 13 199 2731 1 1.26373455
Link 33 33 2939 1 0.57470332
Link 456 51 3062 0 -0.88099646
Link 470 192 3172 0 2.07467108
Link 3 192 3217 0 -2.43489462
Link 2 482 3250 0 2.61180001
Link 482 25 3251 0 1.94773179
Link 7 493 3333 0 -2.87467984
Link 493 61 3334 0 1.34648142
Link 69 61 3336 0 0.10284215
Link 31 503 3435 0 -0.80807871
Link 503 243 3436 0 1.24827085
Link 511 199 3504 0 1.19412765
Link 21 517 3558 0 -1.76674764
Link 517 13 3559 0 2.08649037
Link 522 13 3617 0 -1.84952530
Link 25 199 3809 0 0.42540671
Link 271 556 3871 0 -0.97706701
Link 91 11 4110 0 -1.36903125
Link 4 600 4256 0 1.81238996
Link 173 312 4346 0 -0.11729045
Link 199 199 4421 1 0.98414904
Link 226 644 4645 0 -1.32672657
Link 644 199 4646 0 2.24516763
Link 1 650 4706 0 0.03845173
Link 111 653 4735 0 0.44236540
Link 653 13 4736 0 0.10794472
Link 517 517 4784 1 -0.04967934
Link 650 672 4904 0 0.11688953
Link 21 679 4950 0 4.63799956
Link 21 682 4981 0 -0.28348996
Link 682 67 4982 0 3.13541368
Link 61 686 5021 0 -0.10346435
Link 686 111 5022 0 0.51793760
Link 15 511 5053 1 -2.42466346
Link 663 719 5310 0 1.59979865
Link 719 470 5311 0 -0.71405145
Link 734 51 5411 1 5.45491210
Link 21 235 5452 0 -2.61529579
Link 580 758 5557 0 -1.72596395
Link 758 173 5558 0 1.55258048
Link 27 765 5604 0 -2.71473523
Link 765 663 5605 0 2.57314953
Link 226 773 5637 0 3.13271632
Link 773 600 5638 0 1.05001707
Link 1 734 5668 0 -1.33798285
Link 48 786 5717 0 1.55266577
Link 243 211 5727 0 1.95746366
Link 793 580 5795 0 -0.08626675
Link 802 350 5869 0 3.11365434
Link 56 14 5876 0 0.53305128
Link 9 137 5885 0 0.07841411
Link 556 805 5896 0 0.74540779
Link 805 12 5897 0 -0.22106179
Link 679 806 5900 0 -2.56676190
Link 806 271 5901 0 -0.18644117
Link 91 271 6016 0 0.72950695
Link 650 137 6120 0 0.87637339
Link 600 847 6225 0 0.29527953
Link 848 25 6229 0 0.34683409
Link 17 854 6270 0 0.31289570
Link 854 522 6271 0 0.93249645
Link 734 350 6284 1 -1.38302447
Link 786 864 6383 0 -0.50523912
Link 864 511 6384 0 0.79418681
Link 672 15 6744 0 1.88663182
Link 847 53 6764 0 0.59486790
Link 914 27 6795 0 -3.28054780
Link 10 60 6810 1 -2.33269885
Link 864 336 6864 1 0.73000598
Link 25 137 6961 1 -1.14129789
Link 345 847 6978 0 -0.50404890
Link 936 914 7014 0 -2.89155579
Link 958 17 7216 1 0.81049969
Link 252 27 7217 0 -0.95166911
Link 137 137 7560 1 0.61420237
Link 25 25 7577 1 -4.39288205
Link 51 470 7698 0 -0.42011054
Link 6 1013 7705 0 -0.76974851
Link 1013 793 7706 0 1.61282657
Link 192 1017 7731 1 1.00000000
Link 1017 958 7732 1 1.73930780
Link 650 1021 7762 0 0.88920449
Link 1021 936 7763 0 1.21513936
Link 51 848 7766 1 -0.40150906
Link 226 1023 7780 0 0.00313967
Link 1023 69 7781 0 -0.28489776
Link 345 1051 7984 0 2.35127356
Link 1051 48 7985 0 1.00041987
Link 329 1055 8014 1 -2.89900074
Link 1055 25 8015 1 1.59230248
Link 1078 137 8170 1 -1.19843434
Link 847 1086 8213 0 0.03771012
Link 1024 1088 8231 0 1.00000000
Link 1088 848 8232 0 -0.97146198
Link 111 1094 8275 1 -0.01611161
Link 1094 69 8276 1 -0.42356444
Link 192 56 8546 1 -0.19337734
Link 56 503 8718 0 -2.67626618
Link 29 470 8732 0 -0.14926225
Link 580 1144 8801 0 2.28727581
Link 1144 650 8802 0 -2.01298685
Link 503 1147 8822 1 -0.48054640
Link 1147 345 8823 1 0.42399515
Link 470 580 8878 1 -2.28876122
Link 1086 1159 9027 0 -2.25296620
Link 1159 936 9028 0 -0.83056427
Link 271 672 9297 1 -1.20782548
Link 672 1204 9439 0 4.64268388
Link 503 91 9457 0 2.98764325
Link 56 48 9553 0 -0.15163748
Link 914 1144 9600 1 -1.13979369
Link 1236 1024 9796 0 -1.38891684
Link 470 61 9814 1 -0.18662857
Link 91 600 9864 1 -0.55256096
Link 1214 1249 9890 1 -0.09443099
Link 1249 1078 9891 1 -1.84523615
Link 679 29 10053 1 -1.14035684
Link 1204 1290 10330 0 -1.34162946
Link 1290 1236 10331 0 -0.30070761
Link 79 16 10444 0 -2.74756202
Link 25 1307 10532 1 1.05179695
Link 1307 1214 10533 1 0.55613958
Link 329 1334 10822 1 1.05902537
Link 1334 600 10823 1 -0.07084929
Link 470 470 10833 1 -2.22372127
Link 329 914 10917 1 -0.83362424
Link 29 864 10947 0 -1.12865389
Link 2 1147 10987 0 -0.26362484
Link 12 503 11067 1 1.88357709
Link 806 653 11105 0 -0.88358749
Link 5 734 11110 0 -1.35529363
Link 29 1024 11127 1 -2.27682732
Link 600 793 11389 1 0.29175230
Link 51 802 11541 1 -4.40824208
Link 650 517 11564 0 -0.60268302
Link 650 111 11663 0 -0.38316478
Link 173 1204 11760 0 2.67060533
Link 1086 1432 11811 0 1.00000000
Link 1432 1236 11812 0 -1.61639052
Link 78 69 11950 0 -0.66387055
Link 14 734 11986 1 -0.39416624
Link 734 1094 12050 0 1.00379492
Link 69 848 12166 1 -0.30500486
Link 5 580 12229 0 -1.29515337
Link 1144 958 12415 0 0.98496057
Link 556 235 12527 1 1.40832608
Link 672 34 12728 0 -1.80945356
Link 2 1535 12771 0 1.00000000
Link 1535 333 12772 0 2.01820407
Link 958 25 12824 1 2.36472465
Link 56 84 13356 0 -1.89691118
Link 1013 1307 13454 0 1.98220658
Link 252 1663 13938 0 1.06917643
Link 1663 456 13939 0 0.47406841
Link 226 1717 14425 0 -1.04240992
Link 1717 802 14426 0 -1.26226895
Link 243 1204 14605 1 -1.51854149
Link 793 1290 15054 0 -1.75586146
Link 79 121 15275 0 2.61476319
Link 672 482 15292 1 -2.07773966
Link 252 67 15428 0 -2.25769455
GenomeEnd

