GenomeStart 47247
Neuron 1 1 0.00000000 1 0.00000000 0.00000000 0.00000000 0.00000000
Neuron 2 1 0.00000000 1 0.00000000 0.00000000 0.00000000 0.00000000
Neuron 3 1 0.00000000 1 0.00000000 0.00000000 0.00000000 0.00000000
Neuron 4 1 0.00000000 1 0.00000000 0.00000000 0.00000000 0.00000000
Neuron 5 1 0.00000000 1 0.00000000 0.00000000 0.00000000 0.00000000
Neuron 6 1 0.00000000 1 0.00000000 0.00000000 0.00000000 0.00000000
Neuron 7 1 0.00000000 1 0.00000000 0.00000000 0.00000000 0.00000000
Neuron 8 1 0.00000000 1 0.00000000 0.00000000 0.00000000 0.00000000
Neuron 9 2 0.00000000 1 0.00000000 0.00000000 0.00000000 0.00000000
Neuron 10 4 1.00000000 0 1.00000000 0.00000000 0.00000000 0.00000000
Neuron 11 4 1.00000000 0 1.00000000 0.00000000 0.00000000 0.00000000
Neuron 12 4 1.00000000 0 1.00000000 0.00000000 0.00000000 0.00000000
Neuron 13 4 1.00000000 0 1.00000000 0.00000000 0.00000000 0.00000000
Neuron 14 4 1.00000000 0 1.00000000 0.00000000 0.00000000 0.00000000
Neuron 15 4 1.00000000 0 1.00000000 0.00000000 0.00000000 0.00000000
Neuron 16 4 1.00000000 0 1.00000000 0.00000000 0.00000000 0.00000000
Neuron 17 3 0.50000000 1 1.00000000 0.00000000 0.00000000 0.00000000
Neuron 19 3 0.50000000 1 1.00000000 0.00000000 0.00000000 0.00000000
Neuron 21 3 0.50000000 1 1.00000000 0.00000000 0.00000000 0.00000000
Neuron 25 3 0.50000000 1 1.00000000 0.00000000 0.00000000 0.00000000
Neuron 27 3 0.50000000 1 1.00000000 0.00000000 0.00000000 0.00000000
Neuron 31 3 0.50000000 1 1.00000000 0.00000000 0.00000000 0.00000000
Neuron 33 3 0.50000000 1 1.00000000 0.00000000 0.00000000 0.00000000
Neuron 34 3 0.50000000 1 1.00000000 0.00000000 0.00000000 0.00000000
Neuron 45 3 0.50000000 1 1.00000000 0.00000000 0.00000000 0.00000000
Neuron 48 3 0.50000000 1 1.00000000 0.00000000 0.00000000 0.00000000
Neuron 50 3 0.50000000 1 1.00000000 0.00000000 0.00000000 0.00000000
Neuron 51 3 0.50000000 1 1.00000000 0.00000000 0.00000000 0.00000000
Neuron 52 3 0.50000000 1 1.00000000 0.00000000 0.00000000 0.00000000
Neuron 53 3 0.50000000 1 1.00000000 0.00000000 0.00000000 0.00000000
Neuron 56 3 0.50000000 1 1.00000000 0.00000000 0.00000000 0.00000000
Neuron 60 3 0.50000000 1 1.00000000 0.00000000 0.00000000 0.00000000
Neuron 61 3 0.50000000 1 1.00000000 0.00000000 0.00000000 0.00000000
Neuron 69 3 0.50000000 1 1.00000000 0.00000000 0.00000000 0.00000000
Neuron 79 3 0.50000000 1 1.00000000 0.00000000 0.00000000 0.00000000
Neuron 91 3 0.75000000 1 1.00000000 0.00000000 0.00000000 0.00000000
Neuron 111 3 0.75000000 1 1.00000000 0.00000000 0.00000000 0.00000000
Neuron 137 3 0.25000000 1 1.00000000 0.00000000 0.00000000 0.00000000
Neuron 141 3 0.25000000 1 1.00000000 0.00000000 0.00000000 0.00000000
Neuron 173 3 0.25000000 1 1.00000000 0.00000000 0.00000000 0.00000000
Neuron 192 3 0.75000000 1 1.00000000 0.00000000 0.00000000 0.00000000
Neuron 199 3 0.75000000 1 1.00000000 0.00000000 0.00000000 0.00000000
Neuron 211 3 0.75000000 1 1.00000000 0.00000000 0.00000000 0.00000000
Neuron 226 3 0.25000000 1 1.00000000 0.00000000 0.00000000 0.00000000
Neuron 235 3 0.75000000 1 1.00000000 0.00000000 0.00000000 0.00000000
Neuron 243 3 0.75000000 1 1.00000000 0.00000000 0.00000000 0.00000000
Neuron 252 3 0.25000000 1 1.00000000 0.00000000 0.00000000 0.00000000
Neuron 271 3 0.75000000 1 1.00000000 0.00000000 0.00000000 0.00000000
Neuron 312 3 0.87500000 1 1.00000000 0.00000000 0.00000000 0.00000000
Neuron 329 3 0.93750000 1 1.00000000 0.00000000 0.00000000 0.00000000
Neuron 336 3 0.37500000 1 1.00000000 0.00000000 0.00000000 0.00000000
Neuron 345 3 0.25000000 1 1.00000000 0.00000000 0.00000000 0.00000000
Neuron 350 3 0.31250000 1 1.00000000 0.00000000 0.00000000 0.00000000
Neuron 364 3 0.75000000 1 1.00000000 0.00000000 0.00000000 0.00000000
Neuron 470 3 0.62500000 1 1.00000000 0.00000000 0.00000000 0.00000000
Neuron 493 3 0.25000000 1 1.00000000 0.00000000 0.00000000 0.00000000
Neuron 503 3 0.62500000 1 1.00000000 0.00000000 0.00000000 0.00000000
Neuron 511 3 0.62500000 1 1.00000000 0.00000000 0.00000000 0.00000000
Neuron 517 3 0.75000000 1 1.00000000 0.00000000 0.00000000 0.00000000
Neuron 580 3 0.12500000 1 1.00000000 0.00000000 0.00000000 0.00000000
Neuron 600 3 0.25000000 1 1.00000000 0.00000000 0.00000000 0.00000000
Neuron 650 3 0.25000000 1 1.00000000 0.00000000 0.00000000 0.00000000
Neuron 653 3 0.87500000 1 1.00000000 0.00000000 0.00000000 0.00000000
Neuron 663 3 0.56250000 1 1.00000000 0.00000000 0.00000000 0.00000000
Neuron 672 3 0.37500000 1 1.00000000 0.00000000 0.00000000 0.00000000
Neuron 686 3 0.62500000 1 1.00000000 0.00000000 0.00000000 0.00000000
Neuron 734 3 0.62500000 1 1.00000000 0.00000000 0.00000000 0.00000000
Neuron 758 3 0.18750000 1 1.00000000 0.00000000 0.00000000 0.00000000
Neuron 786 3 0.56250000 1 1.00000000 0.00000000 0.00000000 0.00000000
Neuron 847 3 0.37500000 1 1.00000000 0.00000000 0.00000000 0.00000000
Neuron 848 3 0.43750000 1 1.00000000 0.00000000 0.00000000 0.00000000
Neuron 864 3 0.59375000 1 1.00000000 0.00000000 0.00000000 0.00000000
Neuron 914 3 0.43750000 1 1.00000000 0.00000000 0.00000000 0.00000000
Neuron 936 3 0.40625000 1 1.00000000 0.00000000 0.00000000 0.00000000
Neuron 958 3 0.62500000 1 1.00000000 0.00000000 0.00000000 0.00000000
Link 1 10 1 0 -3.35968825
Link 2 10 2 0 -0.28086201
Link 4 10 4 0 0.56411824
Link 5 10 5 0 1.15224997
Link 8 10 8 0 4.56617356
Link 9 10 9 0 0.31661965
Link 1 11 10 0 -5.64030068
Link 2 11 11 0 -0.76465290
Link 5 11 14 0 -2.28979729
Link 6 11 15 0 -2.87310689
Link 8 11 17 0 0.40017514
Link 9 11 18 0 -1.89224788
Link 2 12 20 0 -4.31433961
Link 4 12 22 0 -2.35369234
Link 6 12 24 0 0.58240960
Link 7 12 25 0 -4.29400247
Link 8 12 26 0 -0.90280572
Link 9 12 27 0 0.22294655
Link 1 13 28 0 3.23351676
Link 2 13 29 0 -0.62760119
Link 3 13 30 0 1.31883981
Link 4 13 31 0 2.85683313
Link 5 13 32 0 -2.54589492
Link 7 13 34 0 -0.50245936
Link 9 13 36 0 -0.62628612
Link 3 14 39 0 -5.86648857
Link 4 14 40 0 0.54701560
Link 5 14 41 0 3.32846397
Link 8 14 44 0 -0.31612055
Link 1 15 46 0 1.84984725
Link 2 15 47 0 -0.45508511
Link 4 15 49 0 -0.37826904
Link 5 15 50 0 0.53866975
Link 6 15 51 0 0.71663597
Link 8 15 53 0 -3.31540355
Link 9 15 54 0 0.25240326
Link 1 16 55 0 2.87013079
Link 3 16 57 0 0.50001909
Link 4 16 58 0 2.05930995
Link 5 16 59 0 1.45987732
Link 6 16 60 0 -3.26782165
Link 9 16 63 0 2.19228888
Link 3 17 65 0 0.81241911
Link 17 10 66 0 0.02902221
Link 3 19 71 0 1.00000000
Link 19 11 72 0 -1.54851330
Link 21 15 78 0 1.85917628
Link 2 25 90 0 -2.19525591
Link 3 31 109 0 0.46359083
Link 6 33 115 0 -0.88431751
Link 33 14 116 0 1.60278481
Link 7 34 118 0 1.90501844
Link 34 10 119 0 -1.12282801
Link 7 45 152 0 3.46105790
Link 45 16 153 0 -0.92303740
Link 8 50 168 0 -2.19717607
Link 51 14 173 0 -0.91380222
Link 1 52 175 0 -4.61868466
Link 52 12 176 0 2.84898620
Link 5 53 179 0 1.61949536
Link 53 12 180 0 -3.36554596
Link 8 56 188 0 0.69550055
Link 56 13 189 0 0.60185009
Link 60 12 221 0 1.21256933
Link 6 61 225 0 2.15367564
Link 7 69 285 0 6.06472291
Link 79 11 365 0 1.40056844
Link 9 21 406 0 -2.95177162
Link 3 69 445 0 1.32160506
Link 50 10 476 0 0.04113920
Link 50 91 513 0 -0.68813323
Link 91 16 514 0 5.10584931
Link 52 16 556 0 -0.81334544
Link 9 31 601 0 1.28296665
Link 2 17 617 0 4.64753904
Link 8 31 792 0 -1.06662543
Link 3 137 872 0 -0.26419474
Link 137 60 873 0 2.24276583
Link 7 141 892 0 -0.09052091
Link 141 21 893 0 -0.84959453
Link 48 12 1033 0 2.06124664
Link 173 27 1111 0 -6.82694878
Link 17 13 1127 0 -0.97336836
Link 192 10 1280 0 -0.49376561
Link 31 211 1408 0 -2.03120335
Link 211 15 1409 0 -0.66214463
Link 7 226 1515 0 -2.23287934
Link 69 235 1580 0 3.39907807
Link 235 14 1581 0 0.25876105
Link 50 79 1608 0 -4.14833517
Link 243 14 1638 0 0.68828122
Link 2 252 1717 0 1.38652991
Link 252 51 1718 0 0.41864896
Link 5 226 1809 0 2.30670846
Link 9 199 1828 0 5.01230489
Link 21 271 1864 0 3.16386082
Link 271 12 1865 0 1.39270298
Link 211 17 1909 1 -3.20746867
Link 199 312 2110 0 1.96650944
Link 312 329 2201 0 2.72358407
Link 329 14 2202 0 0.73008407
Link 336 79 2264 0 0.58094323
Link 1 345 2308 0 2.08180768
Link 345 48 2309 0 -1.57274278
Link 226 350 2350 0 -0.32006303
Link 350 336 2351 0 2.10126058
Link 25 364 2456 0 1.78470660
Link 364 16 2457 0 -3.05163172
Link 13 199 2731 1 -4.21430518
Link 33 33 2939 1 -3.24279050
Link 470 192 3172 0 -1.31427907
Link 3 192 3217 0 2.67623416
Link 7 493 3333 0 2.84064273
Link 493 61 3334 0 1.67580535
Link 69 61 3336 0 1.90182421
Link 31 503 3435 0 3.85398025
Link 503 243 3436 0 -0.96482933
Link 511 199 3504 0 0.42466799
Link 21 517 3558 0 1.25455733
Link 517 13 3559 0 3.52958922
Link 25 199 3809 0 0.27558971
Link 226 199 3980 0 0.94676330
Link 6 580 4069 0 0.03955249
Link 91 11 4110 0 0.97995949
Link 4 600 4256 0 0.08874454
Link 16 271 4327 1 -0.16947628
Link 173 312 4346 0 -0.76452623
Link 199 199 4421 1 -2.76205457
Link 1 650 4706 0 1.09695679
Link 111 653 4735 0 2.30618522
Link 653 13 4736 0 -1.99106270
Link 517 517 4784 1 -2.42733418
Link 27 663 4827 0 0.60854193
Link 663 470 4828 0 -1.04944399
Link 650 672 4904 0 0.61931931
Link 61 686 5021 0 1.43789035
Link 686 111 5022 0 -2.33784702
Link 15 511 5053 1 -2.34399259
Link 226 600 5103 0 -2.76075284
Link 271 734 5410 1 2.96182288
Link 734 51 5411 1 -2.07443090
Link 580 758 5557 0 1.33750273
Link 758 173 5558 0 0.36931376
Link 1 734 5668 0 -2.44350610
Link 48 786 5717 0 1.49729647
Link 243 211 5727 0 1.47575422
Link 9 137 5885 0 -0.08852496
Link 91 271 6016 0 2.76158346
Link 650 137 6120 0 1.34967473
Link 600 847 6225 0 1.35118592
Link 672 848 6228 0 1.32107314
Link 848 25 6229 0 1.04029774
Link 734 350 6284 1 1.25471555
Link 786 864 6383 0 1.31280731
Link 864 511 6384 0 0.01439057
Link 672 15 6744 0 -0.52760828
Link 847 53 6764 0 -2.77928986
Link 914 27 6795 0 -1.44224357
Link 864 336 6864 1 -1.64060753
Link 25 137 6961 1 0.82999238
Link 345 847 6978 0 -0.83281170
Link 847 936 7013 0 0.69447488
Link 936 914 7014 0 0.42484802
Link 111 69 7021 1 1.45961331
Link 329 25 7096 1 -1.97079900
Link 192 958 7215 1 0.68945043
Link 958 17 7216 1 3.90297032
Link 650 936 7482 0 1.60120101
Link 226 69 7510 0 0.51113521
GenomeEnd

