GenomeStart 11248
Neuron 1 1 0.00000000 1 0.00000000 0.00000000 0.00000000 0.00000000
Neuron 2 1 0.00000000 1 0.00000000 0.00000000 0.00000000 0.00000000
Neuron 3 1 0.00000000 1 0.00000000 0.00000000 0.00000000 0.00000000
Neuron 4 1 0.00000000 1 0.00000000 0.00000000 0.00000000 0.00000000
Neuron 5 1 0.00000000 1 0.00000000 0.00000000 0.00000000 0.00000000
Neuron 6 1 0.00000000 1 0.00000000 0.00000000 0.00000000 0.00000000
Neuron 7 1 0.00000000 1 0.00000000 0.00000000 0.00000000 0.00000000
Neuron 8 1 0.00000000 1 0.00000000 0.00000000 0.00000000 0.00000000
Neuron 9 2 0.00000000 1 0.00000000 0.00000000 0.00000000 0.00000000
Neuron 10 4 1.00000000 0 1.00000000 0.00000000 0.00000000 0.00000000
Neuron 11 4 1.00000000 0 1.00000000 0.00000000 0.00000000 0.00000000
Neuron 12 4 1.00000000 0 1.00000000 0.00000000 0.00000000 0.00000000
Neuron 13 4 1.00000000 0 1.00000000 0.00000000 0.00000000 0.00000000
Neuron 14 4 1.00000000 0 1.00000000 0.00000000 0.00000000 0.00000000
Neuron 15 4 1.00000000 0 1.00000000 0.00000000 0.00000000 0.00000000
Neuron 16 4 1.00000000 0 1.00000000 0.00000000 0.00000000 0.00000000
Neuron 29 3 0.50000000 1 1.00000000 0.00000000 0.00000000 0.00000000
Neuron 31 3 0.50000000 1 1.00000000 0.00000000 0.00000000 0.00000000
Neuron 32 3 0.50000000 1 1.00000000 0.00000000 0.00000000 0.00000000
Neuron 36 3 0.50000000 1 1.00000000 0.00000000 0.00000000 0.00000000
Neuron 55 3 0.50000000 1 1.00000000 0.00000000 0.00000000 0.00000000
Neuron 62 3 0.50000000 1 1.00000000 0.00000000 0.00000000 0.00000000
Neuron 65 3 0.50000000 1 1.00000000 0.00000000 0.00000000 0.00000000
Neuron 66 3 0.50000000 1 1.00000000 0.00000000 0.00000000 0.00000000
Neuron 115 3 0.75000000 1 1.00000000 0.00000000 0.00000000 0.00000000
Link 1 10 1 0 -1.98248158
Link 2 10 2 0 -2.58724844
Link 3 10 3 0 -1.10245520
Link 4 10 4 0 -1.29593975
Link 5 10 5 0 -2.20702873
Link 6 10 6 0 1.10567091
Link 7 10 7 0 -1.65030571
Link 8 10 8 0 0.83542744
Link 9 10 9 0 -0.60748320
Link 2 11 11 0 2.17028105
Link 3 11 12 0 1.09640419
Link 4 11 13 0 2.18547798
Link 5 11 14 0 1.60698846
Link 6 11 15 0 -0.36852923
Link 7 11 16 0 -0.69192058
Link 8 11 17 0 -0.86359776
Link 9 11 18 0 -1.06837541
Link 1 12 19 0 -2.57030373
Link 5 12 23 0 0.76934313
Link 6 12 24 0 0.53259613
Link 7 12 25 0 -3.06709070
Link 9 12 27 0 -0.02033527
Link 1 13 28 0 -3.82159601
Link 2 13 29 0 1.48378568
Link 3 13 30 0 -1.39684396
Link 4 13 31 0 -2.28935702
Link 5 13 32 0 -1.80329406
Link 6 13 33 0 0.80540524
Link 8 13 35 0 -3.22965844
Link 9 13 36 0 -0.45628677
Link 1 14 37 0 1.71416497
Link 2 14 38 0 1.13815386
Link 3 14 39 0 3.68914659
Link 4 14 40 0 -0.76355528
Link 5 14 41 0 1.24312817
Link 6 14 42 0 0.42014311
Link 7 14 43 0 -1.44132190
Link 8 14 44 0 0.17478588
Link 9 14 45 0 -0.31478996
Link 1 15 46 0 0.46384389
Link 2 15 47 0 0.26018894
Link 4 15 49 0 -1.86697285
Link 5 15 50 0 0.31172186
Link 6 15 51 0 2.17329114
Link 7 15 52 0 2.22393227
Link 9 15 54 0 -1.92813856
Link 2 16 56 0 -1.24545492
Link 3 16 57 0 0.43457895
Link 4 16 58 0 0.11940228
Link 5 16 59 0 -0.30589038
Link 6 16 60 0 0.12724356
Link 7 16 61 0 0.96410035
Link 8 16 62 0 -2.04430925
Link 9 16 63 0 1.44845571
Link 8 29 103 0 -2.29730907
Link 29 12 104 0 1.41100449
Link 3 31 109 0 -1.30039817
Link 31 15 110 0 -1.01291475
Link 1 32 112 0 -0.24897230
Link 32 16 113 0 0.09261945
Link 1 36 124 0 -2.68110212
Link 36 11 125 0 2.81931876
Link 8 55 185 0 0.48631039
Link 2 62 234 0 0.92953217
Link 62 12 235 0 0.65157354
Link 4 65 249 0 -1.96025436
Link 65 12 250 0 2.89072661
Link 7 66 259 0 1.00000000
Link 66 13 260 0 -0.41632844
Link 3 29 347 0 -0.09505241
Link 55 115 702 0 0.72882488
Link 115 15 703 0 3.75159100
Link 5 65 1379 0 2.12047111
GenomeEnd

