GenomeStart 83230
Neuron 1 1 0.00000000 1 0.00000000 0.00000000 0.00000000 0.00000000
Neuron 2 1 0.00000000 1 0.00000000 0.00000000 0.00000000 0.00000000
Neuron 3 1 0.00000000 1 0.00000000 0.00000000 0.00000000 0.00000000
Neuron 4 1 0.00000000 1 0.00000000 0.00000000 0.00000000 0.00000000
Neuron 5 1 0.00000000 1 0.00000000 0.00000000 0.00000000 0.00000000
Neuron 6 1 0.00000000 1 0.00000000 0.00000000 0.00000000 0.00000000
Neuron 7 1 0.00000000 1 0.00000000 0.00000000 0.00000000 0.00000000
Neuron 8 1 0.00000000 1 0.00000000 0.00000000 0.00000000 0.00000000
Neuron 9 2 0.00000000 1 0.00000000 0.00000000 0.00000000 0.00000000
Neuron 10 4 1.00000000 0 1.00000000 0.00000000 0.00000000 0.00000000
Neuron 11 4 1.00000000 0 1.00000000 0.00000000 0.00000000 0.00000000
Neuron 12 4 1.00000000 0 1.00000000 0.00000000 0.00000000 0.00000000
Neuron 13 4 1.00000000 0 1.00000000 0.00000000 0.00000000 0.00000000
Neuron 14 4 1.00000000 0 1.00000000 0.00000000 0.00000000 0.00000000
Neuron 15 4 1.00000000 0 1.00000000 0.00000000 0.00000000 0.00000000
Neuron 16 4 1.00000000 0 1.00000000 0.00000000 0.00000000 0.00000000
Neuron 17 3 0.50000000 1 1.00000000 0.00000000 0.00000000 0.00000000
Neuron 19 3 0.50000000 1 1.00000000 0.00000000 0.00000000 0.00000000
Neuron 21 3 0.50000000 1 1.00000000 0.00000000 0.00000000 0.00000000
Neuron 25 3 0.50000000 1 1.00000000 0.00000000 0.00000000 0.00000000
Neuron 27 3 0.50000000 1 1.00000000 0.00000000 0.00000000 0.00000000
Neuron 29 3 0.50000000 1 1.00000000 0.00000000 0.00000000 0.00000000
Neuron 31 3 0.50000000 1 1.00000000 0.00000000 0.00000000 0.00000000
Neuron 33 3 0.50000000 1 1.00000000 0.00000000 0.00000000 0.00000000
Neuron 34 3 0.50000000 1 1.00000000 0.00000000 0.00000000 0.00000000
Neuron 41 3 0.50000000 1 1.00000000 0.00000000 0.00000000 0.00000000
Neuron 45 3 0.50000000 1 1.00000000 0.00000000 0.00000000 0.00000000
Neuron 48 3 0.50000000 1 1.00000000 0.00000000 0.00000000 0.00000000
Neuron 49 3 0.50000000 1 1.00000000 0.00000000 0.00000000 0.00000000
Neuron 50 3 0.50000000 1 1.00000000 0.00000000 0.00000000 0.00000000
Neuron 51 3 0.50000000 1 1.00000000 0.00000000 0.00000000 0.00000000
Neuron 52 3 0.50000000 1 1.00000000 0.00000000 0.00000000 0.00000000
Neuron 53 3 0.50000000 1 1.00000000 0.00000000 0.00000000 0.00000000
Neuron 56 3 0.50000000 1 1.00000000 0.00000000 0.00000000 0.00000000
Neuron 59 3 0.50000000 1 1.00000000 0.00000000 0.00000000 0.00000000
Neuron 60 3 0.50000000 1 1.00000000 0.00000000 0.00000000 0.00000000
Neuron 61 3 0.50000000 1 1.00000000 0.00000000 0.00000000 0.00000000
Neuron 67 3 0.75000000 1 1.00000000 0.00000000 0.00000000 0.00000000
Neuron 69 3 0.50000000 1 1.00000000 0.00000000 0.00000000 0.00000000
Neuron 79 3 0.50000000 1 1.00000000 0.00000000 0.00000000 0.00000000
Neuron 84 3 0.75000000 1 1.00000000 0.00000000 0.00000000 0.00000000
Neuron 91 3 0.75000000 1 1.00000000 0.00000000 0.00000000 0.00000000
Neuron 99 3 0.75000000 1 1.00000000 0.00000000 0.00000000 0.00000000
Neuron 105 3 0.75000000 1 1.00000000 0.00000000 0.00000000 0.00000000
Neuron 111 3 0.75000000 1 1.00000000 0.00000000 0.00000000 0.00000000
Neuron 121 3 0.50000000 1 1.00000000 0.00000000 0.00000000 0.00000000
Neuron 134 3 0.75000000 1 1.00000000 0.00000000 0.00000000 0.00000000
Neuron 137 3 0.25000000 1 1.00000000 0.00000000 0.00000000 0.00000000
Neuron 141 3 0.25000000 1 1.00000000 0.00000000 0.00000000 0.00000000
Neuron 166 3 0.87500000 1 1.00000000 0.00000000 0.00000000 0.00000000
Neuron 170 3 0.25000000 1 1.00000000 0.00000000 0.00000000 0.00000000
Neuron 173 3 0.25000000 1 1.00000000 0.00000000 0.00000000 0.00000000
Neuron 192 3 0.75000000 1 1.00000000 0.00000000 0.00000000 0.00000000
Neuron 199 3 0.75000000 1 1.00000000 0.00000000 0.00000000 0.00000000
Neuron 211 3 0.75000000 1 1.00000000 0.00000000 0.00000000 0.00000000
Neuron 226 3 0.25000000 1 1.00000000 0.00000000 0.00000000 0.00000000
Neuron 235 3 0.75000000 1 1.00000000 0.00000000 0.00000000 0.00000000
Neuron 243 3 0.75000000 1 1.00000000 0.00000000 0.00000000 0.00000000
Neuron 252 3 0.25000000 1 1.00000000 0.00000000 0.00000000 0.00000000
Neuron 271 3 0.75000000 1 1.00000000 0.00000000 0.00000000 0.00000000
Neuron 312 3 0.87500000 1 1.00000000 0.00000000 0.00000000 0.00000000
Neuron 329 3 0.93750000 1 1.00000000 0.00000000 0.00000000 0.00000000
Neuron 336 3 0.37500000 1 1.00000000 0.00000000 0.00000000 0.00000000
Neuron 345 3 0.25000000 1 1.00000000 0.00000000 0.00000000 0.00000000
Neuron 350 3 0.31250000 1 1.00000000 0.00000000 0.00000000 0.00000000
Neuron 364 3 0.75000000 1 1.00000000 0.00000000 0.00000000 0.00000000
Neuron 459 3 0.87500000 1 1.00000000 0.00000000 0.00000000 0.00000000
Neuron 470 3 0.62500000 1 1.00000000 0.00000000 0.00000000 0.00000000
Neuron 482 3 0.25000000 1 1.00000000 0.00000000 0.00000000 0.00000000
Neuron 493 3 0.25000000 1 1.00000000 0.00000000 0.00000000 0.00000000
Neuron 503 3 0.62500000 1 1.00000000 0.00000000 0.00000000 0.00000000
Neuron 511 3 0.62500000 1 1.00000000 0.00000000 0.00000000 0.00000000
Neuron 517 3 0.75000000 1 1.00000000 0.00000000 0.00000000 0.00000000
Neuron 522 3 0.75000000 1 1.00000000 0.00000000 0.00000000 0.00000000
Neuron 556 3 0.87500000 1 1.00000000 0.00000000 0.00000000 0.00000000
Neuron 580 3 0.12500000 1 1.00000000 0.00000000 0.00000000 0.00000000
Neuron 594 3 0.12500000 1 1.00000000 0.00000000 0.00000000 0.00000000
Neuron 600 3 0.25000000 1 1.00000000 0.00000000 0.00000000 0.00000000
Neuron 650 3 0.25000000 1 1.00000000 0.00000000 0.00000000 0.00000000
Neuron 653 3 0.87500000 1 1.00000000 0.00000000 0.00000000 0.00000000
Neuron 663 3 0.56250000 1 1.00000000 0.00000000 0.00000000 0.00000000
Neuron 664 3 0.12500000 1 1.00000000 0.00000000 0.00000000 0.00000000
Neuron 667 3 0.12500000 1 1.00000000 0.00000000 0.00000000 0.00000000
Neuron 672 3 0.37500000 1 1.00000000 0.00000000 0.00000000 0.00000000
Neuron 679 3 0.62500000 1 1.00000000 0.00000000 0.00000000 0.00000000
Neuron 686 3 0.62500000 1 1.00000000 0.00000000 0.00000000 0.00000000
Neuron 694 3 0.62500000 1 1.00000000 0.00000000 0.00000000 0.00000000
Neuron 696 3 0.56250000 1 1.00000000 0.00000000 0.00000000 0.00000000
Neuron 719 3 0.59375000 1 1.00000000 0.00000000 0.00000000 0.00000000
Neuron 734 3 0.62500000 1 1.00000000 0.00000000 0.00000000 0.00000000
Neuron 758 3 0.18750000 1 1.00000000 0.00000000 0.00000000 0.00000000
Neuron 773 3 0.25000000 1 1.00000000 0.00000000 0.00000000 0.00000000
Neuron 786 3 0.56250000 1 1.00000000 0.00000000 0.00000000 0.00000000
Neuron 793 3 0.06250000 1 1.00000000 0.00000000 0.00000000 0.00000000
Neuron 801 3 0.62500000 1 1.00000000 0.00000000 0.00000000 0.00000000
Neuron 806 3 0.68750000 1 1.00000000 0.00000000 0.00000000 0.00000000
Neuron 826 3 0.21875000 1 1.00000000 0.00000000 0.00000000 0.00000000
Neuron 847 3 0.37500000 1 1.00000000 0.00000000 0.00000000 0.00000000
Neuron 848 3 0.43750000 1 1.00000000 0.00000000 0.00000000 0.00000000
Neuron 864 3 0.59375000 1 1.00000000 0.00000000 0.00000000 0.00000000
Neuron 914 3 0.43750000 1 1.00000000 0.00000000 0.00000000 0.00000000
Neuron 928 3 0.90625000 1 1.00000000 0.00000000 0.00000000 0.00000000
Neuron 936 3 0.40625000 1 1.00000000 0.00000000 0.00000000 0.00000000
Neuron 944 3 0.15625000 1 1.00000000 0.00000000 0.00000000 0.00000000
Neuron 958 3 0.62500000 1 1.00000000 0.00000000 0.00000000 0.00000000
Neuron 959 3 0.34375000 1 1.00000000 0.00000000 0.00000000 0.00000000
Neuron 963 3 0.31250000 1 1.00000000 0.00000000 0.00000000 0.00000000
Neuron 973 3 0.46875000 1 1.00000000 0.00000000 0.00000000 0.00000000
Neuron 1017 3 0.68750000 1 1.00000000 0.00000000 0.00000000 0.00000000
Neuron 1023 3 0.37500000 1 1.00000000 0.00000000 0.00000000 0.00000000
Neuron 1024 3 0.40625000 1 1.00000000 0.00000000 0.00000000 0.00000000
Neuron 1055 3 0.71875000 1 1.00000000 0.00000000 0.00000000 0.00000000
Neuron 1078 3 0.37500000 1 1.00000000 0.00000000 0.00000000 0.00000000
Neuron 1086 3 0.39062500 1 1.00000000 0.00000000 0.00000000 0.00000000
Neuron 1104 3 0.50000000 1 1.00000000 0.00000000 0.00000000 0.00000000
Neuron 1133 3 0.56250000 1 1.00000000 0.00000000 0.00000000 0.00000000
Neuron 1144 3 0.18750000 1 1.00000000 0.00000000 0.00000000 0.00000000
Neuron 1147 3 0.43750000 1 1.00000000 0.00000000 0.00000000 0.00000000
Neuron 1204 3 0.39062500 1 1.00000000 0.00000000 0.00000000 0.00000000
Neuron 1214 3 0.43750000 1 1.00000000 0.00000000 0.00000000 0.00000000
Neuron 1236 3 0.39843750 1 1.00000000 0.00000000 0.00000000 0.00000000
Neuron 1286 3 0.31250000 1 1.00000000 0.00000000 0.00000000 0.00000000
Neuron 1290 3 0.39453125 1 1.00000000 0.00000000 0.00000000 0.00000000
Neuron 1295 3 0.68750000 1 1.00000000 0.00000000 0.00000000 0.00000000
Neuron 1301 3 0.28125000 1 1.00000000 0.00000000 0.00000000 0.00000000
Neuron 1306 3 0.56250000 1 1.00000000 0.00000000 0.00000000 0.00000000
Neuron 1311 3 0.40625000 1 1.00000000 0.00000000 0.00000000 0.00000000
Neuron 1326 3 0.34375000 1 1.00000000 0.00000000 0.00000000 0.00000000
Neuron 1471 3 0.56250000 1 1.00000000 0.00000000 0.00000000 0.00000000
Link 1 10 1 0 -2.96873704
Link 2 10 2 0 -2.08009093
Link 4 10 4 0 -2.20923957
Link 5 10 5 0 1.37991143
Link 8 10 8 0 -0.08323567
Link 9 10 9 0 0.91129792
Link 1 11 10 0 -5.87904940
Link 2 11 11 0 -1.80858891
Link 5 11 14 0 -1.56114801
Link 6 11 15 0 -1.45264445
Link 9 11 18 0 0.77300575
Link 2 12 20 0 -0.64899478
Link 4 12 22 0 -3.03957067
Link 9 12 27 0 0.01107488
Link 1 13 28 0 2.49949316
Link 2 13 29 0 -0.00377516
Link 3 13 30 0 0.31933119
Link 4 13 31 0 1.43678824
Link 5 13 32 0 -0.40606650
Link 7 13 34 0 2.20230699
Link 9 13 36 0 -1.88031590
Link 3 14 39 0 2.76177533
Link 4 14 40 0 0.51186616
Link 8 14 44 0 -0.27031802
Link 1 15 46 0 2.54818923
Link 2 15 47 0 0.98940919
Link 4 15 49 0 2.34208029
Link 5 15 50 0 0.62810817
Link 8 15 53 0 -1.60966395
Link 9 15 54 0 -1.61604362
Link 1 16 55 0 -0.34852769
Link 3 16 57 0 -2.30261459
Link 4 16 58 0 0.42606586
Link 5 16 59 0 -2.95532649
Link 9 16 63 0 -1.08860680
Link 17 10 66 0 0.19347603
Link 3 19 71 0 2.11392706
Link 19 11 72 0 1.82931449
Link 8 29 103 0 -0.84433863
Link 29 12 104 0 -0.16869283
Link 3 31 109 0 -1.87794552
Link 6 33 115 0 -3.47180633
Link 33 14 116 0 -2.05602672
Link 7 34 118 0 -0.13866030
Link 34 10 119 0 -1.33996691
Link 6 41 139 0 1.74602767
Link 41 16 140 0 0.28092885
Link 7 45 152 0 -1.17304072
Link 5 49 164 0 3.68986707
Link 8 50 168 0 1.79304646
Link 1 52 175 0 -3.55926131
Link 52 12 176 0 6.98398147
Link 5 53 179 0 -3.40606915
Link 53 12 180 0 -0.42876405
Link 8 56 188 0 -0.10611363
Link 56 13 189 0 -3.17210480
Link 8 59 216 0 1.70043752
Link 59 11 217 0 -3.61026785
Link 6 61 225 0 -1.85791879
Link 21 67 264 0 0.05717576
Link 67 15 265 0 0.47371622
Link 7 69 285 0 0.32246907
Link 79 11 365 0 -0.30747231
Link 9 21 406 0 -1.91758642
Link 51 84 425 0 -0.91180186
Link 3 69 445 0 4.48373431
Link 50 10 476 0 0.84860317
Link 50 91 513 0 -0.72255472
Link 91 16 514 0 1.03165890
Link 52 16 556 0 3.58564063
Link 45 99 565 0 3.57523964
Link 99 16 566 0 1.03411107
Link 9 31 601 0 1.70276741
Link 2 17 617 0 0.84361062
Link 60 105 631 0 1.22637137
Link 105 12 632 0 -1.68765925
Link 6 121 753 0 1.61910531
Link 121 15 754 0 -0.77805610
Link 8 31 792 0 1.87368978
Link 49 134 855 0 2.45167421
Link 134 14 856 0 -1.34213164
Link 3 137 872 0 2.01062293
Link 137 60 873 0 -0.03654647
Link 7 141 892 0 -1.50131058
Link 141 21 893 0 1.79276610
Link 14 17 994 1 -0.07038272
Link 84 166 1070 0 3.18574597
Link 166 14 1071 0 0.34741036
Link 3 170 1087 0 0.71150210
Link 170 17 1088 0 -2.26651195
Link 173 27 1111 0 3.07362925
Link 192 10 1280 0 1.27572530
Link 31 211 1408 0 -0.97950446
Link 211 15 1409 0 2.08907148
Link 7 226 1515 0 -0.51456048
Link 69 235 1580 0 3.77320322
Link 235 14 1581 0 -1.41693816
Link 50 79 1608 0 1.85549726
Link 243 14 1638 0 0.30798324
Link 2 252 1717 0 0.14254894
Link 252 51 1718 0 1.86961272
Link 5 226 1809 0 -0.00617031
Link 9 199 1828 0 0.83584019
Link 211 10 1845 0 -1.92155433
Link 211 17 1909 1 -2.40168961
Link 33 34 2104 0 -2.17171390
Link 199 312 2110 0 1.47495781
Link 329 14 2202 0 2.49127377
Link 336 79 2264 0 0.90753737
Link 1 345 2308 0 -5.62350081
Link 345 48 2309 0 1.13868110
Link 226 350 2350 0 0.57263421
Link 364 16 2457 0 -3.21704277
Link 13 459 3083 1 1.74029803
Link 459 199 3084 1 3.55106797
Link 470 192 3172 0 -0.91311847
Link 3 192 3217 0 -1.47184725
Link 2 482 3250 0 -3.99230341
Link 482 25 3251 0 0.40196488
Link 493 61 3334 0 -0.44282479
Link 69 61 3336 0 -0.75857555
Link 31 503 3435 0 2.43224689
Link 503 243 3436 0 0.44306018
Link 511 199 3504 0 0.43326831
Link 517 13 3559 0 3.11302144
Link 17 522 3616 0 -2.35267600
Link 522 13 3617 0 -1.71190705
Link 25 199 3809 0 -4.70507348
Link 271 556 3871 0 -2.28797058
Link 556 12 3872 0 -0.87826519
Link 226 199 3980 0 -1.66328003
Link 91 11 4110 0 -1.01158254
Link 91 91 4128 1 -1.59968338
Link 21 21 4135 1 -3.14382825
Link 7 594 4192 0 2.52944312
Link 594 493 4193 0 0.51263709
Link 16 271 4327 1 -0.93525644
Link 199 199 4421 1 -1.15954195
Link 493 14 4682 0 0.98767653
Link 111 653 4735 0 0.15212307
Link 653 13 4736 0 1.69570409
Link 517 517 4784 1 0.91671907
Link 27 663 4827 0 -2.67024334
Link 1 664 4831 0 5.39332409
Link 664 650 4832 0 1.03775552
Link 4 667 4870 0 -0.44998584
Link 667 600 4871 0 -0.00565425
Link 650 672 4904 0 -2.04140704
Link 21 679 4950 0 2.21828602
Link 61 686 5021 0 -1.53356352
Link 686 111 5022 0 -0.18984640
Link 15 511 5053 1 0.17292748
Link 21 694 5100 0 -1.74050914
Link 694 517 5101 0 -3.72488446
Link 696 312 5128 0 0.91813309
Link 663 719 5310 0 2.58680686
Link 719 470 5311 0 0.90640714
Link 734 51 5411 1 -2.77918639
Link 226 773 5637 0 -1.61552810
Link 773 600 5638 0 2.24281712
Link 1 734 5668 0 0.10425538
Link 48 786 5717 0 0.40679123
Link 243 211 5727 0 -1.46089767
Link 6 793 5794 0 0.25412610
Link 793 580 5795 0 -1.88849882
Link 25 801 5860 0 -0.09259035
Link 801 364 5861 0 -2.24369908
Link 9 137 5885 0 1.21267402
Link 679 806 5900 0 -0.96091949
Link 806 271 5901 0 2.52358636
Link 91 271 6016 0 0.92091399
Link 758 826 6058 0 2.15547930
Link 826 173 6059 0 -4.80291758
Link 650 137 6120 0 -5.89251513
Link 848 25 6229 0 1.50731200
Link 734 350 6284 1 2.13552035
Link 786 864 6383 0 0.33978980
Link 864 511 6384 0 -2.50640639
Link 672 15 6744 0 1.34321443
Link 847 53 6764 0 -2.95577555
Link 10 60 6810 1 -1.63957942
Link 864 336 6864 1 1.26424741
Link 312 928 6932 0 0.26884895
Link 928 329 6933 0 0.08292736
Link 345 847 6978 0 3.06313293
Link 936 914 7014 0 0.34413050
Link 111 69 7021 1 -1.95104213
Link 580 944 7094 0 1.00000000
Link 944 758 7095 0 3.17422592
Link 958 17 7216 1 -2.26602618
Link 350 959 7219 0 -1.82999109
Link 959 336 7220 0 3.88670769
Link 963 847 7249 0 0.43026686
Link 914 973 7304 0 3.34999597
Link 973 27 7305 0 0.96638439
Link 650 936 7482 0 -1.31448963
Link 192 1017 7731 1 -1.22407411
Link 1017 958 7732 1 1.26530814
Link 51 848 7766 1 -0.59782535
Link 226 1023 7780 0 -0.26478068
Link 1023 69 7781 0 1.26962532
Link 1024 848 7784 0 0.14273193
Link 329 1055 8014 1 0.38288746
Link 1055 25 8015 1 1.36687479
Link 847 1086 8213 0 -0.34594442
Link 1086 936 8214 0 -3.43353987
Link 33 1104 8407 1 -1.80601983
Link 1104 33 8408 1 -3.62014869
Link 51 1133 8647 0 4.83543442
Link 1133 470 8648 0 -2.42271928
Link 56 503 8718 0 -0.13097115
Link 29 470 8732 0 0.23051511
Link 580 1144 8801 0 -0.00089340
Link 1144 650 8802 0 -1.95383196
Link 503 1147 8822 1 3.26873720
Link 1147 345 8823 1 0.35171933
Link 470 580 8878 1 -1.15578143
Link 686 686 9155 1 -1.44352872
Link 271 672 9297 1 0.65831119
Link 329 580 9431 1 -2.70380543
Link 672 1204 9439 0 -3.44326194
Link 864 522 9449 0 0.16706866
Link 25 1214 9515 1 -2.53037087
Link 1214 1078 9516 1 2.81081169
Link 56 48 9553 0 0.53433220
Link 914 1144 9600 1 -3.86339680
Link 1236 1024 9796 0 -1.23128614
Link 470 61 9814 1 -2.71149798
Link 91 600 9864 1 2.58173986
Link 329 600 9928 1 -0.22249742
Link 848 17 10117 0 2.71350500
Link 1286 137 10307 1 0.27885981
Link 1204 1290 10330 0 1.00000000
Link 1290 1236 10331 0 -0.00446319
Link 503 1295 10406 0 1.53019706
Link 1295 91 10407 0 -0.42176557
Link 312 15 10423 0 1.14554893
Link 600 1301 10482 0 -2.13036833
Link 1301 963 10483 0 -2.15435142
Link 679 1306 10526 1 -2.12237099
Link 1306 29 10527 1 -0.08024738
Link 17 329 10534 0 0.57102965
Link 173 1311 10585 0 0.70204702
Link 1311 696 10586 0 -1.29711704
Link 8 963 10645 0 -1.10770119
Link 1078 1326 10723 1 0.60338340
Link 1326 1286 10724 1 3.48129526
Link 5 336 10755 0 0.30091549
Link 336 793 10802 1 -0.76230553
Link 56 134 10819 0 -3.64070398
Link 1078 271 11018 0 0.25373483
Link 53 141 11052 1 -1.70884964
Link 1078 470 11315 0 -1.26121280
Link 7 29 11390 0 -1.63779322
Link 99 111 11460 0 0.66034390
Link 170 672 11551 0 0.86273174
Link 19 69 11599 0 -0.37770567
Link 482 49 11764 0 -1.95464345
Link 1286 199 11942 0 2.48159779
Link 1133 1471 12169 0 -3.75188078
Link 1471 696 12170 0 2.28239779
Link 13 1133 12317 1 -3.18208105
Link 667 271 12383 0 -0.76446005
Link 793 79 12454 0 -2.66060004
Link 936 686 12544 0 -1.52786422
Link 1204 121 12621 0 3.24588851
Link 522 271 12622 0 0.39481969
Link 19 173 12830 1 3.34920352
Link 52 34 12886 0 -1.29527552
Link 959 312 13058 0 4.56522697
Link 672 459 13664 0 -3.53312052
Link 8 1214 13822 0 -0.97385199
GenomeEnd

