GenomeStart 108422
Neuron 1 1 0.00000000 1 0.00000000 0.00000000 0.00000000 0.00000000
Neuron 2 1 0.00000000 1 0.00000000 0.00000000 0.00000000 0.00000000
Neuron 3 1 0.00000000 1 0.00000000 0.00000000 0.00000000 0.00000000
Neuron 4 1 0.00000000 1 0.00000000 0.00000000 0.00000000 0.00000000
Neuron 5 1 0.00000000 1 0.00000000 0.00000000 0.00000000 0.00000000
Neuron 6 1 0.00000000 1 0.00000000 0.00000000 0.00000000 0.00000000
Neuron 7 1 0.00000000 1 0.00000000 0.00000000 0.00000000 0.00000000
Neuron 8 1 0.00000000 1 0.00000000 0.00000000 0.00000000 0.00000000
Neuron 9 2 0.00000000 1 0.00000000 0.00000000 0.00000000 0.00000000
Neuron 10 4 1.00000000 0 1.00000000 0.00000000 0.00000000 0.00000000
Neuron 11 4 1.00000000 0 1.00000000 0.00000000 0.00000000 0.00000000
Neuron 12 4 1.00000000 0 1.00000000 0.00000000 0.00000000 0.00000000
Neuron 13 4 1.00000000 0 1.00000000 0.00000000 0.00000000 0.00000000
Neuron 14 4 1.00000000 0 1.00000000 0.00000000 0.00000000 0.00000000
Neuron 15 4 1.00000000 0 1.00000000 0.00000000 0.00000000 0.00000000
Neuron 16 4 1.00000000 0 1.00000000 0.00000000 0.00000000 0.00000000
Neuron 17 3 0.50000000 1 1.00000000 0.00000000 0.00000000 0.00000000
Neuron 18 3 0.50000000 1 1.00000000 0.00000000 0.00000000 0.00000000
Neuron 19 3 0.50000000 1 1.00000000 0.00000000 0.00000000 0.00000000
Neuron 20 3 0.50000000 1 1.00000000 0.00000000 0.00000000 0.00000000
Neuron 21 3 0.50000000 1 1.00000000 0.00000000 0.00000000 0.00000000
Neuron 23 3 0.50000000 1 1.00000000 0.00000000 0.00000000 0.00000000
Neuron 24 3 0.50000000 1 1.00000000 0.00000000 0.00000000 0.00000000
Neuron 25 3 0.50000000 1 1.00000000 0.00000000 0.00000000 0.00000000
Neuron 27 3 0.50000000 1 1.00000000 0.00000000 0.00000000 0.00000000
Neuron 29 3 0.50000000 1 1.00000000 0.00000000 0.00000000 0.00000000
Neuron 30 3 0.50000000 1 1.00000000 0.00000000 0.00000000 0.00000000
Neuron 31 3 0.50000000 1 1.00000000 0.00000000 0.00000000 0.00000000
Neuron 33 3 0.50000000 1 1.00000000 0.00000000 0.00000000 0.00000000
Neuron 39 3 0.50000000 1 1.00000000 0.00000000 0.00000000 0.00000000
Neuron 41 3 0.50000000 1 1.00000000 0.00000000 0.00000000 0.00000000
Neuron 43 3 0.50000000 1 1.00000000 0.00000000 0.00000000 0.00000000
Neuron 46 3 0.50000000 1 1.00000000 0.00000000 0.00000000 0.00000000
Neuron 47 3 0.50000000 1 1.00000000 0.00000000 0.00000000 0.00000000
Neuron 48 3 0.50000000 1 1.00000000 0.00000000 0.00000000 0.00000000
Neuron 50 3 0.50000000 1 1.00000000 0.00000000 0.00000000 0.00000000
Neuron 51 3 0.50000000 1 1.00000000 0.00000000 0.00000000 0.00000000
Neuron 52 3 0.50000000 1 1.00000000 0.00000000 0.00000000 0.00000000
Neuron 53 3 0.50000000 1 1.00000000 0.00000000 0.00000000 0.00000000
Neuron 55 3 0.50000000 1 1.00000000 0.00000000 0.00000000 0.00000000
Neuron 56 3 0.50000000 1 1.00000000 0.00000000 0.00000000 0.00000000
Neuron 60 3 0.50000000 1 1.00000000 0.00000000 0.00000000 0.00000000
Neuron 61 3 0.50000000 1 1.00000000 0.00000000 0.00000000 0.00000000
Neuron 62 3 0.50000000 1 1.00000000 0.00000000 0.00000000 0.00000000
Neuron 64 3 0.50000000 1 1.00000000 0.00000000 0.00000000 0.00000000
Neuron 67 3 0.75000000 1 1.00000000 0.00000000 0.00000000 0.00000000
Neuron 68 3 0.50000000 1 1.00000000 0.00000000 0.00000000 0.00000000
Neuron 69 3 0.50000000 1 1.00000000 0.00000000 0.00000000 0.00000000
Neuron 74 3 0.25000000 1 1.00000000 0.00000000 0.00000000 0.00000000
Neuron 78 3 0.50000000 1 1.00000000 0.00000000 0.00000000 0.00000000
Neuron 79 3 0.50000000 1 1.00000000 0.00000000 0.00000000 0.00000000
Neuron 84 3 0.75000000 1 1.00000000 0.00000000 0.00000000 0.00000000
Neuron 87 3 0.50000000 1 1.00000000 0.00000000 0.00000000 0.00000000
Neuron 88 3 0.75000000 1 1.00000000 0.00000000 0.00000000 0.00000000
Neuron 91 3 0.75000000 1 1.00000000 0.00000000 0.00000000 0.00000000
Neuron 94 3 0.25000000 1 1.00000000 0.00000000 0.00000000 0.00000000
Neuron 97 3 0.75000000 1 1.00000000 0.00000000 0.00000000 0.00000000
Neuron 101 3 0.25000000 1 1.00000000 0.00000000 0.00000000 0.00000000
Neuron 102 3 0.25000000 1 1.00000000 0.00000000 0.00000000 0.00000000
Neuron 105 3 0.75000000 1 1.00000000 0.00000000 0.00000000 0.00000000
Neuron 111 3 0.75000000 1 1.00000000 0.00000000 0.00000000 0.00000000
Neuron 116 3 0.25000000 1 1.00000000 0.00000000 0.00000000 0.00000000
Neuron 136 3 0.75000000 1 1.00000000 0.00000000 0.00000000 0.00000000
Neuron 137 3 0.25000000 1 1.00000000 0.00000000 0.00000000 0.00000000
Neuron 138 3 0.75000000 1 1.00000000 0.00000000 0.00000000 0.00000000
Neuron 139 3 0.25000000 1 1.00000000 0.00000000 0.00000000 0.00000000
Neuron 141 3 0.25000000 1 1.00000000 0.00000000 0.00000000 0.00000000
Neuron 151 3 0.25000000 1 1.00000000 0.00000000 0.00000000 0.00000000
Neuron 164 3 0.25000000 1 1.00000000 0.00000000 0.00000000 0.00000000
Neuron 173 3 0.25000000 1 1.00000000 0.00000000 0.00000000 0.00000000
Neuron 175 3 0.75000000 1 1.00000000 0.00000000 0.00000000 0.00000000
Neuron 181 3 0.25000000 1 1.00000000 0.00000000 0.00000000 0.00000000
Neuron 192 3 0.75000000 1 1.00000000 0.00000000 0.00000000 0.00000000
Neuron 199 3 0.75000000 1 1.00000000 0.00000000 0.00000000 0.00000000
Neuron 211 3 0.75000000 1 1.00000000 0.00000000 0.00000000 0.00000000
Neuron 216 3 0.37500000 1 1.00000000 0.00000000 0.00000000 0.00000000
Neuron 218 3 0.50000000 1 1.00000000 0.00000000 0.00000000 0.00000000
Neuron 225 3 0.62500000 1 1.00000000 0.00000000 0.00000000 0.00000000
Neuron 226 3 0.25000000 1 1.00000000 0.00000000 0.00000000 0.00000000
Neuron 235 3 0.75000000 1 1.00000000 0.00000000 0.00000000 0.00000000
Neuron 243 3 0.75000000 1 1.00000000 0.00000000 0.00000000 0.00000000
Neuron 252 3 0.25000000 1 1.00000000 0.00000000 0.00000000 0.00000000
Neuron 258 3 0.87500000 1 1.00000000 0.00000000 0.00000000 0.00000000
Neuron 262 3 0.25000000 1 1.00000000 0.00000000 0.00000000 0.00000000
Neuron 263 3 0.25000000 1 1.00000000 0.00000000 0.00000000 0.00000000
Neuron 266 3 0.75000000 1 1.00000000 0.00000000 0.00000000 0.00000000
Neuron 271 3 0.75000000 1 1.00000000 0.00000000 0.00000000 0.00000000
Neuron 291 3 0.37500000 1 1.00000000 0.00000000 0.00000000 0.00000000
Neuron 299 3 0.75000000 1 1.00000000 0.00000000 0.00000000 0.00000000
Neuron 301 3 0.75000000 1 1.00000000 0.00000000 0.00000000 0.00000000
Neuron 312 3 0.87500000 1 1.00000000 0.00000000 0.00000000 0.00000000
Neuron 313 3 0.37500000 1 1.00000000 0.00000000 0.00000000 0.00000000
Neuron 329 3 0.93750000 1 1.00000000 0.00000000 0.00000000 0.00000000
Neuron 330 3 0.62500000 1 1.00000000 0.00000000 0.00000000 0.00000000
Neuron 345 3 0.25000000 1 1.00000000 0.00000000 0.00000000 0.00000000
Neuron 357 3 0.12500000 1 1.00000000 0.00000000 0.00000000 0.00000000
Neuron 364 3 0.75000000 1 1.00000000 0.00000000 0.00000000 0.00000000
Neuron 383 3 0.37500000 1 1.00000000 0.00000000 0.00000000 0.00000000
Neuron 394 3 0.50000000 1 1.00000000 0.00000000 0.00000000 0.00000000
Neuron 408 3 0.75000000 1 1.00000000 0.00000000 0.00000000 0.00000000
Neuron 433 3 0.50000000 1 1.00000000 0.00000000 0.00000000 0.00000000
Neuron 442 3 0.25000000 1 1.00000000 0.00000000 0.00000000 0.00000000
Neuron 444 3 0.87500000 1 1.00000000 0.00000000 0.00000000 0.00000000
Neuron 446 3 0.62500000 1 1.00000000 0.00000000 0.00000000 0.00000000
Neuron 448 3 0.37500000 1 1.00000000 0.00000000 0.00000000 0.00000000
Neuron 459 3 0.87500000 1 1.00000000 0.00000000 0.00000000 0.00000000
Neuron 466 3 0.25000000 1 1.00000000 0.00000000 0.00000000 0.00000000
Neuron 481 3 0.87500000 1 1.00000000 0.00000000 0.00000000 0.00000000
Neuron 493 3 0.25000000 1 1.00000000 0.00000000 0.00000000 0.00000000
Neuron 499 3 0.75000000 1 1.00000000 0.00000000 0.00000000 0.00000000
Neuron 500 3 0.50000000 1 1.00000000 0.00000000 0.00000000 0.00000000
Neuron 508 3 0.37500000 1 1.00000000 0.00000000 0.00000000 0.00000000
Neuron 517 3 0.75000000 1 1.00000000 0.00000000 0.00000000 0.00000000
Neuron 521 3 0.50000000 1 1.00000000 0.00000000 0.00000000 0.00000000
Neuron 539 3 0.37500000 1 1.00000000 0.00000000 0.00000000 0.00000000
Neuron 541 3 0.62500000 1 1.00000000 0.00000000 0.00000000 0.00000000
Neuron 548 3 0.37500000 1 1.00000000 0.00000000 0.00000000 0.00000000
Neuron 555 3 0.25000000 1 1.00000000 0.00000000 0.00000000 0.00000000
Neuron 563 3 0.50000000 1 1.00000000 0.00000000 0.00000000 0.00000000
Neuron 564 3 0.50000000 1 1.00000000 0.00000000 0.00000000 0.00000000
Neuron 568 3 0.25000000 1 1.00000000 0.00000000 0.00000000 0.00000000
Neuron 576 3 0.25000000 1 1.00000000 0.00000000 0.00000000 0.00000000
Neuron 580 3 0.12500000 1 1.00000000 0.00000000 0.00000000 0.00000000
Neuron 584 3 0.50000000 1 1.00000000 0.00000000 0.00000000 0.00000000
Neuron 593 3 0.50000000 1 1.00000000 0.00000000 0.00000000 0.00000000
Neuron 594 3 0.12500000 1 1.00000000 0.00000000 0.00000000 0.00000000
Neuron 603 3 0.93750000 1 1.00000000 0.00000000 0.00000000 0.00000000
Neuron 617 3 0.62500000 1 1.00000000 0.00000000 0.00000000 0.00000000
Neuron 620 3 0.87500000 1 1.00000000 0.00000000 0.00000000 0.00000000
Neuron 621 3 0.50000000 1 1.00000000 0.00000000 0.00000000 0.00000000
Neuron 623 3 0.37500000 1 1.00000000 0.00000000 0.00000000 0.00000000
Neuron 636 3 0.37500000 1 1.00000000 0.00000000 0.00000000 0.00000000
Neuron 638 3 0.37500000 1 1.00000000 0.00000000 0.00000000 0.00000000
Neuron 639 3 0.12500000 1 1.00000000 0.00000000 0.00000000 0.00000000
Neuron 643 3 0.50000000 1 1.00000000 0.00000000 0.00000000 0.00000000
Neuron 646 3 0.62500000 1 1.00000000 0.00000000 0.00000000 0.00000000
Neuron 650 3 0.25000000 1 1.00000000 0.00000000 0.00000000 0.00000000
Neuron 655 3 0.96875000 1 1.00000000 0.00000000 0.00000000 0.00000000
Neuron 670 3 0.75000000 1 1.00000000 0.00000000 0.00000000 0.00000000
Neuron 676 3 0.87500000 1 1.00000000 0.00000000 0.00000000 0.00000000
Neuron 679 3 0.62500000 1 1.00000000 0.00000000 0.00000000 0.00000000
Neuron 682 3 0.62500000 1 1.00000000 0.00000000 0.00000000 0.00000000
Neuron 685 3 0.25000000 1 1.00000000 0.00000000 0.00000000 0.00000000
Neuron 692 3 0.56250000 1 1.00000000 0.00000000 0.00000000 0.00000000
Neuron 708 3 0.93750000 1 1.00000000 0.00000000 0.00000000 0.00000000
Neuron 712 3 0.37500000 1 1.00000000 0.00000000 0.00000000 0.00000000
Neuron 713 3 0.56250000 1 1.00000000 0.00000000 0.00000000 0.00000000
Neuron 715 3 0.37500000 1 1.00000000 0.00000000 0.00000000 0.00000000
Neuron 720 3 0.12500000 1 1.00000000 0.00000000 0.00000000 0.00000000
Neuron 731 3 0.37500000 1 1.00000000 0.00000000 0.00000000 0.00000000
Neuron 739 3 0.56250000 1 1.00000000 0.00000000 0.00000000 0.00000000
Neuron 745 3 0.62500000 1 1.00000000 0.00000000 0.00000000 0.00000000
Neuron 746 3 0.81250000 1 1.00000000 0.00000000 0.00000000 0.00000000
Neuron 754 3 0.56250000 1 1.00000000 0.00000000 0.00000000 0.00000000
Neuron 757 3 0.50000000 1 1.00000000 0.00000000 0.00000000 0.00000000
Neuron 761 3 0.43750000 1 1.00000000 0.00000000 0.00000000 0.00000000
Neuron 766 3 0.37500000 1 1.00000000 0.00000000 0.00000000 0.00000000
Neuron 767 3 0.50000000 1 1.00000000 0.00000000 0.00000000 0.00000000
Neuron 768 3 0.62500000 1 1.00000000 0.00000000 0.00000000 0.00000000
Neuron 780 3 0.50000000 1 1.00000000 0.00000000 0.00000000 0.00000000
Neuron 782 3 0.56250000 1 1.00000000 0.00000000 0.00000000 0.00000000
Neuron 787 3 0.50000000 1 1.00000000 0.00000000 0.00000000 0.00000000
Neuron 788 3 0.50000000 1 1.00000000 0.00000000 0.00000000 0.00000000
Neuron 794 3 0.93750000 1 1.00000000 0.00000000 0.00000000 0.00000000
Neuron 796 3 0.56250000 1 1.00000000 0.00000000 0.00000000 0.00000000
Neuron 801 3 0.62500000 1 1.00000000 0.00000000 0.00000000 0.00000000
Neuron 819 3 0.65625000 1 1.00000000 0.00000000 0.00000000 0.00000000
Neuron 822 3 0.68750000 1 1.00000000 0.00000000 0.00000000 0.00000000
Neuron 824 3 0.50000000 1 1.00000000 0.00000000 0.00000000 0.00000000
Neuron 830 3 0.37500000 1 1.00000000 0.00000000 0.00000000 0.00000000
Neuron 852 3 0.50000000 1 1.00000000 0.00000000 0.00000000 0.00000000
Neuron 859 3 0.43750000 1 1.00000000 0.00000000 0.00000000 0.00000000
Neuron 867 3 0.18750000 1 1.00000000 0.00000000 0.00000000 0.00000000
Neuron 885 3 0.56250000 1 1.00000000 0.00000000 0.00000000 0.00000000
Neuron 887 3 0.50000000 1 1.00000000 0.00000000 0.00000000 0.00000000
Neuron 890 3 0.50000000 1 1.00000000 0.00000000 0.00000000 0.00000000
Neuron 897 3 0.75000000 1 1.00000000 0.00000000 0.00000000 0.00000000
Neuron 898 3 0.87500000 1 1.00000000 0.00000000 0.00000000 0.00000000
Neuron 899 3 0.50000000 1 1.00000000 0.00000000 0.00000000 0.00000000
Neuron 902 3 0.62500000 1 1.00000000 0.00000000 0.00000000 0.00000000
Neuron 910 3 0.50000000 1 1.00000000 0.00000000 0.00000000 0.00000000
Neuron 915 3 0.50000000 1 1.00000000 0.00000000 0.00000000 0.00000000
Neuron 917 3 0.50000000 1 1.00000000 0.00000000 0.00000000 0.00000000
Neuron 918 3 0.50000000 1 1.00000000 0.00000000 0.00000000 0.00000000
Neuron 938 3 0.25000000 1 1.00000000 0.00000000 0.00000000 0.00000000
Neuron 940 3 0.75000000 1 1.00000000 0.00000000 0.00000000 0.00000000
Neuron 962 3 0.68750000 1 1.00000000 0.00000000 0.00000000 0.00000000
Neuron 975 3 0.37500000 1 1.00000000 0.00000000 0.00000000 0.00000000
Neuron 979 3 0.56250000 1 1.00000000 0.00000000 0.00000000 0.00000000
Neuron 986 3 0.50000000 1 1.00000000 0.00000000 0.00000000 0.00000000
Neuron 1003 3 0.50000000 1 1.00000000 0.00000000 0.00000000 0.00000000
Neuron 1004 3 0.18750000 1 1.00000000 0.00000000 0.00000000 0.00000000
Neuron 1044 3 0.75000000 1 1.00000000 0.00000000 0.00000000 0.00000000
Neuron 1047 3 0.50000000 1 1.00000000 0.00000000 0.00000000 0.00000000
Neuron 1087 3 0.18750000 1 1.00000000 0.00000000 0.00000000 0.00000000
Neuron 1106 3 0.75000000 1 1.00000000 0.00000000 0.00000000 0.00000000
Neuron 1119 3 0.06250000 1 1.00000000 0.00000000 0.00000000 0.00000000
Neuron 1122 3 0.12500000 1 1.00000000 0.00000000 0.00000000 0.00000000
Neuron 1127 3 0.50000000 1 1.00000000 0.00000000 0.00000000 0.00000000
Neuron 1130 3 0.50000000 1 1.00000000 0.00000000 0.00000000 0.00000000
Neuron 1136 3 0.50000000 1 1.00000000 0.00000000 0.00000000 0.00000000
Neuron 1141 3 0.37500000 1 1.00000000 0.00000000 0.00000000 0.00000000
Neuron 1188 3 0.59375000 1 1.00000000 0.00000000 0.00000000 0.00000000
Neuron 1221 3 0.87500000 1 1.00000000 0.00000000 0.00000000 0.00000000
Neuron 1228 3 0.62500000 1 1.00000000 0.00000000 0.00000000 0.00000000
Neuron 1229 3 0.50000000 1 1.00000000 0.00000000 0.00000000 0.00000000
Neuron 1230 3 0.62500000 1 1.00000000 0.00000000 0.00000000 0.00000000
Neuron 1235 3 0.50000000 1 1.00000000 0.00000000 0.00000000 0.00000000
Neuron 1259 3 0.50000000 1 1.00000000 0.00000000 0.00000000 0.00000000
Neuron 1271 3 0.56250000 1 1.00000000 0.00000000 0.00000000 0.00000000
Neuron 1325 3 0.62500000 1 1.00000000 0.00000000 0.00000000 0.00000000
Neuron 1344 3 0.50000000 1 1.00000000 0.00000000 0.00000000 0.00000000
Neuron 1347 3 0.25000000 1 1.00000000 0.00000000 0.00000000 0.00000000
Neuron 1388 3 0.87500000 1 1.00000000 0.00000000 0.00000000 0.00000000
Neuron 1395 3 0.50000000 1 1.00000000 0.00000000 0.00000000 0.00000000
Neuron 1413 3 0.37500000 1 1.00000000 0.00000000 0.00000000 0.00000000
Neuron 1416 3 0.18750000 1 1.00000000 0.00000000 0.00000000 0.00000000
Neuron 1470 3 0.68750000 1 1.00000000 0.00000000 0.00000000 0.00000000
Neuron 1536 3 0.65625000 1 1.00000000 0.00000000 0.00000000 0.00000000
Neuron 1677 3 0.43750000 1 1.00000000 0.00000000 0.00000000 0.00000000
Neuron 1727 3 0.50000000 1 1.00000000 0.00000000 0.00000000 0.00000000
Neuron 1731 3 0.50000000 1 1.00000000 0.00000000 0.00000000 0.00000000
Neuron 1750 3 0.56250000 1 1.00000000 0.00000000 0.00000000 0.00000000
Neuron 1752 3 0.62500000 1 1.00000000 0.00000000 0.00000000 0.00000000
Neuron 1773 3 0.37500000 1 1.00000000 0.00000000 0.00000000 0.00000000
Neuron 1800 3 0.54687500 1 1.00000000 0.00000000 0.00000000 0.00000000
Link 1 10 1 0 2.70404816
Link 2 10 2 0 2.79115855
Link 5 10 5 0 3.21198167
Link 6 10 6 0 2.18255730
Link 7 10 7 0 1.36024492
Link 8 10 8 0 1.98095323
Link 9 10 9 0 -1.72167658
Link 1 11 10 0 4.05070533
Link 2 11 11 0 -0.57811542
Link 3 11 12 0 -2.85595238
Link 4 11 13 0 3.15933529
Link 5 11 14 0 2.08580741
Link 6 11 15 0 1.90946598
Link 7 11 16 0 2.43222887
Link 8 11 17 0 1.15187432
Link 9 11 18 0 1.95999241
Link 2 12 20 0 0.35213662
Link 3 12 21 0 -4.26393291
Link 4 12 22 0 -1.08268397
Link 5 12 23 0 -3.94008243
Link 6 12 24 0 -0.53246835
Link 7 12 25 0 2.38246074
Link 9 12 27 0 1.86957830
Link 1 13 28 0 0.41540167
Link 2 13 29 0 -0.28188763
Link 4 13 31 0 0.16010688
Link 7 13 34 0 -0.18334011
Link 8 13 35 0 -0.14843568
Link 9 13 36 0 -0.12289203
Link 3 14 39 0 3.44574774
Link 5 14 41 0 -2.73239298
Link 6 14 42 0 1.79511707
Link 8 14 44 0 0.61290755
Link 9 14 45 0 -1.38695573
Link 1 15 46 0 -3.71526429
Link 2 15 47 0 4.06133269
Link 3 15 48 0 -3.48445263
Link 4 15 49 0 2.45726228
Link 5 15 50 0 -1.87293181
Link 6 15 51 0 1.95367613
Link 7 15 52 0 2.20438497
Link 8 15 53 0 -1.77622466
Link 9 15 54 0 0.40739772
Link 1 16 55 0 1.79708702
Link 2 16 56 0 -3.76464974
Link 3 16 57 0 1.87026661
Link 5 16 59 0 3.20533571
Link 6 16 60 0 -2.72464111
Link 7 16 61 0 1.37080725
Link 9 16 63 0 1.84092967
Link 3 17 65 0 -1.95413837
Link 17 10 66 0 2.45928688
Link 8 18 68 0 0.31691213
Link 18 14 69 0 4.40550983
Link 19 11 72 0 -0.84092998
Link 2 23 84 0 -1.03465928
Link 23 13 85 0 -2.55437282
Link 1 24 87 0 2.32063768
Link 2 25 90 0 3.64822173
Link 8 29 103 0 0.74245840
Link 29 12 104 0 3.36436579
Link 4 30 106 0 -1.04754870
Link 3 31 109 0 1.19422802
Link 6 33 115 0 -0.98616273
Link 33 14 116 0 -3.53619539
Link 2 39 133 0 -4.65033828
Link 39 15 134 0 -0.79758167
Link 6 41 139 0 1.75989041
Link 41 16 140 0 0.97406979
Link 6 43 146 0 -1.64172540
Link 43 12 147 0 -1.04866563
Link 47 13 159 0 -0.83858037
Link 48 14 162 0 -0.99516851
Link 8 50 168 0 -2.10655152
Link 2 51 172 0 -0.50087987
Link 1 52 175 0 -1.19946806
Link 52 12 176 0 -1.56940525
Link 8 55 185 0 -1.89793585
Link 8 56 188 0 2.96891326
Link 56 13 189 0 4.70776979
Link 6 61 225 0 1.98568259
Link 61 13 226 0 1.69511194
Link 2 62 234 0 3.48948474
Link 62 12 235 0 -2.24336069
Link 4 64 243 0 0.57869647
Link 64 10 244 0 1.03357993
Link 21 67 264 0 3.07835990
Link 67 15 265 0 -4.65346833
Link 11 23 270 1 -4.37134485
Link 68 10 275 0 0.99780154
Link 7 69 285 0 0.15959019
Link 51 61 323 0 -3.46643072
Link 8 74 334 0 -1.25275360
Link 78 10 354 0 0.72771955
Link 79 11 365 0 -2.13454986
Link 9 21 406 0 2.28979480
Link 51 84 425 0 -1.64660100
Link 84 14 426 0 -1.67101137
Link 4 87 457 0 -1.62720345
Link 87 15 458 0 0.30619210
Link 20 88 466 0 -0.50601885
Link 88 16 467 0 0.83241439
Link 41 12 470 0 -1.87096266
Link 50 10 476 0 -0.90571724
Link 50 91 513 0 3.93797433
Link 91 16 514 0 2.61761992
Link 94 41 533 0 -1.96832050
Link 3 61 534 0 0.98079447
Link 52 16 556 0 -0.53934681
Link 5 101 583 0 -1.68147551
Link 101 53 584 0 -0.71000046
Link 4 102 586 0 -1.39522774
Link 102 20 587 0 1.18520641
Link 9 31 601 0 0.96755956
Link 2 17 617 0 2.48501667
Link 7 51 618 0 0.19842780
Link 60 105 631 0 0.36453587
Link 105 12 632 0 1.25695523
Link 61 111 676 0 1.35187019
Link 111 13 677 0 2.37771526
Link 3 116 708 0 -6.55733750
Link 116 47 709 0 -1.18534630
Link 10 61 755 1 2.31971557
Link 8 31 792 0 3.42904882
Link 3 137 872 0 0.31100841
Link 138 12 881 0 -1.99719779
Link 2 139 883 0 1.86211594
Link 7 141 892 0 -0.00523656
Link 141 21 893 0 -4.04559146
Link 46 69 926 0 -2.32971007
Link 3 151 966 0 -2.99842243
Link 6 164 1057 0 -5.79387765
Link 164 61 1058 0 -0.96044379
Link 6 173 1110 0 1.67452417
Link 173 27 1111 0 -2.89568796
Link 46 175 1117 0 -5.72304630
Link 175 13 1118 0 2.78324380
Link 17 13 1127 0 -2.10516149
Link 7 19 1139 0 -1.77663211
Link 2 181 1157 0 1.35024758
Link 181 68 1158 0 -0.45397400
Link 27 192 1279 0 -3.84946374
Link 192 10 1280 0 -0.57348027
Link 55 13 1296 0 0.13413318
Link 48 199 1353 0 -3.62747952
Link 211 15 1409 0 3.44256200
Link 137 216 1454 0 -1.28633449
Link 24 225 1512 0 -1.24785949
Link 225 136 1513 0 -3.65694058
Link 7 226 1515 0 -1.06486819
Link 226 79 1516 0 -0.91945429
Link 69 235 1580 0 -2.76195563
Link 50 79 1608 0 -4.28775322
Link 31 243 1637 0 -0.64981798
Link 243 14 1638 0 -1.78940427
Link 62 47 1650 0 3.45575871
Link 47 46 1684 0 1.01678726
Link 2 252 1717 0 -2.07775369
Link 252 51 1718 0 0.68744789
Link 136 258 1749 0 -1.09254600
Link 8 262 1777 0 0.98255176
Link 7 263 1789 0 1.74041088
Link 5 226 1809 0 -1.56388624
Link 53 266 1813 0 -1.78293206
Link 266 10 1814 0 2.04332987
Link 9 199 1828 0 5.75193490
Link 271 12 1865 0 -0.52139278
Link 51 24 1883 0 -0.88898193
Link 211 17 1909 1 -0.09506068
Link 262 291 1976 0 -0.38917460
Link 291 78 1977 0 -0.78298052
Link 47 299 2018 0 0.77286457
Link 299 13 2019 0 -4.64749800
Link 30 301 2034 0 4.00277194
Link 301 14 2035 0 2.72974533
Link 199 312 2110 0 -0.13429243
Link 312 14 2111 0 0.83847600
Link 151 313 2117 0 3.12773856
Link 312 329 2201 0 4.05153786
Link 329 14 2202 0 1.53296424
Link 330 138 2209 0 2.38705273
Link 1 345 2308 0 -0.28148168
Link 345 48 2309 0 1.91958995
Link 6 357 2394 0 -0.40043803
Link 61 53 2409 0 2.40741083
Link 364 16 2457 0 1.05947614
Link 263 383 2566 0 1.36981696
Link 383 69 2567 0 -1.21157376
Link 5 394 2633 0 2.67655995
Link 394 13 2634 0 -1.12562271
Link 27 33 2695 0 -3.16700499
Link 13 199 2731 1 -0.31816100
Link 433 14 2897 0 0.53401965
Link 78 61 2967 0 3.71531163
Link 2 442 2981 0 -0.01281048
Link 442 23 2982 0 1.52903479
Link 235 444 3000 0 -3.32359493
Link 31 446 3013 0 1.62309548
Link 446 211 3014 0 -0.11409263
Link 74 448 3024 0 2.96700108
Link 448 50 3025 0 1.63900122
Link 13 459 3083 1 -3.30715656
Link 52 13 3100 0 -2.31935756
Link 3 466 3152 0 1.17898507
Link 23 68 3177 0 -1.66323250
Link 6 263 3202 0 0.34451036
Link 243 481 3245 0 -0.64305914
Link 21 11 3275 0 1.83427002
Link 14 20 3292 1 0.41210873
Link 7 493 3333 0 -0.11140879
Link 493 61 3334 0 -3.05521295
Link 52 499 3375 0 -0.03438677
Link 499 16 3376 0 -2.09903547
Link 218 500 3405 0 0.65531385
Link 102 508 3478 0 2.13432890
Link 508 20 3479 0 1.67873469
Link 21 517 3558 0 -0.97864690
Link 517 13 3559 0 3.79408130
Link 312 312 3592 1 -2.39571474
Link 68 521 3594 0 3.71797342
Link 24 19 3625 0 0.02038702
Link 4 27 3680 0 -0.31705938
Link 141 539 3726 0 1.70761935
Link 539 21 3727 0 -3.19230234
Link 14 541 3733 1 -4.32828594
Link 541 263 3734 1 -0.11612083
Link 41 53 3738 0 2.43506499
Link 466 548 3819 0 1.55724301
Link 548 24 3820 0 4.62595565
Link 1 102 3821 0 -2.37741449
Link 7 555 3863 0 1.94235151
Link 555 433 3864 0 1.96265533
Link 521 563 3914 0 0.56604117
Link 563 53 3915 0 -3.24154342
Link 564 218 3918 0 0.93154958
Link 5 383 3984 0 -0.01994567
Link 3 576 4006 0 -3.08643165
Link 576 51 4007 0 -1.05110411
Link 580 173 4070 0 0.53020071
Link 30 383 4074 1 2.05170979
Link 31 51 4116 0 0.36909258
Link 51 593 4182 0 -0.20370257
Link 593 47 4183 0 -2.23354084
Link 7 594 4192 0 0.01759963
Link 568 568 4218 1 2.81500621
Link 102 51 4251 0 2.33050755
Link 258 603 4284 0 2.60555976
Link 493 211 4380 0 -0.36890278
Link 139 139 4438 1 -2.11192565
Link 11 620 4442 1 -0.25933712
Link 620 91 4443 1 0.48931404
Link 621 61 4446 0 0.17080910
Link 4 623 4458 0 -2.39137701
Link 141 33 4465 0 -0.55564181
Link 493 636 4558 0 -0.47202786
Link 636 61 4559 0 0.06833499
Link 3 638 4579 0 -0.55445412
Link 3 639 4582 0 -2.35562386
Link 639 568 4583 0 -1.51935613
Link 69 643 4641 0 -0.20130699
Link 78 646 4657 0 -2.66719824
Link 646 235 4658 0 -5.20820165
Link 17 60 4669 0 -1.75075543
Link 1 521 4677 0 -3.64367730
Link 46 47 4695 0 0.58222106
Link 1 650 4706 0 -0.43652634
Link 650 25 4707 0 0.77869393
Link 603 655 4755 0 -0.05698054
Link 655 13 4756 0 1.87026009
Link 617 61 4782 1 -0.66924587
Link 226 620 4849 0 2.07947168
Link 13 670 4893 1 -3.14890327
Link 670 46 4894 1 3.14743889
Link 43 61 4934 0 -0.36963124
Link 11 676 4937 1 0.91231251
Link 676 138 4938 1 5.42824460
Link 679 271 4951 0 1.16605629
Link 21 682 4981 0 1.29642993
Link 682 67 4982 0 1.49572052
Link 25 79 5000 0 -0.89281467
Link 3 685 5018 0 -1.00392712
Link 27 517 5041 0 1.76520638
Link 69 692 5074 0 -6.11862532
Link 692 617 5075 0 0.32689456
Link 24 258 5095 0 -2.20102775
Link 621 679 5217 0 4.05332380
Link 481 708 5219 0 -0.22901859
Link 708 14 5220 0 -2.93856821
Link 226 712 5243 0 2.05064969
Link 712 61 5244 0 0.43427570
Link 19 713 5253 0 1.45031827
Link 713 541 5254 0 -1.19791707
Link 568 715 5279 0 -0.81542653
Link 715 69 5280 0 -0.71440827
Link 51 52 5307 0 0.09977140
Link 192 67 5313 0 -1.76001472
Link 4 731 5385 0 0.50558185
Link 731 301 5386 0 1.74311209
Link 7 517 5395 0 -0.09226008
Link 638 739 5438 0 -1.19304999
Link 739 192 5439 0 -3.81612554
Link 50 745 5470 0 -0.43686008
Link 745 408 5471 0 -0.22538410
Link 459 746 5474 1 -2.71903069
Link 746 199 5475 1 1.00356577
Link 24 754 5535 0 3.26280658
Link 754 330 5536 0 -2.07863559
Link 4 757 5551 0 2.50712714
Link 757 10 5552 0 -1.11899499
Link 313 761 5575 0 -2.23138089
Link 761 19 5576 0 -0.87410519
Link 41 225 5577 0 5.14213296
Link 766 192 5608 0 3.13244349
Link 767 621 5612 0 0.82301453
Link 768 56 5616 1 -1.84585352
Link 18 31 5642 0 -3.92404671
Link 780 51 5667 1 1.12261481
Link 623 782 5689 0 -0.44284288
Link 31 787 5732 0 0.64113342
Link 787 47 5733 0 0.25718550
Link 173 48 5745 0 1.78821361
Link 55 48 5755 0 1.56437806
Link 788 780 5759 1 2.26941461
Link 17 18 5789 0 4.36724506
Link 31 12 5798 0 2.72182352
Link 68 782 5801 0 0.21454071
Link 444 794 5803 0 1.43614521
Link 794 14 5804 0 -1.81135908
Link 21 796 5813 0 -1.51989784
Link 313 12 5854 0 1.39135249
Link 25 801 5860 0 -2.07337120
Link 801 364 5861 0 -2.60999588
Link 138 444 5981 0 -3.98391666
Link 782 819 6001 0 -0.82534515
Link 819 266 6002 0 -0.35935655
Link 617 822 6020 0 -2.69788539
Link 822 211 6021 0 0.18671068
Link 116 824 6038 0 1.47279800
Link 824 266 6039 0 0.89297979
Link 685 830 6086 0 0.56678194
Link 830 69 6087 0 -1.35513705
Link 508 175 6094 0 0.39261194
Link 173 617 6102 0 -3.23243621
Link 299 638 6122 1 -3.57724873
Link 61 31 6180 0 1.73015132
Link 584 243 6206 0 -3.99608883
Link 1 23 6213 0 2.93312897
Link 852 53 6259 0 2.16849086
Link 8 859 6338 0 -1.56963049
Link 499 50 6395 1 3.94380995
Link 594 867 6401 0 2.06265608
Link 867 493 6402 0 -0.78465921
Link 225 235 6510 0 -0.97753775
Link 25 243 6511 0 0.17440204
Link 650 885 6547 0 0.43526865
Link 885 312 6548 0 -0.73440822
Link 50 887 6563 0 1.31291962
Link 887 584 6564 0 -1.48104805
Link 23 890 6580 0 -0.74854121
Link 890 564 6581 0 -5.90023704
Link 508 67 6609 0 1.28834669
Link 50 897 6639 0 0.73654550
Link 897 16 6640 0 1.83926925
Link 408 898 6644 0 0.44759797
Link 898 10 6645 0 2.61714444
Link 19 899 6656 0 2.85745959
Link 48 902 6682 0 -1.01691888
Link 902 175 6683 0 1.93486073
Link 141 299 6738 0 -0.02410834
Link 61 910 6761 0 -1.16870028
Link 910 60 6762 0 3.31295724
Link 643 915 6803 0 1.49275406
Link 915 767 6804 0 -2.09471270
Link 899 917 6829 0 -1.16685636
Link 917 47 6830 0 3.47142844
Link 69 258 6856 0 -2.51357516
Link 199 18 6914 1 -1.27581499
Link 15 580 6977 1 0.29687568
Link 3 938 7036 0 -0.20332720
Link 938 47 7037 0 1.33589464
Link 79 940 7046 0 2.11803297
Link 940 15 7047 0 3.80075061
Link 313 313 7111 1 0.90291958
Link 12 746 7187 1 0.37179244
Link 899 164 7234 1 0.51118371
Link 271 962 7243 1 -1.47761551
Link 962 768 7244 1 -0.63077872
Link 88 136 7259 0 -5.04192696
Link 69 975 7314 1 -0.97484946
Link 975 252 7315 1 -0.37545921
Link 46 541 7339 0 1.02491385
Link 433 979 7355 0 -2.16580761
Link 979 902 7356 0 1.17124903
Link 69 137 7365 1 2.30984425
Link 52 459 7376 0 -0.92008953
Link 917 670 7453 0 -3.64076834
Link 918 986 7460 0 -1.65480973
Link 780 646 7501 0 1.62945624
Link 580 64 7527 0 5.09294373
Link 25 25 7577 1 2.59456310
Link 3 1003 7605 0 -1.80064897
Link 1003 10 7606 0 -3.85959018
Link 720 1004 7614 0 -4.59906786
Link 1004 151 7615 0 1.29109271
Link 56 33 7663 0 3.39567557
Link 517 299 7778 0 -1.82994213
Link 584 1047 7970 0 0.20402532
Link 1047 918 7971 0 -0.89518365
Link 47 74 8094 1 1.38787682
Link 357 1087 8218 0 4.57726260
Link 1087 94 8219 0 -3.18684621
Link 541 621 8261 1 -0.61814083
Link 192 576 8331 1 -3.44340821
Link 60 1106 8417 0 -3.52673636
Link 1106 12 8418 0 0.22838429
Link 87 899 8425 0 -5.51726214
Link 638 444 8489 0 -0.98346566
Link 6 1119 8505 0 3.69494617
Link 1119 720 8506 0 -2.89174417
Link 8 1122 8528 0 -2.09207075
Link 1122 685 8529 0 1.31279413
Link 986 1127 8581 0 -3.50517960
Link 1127 79 8582 0 -0.31678673
Link 500 1130 8629 0 1.16182718
Link 1130 51 8630 0 -0.80969665
Link 225 1136 8669 1 2.02944653
Link 1136 383 8670 1 4.20247967
Link 266 499 8758 0 2.44569070
Link 1141 623 8780 0 1.85081759
Link 670 444 8826 0 -1.67572240
Link 299 620 9001 0 -0.20470334
Link 890 890 9070 1 -1.43904509
Link 102 173 9269 0 -2.10497293
Link 796 1188 9301 0 -4.88332591
Link 1188 679 9302 0 -1.26600344
Link 97 1221 9587 0 -6.48803694
Link 1221 12 9588 0 -1.96542280
Link 46 27 9666 0 4.00199153
Link 25 1228 9670 0 1.20748604
Link 1228 364 9671 0 3.70972442
Link 623 745 9686 0 2.03949749
Link 69 1229 9695 0 1.23208791
Link 53 1230 9702 0 -0.09747150
Link 1230 97 9703 0 2.25244203
Link 62 1235 9792 0 -2.36407214
Link 51 1259 10002 1 0.14971305
Link 1259 788 10003 1 2.56944838
Link 41 1271 10111 0 -1.67862218
Link 1271 446 10112 0 1.16893491
Link 796 91 10148 0 0.24929234
Link 199 61 10298 1 0.07877175
Link 459 266 10400 1 0.07517264
Link 105 638 10438 1 -0.26863401
Link 746 621 10514 1 -1.54558991
Link 69 1325 10720 0 -4.77844823
Link 1325 1044 10721 0 -4.01977771
Link 685 211 10735 0 -0.93077903
Link 15 584 10795 1 -2.01842100
Link 1119 84 10911 0 2.83575306
Link 8 1344 10924 0 2.69415791
Link 1344 12 10925 0 -1.63926065
Link 1 1347 10974 0 -1.46225953
Link 1347 25 10975 0 1.41882247
Link 18 940 11056 0 -2.94283970
Link 48 56 11084 0 -0.86830662
Link 603 94 11203 1 -0.14922474
Link 830 830 11340 1 0.01208935
Link 636 39 11378 0 2.12311073
Link 1044 1388 11402 0 -2.36276340
Link 1388 14 11403 0 -1.28387856
Link 1235 1395 11465 0 3.70396825
Link 1395 50 11466 0 -0.60099288
Link 580 11 11491 0 -2.69326259
Link 383 1413 11603 0 -5.07472589
Link 3 1416 11628 0 0.05216870
Link 1416 766 11629 0 0.37695678
Link 136 91 11668 0 -0.47129670
Link 1122 638 11826 0 -0.14938588
Link 139 408 11882 0 1.32100321
Link 8 564 11929 0 -0.02555417
Link 915 1044 12012 0 -1.59742065
Link 11 1470 12158 1 3.74316410
Link 1470 638 12159 1 0.64095330
Link 643 720 12163 1 0.34541021
Link 564 819 12296 0 -0.45524208
Link 548 830 12458 0 -3.39688490
Link 1536 312 12776 0 -1.72225525
Link 685 643 12887 0 -5.21400882
Link 918 51 13400 0 -0.03322384
Link 23 1230 13814 0 2.74046073
Link 79 1221 13815 0 0.42296765
Link 754 87 13836 1 3.93016809
Link 216 1677 14044 0 -0.14238648
Link 1677 60 14045 0 0.64989609
Link 61 859 14084 1 4.19267987
Link 830 682 14351 0 4.52814543
Link 623 620 14405 0 -5.61104402
Link 780 1727 14515 0 1.11317710
Link 1727 852 14516 0 -0.91658301
Link 1229 1731 14543 0 1.00000000
Link 1731 621 14544 0 0.31261748
Link 79 87 14607 0 0.89936871
Link 62 564 14723 0 -3.06785428
Link 225 1750 14742 1 0.97934887
Link 1750 218 14743 1 1.13378574
Link 79 1752 14758 0 -1.03386706
Link 1752 1106 14759 0 3.12486131
Link 1413 1773 14915 0 -4.05433574
Link 1773 1141 14916 0 -0.31632875
Link 986 21 14951 0 3.14153070
Link 859 1800 15207 0 -1.86200738
Link 1800 1536 15208 0 -2.44183477
Link 218 1413 15242 1 -2.05209691
Link 780 1773 15279 1 1.33523967
Link 448 48 15711 0 0.19188016
Link 938 14 15741 0 -0.66943454
Link 24 1136 15827 0 -0.04177850
Link 181 1141 16059 0 -3.50054958
Link 1773 708 16662 0 3.02102642
Link 33 79 16789 0 -2.32019623
Link 1344 1470 16889 0 -0.29400055
Link 56 41 17011 0 1.70888476
Link 102 67 17087 0 -4.10926247
Link 679 69 17160 1 -1.92262386
Link 915 64 17252 0 0.83921903
Link 715 830 17464 0 1.79886357
Link 754 299 17593 0 -0.95571915
Link 1119 708 17956 0 -2.14277344
Link 915 23 18039 0 0.49583996
Link 56 383 18358 1 3.05663827
Link 1 139 18379 0 0.89501521
Link 761 910 18495 0 -2.42064748
Link 594 713 18511 0 -2.55776690
GenomeEnd

