GenomeStart 116553
Neuron 1 1 0.00000000 1 0.00000000 0.00000000 0.00000000 0.00000000
Neuron 2 1 0.00000000 1 0.00000000 0.00000000 0.00000000 0.00000000
Neuron 3 1 0.00000000 1 0.00000000 0.00000000 0.00000000 0.00000000
Neuron 4 1 0.00000000 1 0.00000000 0.00000000 0.00000000 0.00000000
Neuron 5 1 0.00000000 1 0.00000000 0.00000000 0.00000000 0.00000000
Neuron 6 1 0.00000000 1 0.00000000 0.00000000 0.00000000 0.00000000
Neuron 7 1 0.00000000 1 0.00000000 0.00000000 0.00000000 0.00000000
Neuron 8 1 0.00000000 1 0.00000000 0.00000000 0.00000000 0.00000000
Neuron 9 2 0.00000000 1 0.00000000 0.00000000 0.00000000 0.00000000
Neuron 10 4 1.00000000 0 1.00000000 0.00000000 0.00000000 0.00000000
Neuron 11 4 1.00000000 0 1.00000000 0.00000000 0.00000000 0.00000000
Neuron 12 4 1.00000000 0 1.00000000 0.00000000 0.00000000 0.00000000
Neuron 13 4 1.00000000 0 1.00000000 0.00000000 0.00000000 0.00000000
Neuron 14 4 1.00000000 0 1.00000000 0.00000000 0.00000000 0.00000000
Neuron 15 4 1.00000000 0 1.00000000 0.00000000 0.00000000 0.00000000
Neuron 16 4 1.00000000 0 1.00000000 0.00000000 0.00000000 0.00000000
Neuron 17 3 0.50000000 1 1.00000000 0.00000000 0.00000000 0.00000000
Neuron 19 3 0.50000000 1 1.00000000 0.00000000 0.00000000 0.00000000
Neuron 20 3 0.50000000 1 1.00000000 0.00000000 0.00000000 0.00000000
Neuron 21 3 0.50000000 1 1.00000000 0.00000000 0.00000000 0.00000000
Neuron 25 3 0.50000000 1 1.00000000 0.00000000 0.00000000 0.00000000
Neuron 27 3 0.50000000 1 1.00000000 0.00000000 0.00000000 0.00000000
Neuron 29 3 0.50000000 1 1.00000000 0.00000000 0.00000000 0.00000000
Neuron 31 3 0.50000000 1 1.00000000 0.00000000 0.00000000 0.00000000
Neuron 33 3 0.50000000 1 1.00000000 0.00000000 0.00000000 0.00000000
Neuron 34 3 0.50000000 1 1.00000000 0.00000000 0.00000000 0.00000000
Neuron 36 3 0.50000000 1 1.00000000 0.00000000 0.00000000 0.00000000
Neuron 37 3 0.50000000 1 1.00000000 0.00000000 0.00000000 0.00000000
Neuron 40 3 0.50000000 1 1.00000000 0.00000000 0.00000000 0.00000000
Neuron 45 3 0.50000000 1 1.00000000 0.00000000 0.00000000 0.00000000
Neuron 48 3 0.50000000 1 1.00000000 0.00000000 0.00000000 0.00000000
Neuron 49 3 0.50000000 1 1.00000000 0.00000000 0.00000000 0.00000000
Neuron 50 3 0.50000000 1 1.00000000 0.00000000 0.00000000 0.00000000
Neuron 51 3 0.50000000 1 1.00000000 0.00000000 0.00000000 0.00000000
Neuron 52 3 0.50000000 1 1.00000000 0.00000000 0.00000000 0.00000000
Neuron 53 3 0.50000000 1 1.00000000 0.00000000 0.00000000 0.00000000
Neuron 56 3 0.50000000 1 1.00000000 0.00000000 0.00000000 0.00000000
Neuron 59 3 0.50000000 1 1.00000000 0.00000000 0.00000000 0.00000000
Neuron 60 3 0.50000000 1 1.00000000 0.00000000 0.00000000 0.00000000
Neuron 61 3 0.50000000 1 1.00000000 0.00000000 0.00000000 0.00000000
Neuron 62 3 0.50000000 1 1.00000000 0.00000000 0.00000000 0.00000000
Neuron 63 3 0.50000000 1 1.00000000 0.00000000 0.00000000 0.00000000
Neuron 67 3 0.75000000 1 1.00000000 0.00000000 0.00000000 0.00000000
Neuron 69 3 0.50000000 1 1.00000000 0.00000000 0.00000000 0.00000000
Neuron 71 3 0.50000000 1 1.00000000 0.00000000 0.00000000 0.00000000
Neuron 78 3 0.50000000 1 1.00000000 0.00000000 0.00000000 0.00000000
Neuron 79 3 0.50000000 1 1.00000000 0.00000000 0.00000000 0.00000000
Neuron 81 3 0.75000000 1 1.00000000 0.00000000 0.00000000 0.00000000
Neuron 84 3 0.75000000 1 1.00000000 0.00000000 0.00000000 0.00000000
Neuron 87 3 0.50000000 1 1.00000000 0.00000000 0.00000000 0.00000000
Neuron 91 3 0.75000000 1 1.00000000 0.00000000 0.00000000 0.00000000
Neuron 111 3 0.75000000 1 1.00000000 0.00000000 0.00000000 0.00000000
Neuron 121 3 0.50000000 1 1.00000000 0.00000000 0.00000000 0.00000000
Neuron 134 3 0.75000000 1 1.00000000 0.00000000 0.00000000 0.00000000
Neuron 137 3 0.25000000 1 1.00000000 0.00000000 0.00000000 0.00000000
Neuron 141 3 0.25000000 1 1.00000000 0.00000000 0.00000000 0.00000000
Neuron 173 3 0.25000000 1 1.00000000 0.00000000 0.00000000 0.00000000
Neuron 192 3 0.75000000 1 1.00000000 0.00000000 0.00000000 0.00000000
Neuron 199 3 0.75000000 1 1.00000000 0.00000000 0.00000000 0.00000000
Neuron 211 3 0.75000000 1 1.00000000 0.00000000 0.00000000 0.00000000
Neuron 226 3 0.25000000 1 1.00000000 0.00000000 0.00000000 0.00000000
Neuron 230 3 0.75000000 1 1.00000000 0.00000000 0.00000000 0.00000000
Neuron 235 3 0.75000000 1 1.00000000 0.00000000 0.00000000 0.00000000
Neuron 240 3 0.87500000 1 1.00000000 0.00000000 0.00000000 0.00000000
Neuron 243 3 0.75000000 1 1.00000000 0.00000000 0.00000000 0.00000000
Neuron 252 3 0.25000000 1 1.00000000 0.00000000 0.00000000 0.00000000
Neuron 263 3 0.25000000 1 1.00000000 0.00000000 0.00000000 0.00000000
Neuron 271 3 0.75000000 1 1.00000000 0.00000000 0.00000000 0.00000000
Neuron 281 3 0.12500000 1 1.00000000 0.00000000 0.00000000 0.00000000
Neuron 312 3 0.87500000 1 1.00000000 0.00000000 0.00000000 0.00000000
Neuron 323 3 0.25000000 1 1.00000000 0.00000000 0.00000000 0.00000000
Neuron 329 3 0.93750000 1 1.00000000 0.00000000 0.00000000 0.00000000
Neuron 333 3 0.12500000 1 1.00000000 0.00000000 0.00000000 0.00000000
Neuron 336 3 0.37500000 1 1.00000000 0.00000000 0.00000000 0.00000000
Neuron 345 3 0.25000000 1 1.00000000 0.00000000 0.00000000 0.00000000
Neuron 350 3 0.31250000 1 1.00000000 0.00000000 0.00000000 0.00000000
Neuron 355 3 0.75000000 1 1.00000000 0.00000000 0.00000000 0.00000000
Neuron 364 3 0.75000000 1 1.00000000 0.00000000 0.00000000 0.00000000
Neuron 368 3 0.62500000 1 1.00000000 0.00000000 0.00000000 0.00000000
Neuron 392 3 0.62500000 1 1.00000000 0.00000000 0.00000000 0.00000000
Neuron 456 3 0.37500000 1 1.00000000 0.00000000 0.00000000 0.00000000
Neuron 462 3 0.87500000 1 1.00000000 0.00000000 0.00000000 0.00000000
Neuron 470 3 0.62500000 1 1.00000000 0.00000000 0.00000000 0.00000000
Neuron 482 3 0.25000000 1 1.00000000 0.00000000 0.00000000 0.00000000
Neuron 493 3 0.25000000 1 1.00000000 0.00000000 0.00000000 0.00000000
Neuron 503 3 0.62500000 1 1.00000000 0.00000000 0.00000000 0.00000000
Neuron 511 3 0.62500000 1 1.00000000 0.00000000 0.00000000 0.00000000
Neuron 517 3 0.75000000 1 1.00000000 0.00000000 0.00000000 0.00000000
Neuron 522 3 0.75000000 1 1.00000000 0.00000000 0.00000000 0.00000000
Neuron 556 3 0.87500000 1 1.00000000 0.00000000 0.00000000 0.00000000
Neuron 580 3 0.12500000 1 1.00000000 0.00000000 0.00000000 0.00000000
Neuron 594 3 0.12500000 1 1.00000000 0.00000000 0.00000000 0.00000000
Neuron 600 3 0.25000000 1 1.00000000 0.00000000 0.00000000 0.00000000
Neuron 613 3 0.87500000 1 1.00000000 0.00000000 0.00000000 0.00000000
Neuron 631 3 0.37500000 1 1.00000000 0.00000000 0.00000000 0.00000000
Neuron 644 3 0.50000000 1 1.00000000 0.00000000 0.00000000 0.00000000
Neuron 650 3 0.25000000 1 1.00000000 0.00000000 0.00000000 0.00000000
Neuron 653 3 0.87500000 1 1.00000000 0.00000000 0.00000000 0.00000000
Neuron 663 3 0.56250000 1 1.00000000 0.00000000 0.00000000 0.00000000
Neuron 672 3 0.37500000 1 1.00000000 0.00000000 0.00000000 0.00000000
Neuron 679 3 0.62500000 1 1.00000000 0.00000000 0.00000000 0.00000000
Neuron 682 3 0.62500000 1 1.00000000 0.00000000 0.00000000 0.00000000
Neuron 686 3 0.62500000 1 1.00000000 0.00000000 0.00000000 0.00000000
Neuron 719 3 0.59375000 1 1.00000000 0.00000000 0.00000000 0.00000000
Neuron 734 3 0.62500000 1 1.00000000 0.00000000 0.00000000 0.00000000
Neuron 749 3 0.96875000 1 1.00000000 0.00000000 0.00000000 0.00000000
Neuron 758 3 0.18750000 1 1.00000000 0.00000000 0.00000000 0.00000000
Neuron 765 3 0.53125000 1 1.00000000 0.00000000 0.00000000 0.00000000
Neuron 773 3 0.25000000 1 1.00000000 0.00000000 0.00000000 0.00000000
Neuron 786 3 0.56250000 1 1.00000000 0.00000000 0.00000000 0.00000000
Neuron 793 3 0.06250000 1 1.00000000 0.00000000 0.00000000 0.00000000
Neuron 802 3 0.28125000 1 1.00000000 0.00000000 0.00000000 0.00000000
Neuron 805 3 0.93750000 1 1.00000000 0.00000000 0.00000000 0.00000000
Neuron 806 3 0.68750000 1 1.00000000 0.00000000 0.00000000 0.00000000
Neuron 847 3 0.37500000 1 1.00000000 0.00000000 0.00000000 0.00000000
Neuron 848 3 0.43750000 1 1.00000000 0.00000000 0.00000000 0.00000000
Neuron 854 3 0.62500000 1 1.00000000 0.00000000 0.00000000 0.00000000
Neuron 864 3 0.59375000 1 1.00000000 0.00000000 0.00000000 0.00000000
Neuron 914 3 0.43750000 1 1.00000000 0.00000000 0.00000000 0.00000000
Neuron 936 3 0.40625000 1 1.00000000 0.00000000 0.00000000 0.00000000
Neuron 957 3 0.12500000 1 1.00000000 0.00000000 0.00000000 0.00000000
Neuron 958 3 0.62500000 1 1.00000000 0.00000000 0.00000000 0.00000000
Neuron 968 3 0.60937500 1 1.00000000 0.00000000 0.00000000 0.00000000
Neuron 1013 3 0.03125000 1 1.00000000 0.00000000 0.00000000 0.00000000
Neuron 1017 3 0.68750000 1 1.00000000 0.00000000 0.00000000 0.00000000
Neuron 1021 3 0.32812500 1 1.00000000 0.00000000 0.00000000 0.00000000
Neuron 1023 3 0.37500000 1 1.00000000 0.00000000 0.00000000 0.00000000
Neuron 1024 3 0.40625000 1 1.00000000 0.00000000 0.00000000 0.00000000
Neuron 1051 3 0.37500000 1 1.00000000 0.00000000 0.00000000 0.00000000
Neuron 1055 3 0.71875000 1 1.00000000 0.00000000 0.00000000 0.00000000
Neuron 1078 3 0.37500000 1 1.00000000 0.00000000 0.00000000 0.00000000
Neuron 1086 3 0.39062500 1 1.00000000 0.00000000 0.00000000 0.00000000
Neuron 1088 3 0.42187500 1 1.00000000 0.00000000 0.00000000 0.00000000
Neuron 1094 3 0.62500000 1 1.00000000 0.00000000 0.00000000 0.00000000
Neuron 1144 3 0.18750000 1 1.00000000 0.00000000 0.00000000 0.00000000
Neuron 1147 3 0.43750000 1 1.00000000 0.00000000 0.00000000 0.00000000
Neuron 1159 3 0.39843750 1 1.00000000 0.00000000 0.00000000 0.00000000
Neuron 1187 3 0.82812500 1 1.00000000 0.00000000 0.00000000 0.00000000
Neuron 1198 3 0.65625000 1 1.00000000 0.00000000 0.00000000 0.00000000
Neuron 1204 3 0.39062500 1 1.00000000 0.00000000 0.00000000 0.00000000
Neuron 1214 3 0.43750000 1 1.00000000 0.00000000 0.00000000 0.00000000
Neuron 1215 3 0.75000000 1 1.00000000 0.00000000 0.00000000 0.00000000
Neuron 1236 3 0.39843750 1 1.00000000 0.00000000 0.00000000 0.00000000
Neuron 1249 3 0.40625000 1 1.00000000 0.00000000 0.00000000 0.00000000
Neuron 1290 3 0.39453125 1 1.00000000 0.00000000 0.00000000 0.00000000
Neuron 1307 3 0.46875000 1 1.00000000 0.00000000 0.00000000 0.00000000
Neuron 1334 3 0.59375000 1 1.00000000 0.00000000 0.00000000 0.00000000
Neuron 1432 3 0.39453125 1 1.00000000 0.00000000 0.00000000 0.00000000
Neuron 1535 3 0.06250000 1 1.00000000 0.00000000 0.00000000 0.00000000
Neuron 1556 3 0.32031250 1 1.00000000 0.00000000 0.00000000 0.00000000
Neuron 1600 3 0.28906250 1 1.00000000 0.00000000 0.00000000 0.00000000
Neuron 1631 3 0.45312500 1 1.00000000 0.00000000 0.00000000 0.00000000
Neuron 1663 3 0.31250000 1 1.00000000 0.00000000 0.00000000 0.00000000
Neuron 1717 3 0.26562500 1 1.00000000 0.00000000 0.00000000 0.00000000
Neuron 1825 3 0.39257812 1 1.00000000 0.00000000 0.00000000 0.00000000
Neuron 2024 3 0.62500000 1 1.00000000 0.00000000 0.00000000 0.00000000
Neuron 2038 3 0.27343750 1 1.00000000 0.00000000 0.00000000 0.00000000
Neuron 2089 3 0.87500000 1 1.00000000 0.00000000 0.00000000 0.00000000
Neuron 2123 3 0.81250000 1 1.00000000 0.00000000 0.00000000 0.00000000
Neuron 2173 3 0.76562500 1 1.00000000 0.00000000 0.00000000 0.00000000
Neuron 2223 3 0.43750000 1 1.00000000 0.00000000 0.00000000 0.00000000
Link 1 10 1 0 0.41459909
Link 2 10 2 0 0.48822603
Link 4 10 4 0 -1.18392746
Link 5 10 5 0 -0.68468773
Link 9 10 9 0 0.36429270
Link 2 11 11 0 3.83986746
Link 5 11 14 0 2.01037442
Link 9 11 18 0 -3.86053400
Link 4 12 22 0 -0.56396835
Link 6 12 24 0 3.21188306
Link 7 12 25 0 -2.06811246
Link 9 12 27 0 1.91792313
Link 1 13 28 0 0.17912677
Link 2 13 29 0 -0.00688698
Link 3 13 30 0 3.52974991
Link 4 13 31 0 -0.44173766
Link 7 13 34 0 2.55037212
Link 9 13 36 0 1.11157081
Link 4 14 40 0 -2.50645463
Link 8 14 44 0 0.42119602
Link 1 15 46 0 -5.30858344
Link 2 15 47 0 0.43327902
Link 8 15 53 0 -1.66551691
Link 1 16 55 0 -2.68072620
Link 5 16 59 0 -0.68107447
Link 6 16 60 0 -0.42748592
Link 3 17 65 0 -1.14441576
Link 17 10 66 0 0.10163461
Link 3 19 71 0 -1.36626019
Link 19 11 72 0 -3.80886983
Link 4 20 74 0 2.18997487
Link 20 16 75 0 -2.79842378
Link 8 29 103 0 -1.92863124
Link 3 31 109 0 1.18401620
Link 6 33 115 0 0.90588848
Link 33 14 116 0 -0.53233453
Link 7 34 118 0 -1.29441197
Link 34 10 119 0 -0.95256084
Link 1 36 124 0 2.35826801
Link 36 11 125 0 0.46021089
Link 3 40 136 0 0.71325411
Link 40 14 137 0 -2.39190883
Link 7 45 152 0 1.45853766
Link 45 16 153 0 -0.29073404
Link 5 49 164 0 1.62327188
Link 8 50 168 0 -1.66991500
Link 1 52 175 0 0.65820988
Link 52 12 176 0 3.58370987
Link 5 53 179 0 -0.59365820
Link 53 12 180 0 -0.45703493
Link 8 56 188 0 -2.10040441
Link 56 13 189 0 1.73096855
Link 8 59 216 0 1.46298968
Link 59 11 217 0 1.37808609
Link 60 12 221 0 0.55465415
Link 6 61 225 0 -0.10122905
Link 2 62 234 0 -0.46791287
Link 62 12 235 0 -1.26206349
Link 6 63 238 0 1.63553405
Link 63 11 239 0 -2.15001547
Link 5 71 305 0 1.39089296
Link 8 78 353 0 0.47381816
Link 78 10 354 0 -1.45459651
Link 79 11 365 0 0.27749103
Link 81 12 382 0 -1.26726688
Link 9 21 406 0 -2.13644111
Link 51 84 425 0 -0.14853237
Link 84 14 426 0 -4.22593524
Link 4 87 457 0 -0.03945884
Link 87 15 458 0 0.64403476
Link 50 10 476 0 -2.47526208
Link 50 91 513 0 -1.55283989
Link 52 16 556 0 1.87869674
Link 9 31 601 0 0.89649865
Link 2 17 617 0 -1.11919743
Link 6 121 753 0 1.59407688
Link 121 15 754 0 -0.54641181
Link 8 31 792 0 -3.28449028
Link 49 134 855 0 1.11107347
Link 134 14 856 0 -0.76842191
Link 3 137 872 0 -1.64607541
Link 137 60 873 0 0.13355550
Link 7 141 892 0 -1.93161567
Link 141 21 893 0 -0.39662752
Link 173 27 1111 0 -0.02608967
Link 31 211 1408 0 -0.09870367
Link 211 15 1409 0 0.78479305
Link 7 226 1515 0 -0.58739814
Link 71 230 1553 0 -2.05465457
Link 230 15 1554 0 -2.12050338
Link 69 235 1580 0 1.08369123
Link 235 14 1581 0 -2.36911016
Link 50 79 1608 0 -2.04356477
Link 111 111 1617 1 -2.79119883
Link 91 240 1622 0 -0.68513531
Link 240 16 1623 0 0.31239630
Link 71 48 1708 0 -1.21081659
Link 263 69 1790 0 0.23263421
Link 5 226 1809 0 0.78998184
Link 9 199 1828 0 1.02283090
Link 211 10 1845 0 2.67789284
Link 7 281 1920 0 2.58677062
Link 281 263 1921 0 -1.12591515
Link 33 34 2104 0 -2.02151473
Link 199 312 2110 0 -0.19176815
Link 3 323 2169 0 0.34871037
Link 323 37 2170 0 0.74972905
Link 312 329 2201 0 1.72232590
Link 333 252 2223 0 -0.75538434
Link 336 79 2264 0 -2.74658947
Link 350 336 2351 0 -0.79176308
Link 37 355 2386 0 -1.22161633
Link 25 364 2456 0 1.28889265
Link 364 16 2457 0 -0.21671844
Link 211 368 2482 1 1.48378533
Link 368 17 2483 1 3.29719425
Link 3 25 2516 0 1.08503711
Link 29 392 2621 0 -1.50531174
Link 392 81 2622 0 0.72242145
Link 13 199 2731 1 -0.47994099
Link 33 33 2939 1 -0.62858878
Link 456 51 3062 0 0.13582565
Link 192 462 3121 0 3.61166293
Link 462 10 3122 0 4.03892663
Link 470 192 3172 0 -1.28588977
Link 3 192 3217 0 2.18971802
Link 2 482 3250 0 0.35232018
Link 493 61 3334 0 -0.97504203
Link 31 503 3435 0 -0.63228048
Link 503 243 3436 0 0.63114339
Link 511 199 3504 0 1.82512392
Link 21 517 3558 0 0.43993177
Link 517 13 3559 0 0.04095132
Link 522 13 3617 0 -1.54429845
Link 25 199 3809 0 2.12936859
Link 271 556 3871 0 0.16547600
Link 91 11 4110 0 1.10423110
Link 7 594 4192 0 -1.10802679
Link 594 493 4193 0 2.14348999
Link 4 600 4256 0 0.76800426
Link 173 312 4346 0 -0.20064956
Link 613 15 4378 0 1.88362746
Link 199 199 4421 1 -2.69854441
Link 482 631 4511 0 1.29106096
Link 226 644 4645 0 -0.07070574
Link 1 650 4706 0 -2.63340933
Link 111 653 4735 0 1.38724655
Link 653 13 4736 0 -2.04026939
Link 517 517 4784 1 2.72626440
Link 650 672 4904 0 -0.55912285
Link 21 679 4950 0 -1.14748219
Link 21 682 4981 0 1.99142281
Link 682 67 4982 0 -0.17831214
Link 61 686 5021 0 1.53032134
Link 686 111 5022 0 3.08786275
Link 15 511 5053 1 1.45833088
Link 663 719 5310 0 1.67374436
Link 719 470 5311 0 2.38566117
Link 734 51 5411 1 0.12212194
Link 21 235 5452 0 0.38112291
Link 329 749 5495 0 -2.88340886
Link 749 14 5496 0 -1.30409823
Link 580 758 5557 0 -1.34297211
Link 758 173 5558 0 -0.01822122
Link 27 765 5604 0 -1.06081669
Link 765 663 5605 0 -1.19791640
Link 226 773 5637 0 -0.58632562
Link 773 600 5638 0 1.99218743
Link 1 734 5668 0 -2.44736313
Link 48 786 5717 0 2.75455492
Link 243 211 5727 0 1.22735129
Link 793 580 5795 0 0.77344032
Link 802 350 5869 0 -2.65147673
Link 56 14 5876 0 -1.24667637
Link 9 137 5885 0 -0.98114065
Link 556 805 5896 0 0.66218834
Link 805 12 5897 0 -0.37146317
Link 806 271 5901 0 -3.82142805
Link 91 271 6016 0 3.66869801
Link 650 137 6120 0 -0.85237509
Link 600 847 6225 0 0.63707451
Link 848 25 6229 0 1.11332056
Link 17 854 6270 0 0.29268095
Link 854 522 6271 0 -1.23613940
Link 734 350 6284 1 2.65346311
Link 786 864 6383 0 -0.11856118
Link 672 15 6744 0 -0.34813500
Link 914 27 6795 0 -1.14889554
Link 864 336 6864 1 -3.97640534
Link 25 137 6961 1 -0.52503782
Link 345 847 6978 0 -0.49416900
Link 936 914 7014 0 4.85456051
Link 1 957 7189 0 1.04191235
Link 957 345 7190 0 -2.35602969
Link 958 17 7216 1 -0.01281795
Link 252 27 7217 0 1.53419324
Link 864 968 7276 0 0.29052390
Link 968 511 7277 0 2.04865116
Link 137 137 7560 1 3.34774722
Link 25 25 7577 1 2.30057264
Link 594 594 7638 1 0.87172788
Link 51 470 7698 0 -1.04775914
Link 6 1013 7705 0 2.13091452
Link 1013 793 7706 0 -2.34953757
Link 192 1017 7731 1 0.38203515
Link 1017 958 7732 1 -1.31355708
Link 1021 936 7763 0 0.84953987
Link 51 848 7766 1 -1.12065998
Link 226 1023 7780 0 -0.41602081
Link 1023 69 7781 0 -1.40581953
Link 345 1051 7984 0 1.31903420
Link 1051 48 7985 0 -2.78933376
Link 1055 25 8015 1 -2.28787883
Link 1078 137 8170 1 -0.84447487
Link 847 1086 8213 0 2.95805792
Link 1024 1088 8231 0 0.18258479
Link 1088 848 8232 0 -1.83033999
Link 111 1094 8275 1 4.39396557
Link 1094 69 8276 1 -0.39807996
Link 192 56 8546 1 -0.69742280
Link 56 503 8718 0 0.24133416
Link 29 470 8732 0 1.47588599
Link 580 1144 8801 0 1.99143376
Link 1144 650 8802 0 -1.23586958
Link 503 1147 8822 1 -0.69075083
Link 1147 345 8823 1 0.94725330
Link 470 580 8878 1 0.40294326
Link 1086 1159 9027 0 3.13551505
Link 1159 936 9028 0 -1.02393186
Link 329 1187 9295 1 0.79988352
Link 1187 1055 9296 1 1.76774753
Link 271 672 9297 1 0.05224557
Link 679 1198 9385 0 1.53463140
Link 1198 806 9386 0 -0.47077306
Link 672 1204 9439 0 1.28814393
Link 503 91 9457 0 -2.33028215
Link 10 1215 9518 1 -1.13695383
Link 1215 60 9519 1 -3.07609722
Link 56 48 9553 0 0.95734002
Link 914 1144 9600 1 2.96734279
Link 1236 1024 9796 0 2.78225579
Link 470 61 9814 1 -0.20034390
Link 91 600 9864 1 -0.20582565
Link 1214 1249 9890 1 -0.26461724
Link 1249 1078 9891 1 -0.21415709
Link 350 25 9923 0 -0.15411518
Link 679 29 10053 1 -0.50616973
Link 1204 1290 10330 0 1.69356578
Link 1290 1236 10331 0 1.90014293
Link 79 16 10444 0 -0.46494525
Link 25 1307 10532 1 0.31720488
Link 329 1334 10822 1 -0.77935527
Link 1334 600 10823 1 -0.04042558
Link 470 470 10833 1 -1.53763379
Link 329 914 10917 1 0.34384852
Link 29 864 10947 0 -1.54882565
Link 2 1147 10987 0 -0.49465082
Link 12 503 11067 1 -0.86686721
Link 806 653 11105 0 -2.56002258
Link 5 734 11110 0 1.77008006
Link 29 1024 11127 1 2.65572142
Link 25 271 11132 0 -2.95353777
Link 226 1307 11307 0 -0.22444626
Link 600 793 11389 1 -0.08467266
Link 51 802 11541 1 0.01300368
Link 650 517 11564 0 1.33330535
Link 650 111 11663 0 -0.01433769
Link 1432 1236 11812 0 -0.26891419
Link 78 69 11950 0 3.05131379
Link 14 734 11986 1 -0.15312089
Link 734 1094 12050 0 1.20078847
Link 7 84 12165 0 1.41970135
Link 69 848 12166 1 -0.19988310
Link 5 580 12229 0 -1.80428340
Link 1144 958 12415 0 -1.07210058
Link 957 957 12524 1 1.81924672
Link 672 34 12728 0 -0.38598559
Link 2 1535 12771 0 -2.92801431
Link 1535 333 12772 0 1.27096838
Link 958 25 12824 1 -2.47844340
Link 173 1556 12966 0 1.30574972
Link 1556 1204 12967 0 -0.00865299
Link 56 84 13356 0 -1.59149091
Link 650 1600 13406 0 -0.07274510
Link 1600 1021 13407 0 2.31272261
Link 1013 1307 13454 0 -1.02253324
Link 1307 1631 13660 1 1.97462423
Link 1631 1214 13661 1 -0.18022245
Link 252 1663 13938 0 4.26584179
Link 1663 456 13939 0 0.64405728
Link 226 1717 14425 0 -1.03652535
Link 243 1204 14605 1 0.41155333
Link 793 1290 15054 0 0.29658861
Link 79 121 15275 0 -0.13841519
Link 672 482 15292 1 -4.26679520
Link 252 67 15428 0 -1.19606691
Link 1086 1825 15557 0 1.08519832
Link 1825 1432 15558 0 -1.35672809
Link 1024 679 15763 0 0.01638676
Link 69 773 15786 1 -0.48980582
Link 252 522 15873 0 1.53339362
Link 6 192 15928 0 1.78604546
Link 67 462 16226 0 2.56853973
Link 5 793 16269 0 -0.93525552
Link 672 71 16349 0 -1.88899241
Link 111 1717 16967 1 1.10850727
Link 333 686 17072 0 1.15147633
Link 594 686 17200 0 2.63582166
Link 968 1094 17411 0 -0.70927835
Link 644 2024 17573 0 0.48204862
Link 2024 199 17574 0 -0.68721914
Link 1051 49 17652 0 0.84765678
Link 1717 2038 17680 0 0.26261353
Link 2038 802 17681 0 -2.00875338
Link 69 1825 17782 1 1.67428491
Link 271 36 17953 1 -1.60997504
Link 482 71 17972 0 -0.12319813
Link 252 482 18097 0 0.55620731
Link 355 2089 18307 0 2.05105156
Link 2089 16 18308 0 0.84578366
Link 1024 1249 18392 0 -1.89774181
Link 67 2123 18719 0 3.91066352
Link 2123 613 18720 0 2.47159921
Link 650 686 18746 0 1.07528649
Link 230 27 18770 1 -0.58105801
Link 1198 2173 19189 0 0.91736748
Link 2173 312 19190 0 0.23095924
Link 50 368 19296 0 1.79291453
Link 1432 600 19321 1 -1.74332885
Link 2038 1204 19395 0 -1.79244388
Link 854 854 19416 1 2.31648985
Link 49 226 19592 1 -0.92090612
Link 333 957 19691 0 -1.34351694
Link 631 2223 19713 0 -0.84165234
Link 2223 25 19714 0 -2.22555981
Link 60 31 19773 0 2.01868589
Link 29 1535 19796 1 -1.55062019
Link 773 230 20020 0 2.91033611
GenomeEnd

