GenomeStart 11114
Neuron 1 1 0.00000000 1 0.00000000 0.00000000 0.00000000 0.00000000
Neuron 2 1 0.00000000 1 0.00000000 0.00000000 0.00000000 0.00000000
Neuron 3 1 0.00000000 1 0.00000000 0.00000000 0.00000000 0.00000000
Neuron 4 1 0.00000000 1 0.00000000 0.00000000 0.00000000 0.00000000
Neuron 5 1 0.00000000 1 0.00000000 0.00000000 0.00000000 0.00000000
Neuron 6 1 0.00000000 1 0.00000000 0.00000000 0.00000000 0.00000000
Neuron 7 1 0.00000000 1 0.00000000 0.00000000 0.00000000 0.00000000
Neuron 8 1 0.00000000 1 0.00000000 0.00000000 0.00000000 0.00000000
Neuron 9 2 0.00000000 1 0.00000000 0.00000000 0.00000000 0.00000000
Neuron 10 4 1.00000000 0 1.00000000 0.00000000 0.00000000 0.00000000
Neuron 11 4 1.00000000 0 1.00000000 0.00000000 0.00000000 0.00000000
Neuron 12 4 1.00000000 0 1.00000000 0.00000000 0.00000000 0.00000000
Neuron 13 4 1.00000000 0 1.00000000 0.00000000 0.00000000 0.00000000
Neuron 14 4 1.00000000 0 1.00000000 0.00000000 0.00000000 0.00000000
Neuron 15 4 1.00000000 0 1.00000000 0.00000000 0.00000000 0.00000000
Neuron 16 4 1.00000000 0 1.00000000 0.00000000 0.00000000 0.00000000
Neuron 21 3 0.50000000 1 1.00000000 0.00000000 0.00000000 0.00000000
Neuron 37 3 0.50000000 1 1.00000000 0.00000000 0.00000000 0.00000000
Neuron 40 3 0.50000000 1 1.00000000 0.00000000 0.00000000 0.00000000
Neuron 48 3 0.50000000 1 1.00000000 0.00000000 0.00000000 0.00000000
Neuron 50 3 0.50000000 1 1.00000000 0.00000000 0.00000000 0.00000000
Neuron 91 3 0.75000000 1 1.00000000 0.00000000 0.00000000 0.00000000
Link 1 10 1 0 -2.60622002
Link 2 10 2 0 0.92235242
Link 3 10 3 0 0.32415969
Link 4 10 4 0 2.79944816
Link 5 10 5 0 1.31633111
Link 6 10 6 0 0.97199723
Link 7 10 7 0 -5.34794104
Link 8 10 8 0 1.89081482
Link 9 10 9 0 -0.51412008
Link 1 11 10 0 -2.15114960
Link 2 11 11 0 1.53909583
Link 4 11 13 0 -0.12662293
Link 5 11 14 0 -1.52848795
Link 6 11 15 0 -2.22134269
Link 7 11 16 0 2.20983405
Link 8 11 17 0 1.16327602
Link 9 11 18 0 0.98452586
Link 1 12 19 0 -0.30782012
Link 2 12 20 0 0.24908985
Link 3 12 21 0 -0.72023026
Link 5 12 23 0 -3.10988964
Link 6 12 24 0 2.72528826
Link 7 12 25 0 -2.89276356
Link 8 12 26 0 -2.90399575
Link 9 12 27 0 -0.84573136
Link 1 13 28 0 -1.31026649
Link 2 13 29 0 3.88716944
Link 3 13 30 0 0.38596428
Link 4 13 31 0 0.43426444
Link 5 13 32 0 -1.58718664
Link 6 13 33 0 -0.73207571
Link 7 13 34 0 2.76217083
Link 8 13 35 0 -1.16561477
Link 9 13 36 0 0.69194276
Link 1 14 37 0 -1.70966990
Link 2 14 38 0 1.73437223
Link 4 14 40 0 -1.89971183
Link 5 14 41 0 -4.03293037
Link 7 14 43 0 1.19347567
Link 8 14 44 0 -1.11146592
Link 9 14 45 0 3.48738661
Link 1 15 46 0 -2.51102730
Link 2 15 47 0 -0.51116696
Link 3 15 48 0 -0.76814521
Link 4 15 49 0 1.55285605
Link 5 15 50 0 0.34545916
Link 6 15 51 0 0.98474555
Link 8 15 53 0 -0.62442873
Link 9 15 54 0 2.11982258
Link 1 16 55 0 -1.17087535
Link 2 16 56 0 -2.30722848
Link 4 16 58 0 2.64592047
Link 5 16 59 0 0.74349640
Link 6 16 60 0 -2.35724174
Link 7 16 61 0 3.54182592
Link 9 16 63 0 -0.64668715
Link 7 21 77 0 1.82589661
Link 21 15 78 0 1.65331031
Link 3 37 127 0 0.97646902
Link 37 16 128 0 -0.21789789
Link 3 40 136 0 2.83085471
Link 40 14 137 0 -2.34228748
Link 1 48 161 0 -0.37909545
Link 48 14 162 0 -0.14814808
Link 8 50 168 0 -1.46694769
Link 48 11 212 0 -0.47637732
Link 8 48 241 0 0.85644013
Link 50 91 513 0 0.15761074
Link 91 16 514 0 1.16032394
Link 40 15 691 0 0.69331733
Link 2 40 1168 0 -0.24931348
Link 91 14 1410 0 -1.91005847
GenomeEnd

