GenomeStart 76769
Neuron 1 1 0.00000000 1 0.00000000 0.00000000 0.00000000 0.00000000
Neuron 2 1 0.00000000 1 0.00000000 0.00000000 0.00000000 0.00000000
Neuron 3 1 0.00000000 1 0.00000000 0.00000000 0.00000000 0.00000000
Neuron 4 1 0.00000000 1 0.00000000 0.00000000 0.00000000 0.00000000
Neuron 5 1 0.00000000 1 0.00000000 0.00000000 0.00000000 0.00000000
Neuron 6 1 0.00000000 1 0.00000000 0.00000000 0.00000000 0.00000000
Neuron 7 1 0.00000000 1 0.00000000 0.00000000 0.00000000 0.00000000
Neuron 8 1 0.00000000 1 0.00000000 0.00000000 0.00000000 0.00000000
Neuron 9 2 0.00000000 1 0.00000000 0.00000000 0.00000000 0.00000000
Neuron 10 4 1.00000000 0 1.00000000 0.00000000 0.00000000 0.00000000
Neuron 11 4 1.00000000 0 1.00000000 0.00000000 0.00000000 0.00000000
Neuron 12 4 1.00000000 0 1.00000000 0.00000000 0.00000000 0.00000000
Neuron 13 4 1.00000000 0 1.00000000 0.00000000 0.00000000 0.00000000
Neuron 14 4 1.00000000 0 1.00000000 0.00000000 0.00000000 0.00000000
Neuron 15 4 1.00000000 0 1.00000000 0.00000000 0.00000000 0.00000000
Neuron 16 4 1.00000000 0 1.00000000 0.00000000 0.00000000 0.00000000
Neuron 17 3 0.50000000 1 1.00000000 0.00000000 0.00000000 0.00000000
Neuron 19 3 0.50000000 1 1.00000000 0.00000000 0.00000000 0.00000000
Neuron 21 3 0.50000000 1 1.00000000 0.00000000 0.00000000 0.00000000
Neuron 25 3 0.50000000 1 1.00000000 0.00000000 0.00000000 0.00000000
Neuron 27 3 0.50000000 1 1.00000000 0.00000000 0.00000000 0.00000000
Neuron 29 3 0.50000000 1 1.00000000 0.00000000 0.00000000 0.00000000
Neuron 31 3 0.50000000 1 1.00000000 0.00000000 0.00000000 0.00000000
Neuron 33 3 0.50000000 1 1.00000000 0.00000000 0.00000000 0.00000000
Neuron 34 3 0.50000000 1 1.00000000 0.00000000 0.00000000 0.00000000
Neuron 45 3 0.50000000 1 1.00000000 0.00000000 0.00000000 0.00000000
Neuron 48 3 0.50000000 1 1.00000000 0.00000000 0.00000000 0.00000000
Neuron 49 3 0.50000000 1 1.00000000 0.00000000 0.00000000 0.00000000
Neuron 50 3 0.50000000 1 1.00000000 0.00000000 0.00000000 0.00000000
Neuron 51 3 0.50000000 1 1.00000000 0.00000000 0.00000000 0.00000000
Neuron 52 3 0.50000000 1 1.00000000 0.00000000 0.00000000 0.00000000
Neuron 53 3 0.50000000 1 1.00000000 0.00000000 0.00000000 0.00000000
Neuron 56 3 0.50000000 1 1.00000000 0.00000000 0.00000000 0.00000000
Neuron 59 3 0.50000000 1 1.00000000 0.00000000 0.00000000 0.00000000
Neuron 60 3 0.50000000 1 1.00000000 0.00000000 0.00000000 0.00000000
Neuron 61 3 0.50000000 1 1.00000000 0.00000000 0.00000000 0.00000000
Neuron 67 3 0.75000000 1 1.00000000 0.00000000 0.00000000 0.00000000
Neuron 69 3 0.50000000 1 1.00000000 0.00000000 0.00000000 0.00000000
Neuron 79 3 0.50000000 1 1.00000000 0.00000000 0.00000000 0.00000000
Neuron 84 3 0.75000000 1 1.00000000 0.00000000 0.00000000 0.00000000
Neuron 91 3 0.75000000 1 1.00000000 0.00000000 0.00000000 0.00000000
Neuron 99 3 0.75000000 1 1.00000000 0.00000000 0.00000000 0.00000000
Neuron 111 3 0.75000000 1 1.00000000 0.00000000 0.00000000 0.00000000
Neuron 121 3 0.50000000 1 1.00000000 0.00000000 0.00000000 0.00000000
Neuron 134 3 0.75000000 1 1.00000000 0.00000000 0.00000000 0.00000000
Neuron 137 3 0.25000000 1 1.00000000 0.00000000 0.00000000 0.00000000
Neuron 141 3 0.25000000 1 1.00000000 0.00000000 0.00000000 0.00000000
Neuron 166 3 0.87500000 1 1.00000000 0.00000000 0.00000000 0.00000000
Neuron 170 3 0.25000000 1 1.00000000 0.00000000 0.00000000 0.00000000
Neuron 173 3 0.25000000 1 1.00000000 0.00000000 0.00000000 0.00000000
Neuron 192 3 0.75000000 1 1.00000000 0.00000000 0.00000000 0.00000000
Neuron 199 3 0.75000000 1 1.00000000 0.00000000 0.00000000 0.00000000
Neuron 211 3 0.75000000 1 1.00000000 0.00000000 0.00000000 0.00000000
Neuron 226 3 0.25000000 1 1.00000000 0.00000000 0.00000000 0.00000000
Neuron 235 3 0.75000000 1 1.00000000 0.00000000 0.00000000 0.00000000
Neuron 243 3 0.75000000 1 1.00000000 0.00000000 0.00000000 0.00000000
Neuron 252 3 0.25000000 1 1.00000000 0.00000000 0.00000000 0.00000000
Neuron 271 3 0.75000000 1 1.00000000 0.00000000 0.00000000 0.00000000
Neuron 312 3 0.87500000 1 1.00000000 0.00000000 0.00000000 0.00000000
Neuron 329 3 0.93750000 1 1.00000000 0.00000000 0.00000000 0.00000000
Neuron 336 3 0.37500000 1 1.00000000 0.00000000 0.00000000 0.00000000
Neuron 345 3 0.25000000 1 1.00000000 0.00000000 0.00000000 0.00000000
Neuron 350 3 0.31250000 1 1.00000000 0.00000000 0.00000000 0.00000000
Neuron 364 3 0.75000000 1 1.00000000 0.00000000 0.00000000 0.00000000
Neuron 459 3 0.87500000 1 1.00000000 0.00000000 0.00000000 0.00000000
Neuron 470 3 0.62500000 1 1.00000000 0.00000000 0.00000000 0.00000000
Neuron 482 3 0.25000000 1 1.00000000 0.00000000 0.00000000 0.00000000
Neuron 493 3 0.25000000 1 1.00000000 0.00000000 0.00000000 0.00000000
Neuron 503 3 0.62500000 1 1.00000000 0.00000000 0.00000000 0.00000000
Neuron 511 3 0.62500000 1 1.00000000 0.00000000 0.00000000 0.00000000
Neuron 517 3 0.75000000 1 1.00000000 0.00000000 0.00000000 0.00000000
Neuron 522 3 0.75000000 1 1.00000000 0.00000000 0.00000000 0.00000000
Neuron 556 3 0.87500000 1 1.00000000 0.00000000 0.00000000 0.00000000
Neuron 580 3 0.12500000 1 1.00000000 0.00000000 0.00000000 0.00000000
Neuron 594 3 0.12500000 1 1.00000000 0.00000000 0.00000000 0.00000000
Neuron 600 3 0.25000000 1 1.00000000 0.00000000 0.00000000 0.00000000
Neuron 650 3 0.25000000 1 1.00000000 0.00000000 0.00000000 0.00000000
Neuron 653 3 0.87500000 1 1.00000000 0.00000000 0.00000000 0.00000000
Neuron 663 3 0.56250000 1 1.00000000 0.00000000 0.00000000 0.00000000
Neuron 664 3 0.12500000 1 1.00000000 0.00000000 0.00000000 0.00000000
Neuron 667 3 0.12500000 1 1.00000000 0.00000000 0.00000000 0.00000000
Neuron 672 3 0.37500000 1 1.00000000 0.00000000 0.00000000 0.00000000
Neuron 679 3 0.62500000 1 1.00000000 0.00000000 0.00000000 0.00000000
Neuron 686 3 0.62500000 1 1.00000000 0.00000000 0.00000000 0.00000000
Neuron 696 3 0.56250000 1 1.00000000 0.00000000 0.00000000 0.00000000
Neuron 719 3 0.59375000 1 1.00000000 0.00000000 0.00000000 0.00000000
Neuron 734 3 0.62500000 1 1.00000000 0.00000000 0.00000000 0.00000000
Neuron 758 3 0.18750000 1 1.00000000 0.00000000 0.00000000 0.00000000
Neuron 773 3 0.25000000 1 1.00000000 0.00000000 0.00000000 0.00000000
Neuron 786 3 0.56250000 1 1.00000000 0.00000000 0.00000000 0.00000000
Neuron 793 3 0.06250000 1 1.00000000 0.00000000 0.00000000 0.00000000
Neuron 806 3 0.68750000 1 1.00000000 0.00000000 0.00000000 0.00000000
Neuron 826 3 0.21875000 1 1.00000000 0.00000000 0.00000000 0.00000000
Neuron 847 3 0.37500000 1 1.00000000 0.00000000 0.00000000 0.00000000
Neuron 848 3 0.43750000 1 1.00000000 0.00000000 0.00000000 0.00000000
Neuron 864 3 0.59375000 1 1.00000000 0.00000000 0.00000000 0.00000000
Neuron 914 3 0.43750000 1 1.00000000 0.00000000 0.00000000 0.00000000
Neuron 928 3 0.90625000 1 1.00000000 0.00000000 0.00000000 0.00000000
Neuron 936 3 0.40625000 1 1.00000000 0.00000000 0.00000000 0.00000000
Neuron 958 3 0.62500000 1 1.00000000 0.00000000 0.00000000 0.00000000
Neuron 959 3 0.34375000 1 1.00000000 0.00000000 0.00000000 0.00000000
Neuron 963 3 0.31250000 1 1.00000000 0.00000000 0.00000000 0.00000000
Neuron 1017 3 0.68750000 1 1.00000000 0.00000000 0.00000000 0.00000000
Neuron 1023 3 0.37500000 1 1.00000000 0.00000000 0.00000000 0.00000000
Neuron 1024 3 0.40625000 1 1.00000000 0.00000000 0.00000000 0.00000000
Neuron 1055 3 0.71875000 1 1.00000000 0.00000000 0.00000000 0.00000000
Neuron 1078 3 0.37500000 1 1.00000000 0.00000000 0.00000000 0.00000000
Neuron 1086 3 0.39062500 1 1.00000000 0.00000000 0.00000000 0.00000000
Neuron 1104 3 0.50000000 1 1.00000000 0.00000000 0.00000000 0.00000000
Neuron 1133 3 0.56250000 1 1.00000000 0.00000000 0.00000000 0.00000000
Neuron 1144 3 0.18750000 1 1.00000000 0.00000000 0.00000000 0.00000000
Neuron 1147 3 0.43750000 1 1.00000000 0.00000000 0.00000000 0.00000000
Neuron 1204 3 0.39062500 1 1.00000000 0.00000000 0.00000000 0.00000000
Neuron 1214 3 0.43750000 1 1.00000000 0.00000000 0.00000000 0.00000000
Neuron 1236 3 0.39843750 1 1.00000000 0.00000000 0.00000000 0.00000000
Neuron 1286 3 0.31250000 1 1.00000000 0.00000000 0.00000000 0.00000000
Neuron 1301 3 0.28125000 1 1.00000000 0.00000000 0.00000000 0.00000000
Neuron 1306 3 0.56250000 1 1.00000000 0.00000000 0.00000000 0.00000000
Neuron 1311 3 0.40625000 1 1.00000000 0.00000000 0.00000000 0.00000000
Link 1 10 1 0 -2.00771796
Link 2 10 2 0 -1.84807016
Link 4 10 4 0 1.86862234
Link 5 10 5 0 -0.03784497
Link 8 10 8 0 -0.29609566
Link 9 10 9 0 -0.35597923
Link 1 11 10 0 -3.29396498
Link 2 11 11 0 -2.26771056
Link 5 11 14 0 -1.22075742
Link 6 11 15 0 0.94130070
Link 9 11 18 0 0.57989125
Link 2 12 20 0 -0.08305485
Link 4 12 22 0 0.08540941
Link 9 12 27 0 1.84807430
Link 1 13 28 0 0.48219248
Link 2 13 29 0 -1.33775735
Link 3 13 30 0 0.44012417
Link 4 13 31 0 0.03821239
Link 5 13 32 0 -1.09078366
Link 7 13 34 0 -0.30130509
Link 9 13 36 0 0.48053343
Link 3 14 39 0 1.49331663
Link 4 14 40 0 0.03213191
Link 8 14 44 0 3.00921872
Link 1 15 46 0 -3.79871560
Link 2 15 47 0 1.68440645
Link 4 15 49 0 2.54012245
Link 5 15 50 0 1.23910910
Link 8 15 53 0 -1.72231394
Link 9 15 54 0 -2.46586090
Link 1 16 55 0 -1.51660076
Link 3 16 57 0 -0.43680773
Link 4 16 58 0 0.96398131
Link 5 16 59 0 -0.10517676
Link 6 16 60 0 1.75625385
Link 9 16 63 0 -1.64374274
Link 17 10 66 0 -0.99219719
Link 3 19 71 0 -2.71690752
Link 19 11 72 0 3.35721294
Link 8 29 103 0 3.05961282
Link 29 12 104 0 2.13541860
Link 3 31 109 0 0.54522349
Link 6 33 115 0 -2.28894715
Link 33 14 116 0 -0.72389746
Link 7 34 118 0 1.51981098
Link 34 10 119 0 0.16875029
Link 7 45 152 0 -1.63917770
Link 5 49 164 0 -2.95903622
Link 8 50 168 0 0.83257728
Link 1 52 175 0 -0.40909303
Link 52 12 176 0 -1.30092043
Link 5 53 179 0 -4.35192822
Link 53 12 180 0 -1.82338918
Link 8 56 188 0 -0.44810511
Link 56 13 189 0 1.77246515
Link 8 59 216 0 2.03934365
Link 59 11 217 0 -2.63697546
Link 60 12 221 0 -0.30236139
Link 6 61 225 0 -1.41203399
Link 21 67 264 0 -2.66306874
Link 67 15 265 0 0.93850324
Link 7 69 285 0 0.46467983
Link 79 11 365 0 1.44002887
Link 9 21 406 0 -2.54095962
Link 51 84 425 0 -0.48685621
Link 3 69 445 0 0.62112319
Link 50 10 476 0 1.50189745
Link 50 91 513 0 0.75899664
Link 91 16 514 0 -0.37107079
Link 52 16 556 0 -2.30279469
Link 45 99 565 0 1.31815510
Link 99 16 566 0 1.49439865
Link 9 31 601 0 -0.15263292
Link 2 17 617 0 0.53241535
Link 6 121 753 0 -0.59750671
Link 121 15 754 0 -3.33940357
Link 8 31 792 0 0.92171340
Link 49 134 855 0 -0.83473193
Link 134 14 856 0 -1.19899572
Link 3 137 872 0 -0.81098551
Link 137 60 873 0 0.31308996
Link 7 141 892 0 -0.55731141
Link 141 21 893 0 3.85695315
Link 84 166 1070 0 -3.97426937
Link 166 14 1071 0 -0.25140015
Link 3 170 1087 0 -1.99658471
Link 170 17 1088 0 -1.51784960
Link 173 27 1111 0 2.24818843
Link 192 10 1280 0 1.30043805
Link 31 211 1408 0 -0.03617974
Link 211 15 1409 0 -0.15067644
Link 7 226 1515 0 1.80473122
Link 69 235 1580 0 -1.11658966
Link 235 14 1581 0 -0.45140499
Link 50 79 1608 0 1.07424099
Link 243 14 1638 0 1.92485735
Link 2 252 1717 0 1.81486879
Link 252 51 1718 0 2.75308557
Link 5 226 1809 0 -3.17456786
Link 9 199 1828 0 1.35145776
Link 211 10 1845 0 -1.03173478
Link 211 17 1909 1 1.32034877
Link 33 34 2104 0 -0.76247071
Link 199 312 2110 0 -1.08131020
Link 329 14 2202 0 1.25815598
Link 336 79 2264 0 -0.70163855
Link 1 345 2308 0 3.49895008
Link 345 48 2309 0 -0.62283218
Link 226 350 2350 0 0.76239213
Link 25 364 2456 0 -0.32572260
Link 364 16 2457 0 1.83459805
Link 13 459 3083 1 0.42721000
Link 459 199 3084 1 -0.34428019
Link 470 192 3172 0 1.80327830
Link 3 192 3217 0 -1.31366329
Link 2 482 3250 0 1.58767039
Link 482 25 3251 0 0.17349944
Link 493 61 3334 0 -1.48023459
Link 69 61 3336 0 1.43231507
Link 31 503 3435 0 0.33150685
Link 503 243 3436 0 -0.04049129
Link 511 199 3504 0 -0.54657973
Link 21 517 3558 0 -2.48609363
Link 517 13 3559 0 -1.00407062
Link 17 522 3616 0 -0.27844391
Link 522 13 3617 0 -1.34560604
Link 25 199 3809 0 -0.26595475
Link 271 556 3871 0 -1.32669068
Link 556 12 3872 0 -1.25313389
Link 226 199 3980 0 -2.11769830
Link 91 11 4110 0 1.01939860
Link 21 21 4135 1 0.79798779
Link 7 594 4192 0 0.06850354
Link 594 493 4193 0 0.59551017
Link 16 271 4327 1 -1.82680640
Link 199 199 4421 1 0.50057149
Link 493 14 4682 0 1.47076248
Link 111 653 4735 0 -0.37122285
Link 653 13 4736 0 -0.93967568
Link 517 517 4784 1 0.53225108
Link 27 663 4827 0 -4.01992903
Link 1 664 4831 0 1.26241542
Link 664 650 4832 0 -1.55654424
Link 4 667 4870 0 -1.84421158
Link 667 600 4871 0 0.56547520
Link 650 672 4904 0 0.10260548
Link 21 679 4950 0 -0.30647289
Link 61 686 5021 0 -0.87939605
Link 686 111 5022 0 -1.46550937
Link 15 511 5053 1 -1.64987680
Link 696 312 5128 0 -1.01556751
Link 663 719 5310 0 -0.79360973
Link 719 470 5311 0 2.85182117
Link 734 51 5411 1 0.25004791
Link 580 758 5557 0 3.03596139
Link 226 773 5637 0 -4.05635704
Link 773 600 5638 0 1.21621371
Link 1 734 5668 0 2.80912512
Link 48 786 5717 0 0.10158589
Link 243 211 5727 0 0.72714041
Link 6 793 5794 0 3.41012989
Link 793 580 5795 0 -0.57913192
Link 9 137 5885 0 -1.34054619
Link 679 806 5900 0 -1.49580190
Link 806 271 5901 0 -0.85779914
Link 91 271 6016 0 -0.17225486
Link 758 826 6058 0 0.36056969
Link 826 173 6059 0 -0.04717043
Link 650 137 6120 0 0.92049601
Link 848 25 6229 0 1.10113815
Link 734 350 6284 1 -0.90912805
Link 786 864 6383 0 3.42911130
Link 864 511 6384 0 -0.70971153
Link 672 15 6744 0 0.14749093
Link 847 53 6764 0 4.38196123
Link 914 27 6795 0 3.82582385
Link 10 60 6810 1 -1.17241398
Link 864 336 6864 1 -0.60120534
Link 312 928 6932 0 -0.16362623
Link 928 329 6933 0 0.48328407
Link 345 847 6978 0 -1.91305922
Link 936 914 7014 0 1.16012154
Link 111 69 7021 1 -1.68111493
Link 958 17 7216 1 0.93979654
Link 350 959 7219 0 -0.97947023
Link 959 336 7220 0 -2.24328196
Link 963 847 7249 0 2.04838872
Link 650 936 7482 0 0.18406922
Link 192 1017 7731 1 1.26912548
Link 1017 958 7732 1 -0.31272068
Link 51 848 7766 1 1.26558731
Link 226 1023 7780 0 -0.23120939
Link 1023 69 7781 0 -3.86665247
Link 1024 848 7784 0 -0.38875565
Link 329 1055 8014 1 -0.91431178
Link 1055 25 8015 1 0.50376433
Link 847 1086 8213 0 -1.73896222
Link 1086 936 8214 0 -2.92713853
Link 33 1104 8407 1 -1.77247636
Link 1104 33 8408 1 -1.20772204
Link 51 1133 8647 0 2.05750132
Link 1133 470 8648 0 -1.17049674
Link 56 503 8718 0 1.49504483
Link 29 470 8732 0 -2.70144883
Link 580 1144 8801 0 -0.12647385
Link 1144 650 8802 0 1.08230280
Link 503 1147 8822 1 -1.31881572
Link 1147 345 8823 1 -1.15735123
Link 470 580 8878 1 -0.13110748
Link 686 686 9155 1 1.33194489
Link 271 672 9297 1 -0.81023959
Link 672 1204 9439 0 1.07485030
Link 864 522 9449 0 2.78827008
Link 503 91 9457 0 -1.59971185
Link 25 1214 9515 1 2.05449723
Link 1214 1078 9516 1 2.49596068
Link 56 48 9553 0 -0.67363216
Link 914 1144 9600 1 1.37213886
Link 1204 1236 9795 0 -3.08233994
Link 1236 1024 9796 0 -0.30471224
Link 470 61 9814 1 -0.19565406
Link 91 600 9864 1 2.11093563
Link 329 600 9928 1 -2.68147206
Link 1078 1286 10306 1 -0.01735611
Link 1286 137 10307 1 -0.60006444
Link 312 15 10423 0 -0.51014937
Link 600 1301 10482 0 0.86607667
Link 1301 963 10483 0 -1.20134014
Link 679 1306 10526 1 0.04664925
Link 1306 29 10527 1 -1.14962621
Link 17 329 10534 0 0.21200158
Link 173 1311 10585 0 2.01770067
Link 1311 696 10586 0 -0.51941698
Link 8 963 10645 0 0.10360794
Link 1133 696 10663 0 -0.24643915
Link 5 336 10755 0 2.04408679
Link 336 793 10802 1 -1.60577144
Link 56 134 10819 0 1.50391198
Link 1078 271 11018 0 1.21729652
Link 53 141 11052 1 0.78842818
Link 1078 470 11315 0 -1.78661885
Link 7 29 11390 0 -0.44578158
Link 99 111 11460 0 0.32258961
Link 170 672 11551 0 1.58498677
Link 19 69 11599 0 -1.31446752
Link 482 49 11764 0 -3.10381579
Link 1286 199 11942 0 -1.47472610
Link 13 1133 12317 1 0.94703414
Link 793 79 12454 0 -2.35146990
Link 936 686 12544 0 0.86786420
Link 1204 121 12621 0 -1.27086162
Link 522 271 12622 0 2.04116471
GenomeEnd

