GenomeStart 87908
Neuron 1 1 0.00000000 1 0.00000000 0.00000000 0.00000000 0.00000000
Neuron 2 1 0.00000000 1 0.00000000 0.00000000 0.00000000 0.00000000
Neuron 3 1 0.00000000 1 0.00000000 0.00000000 0.00000000 0.00000000
Neuron 4 1 0.00000000 1 0.00000000 0.00000000 0.00000000 0.00000000
Neuron 5 1 0.00000000 1 0.00000000 0.00000000 0.00000000 0.00000000
Neuron 6 1 0.00000000 1 0.00000000 0.00000000 0.00000000 0.00000000
Neuron 7 1 0.00000000 1 0.00000000 0.00000000 0.00000000 0.00000000
Neuron 8 1 0.00000000 1 0.00000000 0.00000000 0.00000000 0.00000000
Neuron 9 2 0.00000000 1 0.00000000 0.00000000 0.00000000 0.00000000
Neuron 10 4 1.00000000 0 1.00000000 0.00000000 0.00000000 0.00000000
Neuron 11 4 1.00000000 0 1.00000000 0.00000000 0.00000000 0.00000000
Neuron 12 4 1.00000000 0 1.00000000 0.00000000 0.00000000 0.00000000
Neuron 13 4 1.00000000 0 1.00000000 0.00000000 0.00000000 0.00000000
Neuron 14 4 1.00000000 0 1.00000000 0.00000000 0.00000000 0.00000000
Neuron 15 4 1.00000000 0 1.00000000 0.00000000 0.00000000 0.00000000
Neuron 16 4 1.00000000 0 1.00000000 0.00000000 0.00000000 0.00000000
Neuron 17 3 0.50000000 1 1.00000000 0.00000000 0.00000000 0.00000000
Neuron 18 3 0.50000000 1 1.00000000 0.00000000 0.00000000 0.00000000
Neuron 19 3 0.50000000 1 1.00000000 0.00000000 0.00000000 0.00000000
Neuron 20 3 0.50000000 1 1.00000000 0.00000000 0.00000000 0.00000000
Neuron 21 3 0.50000000 1 1.00000000 0.00000000 0.00000000 0.00000000
Neuron 23 3 0.50000000 1 1.00000000 0.00000000 0.00000000 0.00000000
Neuron 24 3 0.50000000 1 1.00000000 0.00000000 0.00000000 0.00000000
Neuron 25 3 0.50000000 1 1.00000000 0.00000000 0.00000000 0.00000000
Neuron 27 3 0.50000000 1 1.00000000 0.00000000 0.00000000 0.00000000
Neuron 29 3 0.50000000 1 1.00000000 0.00000000 0.00000000 0.00000000
Neuron 30 3 0.50000000 1 1.00000000 0.00000000 0.00000000 0.00000000
Neuron 31 3 0.50000000 1 1.00000000 0.00000000 0.00000000 0.00000000
Neuron 33 3 0.50000000 1 1.00000000 0.00000000 0.00000000 0.00000000
Neuron 39 3 0.50000000 1 1.00000000 0.00000000 0.00000000 0.00000000
Neuron 41 3 0.50000000 1 1.00000000 0.00000000 0.00000000 0.00000000
Neuron 43 3 0.50000000 1 1.00000000 0.00000000 0.00000000 0.00000000
Neuron 46 3 0.50000000 1 1.00000000 0.00000000 0.00000000 0.00000000
Neuron 47 3 0.50000000 1 1.00000000 0.00000000 0.00000000 0.00000000
Neuron 48 3 0.50000000 1 1.00000000 0.00000000 0.00000000 0.00000000
Neuron 50 3 0.50000000 1 1.00000000 0.00000000 0.00000000 0.00000000
Neuron 51 3 0.50000000 1 1.00000000 0.00000000 0.00000000 0.00000000
Neuron 52 3 0.50000000 1 1.00000000 0.00000000 0.00000000 0.00000000
Neuron 53 3 0.50000000 1 1.00000000 0.00000000 0.00000000 0.00000000
Neuron 55 3 0.50000000 1 1.00000000 0.00000000 0.00000000 0.00000000
Neuron 56 3 0.50000000 1 1.00000000 0.00000000 0.00000000 0.00000000
Neuron 60 3 0.50000000 1 1.00000000 0.00000000 0.00000000 0.00000000
Neuron 61 3 0.50000000 1 1.00000000 0.00000000 0.00000000 0.00000000
Neuron 62 3 0.50000000 1 1.00000000 0.00000000 0.00000000 0.00000000
Neuron 64 3 0.50000000 1 1.00000000 0.00000000 0.00000000 0.00000000
Neuron 67 3 0.75000000 1 1.00000000 0.00000000 0.00000000 0.00000000
Neuron 68 3 0.50000000 1 1.00000000 0.00000000 0.00000000 0.00000000
Neuron 69 3 0.50000000 1 1.00000000 0.00000000 0.00000000 0.00000000
Neuron 74 3 0.25000000 1 1.00000000 0.00000000 0.00000000 0.00000000
Neuron 78 3 0.50000000 1 1.00000000 0.00000000 0.00000000 0.00000000
Neuron 79 3 0.50000000 1 1.00000000 0.00000000 0.00000000 0.00000000
Neuron 84 3 0.75000000 1 1.00000000 0.00000000 0.00000000 0.00000000
Neuron 87 3 0.50000000 1 1.00000000 0.00000000 0.00000000 0.00000000
Neuron 88 3 0.75000000 1 1.00000000 0.00000000 0.00000000 0.00000000
Neuron 91 3 0.75000000 1 1.00000000 0.00000000 0.00000000 0.00000000
Neuron 94 3 0.25000000 1 1.00000000 0.00000000 0.00000000 0.00000000
Neuron 97 3 0.75000000 1 1.00000000 0.00000000 0.00000000 0.00000000
Neuron 102 3 0.25000000 1 1.00000000 0.00000000 0.00000000 0.00000000
Neuron 105 3 0.75000000 1 1.00000000 0.00000000 0.00000000 0.00000000
Neuron 111 3 0.75000000 1 1.00000000 0.00000000 0.00000000 0.00000000
Neuron 116 3 0.25000000 1 1.00000000 0.00000000 0.00000000 0.00000000
Neuron 136 3 0.75000000 1 1.00000000 0.00000000 0.00000000 0.00000000
Neuron 137 3 0.25000000 1 1.00000000 0.00000000 0.00000000 0.00000000
Neuron 138 3 0.75000000 1 1.00000000 0.00000000 0.00000000 0.00000000
Neuron 139 3 0.25000000 1 1.00000000 0.00000000 0.00000000 0.00000000
Neuron 141 3 0.25000000 1 1.00000000 0.00000000 0.00000000 0.00000000
Neuron 151 3 0.25000000 1 1.00000000 0.00000000 0.00000000 0.00000000
Neuron 164 3 0.25000000 1 1.00000000 0.00000000 0.00000000 0.00000000
Neuron 173 3 0.25000000 1 1.00000000 0.00000000 0.00000000 0.00000000
Neuron 175 3 0.75000000 1 1.00000000 0.00000000 0.00000000 0.00000000
Neuron 181 3 0.25000000 1 1.00000000 0.00000000 0.00000000 0.00000000
Neuron 192 3 0.75000000 1 1.00000000 0.00000000 0.00000000 0.00000000
Neuron 199 3 0.75000000 1 1.00000000 0.00000000 0.00000000 0.00000000
Neuron 211 3 0.75000000 1 1.00000000 0.00000000 0.00000000 0.00000000
Neuron 216 3 0.37500000 1 1.00000000 0.00000000 0.00000000 0.00000000
Neuron 218 3 0.50000000 1 1.00000000 0.00000000 0.00000000 0.00000000
Neuron 225 3 0.62500000 1 1.00000000 0.00000000 0.00000000 0.00000000
Neuron 226 3 0.25000000 1 1.00000000 0.00000000 0.00000000 0.00000000
Neuron 235 3 0.75000000 1 1.00000000 0.00000000 0.00000000 0.00000000
Neuron 243 3 0.75000000 1 1.00000000 0.00000000 0.00000000 0.00000000
Neuron 252 3 0.25000000 1 1.00000000 0.00000000 0.00000000 0.00000000
Neuron 258 3 0.87500000 1 1.00000000 0.00000000 0.00000000 0.00000000
Neuron 262 3 0.25000000 1 1.00000000 0.00000000 0.00000000 0.00000000
Neuron 263 3 0.25000000 1 1.00000000 0.00000000 0.00000000 0.00000000
Neuron 266 3 0.75000000 1 1.00000000 0.00000000 0.00000000 0.00000000
Neuron 271 3 0.75000000 1 1.00000000 0.00000000 0.00000000 0.00000000
Neuron 291 3 0.37500000 1 1.00000000 0.00000000 0.00000000 0.00000000
Neuron 299 3 0.75000000 1 1.00000000 0.00000000 0.00000000 0.00000000
Neuron 301 3 0.75000000 1 1.00000000 0.00000000 0.00000000 0.00000000
Neuron 312 3 0.87500000 1 1.00000000 0.00000000 0.00000000 0.00000000
Neuron 313 3 0.37500000 1 1.00000000 0.00000000 0.00000000 0.00000000
Neuron 329 3 0.93750000 1 1.00000000 0.00000000 0.00000000 0.00000000
Neuron 330 3 0.62500000 1 1.00000000 0.00000000 0.00000000 0.00000000
Neuron 345 3 0.25000000 1 1.00000000 0.00000000 0.00000000 0.00000000
Neuron 357 3 0.12500000 1 1.00000000 0.00000000 0.00000000 0.00000000
Neuron 364 3 0.75000000 1 1.00000000 0.00000000 0.00000000 0.00000000
Neuron 383 3 0.37500000 1 1.00000000 0.00000000 0.00000000 0.00000000
Neuron 394 3 0.50000000 1 1.00000000 0.00000000 0.00000000 0.00000000
Neuron 408 3 0.75000000 1 1.00000000 0.00000000 0.00000000 0.00000000
Neuron 433 3 0.50000000 1 1.00000000 0.00000000 0.00000000 0.00000000
Neuron 442 3 0.25000000 1 1.00000000 0.00000000 0.00000000 0.00000000
Neuron 444 3 0.87500000 1 1.00000000 0.00000000 0.00000000 0.00000000
Neuron 446 3 0.62500000 1 1.00000000 0.00000000 0.00000000 0.00000000
Neuron 448 3 0.37500000 1 1.00000000 0.00000000 0.00000000 0.00000000
Neuron 459 3 0.87500000 1 1.00000000 0.00000000 0.00000000 0.00000000
Neuron 466 3 0.25000000 1 1.00000000 0.00000000 0.00000000 0.00000000
Neuron 481 3 0.87500000 1 1.00000000 0.00000000 0.00000000 0.00000000
Neuron 493 3 0.25000000 1 1.00000000 0.00000000 0.00000000 0.00000000
Neuron 499 3 0.75000000 1 1.00000000 0.00000000 0.00000000 0.00000000
Neuron 500 3 0.50000000 1 1.00000000 0.00000000 0.00000000 0.00000000
Neuron 508 3 0.37500000 1 1.00000000 0.00000000 0.00000000 0.00000000
Neuron 517 3 0.75000000 1 1.00000000 0.00000000 0.00000000 0.00000000
Neuron 521 3 0.50000000 1 1.00000000 0.00000000 0.00000000 0.00000000
Neuron 539 3 0.37500000 1 1.00000000 0.00000000 0.00000000 0.00000000
Neuron 541 3 0.62500000 1 1.00000000 0.00000000 0.00000000 0.00000000
Neuron 548 3 0.37500000 1 1.00000000 0.00000000 0.00000000 0.00000000
Neuron 564 3 0.50000000 1 1.00000000 0.00000000 0.00000000 0.00000000
Neuron 568 3 0.25000000 1 1.00000000 0.00000000 0.00000000 0.00000000
Neuron 576 3 0.25000000 1 1.00000000 0.00000000 0.00000000 0.00000000
Neuron 580 3 0.12500000 1 1.00000000 0.00000000 0.00000000 0.00000000
Neuron 584 3 0.50000000 1 1.00000000 0.00000000 0.00000000 0.00000000
Neuron 593 3 0.50000000 1 1.00000000 0.00000000 0.00000000 0.00000000
Neuron 594 3 0.12500000 1 1.00000000 0.00000000 0.00000000 0.00000000
Neuron 603 3 0.93750000 1 1.00000000 0.00000000 0.00000000 0.00000000
Neuron 617 3 0.62500000 1 1.00000000 0.00000000 0.00000000 0.00000000
Neuron 620 3 0.87500000 1 1.00000000 0.00000000 0.00000000 0.00000000
Neuron 621 3 0.50000000 1 1.00000000 0.00000000 0.00000000 0.00000000
Neuron 623 3 0.37500000 1 1.00000000 0.00000000 0.00000000 0.00000000
Neuron 636 3 0.37500000 1 1.00000000 0.00000000 0.00000000 0.00000000
Neuron 638 3 0.37500000 1 1.00000000 0.00000000 0.00000000 0.00000000
Neuron 639 3 0.12500000 1 1.00000000 0.00000000 0.00000000 0.00000000
Neuron 643 3 0.50000000 1 1.00000000 0.00000000 0.00000000 0.00000000
Neuron 646 3 0.62500000 1 1.00000000 0.00000000 0.00000000 0.00000000
Neuron 650 3 0.25000000 1 1.00000000 0.00000000 0.00000000 0.00000000
Neuron 670 3 0.75000000 1 1.00000000 0.00000000 0.00000000 0.00000000
Neuron 679 3 0.62500000 1 1.00000000 0.00000000 0.00000000 0.00000000
Neuron 682 3 0.62500000 1 1.00000000 0.00000000 0.00000000 0.00000000
Neuron 685 3 0.25000000 1 1.00000000 0.00000000 0.00000000 0.00000000
Neuron 708 3 0.93750000 1 1.00000000 0.00000000 0.00000000 0.00000000
Neuron 712 3 0.37500000 1 1.00000000 0.00000000 0.00000000 0.00000000
Neuron 715 3 0.37500000 1 1.00000000 0.00000000 0.00000000 0.00000000
Neuron 720 3 0.12500000 1 1.00000000 0.00000000 0.00000000 0.00000000
Neuron 731 3 0.37500000 1 1.00000000 0.00000000 0.00000000 0.00000000
Neuron 739 3 0.56250000 1 1.00000000 0.00000000 0.00000000 0.00000000
Neuron 745 3 0.62500000 1 1.00000000 0.00000000 0.00000000 0.00000000
Neuron 746 3 0.81250000 1 1.00000000 0.00000000 0.00000000 0.00000000
Neuron 754 3 0.56250000 1 1.00000000 0.00000000 0.00000000 0.00000000
Neuron 757 3 0.50000000 1 1.00000000 0.00000000 0.00000000 0.00000000
Neuron 761 3 0.43750000 1 1.00000000 0.00000000 0.00000000 0.00000000
Neuron 766 3 0.37500000 1 1.00000000 0.00000000 0.00000000 0.00000000
Neuron 767 3 0.50000000 1 1.00000000 0.00000000 0.00000000 0.00000000
Neuron 768 3 0.62500000 1 1.00000000 0.00000000 0.00000000 0.00000000
Neuron 780 3 0.50000000 1 1.00000000 0.00000000 0.00000000 0.00000000
Neuron 782 3 0.56250000 1 1.00000000 0.00000000 0.00000000 0.00000000
Neuron 787 3 0.50000000 1 1.00000000 0.00000000 0.00000000 0.00000000
Neuron 788 3 0.50000000 1 1.00000000 0.00000000 0.00000000 0.00000000
Neuron 794 3 0.93750000 1 1.00000000 0.00000000 0.00000000 0.00000000
Neuron 796 3 0.56250000 1 1.00000000 0.00000000 0.00000000 0.00000000
Neuron 801 3 0.62500000 1 1.00000000 0.00000000 0.00000000 0.00000000
Neuron 819 3 0.65625000 1 1.00000000 0.00000000 0.00000000 0.00000000
Neuron 822 3 0.68750000 1 1.00000000 0.00000000 0.00000000 0.00000000
Neuron 830 3 0.37500000 1 1.00000000 0.00000000 0.00000000 0.00000000
Neuron 852 3 0.50000000 1 1.00000000 0.00000000 0.00000000 0.00000000
Neuron 859 3 0.43750000 1 1.00000000 0.00000000 0.00000000 0.00000000
Neuron 867 3 0.18750000 1 1.00000000 0.00000000 0.00000000 0.00000000
Neuron 887 3 0.50000000 1 1.00000000 0.00000000 0.00000000 0.00000000
Neuron 890 3 0.50000000 1 1.00000000 0.00000000 0.00000000 0.00000000
Neuron 899 3 0.50000000 1 1.00000000 0.00000000 0.00000000 0.00000000
Neuron 902 3 0.62500000 1 1.00000000 0.00000000 0.00000000 0.00000000
Neuron 910 3 0.50000000 1 1.00000000 0.00000000 0.00000000 0.00000000
Neuron 915 3 0.50000000 1 1.00000000 0.00000000 0.00000000 0.00000000
Neuron 917 3 0.50000000 1 1.00000000 0.00000000 0.00000000 0.00000000
Neuron 918 3 0.50000000 1 1.00000000 0.00000000 0.00000000 0.00000000
Neuron 938 3 0.25000000 1 1.00000000 0.00000000 0.00000000 0.00000000
Neuron 940 3 0.75000000 1 1.00000000 0.00000000 0.00000000 0.00000000
Neuron 962 3 0.68750000 1 1.00000000 0.00000000 0.00000000 0.00000000
Neuron 975 3 0.37500000 1 1.00000000 0.00000000 0.00000000 0.00000000
Neuron 979 3 0.56250000 1 1.00000000 0.00000000 0.00000000 0.00000000
Neuron 986 3 0.50000000 1 1.00000000 0.00000000 0.00000000 0.00000000
Neuron 1003 3 0.50000000 1 1.00000000 0.00000000 0.00000000 0.00000000
Neuron 1004 3 0.18750000 1 1.00000000 0.00000000 0.00000000 0.00000000
Neuron 1044 3 0.75000000 1 1.00000000 0.00000000 0.00000000 0.00000000
Neuron 1047 3 0.50000000 1 1.00000000 0.00000000 0.00000000 0.00000000
Neuron 1106 3 0.75000000 1 1.00000000 0.00000000 0.00000000 0.00000000
Neuron 1119 3 0.06250000 1 1.00000000 0.00000000 0.00000000 0.00000000
Neuron 1122 3 0.12500000 1 1.00000000 0.00000000 0.00000000 0.00000000
Neuron 1136 3 0.50000000 1 1.00000000 0.00000000 0.00000000 0.00000000
Neuron 1141 3 0.37500000 1 1.00000000 0.00000000 0.00000000 0.00000000
Neuron 1221 3 0.87500000 1 1.00000000 0.00000000 0.00000000 0.00000000
Neuron 1229 3 0.50000000 1 1.00000000 0.00000000 0.00000000 0.00000000
Neuron 1230 3 0.62500000 1 1.00000000 0.00000000 0.00000000 0.00000000
Neuron 1235 3 0.50000000 1 1.00000000 0.00000000 0.00000000 0.00000000
Neuron 1259 3 0.50000000 1 1.00000000 0.00000000 0.00000000 0.00000000
Neuron 1271 3 0.56250000 1 1.00000000 0.00000000 0.00000000 0.00000000
Neuron 1344 3 0.50000000 1 1.00000000 0.00000000 0.00000000 0.00000000
Neuron 1347 3 0.25000000 1 1.00000000 0.00000000 0.00000000 0.00000000
Neuron 1413 3 0.37500000 1 1.00000000 0.00000000 0.00000000 0.00000000
Neuron 1416 3 0.18750000 1 1.00000000 0.00000000 0.00000000 0.00000000
Neuron 1470 3 0.68750000 1 1.00000000 0.00000000 0.00000000 0.00000000
Neuron 1536 3 0.65625000 1 1.00000000 0.00000000 0.00000000 0.00000000
Link 1 10 1 0 -2.19787598
Link 2 10 2 0 -2.18010876
Link 5 10 5 0 -0.11213110
Link 6 10 6 0 -1.42125926
Link 7 10 7 0 -2.86213664
Link 8 10 8 0 2.73497497
Link 9 10 9 0 1.51293591
Link 1 11 10 0 -2.49150527
Link 2 11 11 0 1.25514889
Link 3 11 12 0 0.71412529
Link 4 11 13 0 -4.00653360
Link 5 11 14 0 2.18335603
Link 6 11 15 0 -1.22262496
Link 7 11 16 0 -0.13384321
Link 8 11 17 0 0.70233236
Link 9 11 18 0 2.34712967
Link 2 12 20 0 -1.45142673
Link 3 12 21 0 -0.27829051
Link 4 12 22 0 1.37720248
Link 5 12 23 0 -0.30727459
Link 6 12 24 0 -2.53613220
Link 7 12 25 0 3.10128360
Link 9 12 27 0 -0.15351930
Link 1 13 28 0 0.37059770
Link 2 13 29 0 -2.11163879
Link 4 13 31 0 1.38940093
Link 7 13 34 0 -0.70330673
Link 8 13 35 0 -0.34765813
Link 9 13 36 0 3.04124534
Link 3 14 39 0 -0.88377195
Link 5 14 41 0 0.62507865
Link 6 14 42 0 -2.55581257
Link 8 14 44 0 0.31063475
Link 9 14 45 0 -3.05706310
Link 1 15 46 0 -1.81499825
Link 2 15 47 0 -2.78284009
Link 3 15 48 0 1.55934011
Link 4 15 49 0 -1.86052295
Link 5 15 50 0 2.45992750
Link 6 15 51 0 0.42623584
Link 7 15 52 0 -0.32143431
Link 8 15 53 0 -2.10370858
Link 9 15 54 0 -0.79585793
Link 1 16 55 0 -3.87469510
Link 2 16 56 0 2.25098105
Link 3 16 57 0 0.64457612
Link 5 16 59 0 0.06492157
Link 6 16 60 0 1.40015832
Link 7 16 61 0 2.69812394
Link 9 16 63 0 2.16332286
Link 3 17 65 0 -2.99773635
Link 17 10 66 0 -0.30227008
Link 8 18 68 0 2.12865617
Link 18 14 69 0 3.56386398
Link 19 11 72 0 1.77687025
Link 2 23 84 0 -2.76053572
Link 23 13 85 0 -2.58874409
Link 1 24 87 0 1.12300854
Link 2 25 90 0 -2.07149506
Link 8 29 103 0 3.94777778
Link 29 12 104 0 -2.26934326
Link 4 30 106 0 -1.11830334
Link 3 31 109 0 -4.99799841
Link 6 33 115 0 -1.79925143
Link 33 14 116 0 -0.53081461
Link 2 39 133 0 2.96853330
Link 39 15 134 0 0.55991240
Link 6 41 139 0 0.60587513
Link 41 16 140 0 -1.22078576
Link 6 43 146 0 -3.34745289
Link 43 12 147 0 -0.02316666
Link 47 13 159 0 0.42070956
Link 48 14 162 0 3.10564300
Link 8 50 168 0 0.73402891
Link 50 16 169 0 0.86128391
Link 2 51 172 0 -3.97656246
Link 1 52 175 0 2.63527399
Link 52 12 176 0 -0.71355654
Link 5 53 179 0 2.91094095
Link 8 55 185 0 0.17913592
Link 55 15 186 0 -0.08289884
Link 8 56 188 0 1.73856417
Link 56 13 189 0 -0.25343539
Link 6 61 225 0 0.99957699
Link 61 13 226 0 2.63417473
Link 2 62 234 0 -0.69184123
Link 62 12 235 0 2.54315606
Link 4 64 243 0 -1.98733475
Link 64 10 244 0 -2.07149009
Link 21 67 264 0 1.32710518
Link 67 15 265 0 -2.92977481
Link 11 23 270 1 2.55978444
Link 68 10 275 0 -1.57002844
Link 7 69 285 0 2.05880010
Link 51 61 323 0 -0.23696036
Link 8 74 334 0 -1.58404944
Link 78 10 354 0 0.50785654
Link 79 11 365 0 -1.31314003
Link 9 21 406 0 1.88108550
Link 51 84 425 0 -2.42090456
Link 84 14 426 0 1.45191426
Link 4 87 457 0 -0.38760278
Link 87 15 458 0 1.10714410
Link 20 88 466 0 2.76696076
Link 88 16 467 0 0.72253344
Link 41 12 470 0 -1.29618970
Link 50 10 476 0 -0.87690130
Link 50 91 513 0 1.01704277
Link 91 16 514 0 -1.39432389
Link 94 41 533 0 0.16338651
Link 3 61 534 0 0.33002860
Link 52 16 556 0 0.65585360
Link 4 102 586 0 -1.09684579
Link 102 20 587 0 2.19647538
Link 9 31 601 0 1.20863801
Link 2 17 617 0 3.16547173
Link 7 51 618 0 0.78634419
Link 60 105 631 0 1.29410743
Link 105 12 632 0 -1.41422877
Link 61 111 676 0 0.09692141
Link 111 13 677 0 0.26657689
Link 3 116 708 0 1.39102581
Link 116 47 709 0 1.81419836
Link 10 61 755 1 1.48951487
Link 8 31 792 0 -1.66706979
Link 3 137 872 0 -0.15230318
Link 138 12 881 0 2.69957648
Link 2 139 883 0 3.60986694
Link 7 141 892 0 -0.48575858
Link 141 21 893 0 1.50089350
Link 46 69 926 0 3.63712328
Link 3 151 966 0 -2.59884271
Link 6 164 1057 0 -2.42282814
Link 164 61 1058 0 -2.65241270
Link 6 173 1110 0 -1.73374937
Link 173 27 1111 0 2.36318179
Link 46 175 1117 0 -0.67741814
Link 175 13 1118 0 1.35263191
Link 17 13 1127 0 2.12309503
Link 7 19 1139 0 -1.05467959
Link 2 181 1157 0 -0.23262325
Link 181 68 1158 0 -0.97236789
Link 27 192 1279 0 0.27621315
Link 192 10 1280 0 1.52195108
Link 55 13 1296 0 3.10283390
Link 62 62 1330 1 -1.85848614
Link 48 199 1353 0 2.36324602
Link 211 15 1409 0 1.74349021
Link 137 216 1454 0 -1.03094250
Link 216 60 1455 0 -2.18830024
Link 24 225 1512 0 -0.47120284
Link 225 136 1513 0 0.91122749
Link 7 226 1515 0 -1.24271878
Link 226 79 1516 0 2.77289412
Link 69 235 1580 0 2.77427558
Link 50 79 1608 0 1.66756080
Link 31 243 1637 0 -0.35055790
Link 243 14 1638 0 2.75542939
Link 62 47 1650 0 -1.05039571
Link 47 46 1684 0 -0.80353396
Link 2 252 1717 0 -3.46785422
Link 252 51 1718 0 1.18567339
Link 136 258 1749 0 -1.70793270
Link 8 262 1777 0 0.49604216
Link 7 263 1789 0 -0.11543647
Link 5 226 1809 0 0.64791103
Link 53 266 1813 0 -0.08849612
Link 266 10 1814 0 2.54166336
Link 9 199 1828 0 0.33891021
Link 271 12 1865 0 0.64815372
Link 51 24 1883 0 0.01784377
Link 211 17 1909 1 2.39624198
Link 262 291 1976 0 -1.05743097
Link 291 78 1977 0 -2.45978670
Link 47 299 2018 0 -2.32002617
Link 299 13 2019 0 2.53668659
Link 30 301 2034 0 1.73202555
Link 301 14 2035 0 0.75427309
Link 199 312 2110 0 0.07942374
Link 312 14 2111 0 0.51371716
Link 151 313 2117 0 0.56121275
Link 312 329 2201 0 2.76307043
Link 329 14 2202 0 -2.77496505
Link 330 138 2209 0 0.53083920
Link 1 345 2308 0 1.16544109
Link 345 48 2309 0 0.04165481
Link 6 357 2394 0 1.41039953
Link 357 94 2395 0 -0.19552873
Link 61 53 2409 0 -2.48170012
Link 25 364 2456 0 -0.95374179
Link 364 16 2457 0 1.14138700
Link 263 383 2566 0 2.49312948
Link 383 69 2567 0 -2.34820675
Link 5 394 2633 0 -0.77887079
Link 394 13 2634 0 -1.71703644
Link 27 33 2695 0 0.44978811
Link 408 10 2729 0 -1.06731675
Link 13 199 2731 1 3.76297771
Link 7 433 2896 0 0.98997749
Link 433 14 2897 0 3.83152797
Link 78 61 2967 0 0.31286895
Link 2 442 2981 0 -2.03375048
Link 442 23 2982 0 -1.74768308
Link 235 444 3000 0 -2.58276439
Link 31 446 3013 0 2.35098265
Link 446 211 3014 0 -0.56889701
Link 74 448 3024 0 1.21402596
Link 448 50 3025 0 -1.51836465
Link 13 459 3083 1 -3.58778791
Link 52 13 3100 0 -1.73886473
Link 3 466 3152 0 1.08552060
Link 23 68 3177 0 0.50537104
Link 6 263 3202 0 2.56154216
Link 243 481 3245 0 1.73679709
Link 21 11 3275 0 -2.47516899
Link 14 20 3292 1 0.13158023
Link 7 493 3333 0 -0.21723262
Link 493 61 3334 0 0.09569349
Link 52 499 3375 0 -0.38635298
Link 499 16 3376 0 -1.16600103
Link 218 500 3405 0 0.78937432
Link 500 51 3406 0 0.53028736
Link 102 508 3478 0 -0.56722750
Link 508 20 3479 0 -0.25808129
Link 21 517 3558 0 1.48767761
Link 517 13 3559 0 -1.89197542
Link 312 312 3592 1 1.82559657
Link 68 521 3594 0 -2.01085770
Link 521 53 3595 0 2.31993401
Link 24 19 3625 0 -0.47351662
Link 4 27 3680 0 0.65654147
Link 141 539 3726 0 -0.32678284
Link 539 21 3727 0 -1.40554741
Link 14 541 3733 1 0.28303263
Link 541 263 3734 1 -0.09838736
Link 41 53 3738 0 0.01001266
Link 466 548 3819 0 -1.49556974
Link 548 24 3820 0 0.53569823
Link 1 102 3821 0 -3.58141798
Link 564 218 3918 0 -1.96038995
Link 5 383 3984 0 1.12639646
Link 3 576 4006 0 2.55219525
Link 576 51 4007 0 0.66460501
Link 580 173 4070 0 -0.25157281
Link 30 383 4074 1 -0.26526194
Link 31 51 4116 0 1.57771929
Link 51 593 4182 0 1.06661616
Link 593 47 4183 0 0.43289397
Link 7 594 4192 0 -3.64391276
Link 568 568 4218 1 3.71997331
Link 102 51 4251 0 -0.99620755
Link 258 603 4284 0 1.31485723
Link 603 13 4285 0 2.07695080
Link 493 211 4380 0 -0.84532295
Link 69 617 4399 0 -1.47351668
Link 139 139 4438 1 0.06632763
Link 11 620 4442 1 0.17807035
Link 620 91 4443 1 1.24213147
Link 621 61 4446 0 1.46085847
Link 4 623 4458 0 1.87936721
Link 11 138 4460 1 2.35959169
Link 141 33 4465 0 0.41813524
Link 493 636 4558 0 0.24321877
Link 636 61 4559 0 3.41052306
Link 3 638 4579 0 5.35482675
Link 3 639 4582 0 1.51026004
Link 639 568 4583 0 0.03184362
Link 69 643 4641 0 -1.64276616
Link 78 646 4657 0 -0.77175148
Link 646 235 4658 0 -0.22520266
Link 17 60 4669 0 3.11068965
Link 1 521 4677 0 1.43746283
Link 46 47 4695 0 -0.42250928
Link 1 650 4706 0 -1.51974588
Link 650 25 4707 0 -1.53819670
Link 617 61 4782 1 0.84443483
Link 226 620 4849 0 1.85122408
Link 13 670 4893 1 -1.98794862
Link 670 46 4894 1 -2.85656194
Link 43 61 4934 0 -3.02228108
Link 679 271 4951 0 -1.03697854
Link 21 682 4981 0 -0.61179034
Link 682 67 4982 0 -0.89016192
Link 650 312 4983 0 1.60430697
Link 25 79 5000 0 1.49804713
Link 3 685 5018 0 0.01943075
Link 19 541 5039 0 -0.45187892
Link 27 517 5041 0 0.53684670
Link 24 258 5095 0 -0.55154828
Link 621 679 5217 0 0.77770419
Link 481 708 5219 0 2.74065508
Link 708 14 5220 0 -3.22969965
Link 226 712 5243 0 -0.35065698
Link 712 61 5244 0 1.67164653
Link 568 715 5279 0 0.98893466
Link 715 69 5280 0 -0.72133587
Link 51 52 5307 0 3.77060585
Link 192 67 5313 0 1.91208696
Link 4 731 5385 0 1.53484323
Link 731 301 5386 0 1.79892456
Link 7 517 5395 0 0.61314334
Link 638 739 5438 0 -0.86422645
Link 739 192 5439 0 -3.24843179
Link 50 745 5470 0 2.03468043
Link 745 408 5471 0 2.00200010
Link 459 746 5474 1 -0.74210096
Link 746 199 5475 1 -1.70075972
Link 24 754 5535 0 1.62639477
Link 754 330 5536 0 -0.02821714
Link 4 757 5551 0 -0.68957436
Link 757 10 5552 0 2.25784356
Link 313 761 5575 0 -0.83709392
Link 761 19 5576 0 0.12375406
Link 41 225 5577 0 -1.96262950
Link 766 192 5608 0 1.52000512
Link 767 621 5612 0 -0.37491545
Link 768 56 5616 1 0.15801152
Link 18 31 5642 0 -0.60590159
Link 780 51 5667 1 0.11872707
Link 623 782 5689 0 1.85096148
Link 31 787 5732 0 -2.86898537
Link 787 47 5733 0 0.27888800
Link 173 48 5745 0 2.95709868
Link 55 48 5755 0 1.43422965
Link 788 780 5759 1 -0.27299346
Link 17 18 5789 0 -0.27296076
Link 31 12 5798 0 -1.36731326
Link 68 782 5801 0 2.12079361
Link 444 794 5803 0 -3.38183428
Link 794 14 5804 0 -1.47225487
Link 21 796 5813 0 -0.84100665
Link 796 679 5814 0 0.19863142
Link 116 266 5837 0 1.59684442
Link 313 12 5854 0 -1.55194601
Link 25 801 5860 0 0.44741343
Link 801 364 5861 0 3.13796934
Link 138 444 5981 0 -0.28472464
Link 782 819 6001 0 -0.86150295
Link 819 266 6002 0 0.53147045
Link 617 822 6020 0 -0.67101851
Link 822 211 6021 0 -2.64458363
Link 685 830 6086 0 -1.38642443
Link 830 69 6087 0 0.49097839
Link 508 175 6094 0 0.60538563
Link 173 617 6102 0 1.54290008
Link 299 638 6122 1 -2.46469952
Link 61 31 6180 0 -3.20520803
Link 584 243 6206 0 2.05843555
Link 1 23 6213 0 -1.06854049
Link 780 852 6258 0 -3.29238072
Link 852 53 6259 0 -0.27661545
Link 8 859 6338 0 -1.16490913
Link 499 50 6395 1 1.22218533
Link 594 867 6401 0 -0.78882020
Link 867 493 6402 0 2.57575613
Link 225 235 6510 0 -0.25545963
Link 25 243 6511 0 -0.29649276
Link 50 887 6563 0 -0.74816789
Link 887 584 6564 0 -2.18990345
Link 23 890 6580 0 0.70018098
Link 890 564 6581 0 0.43758872
Link 508 67 6609 0 0.06614173
Link 19 899 6656 0 2.19403407
Link 48 902 6682 0 -0.01834185
Link 902 175 6683 0 -1.22633854
Link 141 299 6738 0 -0.25239704
Link 61 910 6761 0 1.08732152
Link 910 60 6762 0 1.11513093
Link 643 915 6803 0 1.17768965
Link 915 767 6804 0 -0.13694254
Link 899 917 6829 0 1.56881238
Link 917 47 6830 0 0.64332333
Link 69 258 6856 0 1.52491041
Link 199 18 6914 1 -2.02587841
Link 15 580 6977 1 2.88471373
Link 3 938 7036 0 -1.28550787
Link 938 47 7037 0 0.32572155
Link 79 940 7046 0 -3.72440151
Link 940 15 7047 0 1.77548331
Link 313 313 7111 1 -1.27373735
Link 12 746 7187 1 -1.47088946
Link 899 164 7234 1 0.73772229
Link 271 962 7243 1 0.43621833
Link 962 768 7244 1 1.68604415
Link 88 136 7259 0 -2.13591743
Link 69 975 7314 1 1.04744781
Link 975 252 7315 1 -0.99845457
Link 46 541 7339 0 -2.46404316
Link 433 979 7355 0 2.89385397
Link 979 902 7356 0 0.64156063
Link 69 137 7365 1 1.48068704
Link 52 459 7376 0 -1.21203873
Link 917 670 7453 0 -0.02001946
Link 918 986 7460 0 1.32490143
Link 986 79 7461 0 -1.77311123
Link 580 64 7527 0 -1.01152974
Link 25 25 7577 1 2.43934621
Link 3 1003 7605 0 -1.25549568
Link 1003 10 7606 0 -2.50606620
Link 720 1004 7614 0 0.81369170
Link 1004 151 7615 0 2.28981842
Link 56 33 7663 0 -1.10662787
Link 517 299 7778 0 -0.80777159
Link 69 1044 7959 0 0.39468317
Link 1044 14 7960 0 -0.66894965
Link 584 1047 7970 0 1.86825725
Link 1047 918 7971 0 -0.25596824
Link 47 74 8094 1 1.41276247
Link 541 621 8261 1 0.13969992
Link 192 576 8331 1 2.02142469
Link 60 1106 8417 0 -0.67935760
Link 1106 12 8418 0 0.72220996
Link 87 899 8425 0 1.55385356
Link 638 444 8489 0 -1.83235556
Link 6 1119 8505 0 2.64456078
Link 1119 720 8506 0 -2.88126739
Link 8 1122 8528 0 0.42348341
Link 1122 685 8529 0 -0.31656069
Link 225 1136 8669 1 0.69770877
Link 1136 383 8670 1 0.88720941
Link 266 499 8758 0 3.74512960
Link 1141 623 8780 0 2.53285160
Link 670 444 8826 0 1.78438988
Link 299 620 9001 0 -1.94292843
Link 890 890 9070 1 -0.11536697
Link 102 173 9269 0 -1.65372029
Link 97 1221 9587 0 -0.04725614
Link 1221 12 9588 0 -0.13475786
Link 46 27 9666 0 3.74511782
Link 623 745 9686 0 0.11031499
Link 69 1229 9695 0 1.16181918
Link 1229 621 9696 0 1.52182778
Link 53 1230 9702 0 0.62252219
Link 1230 97 9703 0 -2.95453198
Link 62 1235 9792 0 -0.52881378
Link 1235 50 9793 0 2.53643123
Link 51 1259 10002 1 2.12618842
Link 1259 788 10003 1 0.87148241
Link 41 1271 10111 0 0.05435054
Link 1271 446 10112 0 -1.85880150
Link 796 91 10148 0 -0.29052858
Link 199 61 10298 1 1.14427626
Link 459 266 10400 1 -2.53016982
Link 105 638 10438 1 0.26219719
Link 746 621 10514 1 0.60469773
Link 685 211 10735 0 2.47035686
Link 15 584 10795 1 -0.66849229
Link 8 1344 10924 0 0.40333699
Link 1344 12 10925 0 -0.10751898
Link 1 1347 10974 0 2.34613639
Link 1347 25 10975 0 1.16076344
Link 18 940 11056 0 -0.79592953
Link 48 56 11084 0 1.28779068
Link 603 94 11203 1 2.15878335
Link 830 830 11340 1 -1.39168468
Link 636 39 11378 0 -2.23002023
Link 580 11 11491 0 1.67892203
Link 383 1413 11603 0 4.64153301
Link 1413 1141 11604 0 2.61729125
Link 3 1416 11628 0 -0.48802623
Link 1416 766 11629 0 -1.46757373
Link 136 91 11668 0 0.29142074
Link 1122 638 11826 0 0.46222436
Link 139 408 11882 0 0.73741286
Link 8 564 11929 0 0.95524031
Link 915 1044 12012 0 -1.09502467
Link 11 1470 12158 1 -0.04656306
Link 1470 638 12159 1 -1.48134075
Link 643 720 12163 1 -0.17305434
Link 79 1106 12245 0 0.36580757
Link 564 819 12296 0 -0.61832073
Link 548 830 12458 0 3.36239509
Link 859 1536 12775 0 -0.37618071
Link 1536 312 12776 0 -3.06739974
Link 918 51 13400 0 -1.51689501
Link 225 218 13770 1 2.88904636
Link 23 1230 13814 0 -0.85192208
Link 754 87 13836 1 -4.79351710
Link 61 859 14084 1 -3.04679223
Link 830 682 14351 0 -3.42948821
Link 623 620 14405 0 1.68025620
Link 79 87 14607 0 -1.04040555
Link 62 564 14723 0 1.01625508
GenomeEnd

