GenomeStart 55881
Neuron 1 1 0.00000000 1 0.00000000 0.00000000 0.00000000 0.00000000
Neuron 2 1 0.00000000 1 0.00000000 0.00000000 0.00000000 0.00000000
Neuron 3 1 0.00000000 1 0.00000000 0.00000000 0.00000000 0.00000000
Neuron 4 1 0.00000000 1 0.00000000 0.00000000 0.00000000 0.00000000
Neuron 5 1 0.00000000 1 0.00000000 0.00000000 0.00000000 0.00000000
Neuron 6 1 0.00000000 1 0.00000000 0.00000000 0.00000000 0.00000000
Neuron 7 1 0.00000000 1 0.00000000 0.00000000 0.00000000 0.00000000
Neuron 8 1 0.00000000 1 0.00000000 0.00000000 0.00000000 0.00000000
Neuron 9 2 0.00000000 1 0.00000000 0.00000000 0.00000000 0.00000000
Neuron 10 4 1.00000000 0 1.00000000 0.00000000 0.00000000 0.00000000
Neuron 11 4 1.00000000 0 1.00000000 0.00000000 0.00000000 0.00000000
Neuron 12 4 1.00000000 0 1.00000000 0.00000000 0.00000000 0.00000000
Neuron 13 4 1.00000000 0 1.00000000 0.00000000 0.00000000 0.00000000
Neuron 14 4 1.00000000 0 1.00000000 0.00000000 0.00000000 0.00000000
Neuron 15 4 1.00000000 0 1.00000000 0.00000000 0.00000000 0.00000000
Neuron 16 4 1.00000000 0 1.00000000 0.00000000 0.00000000 0.00000000
Neuron 17 3 0.50000000 1 1.00000000 0.00000000 0.00000000 0.00000000
Neuron 19 3 0.50000000 1 1.00000000 0.00000000 0.00000000 0.00000000
Neuron 21 3 0.50000000 1 1.00000000 0.00000000 0.00000000 0.00000000
Neuron 25 3 0.50000000 1 1.00000000 0.00000000 0.00000000 0.00000000
Neuron 27 3 0.50000000 1 1.00000000 0.00000000 0.00000000 0.00000000
Neuron 29 3 0.50000000 1 1.00000000 0.00000000 0.00000000 0.00000000
Neuron 31 3 0.50000000 1 1.00000000 0.00000000 0.00000000 0.00000000
Neuron 33 3 0.50000000 1 1.00000000 0.00000000 0.00000000 0.00000000
Neuron 34 3 0.50000000 1 1.00000000 0.00000000 0.00000000 0.00000000
Neuron 45 3 0.50000000 1 1.00000000 0.00000000 0.00000000 0.00000000
Neuron 48 3 0.50000000 1 1.00000000 0.00000000 0.00000000 0.00000000
Neuron 50 3 0.50000000 1 1.00000000 0.00000000 0.00000000 0.00000000
Neuron 51 3 0.50000000 1 1.00000000 0.00000000 0.00000000 0.00000000
Neuron 52 3 0.50000000 1 1.00000000 0.00000000 0.00000000 0.00000000
Neuron 53 3 0.50000000 1 1.00000000 0.00000000 0.00000000 0.00000000
Neuron 56 3 0.50000000 1 1.00000000 0.00000000 0.00000000 0.00000000
Neuron 60 3 0.50000000 1 1.00000000 0.00000000 0.00000000 0.00000000
Neuron 61 3 0.50000000 1 1.00000000 0.00000000 0.00000000 0.00000000
Neuron 69 3 0.50000000 1 1.00000000 0.00000000 0.00000000 0.00000000
Neuron 79 3 0.50000000 1 1.00000000 0.00000000 0.00000000 0.00000000
Neuron 84 3 0.75000000 1 1.00000000 0.00000000 0.00000000 0.00000000
Neuron 91 3 0.75000000 1 1.00000000 0.00000000 0.00000000 0.00000000
Neuron 111 3 0.75000000 1 1.00000000 0.00000000 0.00000000 0.00000000
Neuron 137 3 0.25000000 1 1.00000000 0.00000000 0.00000000 0.00000000
Neuron 141 3 0.25000000 1 1.00000000 0.00000000 0.00000000 0.00000000
Neuron 173 3 0.25000000 1 1.00000000 0.00000000 0.00000000 0.00000000
Neuron 192 3 0.75000000 1 1.00000000 0.00000000 0.00000000 0.00000000
Neuron 199 3 0.75000000 1 1.00000000 0.00000000 0.00000000 0.00000000
Neuron 211 3 0.75000000 1 1.00000000 0.00000000 0.00000000 0.00000000
Neuron 226 3 0.25000000 1 1.00000000 0.00000000 0.00000000 0.00000000
Neuron 235 3 0.75000000 1 1.00000000 0.00000000 0.00000000 0.00000000
Neuron 243 3 0.75000000 1 1.00000000 0.00000000 0.00000000 0.00000000
Neuron 252 3 0.25000000 1 1.00000000 0.00000000 0.00000000 0.00000000
Neuron 271 3 0.75000000 1 1.00000000 0.00000000 0.00000000 0.00000000
Neuron 312 3 0.87500000 1 1.00000000 0.00000000 0.00000000 0.00000000
Neuron 329 3 0.93750000 1 1.00000000 0.00000000 0.00000000 0.00000000
Neuron 336 3 0.37500000 1 1.00000000 0.00000000 0.00000000 0.00000000
Neuron 345 3 0.25000000 1 1.00000000 0.00000000 0.00000000 0.00000000
Neuron 350 3 0.31250000 1 1.00000000 0.00000000 0.00000000 0.00000000
Neuron 364 3 0.75000000 1 1.00000000 0.00000000 0.00000000 0.00000000
Neuron 470 3 0.62500000 1 1.00000000 0.00000000 0.00000000 0.00000000
Neuron 493 3 0.25000000 1 1.00000000 0.00000000 0.00000000 0.00000000
Neuron 503 3 0.62500000 1 1.00000000 0.00000000 0.00000000 0.00000000
Neuron 511 3 0.62500000 1 1.00000000 0.00000000 0.00000000 0.00000000
Neuron 517 3 0.75000000 1 1.00000000 0.00000000 0.00000000 0.00000000
Neuron 522 3 0.75000000 1 1.00000000 0.00000000 0.00000000 0.00000000
Neuron 580 3 0.12500000 1 1.00000000 0.00000000 0.00000000 0.00000000
Neuron 600 3 0.25000000 1 1.00000000 0.00000000 0.00000000 0.00000000
Neuron 650 3 0.25000000 1 1.00000000 0.00000000 0.00000000 0.00000000
Neuron 653 3 0.87500000 1 1.00000000 0.00000000 0.00000000 0.00000000
Neuron 663 3 0.56250000 1 1.00000000 0.00000000 0.00000000 0.00000000
Neuron 672 3 0.37500000 1 1.00000000 0.00000000 0.00000000 0.00000000
Neuron 679 3 0.62500000 1 1.00000000 0.00000000 0.00000000 0.00000000
Neuron 686 3 0.62500000 1 1.00000000 0.00000000 0.00000000 0.00000000
Neuron 734 3 0.62500000 1 1.00000000 0.00000000 0.00000000 0.00000000
Neuron 758 3 0.18750000 1 1.00000000 0.00000000 0.00000000 0.00000000
Neuron 786 3 0.56250000 1 1.00000000 0.00000000 0.00000000 0.00000000
Neuron 793 3 0.06250000 1 1.00000000 0.00000000 0.00000000 0.00000000
Neuron 847 3 0.37500000 1 1.00000000 0.00000000 0.00000000 0.00000000
Neuron 848 3 0.43750000 1 1.00000000 0.00000000 0.00000000 0.00000000
Neuron 864 3 0.59375000 1 1.00000000 0.00000000 0.00000000 0.00000000
Neuron 914 3 0.43750000 1 1.00000000 0.00000000 0.00000000 0.00000000
Neuron 936 3 0.40625000 1 1.00000000 0.00000000 0.00000000 0.00000000
Neuron 958 3 0.62500000 1 1.00000000 0.00000000 0.00000000 0.00000000
Neuron 1023 3 0.37500000 1 1.00000000 0.00000000 0.00000000 0.00000000
Neuron 1024 3 0.40625000 1 1.00000000 0.00000000 0.00000000 0.00000000
Neuron 1055 3 0.71875000 1 1.00000000 0.00000000 0.00000000 0.00000000
Neuron 1086 3 0.39062500 1 1.00000000 0.00000000 0.00000000 0.00000000
Neuron 1144 3 0.18750000 1 1.00000000 0.00000000 0.00000000 0.00000000
Link 1 10 1 0 -2.45668232
Link 2 10 2 0 -1.03500278
Link 4 10 4 0 -0.91790099
Link 5 10 5 0 1.46966525
Link 8 10 8 0 4.95108632
Link 9 10 9 0 0.27490452
Link 1 11 10 0 -6.35773534
Link 2 11 11 0 0.63492521
Link 5 11 14 0 -2.04349880
Link 6 11 15 0 -1.99526097
Link 8 11 17 0 -0.22455400
Link 9 11 18 0 -2.45469883
Link 2 12 20 0 -2.93913183
Link 4 12 22 0 -2.62222770
Link 6 12 24 0 -0.33347395
Link 7 12 25 0 -3.65994265
Link 9 12 27 0 1.36346011
Link 1 13 28 0 4.81822297
Link 2 13 29 0 -0.14196717
Link 3 13 30 0 0.92243159
Link 4 13 31 0 3.30483789
Link 5 13 32 0 -1.69262156
Link 7 13 34 0 -0.92810406
Link 9 13 36 0 0.61646575
Link 3 14 39 0 -4.88861538
Link 4 14 40 0 2.54710448
Link 5 14 41 0 2.33587262
Link 8 14 44 0 -0.25938845
Link 1 15 46 0 1.77024144
Link 2 15 47 0 -0.51038210
Link 4 15 49 0 0.19256724
Link 5 15 50 0 1.03105973
Link 6 15 51 0 0.24150029
Link 8 15 53 0 -3.18800948
Link 9 15 54 0 0.08536340
Link 1 16 55 0 2.10499478
Link 3 16 57 0 0.98943105
Link 4 16 58 0 1.68584369
Link 5 16 59 0 0.60100373
Link 6 16 60 0 -3.14733689
Link 9 16 63 0 1.53706059
Link 3 17 65 0 1.46538606
Link 17 10 66 0 0.78417253
Link 3 19 71 0 0.60703975
Link 19 11 72 0 -1.64965741
Link 21 15 78 0 1.70350372
Link 2 25 90 0 -2.46864506
Link 8 29 103 0 1.68758185
Link 29 12 104 0 -0.52637219
Link 3 31 109 0 -0.27791716
Link 6 33 115 0 -1.27107707
Link 33 14 116 0 1.10799092
Link 7 34 118 0 1.69149941
Link 34 10 119 0 -2.46712501
Link 7 45 152 0 2.01938460
Link 45 16 153 0 -1.42761444
Link 8 50 168 0 -2.45667322
Link 1 52 175 0 -4.55350133
Link 52 12 176 0 2.70657512
Link 5 53 179 0 2.65280354
Link 53 12 180 0 -2.22477793
Link 8 56 188 0 0.56212453
Link 56 13 189 0 -0.40816347
Link 60 12 221 0 1.35989933
Link 6 61 225 0 1.08493221
Link 7 69 285 0 4.85834211
Link 79 11 365 0 1.01950730
Link 9 21 406 0 -2.21186632
Link 51 84 425 0 1.04968815
Link 84 14 426 0 -1.09561947
Link 3 69 445 0 1.48370176
Link 50 10 476 0 0.66009648
Link 50 91 513 0 -1.28536855
Link 91 16 514 0 5.90151889
Link 52 16 556 0 -0.23178186
Link 9 31 601 0 1.73736030
Link 2 17 617 0 2.74826080
Link 8 31 792 0 -1.18867576
Link 3 137 872 0 0.44212428
Link 137 60 873 0 3.82790601
Link 7 141 892 0 -1.58146585
Link 141 21 893 0 -1.11909170
Link 173 27 1111 0 -7.32770199
Link 192 10 1280 0 -0.52563896
Link 31 211 1408 0 -3.14668365
Link 211 15 1409 0 -0.59868694
Link 7 226 1515 0 -3.34171927
Link 69 235 1580 0 3.80115196
Link 235 14 1581 0 1.84758535
Link 50 79 1608 0 -3.84948535
Link 243 14 1638 0 0.09545595
Link 2 252 1717 0 0.99067338
Link 252 51 1718 0 -0.31601163
Link 5 226 1809 0 3.67597446
Link 9 199 1828 0 3.00781733
Link 271 12 1865 0 1.39856263
Link 211 17 1909 1 -3.11554298
Link 33 34 2104 0 -1.16126753
Link 199 312 2110 0 2.61043392
Link 312 329 2201 0 0.45642219
Link 329 14 2202 0 0.00468921
Link 336 79 2264 0 -0.56608527
Link 1 345 2308 0 2.33547760
Link 345 48 2309 0 -2.57943842
Link 226 350 2350 0 -0.54219505
Link 350 336 2351 0 2.88433798
Link 25 364 2456 0 1.75626132
Link 364 16 2457 0 -0.19990234
Link 13 199 2731 1 -2.56178521
Link 33 33 2939 1 -3.91370252
Link 470 192 3172 0 -2.71992816
Link 3 192 3217 0 1.26107222
Link 7 493 3333 0 2.74847507
Link 493 61 3334 0 0.95967365
Link 69 61 3336 0 0.80539427
Link 31 503 3435 0 1.69551903
Link 503 243 3436 0 -1.40956165
Link 511 199 3504 0 1.15725665
Link 21 517 3558 0 0.46133629
Link 517 13 3559 0 2.75212931
Link 17 522 3616 0 1.62116682
Link 522 13 3617 0 -0.37475953
Link 25 199 3809 0 -0.27322689
Link 226 199 3980 0 1.52860063
Link 91 11 4110 0 0.43820024
Link 21 21 4135 1 -1.09669742
Link 4 600 4256 0 -1.07587796
Link 16 271 4327 1 1.30923342
Link 173 312 4346 0 -1.16667209
Link 199 199 4421 1 -2.39000625
Link 1 650 4706 0 -0.79044572
Link 111 653 4735 0 2.93832292
Link 653 13 4736 0 -1.62544203
Link 517 517 4784 1 -2.37595955
Link 27 663 4827 0 1.36431740
Link 663 470 4828 0 -2.32520248
Link 650 672 4904 0 1.54672834
Link 21 679 4950 0 0.28696198
Link 679 271 4951 0 4.06159433
Link 61 686 5021 0 1.56156218
Link 686 111 5022 0 -2.80452464
Link 15 511 5053 1 -1.79991490
Link 226 600 5103 0 -1.93204268
Link 734 51 5411 1 -1.68141073
Link 580 758 5557 0 1.26389396
Link 758 173 5558 0 -1.39828361
Link 1 734 5668 0 -1.07673591
Link 48 786 5717 0 0.84820639
Link 243 211 5727 0 1.90538378
Link 6 793 5794 0 0.55336813
Link 793 580 5795 0 -0.07409156
Link 9 137 5885 0 0.70403038
Link 91 271 6016 0 3.10153439
Link 650 137 6120 0 0.89395019
Link 600 847 6225 0 0.72063267
Link 848 25 6229 0 -0.12615624
Link 734 350 6284 1 1.64439815
Link 786 864 6383 0 1.04290591
Link 864 511 6384 0 0.29870234
Link 672 15 6744 0 -1.03562311
Link 847 53 6764 0 -1.16632071
Link 914 27 6795 0 -1.65671370
Link 10 60 6810 1 -3.55416113
Link 864 336 6864 1 -1.73794957
Link 25 137 6961 1 0.30929266
Link 345 847 6978 0 -1.58551784
Link 936 914 7014 0 1.04239566
Link 111 69 7021 1 2.51160204
Link 192 958 7215 1 -1.14928793
Link 958 17 7216 1 3.08496155
Link 650 936 7482 0 1.24718043
Link 6 336 7668 0 -0.89196211
Link 51 470 7698 0 -1.71003369
Link 51 848 7766 1 -1.10498353
Link 226 1023 7780 0 0.79886309
Link 1023 69 7781 0 -0.18165457
Link 672 1024 7783 0 0.75322011
Link 1024 848 7784 0 1.07701665
Link 329 1055 8014 1 0.59382143
Link 1055 25 8015 1 -2.78115280
Link 847 1086 8213 0 0.93787747
Link 1086 936 8214 0 1.56341873
Link 503 345 8435 1 1.59741146
Link 56 503 8718 0 1.71536160
Link 29 470 8732 0 2.62812882
Link 580 1144 8801 0 0.94694612
Link 1144 650 8802 0 0.70365141
Link 470 580 8878 1 -0.29237394
Link 51 503 9102 0 1.56414854
GenomeEnd

