GenomeStart 116851
Neuron 1 1 0.00000000 1 0.00000000 0.00000000 0.00000000 0.00000000
Neuron 2 1 0.00000000 1 0.00000000 0.00000000 0.00000000 0.00000000
Neuron 3 1 0.00000000 1 0.00000000 0.00000000 0.00000000 0.00000000
Neuron 4 1 0.00000000 1 0.00000000 0.00000000 0.00000000 0.00000000
Neuron 5 1 0.00000000 1 0.00000000 0.00000000 0.00000000 0.00000000
Neuron 6 1 0.00000000 1 0.00000000 0.00000000 0.00000000 0.00000000
Neuron 7 1 0.00000000 1 0.00000000 0.00000000 0.00000000 0.00000000
Neuron 8 1 0.00000000 1 0.00000000 0.00000000 0.00000000 0.00000000
Neuron 9 2 0.00000000 1 0.00000000 0.00000000 0.00000000 0.00000000
Neuron 10 4 1.00000000 0 1.00000000 0.00000000 0.00000000 0.00000000
Neuron 11 4 1.00000000 0 1.00000000 0.00000000 0.00000000 0.00000000
Neuron 12 4 1.00000000 0 1.00000000 0.00000000 0.00000000 0.00000000
Neuron 13 4 1.00000000 0 1.00000000 0.00000000 0.00000000 0.00000000
Neuron 14 4 1.00000000 0 1.00000000 0.00000000 0.00000000 0.00000000
Neuron 15 4 1.00000000 0 1.00000000 0.00000000 0.00000000 0.00000000
Neuron 16 4 1.00000000 0 1.00000000 0.00000000 0.00000000 0.00000000
Neuron 17 3 0.50000000 1 1.00000000 0.00000000 0.00000000 0.00000000
Neuron 19 3 0.50000000 1 1.00000000 0.00000000 0.00000000 0.00000000
Neuron 26 3 0.50000000 1 1.00000000 0.00000000 0.00000000 0.00000000
Neuron 28 3 0.50000000 1 1.00000000 0.00000000 0.00000000 0.00000000
Neuron 31 3 0.50000000 1 1.00000000 0.00000000 0.00000000 0.00000000
Neuron 33 3 0.50000000 1 1.00000000 0.00000000 0.00000000 0.00000000
Neuron 35 3 0.50000000 1 1.00000000 0.00000000 0.00000000 0.00000000
Neuron 36 3 0.50000000 1 1.00000000 0.00000000 0.00000000 0.00000000
Neuron 41 3 0.50000000 1 1.00000000 0.00000000 0.00000000 0.00000000
Neuron 50 3 0.50000000 1 1.00000000 0.00000000 0.00000000 0.00000000
Neuron 51 3 0.50000000 1 1.00000000 0.00000000 0.00000000 0.00000000
Neuron 53 3 0.50000000 1 1.00000000 0.00000000 0.00000000 0.00000000
Neuron 57 3 0.50000000 1 1.00000000 0.00000000 0.00000000 0.00000000
Neuron 59 3 0.50000000 1 1.00000000 0.00000000 0.00000000 0.00000000
Neuron 60 3 0.50000000 1 1.00000000 0.00000000 0.00000000 0.00000000
Neuron 63 3 0.50000000 1 1.00000000 0.00000000 0.00000000 0.00000000
Neuron 66 3 0.50000000 1 1.00000000 0.00000000 0.00000000 0.00000000
Neuron 68 3 0.75000000 1 1.00000000 0.00000000 0.00000000 0.00000000
Neuron 74 3 0.75000000 1 1.00000000 0.00000000 0.00000000 0.00000000
Neuron 81 3 0.50000000 1 1.00000000 0.00000000 0.00000000 0.00000000
Neuron 85 3 0.25000000 1 1.00000000 0.00000000 0.00000000 0.00000000
Neuron 88 3 0.75000000 1 1.00000000 0.00000000 0.00000000 0.00000000
Neuron 89 3 0.25000000 1 1.00000000 0.00000000 0.00000000 0.00000000
Neuron 108 3 0.25000000 1 1.00000000 0.00000000 0.00000000 0.00000000
Neuron 111 3 0.75000000 1 1.00000000 0.00000000 0.00000000 0.00000000
Neuron 118 3 0.75000000 1 1.00000000 0.00000000 0.00000000 0.00000000
Neuron 122 3 0.25000000 1 1.00000000 0.00000000 0.00000000 0.00000000
Neuron 126 3 0.62500000 1 1.00000000 0.00000000 0.00000000 0.00000000
Neuron 139 3 0.25000000 1 1.00000000 0.00000000 0.00000000 0.00000000
Neuron 142 3 0.25000000 1 1.00000000 0.00000000 0.00000000 0.00000000
Neuron 144 3 0.25000000 1 1.00000000 0.00000000 0.00000000 0.00000000
Neuron 158 3 0.62500000 1 1.00000000 0.00000000 0.00000000 0.00000000
Neuron 159 3 0.37500000 1 1.00000000 0.00000000 0.00000000 0.00000000
Neuron 165 3 0.75000000 1 1.00000000 0.00000000 0.00000000 0.00000000
Neuron 169 3 0.75000000 1 1.00000000 0.00000000 0.00000000 0.00000000
Neuron 178 3 0.62500000 1 1.00000000 0.00000000 0.00000000 0.00000000
Neuron 190 3 0.87500000 1 1.00000000 0.00000000 0.00000000 0.00000000
Neuron 191 3 0.25000000 1 1.00000000 0.00000000 0.00000000 0.00000000
Neuron 198 3 0.25000000 1 1.00000000 0.00000000 0.00000000 0.00000000
Neuron 233 3 0.75000000 1 1.00000000 0.00000000 0.00000000 0.00000000
Neuron 237 3 0.50000000 1 1.00000000 0.00000000 0.00000000 0.00000000
Neuron 250 3 0.75000000 1 1.00000000 0.00000000 0.00000000 0.00000000
Neuron 263 3 0.62500000 1 1.00000000 0.00000000 0.00000000 0.00000000
Neuron 274 3 0.87500000 1 1.00000000 0.00000000 0.00000000 0.00000000
Neuron 285 3 0.50000000 1 1.00000000 0.00000000 0.00000000 0.00000000
Neuron 291 3 0.37500000 1 1.00000000 0.00000000 0.00000000 0.00000000
Neuron 327 3 0.75000000 1 1.00000000 0.00000000 0.00000000 0.00000000
Neuron 351 3 0.75000000 1 1.00000000 0.00000000 0.00000000 0.00000000
Neuron 352 3 0.75000000 1 1.00000000 0.00000000 0.00000000 0.00000000
Neuron 353 3 0.87500000 1 1.00000000 0.00000000 0.00000000 0.00000000
Neuron 360 3 0.50000000 1 1.00000000 0.00000000 0.00000000 0.00000000
Neuron 363 3 0.25000000 1 1.00000000 0.00000000 0.00000000 0.00000000
Neuron 376 3 0.50000000 1 1.00000000 0.00000000 0.00000000 0.00000000
Neuron 383 3 0.25000000 1 1.00000000 0.00000000 0.00000000 0.00000000
Neuron 396 3 0.62500000 1 1.00000000 0.00000000 0.00000000 0.00000000
Neuron 403 3 0.68750000 1 1.00000000 0.00000000 0.00000000 0.00000000
Neuron 430 3 0.56250000 1 1.00000000 0.00000000 0.00000000 0.00000000
Neuron 434 3 0.87500000 1 1.00000000 0.00000000 0.00000000 0.00000000
Neuron 450 3 0.12500000 1 1.00000000 0.00000000 0.00000000 0.00000000
Neuron 472 3 0.50000000 1 1.00000000 0.00000000 0.00000000 0.00000000
Neuron 486 3 0.75000000 1 1.00000000 0.00000000 0.00000000 0.00000000
Neuron 498 3 0.50000000 1 1.00000000 0.00000000 0.00000000 0.00000000
Neuron 520 3 0.87500000 1 1.00000000 0.00000000 0.00000000 0.00000000
Neuron 579 3 0.87500000 1 1.00000000 0.00000000 0.00000000 0.00000000
Neuron 615 3 0.50000000 1 1.00000000 0.00000000 0.00000000 0.00000000
Neuron 632 3 0.93750000 1 1.00000000 0.00000000 0.00000000 0.00000000
Neuron 653 3 0.12500000 1 1.00000000 0.00000000 0.00000000 0.00000000
Neuron 708 3 0.50000000 1 1.00000000 0.00000000 0.00000000 0.00000000
Neuron 749 3 0.81250000 1 1.00000000 0.00000000 0.00000000 0.00000000
Neuron 764 3 0.56250000 1 1.00000000 0.00000000 0.00000000 0.00000000
Neuron 773 3 0.37500000 1 1.00000000 0.00000000 0.00000000 0.00000000
Neuron 872 3 0.56250000 1 1.00000000 0.00000000 0.00000000 0.00000000
Neuron 929 3 0.18750000 1 1.00000000 0.00000000 0.00000000 0.00000000
Neuron 935 3 0.50000000 1 1.00000000 0.00000000 0.00000000 0.00000000
Neuron 945 3 0.50000000 1 1.00000000 0.00000000 0.00000000 0.00000000
Neuron 971 3 0.06250000 1 1.00000000 0.00000000 0.00000000 0.00000000
Neuron 993 3 0.50000000 1 1.00000000 0.00000000 0.00000000 0.00000000
Neuron 1024 3 0.50000000 1 1.00000000 0.00000000 0.00000000 0.00000000
Neuron 1055 3 0.62500000 1 1.00000000 0.00000000 0.00000000 0.00000000
Neuron 1060 3 0.59375000 1 1.00000000 0.00000000 0.00000000 0.00000000
Neuron 1068 3 0.12500000 1 1.00000000 0.00000000 0.00000000 0.00000000
Neuron 1095 3 0.90625000 1 1.00000000 0.00000000 0.00000000 0.00000000
Neuron 1187 3 0.87500000 1 1.00000000 0.00000000 0.00000000 0.00000000
Neuron 1193 3 0.68750000 1 1.00000000 0.00000000 0.00000000 0.00000000
Neuron 1202 3 0.50000000 1 1.00000000 0.00000000 0.00000000 0.00000000
Neuron 1222 3 0.62500000 1 1.00000000 0.00000000 0.00000000 0.00000000
Neuron 1241 3 0.68750000 1 1.00000000 0.00000000 0.00000000 0.00000000
Neuron 1254 3 0.92187500 1 1.00000000 0.00000000 0.00000000 0.00000000
Neuron 1286 3 0.12500000 1 1.00000000 0.00000000 0.00000000 0.00000000
Neuron 1311 3 0.25000000 1 1.00000000 0.00000000 0.00000000 0.00000000
Neuron 1353 3 0.87500000 1 1.00000000 0.00000000 0.00000000 0.00000000
Neuron 1365 3 0.50000000 1 1.00000000 0.00000000 0.00000000 0.00000000
Neuron 1390 3 0.93750000 1 1.00000000 0.00000000 0.00000000 0.00000000
Neuron 1411 3 0.50000000 1 1.00000000 0.00000000 0.00000000 0.00000000
Neuron 1420 3 0.87500000 1 1.00000000 0.00000000 0.00000000 0.00000000
Neuron 1456 3 0.68750000 1 1.00000000 0.00000000 0.00000000 0.00000000
Neuron 1472 3 0.09375000 1 1.00000000 0.00000000 0.00000000 0.00000000
Neuron 1490 3 0.56250000 1 1.00000000 0.00000000 0.00000000 0.00000000
Neuron 1501 3 0.75000000 1 1.00000000 0.00000000 0.00000000 0.00000000
Neuron 1514 3 0.12500000 1 1.00000000 0.00000000 0.00000000 0.00000000
Neuron 1527 3 0.50000000 1 1.00000000 0.00000000 0.00000000 0.00000000
Neuron 1545 3 0.50000000 1 1.00000000 0.00000000 0.00000000 0.00000000
Neuron 1577 3 0.75000000 1 1.00000000 0.00000000 0.00000000 0.00000000
Neuron 1595 3 0.07812500 1 1.00000000 0.00000000 0.00000000 0.00000000
Neuron 1597 3 0.50000000 1 1.00000000 0.00000000 0.00000000 0.00000000
Neuron 1600 3 0.31250000 1 1.00000000 0.00000000 0.00000000 0.00000000
Neuron 1605 3 0.25000000 1 1.00000000 0.00000000 0.00000000 0.00000000
Neuron 1645 3 0.50000000 1 1.00000000 0.00000000 0.00000000 0.00000000
Neuron 1650 3 0.96875000 1 1.00000000 0.00000000 0.00000000 0.00000000
Neuron 1655 3 0.50000000 1 1.00000000 0.00000000 0.00000000 0.00000000
Neuron 1657 3 0.91406250 1 1.00000000 0.00000000 0.00000000 0.00000000
Neuron 1659 3 0.50000000 1 1.00000000 0.00000000 0.00000000 0.00000000
Neuron 1668 3 0.50000000 1 1.00000000 0.00000000 0.00000000 0.00000000
Neuron 1678 3 0.50000000 1 1.00000000 0.00000000 0.00000000 0.00000000
Neuron 1683 3 0.50000000 1 1.00000000 0.00000000 0.00000000 0.00000000
Neuron 1725 3 0.65625000 1 1.00000000 0.00000000 0.00000000 0.00000000
Neuron 1802 3 0.81250000 1 1.00000000 0.00000000 0.00000000 0.00000000
Neuron 1808 3 0.62500000 1 1.00000000 0.00000000 0.00000000 0.00000000
Neuron 1812 3 0.21875000 1 1.00000000 0.00000000 0.00000000 0.00000000
Neuron 1844 3 0.50000000 1 1.00000000 0.00000000 0.00000000 0.00000000
Neuron 1865 3 0.10937500 1 1.00000000 0.00000000 0.00000000 0.00000000
Neuron 1946 3 0.37500000 1 1.00000000 0.00000000 0.00000000 0.00000000
Neuron 1957 3 0.50000000 1 1.00000000 0.00000000 0.00000000 0.00000000
Neuron 1984 3 0.75000000 1 1.00000000 0.00000000 0.00000000 0.00000000
Neuron 2021 3 0.75000000 1 1.00000000 0.00000000 0.00000000 0.00000000
Neuron 2032 3 0.50000000 1 1.00000000 0.00000000 0.00000000 0.00000000
Neuron 2074 3 0.90625000 1 1.00000000 0.00000000 0.00000000 0.00000000
Neuron 2080 3 0.75000000 1 1.00000000 0.00000000 0.00000000 0.00000000
Neuron 2107 3 0.75000000 1 1.00000000 0.00000000 0.00000000 0.00000000
Neuron 2125 3 0.50000000 1 1.00000000 0.00000000 0.00000000 0.00000000
Neuron 2134 3 0.93750000 1 1.00000000 0.00000000 0.00000000 0.00000000
Neuron 2165 3 0.75000000 1 1.00000000 0.00000000 0.00000000 0.00000000
Neuron 2209 3 0.65625000 1 1.00000000 0.00000000 0.00000000 0.00000000
Neuron 2216 3 0.50000000 1 1.00000000 0.00000000 0.00000000 0.00000000
Neuron 2231 3 0.62500000 1 1.00000000 0.00000000 0.00000000 0.00000000
Neuron 2234 3 0.50000000 1 1.00000000 0.00000000 0.00000000 0.00000000
Neuron 2262 3 0.18750000 1 1.00000000 0.00000000 0.00000000 0.00000000
Neuron 2268 3 0.75000000 1 1.00000000 0.00000000 0.00000000 0.00000000
Neuron 2271 3 0.75000000 1 1.00000000 0.00000000 0.00000000 0.00000000
Neuron 2279 3 0.21875000 1 1.00000000 0.00000000 0.00000000 0.00000000
Neuron 2287 3 0.95312500 1 1.00000000 0.00000000 0.00000000 0.00000000
Neuron 2304 3 0.56250000 1 1.00000000 0.00000000 0.00000000 0.00000000
Neuron 2324 3 0.75000000 1 1.00000000 0.00000000 0.00000000 0.00000000
Neuron 2453 3 0.37500000 1 1.00000000 0.00000000 0.00000000 0.00000000
Neuron 2516 3 0.75000000 1 1.00000000 0.00000000 0.00000000 0.00000000
Link 1 10 1 0 1.95882821
Link 2 10 2 0 0.81484170
Link 3 10 3 0 -1.71689328
Link 4 10 4 0 0.54661744
Link 5 10 5 0 -1.65487197
Link 6 10 6 0 0.56697801
Link 7 10 7 0 -3.97343973
Link 8 10 8 0 -0.40121485
Link 9 10 9 0 -1.25226836
Link 1 11 10 0 2.67431956
Link 2 11 11 0 -0.42951710
Link 3 11 12 0 1.73121125
Link 6 11 15 0 0.46266263
Link 7 11 16 0 -0.01944241
Link 8 11 17 0 -2.05015508
Link 9 11 18 0 -1.56777065
Link 3 12 21 0 1.09478207
Link 5 12 23 0 4.58608667
Link 6 12 24 0 -2.48803753
Link 7 12 25 0 0.88810159
Link 9 12 27 0 0.41203990
Link 3 13 30 0 -0.51383754
Link 5 13 32 0 1.23330831
Link 6 13 33 0 0.44353106
Link 7 13 34 0 2.68688476
Link 8 13 35 0 -1.27342577
Link 9 13 36 0 -0.00964275
Link 2 14 38 0 -0.05570395
Link 4 14 40 0 -0.19661756
Link 8 14 44 0 0.05456415
Link 9 14 45 0 2.87204818
Link 4 15 49 0 -3.56100552
Link 7 15 52 0 -0.26683896
Link 9 15 54 0 1.78300064
Link 2 16 56 0 -0.31234749
Link 3 16 57 0 -3.13531546
Link 4 16 58 0 -0.37789484
Link 6 16 60 0 -0.65568107
Link 8 16 62 0 -0.58349981
Link 9 16 63 0 -0.90359706
Link 8 17 65 0 3.01922116
Link 17 15 66 0 0.20390199
Link 1 19 71 0 1.13346980
Link 19 14 72 0 -1.00432232
Link 26 15 93 0 -0.01616209
Link 16 16 97 1 2.35959441
Link 1 28 99 0 0.28802379
Link 6 31 109 0 0.78740570
Link 31 15 110 0 -0.72772472
Link 1 33 115 0 1.51355215
Link 33 15 116 0 -2.18690057
Link 35 15 122 0 2.17339397
Link 1 36 124 0 1.76761202
Link 36 13 125 0 -0.82816276
Link 41 12 141 0 0.03064619
Link 50 13 169 0 0.53166031
Link 1 51 171 0 2.72710204
Link 51 16 172 0 0.91255824
Link 7 57 194 0 0.20919908
Link 4 60 206 0 1.83770546
Link 60 13 207 0 0.74428567
Link 5 63 224 0 2.18500964
Link 63 14 225 0 1.24800315
Link 13 13 339 1 0.45984586
Link 11 11 402 1 -1.54660519
Link 2 85 411 0 0.84172181
Link 85 50 412 0 0.85949766
Link 11 35 428 1 -1.48799086
Link 13 50 429 1 -1.00342619
Link 57 88 459 0 0.27534864
Link 88 16 460 0 -0.64936647
Link 5 89 462 0 -0.44635084
Link 89 35 463 0 1.81246175
Link 9 51 589 0 -3.47765086
Link 5 108 640 0 0.84669862
Link 81 118 698 0 1.76126017
Link 9 28 701 0 2.27379801
Link 2 122 742 0 1.28438796
Link 28 126 776 0 2.30817766
Link 126 68 777 0 0.64450594
Link 3 35 781 0 -4.06640664
Link 28 33 782 0 -0.23309446
Link 3 144 957 0 1.89600818
Link 13 33 964 1 6.17232788
Link 14 28 1037 1 2.21881528
Link 66 111 1051 0 4.38278199
Link 66 158 1087 0 0.99170639
Link 142 159 1091 0 1.61488831
Link 159 81 1092 0 1.09696751
Link 53 165 1143 0 1.15238459
Link 66 66 1162 1 -3.03646344
Link 169 51 1165 1 -0.51030103
Link 111 178 1240 1 1.10435803
Link 178 51 1241 1 -3.62350418
Link 74 190 1318 0 1.94747958
Link 190 10 1319 0 -0.48308411
Link 2 198 1370 0 0.97200808
Link 198 26 1371 0 1.17474608
Link 16 53 1522 1 1.74155387
Link 15 233 1576 1 -0.68565269
Link 233 66 1577 1 -0.34349191
Link 237 66 1604 1 -3.41919414
Link 11 111 1645 1 -0.24333290
Link 59 250 1671 0 1.55595662
Link 263 111 1748 0 0.90296313
Link 59 53 1859 0 0.11012842
Link 51 237 1860 0 0.43301538
Link 66 285 1929 1 0.77602662
Link 108 291 1966 0 1.49192664
Link 291 53 1967 0 0.21462958
Link 10 63 2168 1 -4.13209353
Link 10 327 2238 1 0.53341394
Link 327 66 2239 1 1.74594980
Link 191 13 2346 0 -0.05244736
Link 5 237 2358 0 -3.01874123
Link 351 66 2401 1 -4.00702612
Link 11 352 2419 1 0.45032304
Link 352 285 2420 1 -1.84672558
Link 353 111 2423 1 -0.79067900
Link 363 51 2499 0 -3.50902154
Link 33 376 2601 0 3.44161530
Link 376 28 2602 0 -0.03892178
Link 5 383 2650 0 0.55679048
Link 383 28 2651 0 -3.36048870
Link 111 403 2777 1 -0.53987401
Link 66 430 2958 0 1.70519439
Link 430 263 2959 0 1.08300728
Link 68 434 3006 0 0.90233349
Link 434 12 3007 0 0.57229380
Link 5 450 3109 0 1.89128443
Link 59 111 3125 0 -3.90900300
Link 50 263 3227 0 -0.74881765
Link 66 472 3308 0 0.44028966
Link 68 486 3395 1 1.63652678
Link 486 68 3396 1 -2.12626863
Link 360 498 3498 1 0.67568034
Link 250 520 3677 0 0.44912342
Link 520 15 3678 0 -0.21896467
Link 7 63 3962 0 -0.92829032
Link 165 579 4020 0 1.03738023
Link 579 11 4021 0 0.10052281
Link 50 363 4065 1 0.78857114
Link 285 615 4238 1 -0.00027943
Link 63 17 4248 0 0.53834314
Link 1 111 4283 0 -1.86054098
Link 10 632 4367 1 0.08681143
Link 66 33 4455 0 1.17635675
Link 653 363 4529 0 1.65070759
Link 615 13 4530 0 -0.73472442
Link 19 274 4743 0 2.13024345
Link 9 178 4764 0 -2.78096767
Link 9 615 4840 0 -0.88869464
Link 237 708 4920 0 -0.28523039
Link 708 19 4921 0 0.77017917
Link 12 376 4993 1 -1.22336622
Link 376 74 5198 0 -0.39097668
Link 274 749 5261 1 0.69062293
Link 749 111 5262 1 0.19237086
Link 396 764 5356 1 1.28660937
Link 764 66 5357 1 -1.47458039
Link 144 773 5403 0 0.64039619
Link 773 59 5404 0 -0.65913827
Link 6 126 5410 0 0.22788684
Link 28 250 5590 0 3.84117066
Link 13 274 5783 1 -3.81064682
Link 178 363 5918 1 3.24993079
Link 872 81 6185 1 -1.70822100
Link 3 263 6271 0 0.51505536
Link 450 929 6549 0 0.80098519
Link 28 935 6590 0 0.33128466
Link 935 35 6591 0 -1.93334574
Link 74 237 6607 1 -2.22721757
Link 2 191 6632 0 1.46723968
Link 472 945 6657 0 1.06664424
Link 945 28 6658 0 -1.50251225
Link 653 16 6809 0 0.51761218
Link 6 971 6829 0 0.66227119
Link 1 971 6972 0 -2.64465252
Link 111 363 7052 1 -0.32202472
Link 63 1024 7275 0 1.44124169
Link 178 237 7453 1 2.73254644
Link 19 1055 7490 0 1.15759541
Link 1055 250 7491 0 -1.47070383
Link 126 1060 7507 1 1.43560581
Link 1060 872 7508 1 0.08580956
Link 4 1068 7580 0 0.83135040
Link 1068 139 7581 0 1.36496055
Link 615 352 7640 0 -0.71246395
Link 1095 274 7759 1 1.37534707
Link 971 51 7796 0 1.29361066
Link 971 237 8001 0 0.31809524
Link 68 872 8513 1 -2.74402090
Link 1187 351 8527 1 1.14264981
Link 1193 74 8566 0 2.30731904
Link 66 351 8632 0 0.56872752
Link 50 1202 8634 0 0.51964222
Link 1202 615 8635 0 -0.40790307
Link 35 1222 8797 0 -0.02875926
Link 165 363 8919 1 1.37242621
Link 1222 1241 8944 0 1.80189302
Link 1241 486 8945 0 2.05098743
Link 632 1254 9029 1 0.94529014
Link 3 1286 9241 0 0.02690131
Link 1286 142 9242 0 1.21170065
Link 9 139 9357 0 3.09275503
Link 139 971 9406 1 3.54572244
Link 8 1311 9444 0 1.57381788
Link 1311 360 9445 0 1.23357715
Link 14 139 9513 1 2.46417258
Link 60 1241 9534 0 -0.24260067
Link 13 1353 9762 1 0.15969855
Link 1353 165 9763 1 -0.38939823
Link 285 1365 9825 0 1.03885142
Link 1222 190 9922 0 -4.12925484
Link 16 1390 9996 1 0.67685309
Link 274 486 10037 1 0.54660985
Link 285 57 10222 0 3.60261558
Link 50 33 10244 0 -0.59452144
Link 118 1420 10273 0 0.67107530
Link 1420 14 10274 0 -0.23745035
Link 396 1456 10514 0 0.92847871
Link 1456 351 10515 0 -1.30601835
Link 396 1490 10743 1 2.01012200
Link 1490 285 10744 1 -0.48884455
Link 351 351 10806 1 -2.50104898
Link 5 434 10938 0 0.30794991
Link 1 1514 10941 0 0.88115189
Link 1024 1527 11028 0 0.59546852
Link 1527 28 11029 0 -1.59696328
Link 11 142 11162 1 2.04023522
Link 993 1545 11178 1 1.57643899
Link 1545 360 11179 1 1.78428937
Link 7 498 11346 0 3.96186530
Link 165 1577 11453 1 1.84329864
Link 971 1595 11573 0 1.35134181
Link 1595 1472 11574 0 0.41523984
Link 615 1597 11588 1 0.93328577
Link 28 1600 11612 1 1.50605427
Link 17 708 11617 0 -0.06174512
Link 7 1605 11662 0 1.14393519
Link 178 17 11753 1 1.59295056
Link 360 1222 12008 0 0.20961171
Link 89 1645 12011 0 0.75957215
Link 12 1650 12035 1 0.93797425
Link 1472 111 12040 0 -3.34777545
Link 1365 1655 12076 0 0.82476694
Link 1254 1657 12095 1 0.57338176
Link 1657 1095 12096 1 1.17590668
Link 1411 1659 12117 0 0.65510764
Link 1659 360 12118 0 -0.81396095
Link 1668 363 12188 1 -1.48294815
Link 285 1678 12270 0 1.03803282
Link 1678 1411 12271 0 1.12253766
Link 498 1683 12297 1 0.18627818
Link 57 1222 12507 0 3.41433442
Link 403 1725 12573 1 1.45329660
Link 1725 396 12574 1 0.83196473
Link 5 1187 12700 0 2.88751765
Link 3 88 12719 0 -2.48390778
Link 285 1286 12916 1 1.51986789
Link 158 1802 13226 0 1.53086302
Link 1802 12 13227 0 -0.49759143
Link 169 1808 13256 1 1.42457789
Link 1808 1668 13257 1 1.23877380
Link 1600 1812 13302 1 1.03401498
Link 1812 450 13303 1 0.69108732
Link 1577 1241 13373 1 0.16445289
Link 144 1844 13524 0 0.62529547
Link 1844 233 13525 0 0.35388438
Link 353 498 13555 1 0.78569666
Link 1472 1865 13701 0 1.17785061
Link 1865 653 13702 0 1.77156117
Link 41 472 13724 0 -0.48296633
Link 1600 327 13862 0 3.14550957
Link 993 1187 13960 0 -1.47212078
Link 1605 1946 14232 0 1.21439457
Link 1946 708 14233 0 -1.95280495
Link 1365 1957 14318 0 1.06270100
Link 1957 28 14319 0 1.15823645
Link 108 993 14364 0 -1.06592783
Link 35 1420 14418 0 -3.91157126
Link 169 1984 14507 1 1.06401863
Link 1984 169 14508 1 0.25127511
Link 430 158 14509 0 2.61543180
Link 274 1605 14590 1 2.14551906
Link 1577 2021 14836 1 1.58600872
Link 2021 165 14837 1 -0.85050435
Link 9 1411 14861 0 0.77648803
Link 1655 2032 14955 0 0.77016973
Link 2032 19 14956 0 -2.32631354
Link 165 351 15082 0 -2.55645279
Link 430 749 15179 0 -2.54738146
Link 250 1254 15191 0 -1.65734857
Link 1390 2074 15286 1 1.56883153
Link 2074 1187 15287 1 1.21686974
Link 1501 2080 15338 0 -0.76312946
Link 144 111 15455 0 -0.67470370
Link 2107 165 15531 0 1.64949210
Link 17 1597 15612 0 -1.25902409
Link 2125 237 15659 1 1.76305858
Link 773 139 15683 1 0.81948312
Link 12 2134 15756 1 1.25180511
Link 2134 353 15757 1 0.17781852
Link 8 191 15798 0 0.17922634
Link 111 351 15860 0 -2.81460957
Link 2080 2165 16028 0 1.76848030
Link 971 1808 16102 0 2.81630596
Link 450 1600 16135 0 -1.01629374
Link 19 352 16225 0 3.12666300
Link 41 1202 16268 0 -1.70798132
Link 9 1605 16283 0 0.70949052
Link 158 2209 16390 0 1.16532974
Link 2209 1193 16391 0 1.44269641
Link 1597 2216 16458 1 0.84800073
Link 2216 993 16459 1 1.02215909
Link 615 2107 16523 0 -1.55530762
Link 15 1946 16538 1 0.75644116
Link 1645 2231 16564 0 1.06881397
Link 2231 169 16565 0 -2.16747674
Link 1683 2234 16582 1 1.07969751
Link 2234 2125 16583 1 0.38536858
Link 60 352 16647 0 -1.01193275
Link 403 142 16737 1 -2.58896433
Link 1514 2262 16854 0 1.19928992
Link 2262 108 16855 0 1.26622388
Link 2268 2107 16911 0 0.92125734
Link 486 2271 16931 0 1.01955689
Link 2271 1501 16932 0 1.05982638
Link 929 2279 17032 0 1.00000000
Link 2279 191 17033 0 -0.53386315
Link 237 2231 17058 0 1.17449501
Link 1650 2287 17083 1 0.76262536
Link 2287 632 17084 1 0.99020018
Link 1456 51 17188 1 0.29580712
Link 1808 2304 17190 1 1.11622558
Link 2304 498 17191 1 -1.01493308
Link 872 139 17296 1 0.41979283
Link 1501 2324 17379 0 0.24336953
Link 2324 2080 17380 0 0.47212714
Link 351 250 17970 0 -0.03188866
Link 2165 1597 18169 1 -0.48203109
Link 1311 118 18359 0 2.89799392
Link 1946 31 18413 0 -0.16925701
Link 122 2453 18471 0 0.96180563
Link 2453 41 18472 0 0.95385749
Link 233 1597 18824 1 3.53670490
Link 2324 68 18861 0 -2.77063323
Link 2165 2516 18977 0 1.00000000
Link 2516 2268 18978 0 1.59400716
Link 1390 144 19109 1 -2.66674579
Link 520 28 19137 1 -0.06713540
Link 1241 142 19174 1 -4.54017094
Link 144 26 19222 0 -2.92956166
Link 1597 1411 19414 0 -3.92419965
Link 1472 498 19503 0 -2.45615847
Link 1365 36 19599 0 -0.69121090
Link 472 993 19617 0 -2.34216205
Link 233 383 19668 1 2.80335469
Link 122 2216 19728 0 -2.06740665
Link 51 1254 19773 0 -3.52406079
Link 1411 396 20187 0 -0.79951458
GenomeEnd

