GenomeStart 91608
Neuron 1 1 0.00000000 1 0.00000000 0.00000000 0.00000000 0.00000000
Neuron 2 1 0.00000000 1 0.00000000 0.00000000 0.00000000 0.00000000
Neuron 3 1 0.00000000 1 0.00000000 0.00000000 0.00000000 0.00000000
Neuron 4 1 0.00000000 1 0.00000000 0.00000000 0.00000000 0.00000000
Neuron 5 1 0.00000000 1 0.00000000 0.00000000 0.00000000 0.00000000
Neuron 6 1 0.00000000 1 0.00000000 0.00000000 0.00000000 0.00000000
Neuron 7 1 0.00000000 1 0.00000000 0.00000000 0.00000000 0.00000000
Neuron 8 1 0.00000000 1 0.00000000 0.00000000 0.00000000 0.00000000
Neuron 9 2 0.00000000 1 0.00000000 0.00000000 0.00000000 0.00000000
Neuron 10 4 1.00000000 0 1.00000000 0.00000000 0.00000000 0.00000000
Neuron 11 4 1.00000000 0 1.00000000 0.00000000 0.00000000 0.00000000
Neuron 12 4 1.00000000 0 1.00000000 0.00000000 0.00000000 0.00000000
Neuron 13 4 1.00000000 0 1.00000000 0.00000000 0.00000000 0.00000000
Neuron 14 4 1.00000000 0 1.00000000 0.00000000 0.00000000 0.00000000
Neuron 15 4 1.00000000 0 1.00000000 0.00000000 0.00000000 0.00000000
Neuron 16 4 1.00000000 0 1.00000000 0.00000000 0.00000000 0.00000000
Neuron 18 3 0.50000000 1 1.00000000 0.00000000 0.00000000 0.00000000
Neuron 19 3 0.50000000 1 1.00000000 0.00000000 0.00000000 0.00000000
Neuron 22 3 0.50000000 1 1.00000000 0.00000000 0.00000000 0.00000000
Neuron 23 3 0.50000000 1 1.00000000 0.00000000 0.00000000 0.00000000
Neuron 27 3 0.50000000 1 1.00000000 0.00000000 0.00000000 0.00000000
Neuron 32 3 0.50000000 1 1.00000000 0.00000000 0.00000000 0.00000000
Neuron 34 3 0.50000000 1 1.00000000 0.00000000 0.00000000 0.00000000
Neuron 37 3 0.50000000 1 1.00000000 0.00000000 0.00000000 0.00000000
Neuron 40 3 0.50000000 1 1.00000000 0.00000000 0.00000000 0.00000000
Neuron 43 3 0.50000000 1 1.00000000 0.00000000 0.00000000 0.00000000
Neuron 47 3 0.50000000 1 1.00000000 0.00000000 0.00000000 0.00000000
Neuron 48 3 0.50000000 1 1.00000000 0.00000000 0.00000000 0.00000000
Neuron 49 3 0.50000000 1 1.00000000 0.00000000 0.00000000 0.00000000
Neuron 53 3 0.75000000 1 1.00000000 0.00000000 0.00000000 0.00000000
Neuron 54 3 0.50000000 1 1.00000000 0.00000000 0.00000000 0.00000000
Neuron 55 3 0.50000000 1 1.00000000 0.00000000 0.00000000 0.00000000
Neuron 56 3 0.50000000 1 1.00000000 0.00000000 0.00000000 0.00000000
Neuron 58 3 0.50000000 1 1.00000000 0.00000000 0.00000000 0.00000000
Neuron 61 3 0.50000000 1 1.00000000 0.00000000 0.00000000 0.00000000
Neuron 62 3 0.50000000 1 1.00000000 0.00000000 0.00000000 0.00000000
Neuron 66 3 0.50000000 1 1.00000000 0.00000000 0.00000000 0.00000000
Neuron 70 3 0.50000000 1 1.00000000 0.00000000 0.00000000 0.00000000
Neuron 71 3 0.50000000 1 1.00000000 0.00000000 0.00000000 0.00000000
Neuron 74 3 0.50000000 1 1.00000000 0.00000000 0.00000000 0.00000000
Neuron 75 3 0.50000000 1 1.00000000 0.00000000 0.00000000 0.00000000
Neuron 81 3 0.75000000 1 1.00000000 0.00000000 0.00000000 0.00000000
Neuron 86 3 0.50000000 1 1.00000000 0.00000000 0.00000000 0.00000000
Neuron 102 3 0.75000000 1 1.00000000 0.00000000 0.00000000 0.00000000
Neuron 108 3 0.75000000 1 1.00000000 0.00000000 0.00000000 0.00000000
Neuron 117 3 0.75000000 1 1.00000000 0.00000000 0.00000000 0.00000000
Neuron 128 3 0.25000000 1 1.00000000 0.00000000 0.00000000 0.00000000
Neuron 129 3 0.75000000 1 1.00000000 0.00000000 0.00000000 0.00000000
Neuron 137 3 0.25000000 1 1.00000000 0.00000000 0.00000000 0.00000000
Neuron 138 3 0.75000000 1 1.00000000 0.00000000 0.00000000 0.00000000
Neuron 149 3 0.25000000 1 1.00000000 0.00000000 0.00000000 0.00000000
Neuron 153 3 0.75000000 1 1.00000000 0.00000000 0.00000000 0.00000000
Neuron 155 3 0.25000000 1 1.00000000 0.00000000 0.00000000 0.00000000
Neuron 170 3 0.75000000 1 1.00000000 0.00000000 0.00000000 0.00000000
Neuron 171 3 0.87500000 1 1.00000000 0.00000000 0.00000000 0.00000000
Neuron 190 3 0.25000000 1 1.00000000 0.00000000 0.00000000 0.00000000
Neuron 195 3 0.75000000 1 1.00000000 0.00000000 0.00000000 0.00000000
Neuron 201 3 0.75000000 1 1.00000000 0.00000000 0.00000000 0.00000000
Neuron 206 3 0.25000000 1 1.00000000 0.00000000 0.00000000 0.00000000
Neuron 211 3 0.37500000 1 1.00000000 0.00000000 0.00000000 0.00000000
Neuron 232 3 0.75000000 1 1.00000000 0.00000000 0.00000000 0.00000000
Neuron 233 3 0.25000000 1 1.00000000 0.00000000 0.00000000 0.00000000
Neuron 238 3 1.00000000 1 1.00000000 0.00000000 0.00000000 0.00000000
Neuron 245 3 0.25000000 1 1.00000000 0.00000000 0.00000000 0.00000000
Neuron 247 3 0.25000000 1 1.00000000 0.00000000 0.00000000 0.00000000
Neuron 249 3 1.00000000 1 1.00000000 0.00000000 0.00000000 0.00000000
Neuron 267 3 0.25000000 1 1.00000000 0.00000000 0.00000000 0.00000000
Neuron 271 3 0.25000000 1 1.00000000 0.00000000 0.00000000 0.00000000
Neuron 291 3 0.50000000 1 1.00000000 0.00000000 0.00000000 0.00000000
Neuron 309 3 0.25000000 1 1.00000000 0.00000000 0.00000000 0.00000000
Neuron 347 3 0.25000000 1 1.00000000 0.00000000 0.00000000 0.00000000
Neuron 350 3 0.75000000 1 1.00000000 0.00000000 0.00000000 0.00000000
Neuron 361 3 0.62500000 1 1.00000000 0.00000000 0.00000000 0.00000000
Neuron 375 3 0.12500000 1 1.00000000 0.00000000 0.00000000 0.00000000
Neuron 385 3 0.25000000 1 1.00000000 0.00000000 0.00000000 0.00000000
Neuron 390 3 0.37500000 1 1.00000000 0.00000000 0.00000000 0.00000000
Neuron 403 3 0.37500000 1 1.00000000 0.00000000 0.00000000 0.00000000
Neuron 410 3 0.50000000 1 1.00000000 0.00000000 0.00000000 0.00000000
Neuron 412 3 0.37500000 1 1.00000000 0.00000000 0.00000000 0.00000000
Neuron 416 3 0.12500000 1 1.00000000 0.00000000 0.00000000 0.00000000
Neuron 428 3 0.25000000 1 1.00000000 0.00000000 0.00000000 0.00000000
Neuron 450 3 0.87500000 1 1.00000000 0.00000000 0.00000000 0.00000000
Neuron 463 3 0.12500000 1 1.00000000 0.00000000 0.00000000 0.00000000
Neuron 482 3 0.62500000 1 1.00000000 0.00000000 0.00000000 0.00000000
Neuron 490 3 0.87500000 1 1.00000000 0.00000000 0.00000000 0.00000000
Neuron 501 3 0.37500000 1 1.00000000 0.00000000 0.00000000 0.00000000
Neuron 517 3 0.75000000 1 1.00000000 0.00000000 0.00000000 0.00000000
Neuron 527 3 0.50000000 1 1.00000000 0.00000000 0.00000000 0.00000000
Neuron 538 3 0.75000000 1 1.00000000 0.00000000 0.00000000 0.00000000
Neuron 544 3 0.12500000 1 1.00000000 0.00000000 0.00000000 0.00000000
Neuron 557 3 0.50000000 1 1.00000000 0.00000000 0.00000000 0.00000000
Neuron 565 3 0.75000000 1 1.00000000 0.00000000 0.00000000 0.00000000
Neuron 583 3 0.31250000 1 1.00000000 0.00000000 0.00000000 0.00000000
Neuron 584 3 0.31250000 1 1.00000000 0.00000000 0.00000000 0.00000000
Neuron 592 3 0.12500000 1 1.00000000 0.00000000 0.00000000 0.00000000
Neuron 595 3 0.06250000 1 1.00000000 0.00000000 0.00000000 0.00000000
Neuron 630 3 0.75000000 1 1.00000000 0.00000000 0.00000000 0.00000000
Neuron 654 3 0.12500000 1 1.00000000 0.00000000 0.00000000 0.00000000
Neuron 662 3 0.34375000 1 1.00000000 0.00000000 0.00000000 0.00000000
Neuron 666 3 0.62500000 1 1.00000000 0.00000000 0.00000000 0.00000000
Neuron 678 3 0.37500000 1 1.00000000 0.00000000 0.00000000 0.00000000
Neuron 679 3 0.75000000 1 1.00000000 0.00000000 0.00000000 0.00000000
Neuron 692 3 0.62500000 1 1.00000000 0.00000000 0.00000000 0.00000000
Neuron 720 3 0.87500000 1 1.00000000 0.00000000 0.00000000 0.00000000
Neuron 727 3 0.62500000 1 1.00000000 0.00000000 0.00000000 0.00000000
Neuron 732 3 0.50000000 1 1.00000000 0.00000000 0.00000000 0.00000000
Neuron 755 3 0.06250000 1 1.00000000 0.00000000 0.00000000 0.00000000
Neuron 779 3 0.62500000 1 1.00000000 0.00000000 0.00000000 0.00000000
Neuron 784 3 0.87500000 1 1.00000000 0.00000000 0.00000000 0.00000000
Neuron 811 3 0.87500000 1 1.00000000 0.00000000 0.00000000 0.00000000
Neuron 819 3 0.68750000 1 1.00000000 0.00000000 0.00000000 0.00000000
Neuron 828 3 0.62500000 1 1.00000000 0.00000000 0.00000000 0.00000000
Neuron 835 3 0.18750000 1 1.00000000 0.00000000 0.00000000 0.00000000
Neuron 852 3 0.18750000 1 1.00000000 0.00000000 0.00000000 0.00000000
Neuron 860 3 0.25000000 1 1.00000000 0.00000000 0.00000000 0.00000000
Neuron 867 3 0.87500000 1 1.00000000 0.00000000 0.00000000 0.00000000
Neuron 881 3 0.37500000 1 1.00000000 0.00000000 0.00000000 0.00000000
Neuron 888 3 0.62500000 1 1.00000000 0.00000000 0.00000000 0.00000000
Neuron 901 3 0.50000000 1 1.00000000 0.00000000 0.00000000 0.00000000
Neuron 906 3 0.62500000 1 1.00000000 0.00000000 0.00000000 0.00000000
Neuron 923 3 0.62500000 1 1.00000000 0.00000000 0.00000000 0.00000000
Neuron 926 3 0.81250000 1 1.00000000 0.00000000 0.00000000 0.00000000
Neuron 937 3 0.68750000 1 1.00000000 0.00000000 0.00000000 0.00000000
Neuron 949 3 0.93750000 1 1.00000000 0.00000000 0.00000000 0.00000000
Neuron 956 3 0.56250000 1 1.00000000 0.00000000 0.00000000 0.00000000
Neuron 959 3 0.09375000 1 1.00000000 0.00000000 0.00000000 0.00000000
Neuron 977 3 0.62500000 1 1.00000000 0.00000000 0.00000000 0.00000000
Neuron 981 3 0.56250000 1 1.00000000 0.00000000 0.00000000 0.00000000
Neuron 989 3 0.25000000 1 1.00000000 0.00000000 0.00000000 0.00000000
Neuron 1048 3 0.50000000 1 1.00000000 0.00000000 0.00000000 0.00000000
Neuron 1062 3 0.12500000 1 1.00000000 0.00000000 0.00000000 0.00000000
Neuron 1076 3 0.31250000 1 1.00000000 0.00000000 0.00000000 0.00000000
Neuron 1094 3 0.53125000 1 1.00000000 0.00000000 0.00000000 0.00000000
Neuron 1117 3 0.62500000 1 1.00000000 0.00000000 0.00000000 0.00000000
Neuron 1145 3 0.56250000 1 1.00000000 0.00000000 0.00000000 0.00000000
Neuron 1196 3 0.81250000 1 1.00000000 0.00000000 0.00000000 0.00000000
Neuron 1242 3 0.31250000 1 1.00000000 0.00000000 0.00000000 0.00000000
Neuron 1255 3 0.50000000 1 1.00000000 0.00000000 0.00000000 0.00000000
Neuron 1260 3 0.68750000 1 1.00000000 0.00000000 0.00000000 0.00000000
Neuron 1315 3 0.53125000 1 1.00000000 0.00000000 0.00000000 0.00000000
Neuron 1364 3 0.93750000 1 1.00000000 0.00000000 0.00000000 0.00000000
Neuron 1403 3 0.46875000 1 1.00000000 0.00000000 0.00000000 0.00000000
Neuron 1472 3 0.62500000 1 1.00000000 0.00000000 0.00000000 0.00000000
Neuron 1486 3 0.06250000 1 1.00000000 0.00000000 0.00000000 0.00000000
Neuron 1494 3 0.68750000 1 1.00000000 0.00000000 0.00000000 0.00000000
Neuron 1571 3 0.87500000 1 1.00000000 0.00000000 0.00000000 0.00000000
Neuron 1580 3 0.78125000 1 1.00000000 0.00000000 0.00000000 0.00000000
Neuron 1597 3 0.06250000 1 1.00000000 0.00000000 0.00000000 0.00000000
Neuron 1752 3 0.81250000 1 1.00000000 0.00000000 0.00000000 0.00000000
Link 1 10 1 0 1.89282423
Link 3 10 3 0 2.24391142
Link 8 10 8 0 -0.38033714
Link 9 10 9 0 -0.49782159
Link 4 11 13 0 -4.54028597
Link 5 11 14 0 -1.03482621
Link 7 11 16 0 -3.63634345
Link 9 11 18 0 -1.01582403
Link 1 12 19 0 2.53560812
Link 2 12 20 0 0.82091041
Link 3 12 21 0 -1.20031377
Link 6 12 24 0 -1.90216945
Link 8 12 26 0 2.63341633
Link 9 12 27 0 1.85169987
Link 2 13 29 0 -1.49181872
Link 4 13 31 0 0.78214743
Link 9 13 36 0 -1.62671081
Link 3 14 39 0 1.94551137
Link 4 14 40 0 0.41944015
Link 5 14 41 0 1.17535980
Link 7 14 43 0 2.19122295
Link 9 14 45 0 1.15288255
Link 4 15 49 0 -0.58025046
Link 5 15 50 0 0.89975806
Link 7 15 52 0 -1.56926895
Link 8 15 53 0 -3.88546653
Link 9 15 54 0 0.85109513
Link 1 16 55 0 0.19516285
Link 5 16 59 0 -2.03533034
Link 6 16 60 0 -0.08497387
Link 8 16 62 0 0.35393707
Link 9 16 63 0 1.31807221
Link 8 19 71 0 0.66647305
Link 19 13 72 0 3.37871992
Link 2 22 80 0 -1.37905485
Link 4 23 83 0 0.60026673
Link 23 12 84 0 2.47208936
Link 27 13 97 0 0.20490608
Link 3 32 111 0 3.61511349
Link 6 34 117 0 1.92934385
Link 34 11 118 0 0.16197994
Link 2 37 127 0 0.41600931
Link 1 40 136 0 4.74686984
Link 40 11 137 0 3.29390693
Link 43 13 146 0 1.41589315
Link 7 47 157 0 1.32949542
Link 6 48 161 0 -1.01035279
Link 1 49 164 0 2.75841893
Link 49 14 165 0 -2.58722392
Link 3 56 194 0 1.48776236
Link 56 16 195 0 -1.75497742
Link 5 58 211 0 -0.22324876
Link 58 12 212 0 -1.90862483
Link 62 15 238 0 1.18289209
Link 16 16 273 1 -1.52111423
Link 5 48 288 0 -0.25075444
Link 71 16 298 0 -1.31412748
Link 6 75 323 0 1.62385376
Link 86 13 417 0 -1.34045699
Link 70 12 464 0 -3.62931091
Link 11 11 522 1 -1.75044000
Link 9 48 538 0 3.20611344
Link 70 102 554 0 -1.88057174
Link 102 10 555 0 -0.16680824
Link 32 108 584 0 -2.73656477
Link 108 15 585 0 -1.87591844
Link 2 54 686 0 -0.51178440
Link 129 13 807 0 1.61916884
Link 66 138 889 0 1.24214482
Link 138 11 890 0 -0.47035720
Link 7 137 910 0 1.58912373
Link 149 70 1003 0 0.55408262
Link 54 153 1039 0 -3.54608361
Link 155 61 1061 0 -0.12409706
Link 18 170 1171 0 1.09053358
Link 170 10 1172 0 -0.03489579
Link 53 171 1176 0 3.55087583
Link 171 10 1177 0 0.20500726
Link 195 48 1330 1 -1.31943434
Link 74 201 1362 0 -0.66645007
Link 201 14 1363 0 -1.08286360
Link 2 206 1390 0 -0.70072916
Link 206 18 1391 0 -1.11180444
Link 211 54 1430 0 -3.78552188
Link 48 232 1564 0 -0.12964342
Link 4 233 1568 0 2.95255473
Link 233 55 1569 0 1.27782905
Link 238 11 1604 1 1.57941374
Link 2 74 1664 0 0.64567801
Link 7 245 1675 0 -1.49138116
Link 245 43 1676 0 -1.05006333
Link 8 247 1689 0 2.35572016
Link 247 66 1690 0 -1.90351716
Link 11 249 1710 1 2.37306936
Link 249 238 1711 1 -0.71303731
Link 48 74 1755 0 0.62565771
Link 195 14 1799 0 -1.41290516
Link 6 267 1833 0 -4.72192846
Link 267 62 1834 0 1.04009320
Link 3 271 1860 0 0.70893843
Link 271 43 1861 0 1.19068056
Link 61 18 2130 0 0.45936072
Link 8 53 2251 0 -0.65138829
Link 347 86 2357 0 0.99558231
Link 350 15 2379 0 -0.78592532
Link 48 361 2460 0 -0.94995081
Link 361 153 2461 0 5.04137286
Link 7 375 2567 0 0.01549137
Link 6 385 2614 0 0.77083085
Link 385 27 2615 0 0.62756029
Link 390 71 2661 0 -0.10178039
Link 3 410 2794 0 0.03475566
Link 410 13 2795 0 0.44710655
Link 412 74 2806 0 -1.20530643
Link 48 22 2807 0 -1.41584204
Link 56 56 2829 1 0.65332032
Link 416 128 2847 0 -1.88317646
Link 6 428 2923 0 1.02181872
Link 428 74 2924 0 -1.87509816
Link 22 13 2969 0 -1.94174502
Link 153 450 3080 0 3.24504835
Link 450 16 3081 0 0.01574046
Link 1 128 3308 0 1.62786329
Link 48 482 3405 0 3.18838074
Link 32 70 3428 0 1.14721833
Link 490 195 3467 1 4.00097270
Link 195 16 3521 0 2.04810670
Link 61 416 3574 1 -2.45485136
Link 7 501 3576 0 0.07397116
Link 54 517 3683 0 -0.36673540
Link 517 15 3684 0 0.50021504
Link 291 527 3758 0 -1.87829704
Link 527 48 3759 0 1.85007039
Link 538 16 3824 0 -1.25569621
Link 2 544 3867 0 -0.38741260
Link 544 309 3868 0 -0.90363470
Link 22 403 3878 1 -0.07668976
Link 75 557 3978 0 1.35685262
Link 557 43 3979 0 1.35104785
Link 54 482 4019 0 3.00806840
Link 565 12 4030 0 -0.97069648
Link 403 70 4075 0 2.99652403
Link 137 583 4191 0 -0.23135642
Link 128 584 4208 0 0.39418640
Link 584 403 4209 0 2.65684178
Link 4 592 4283 0 0.73191412
Link 592 137 4284 0 0.41399848
Link 4 595 4327 0 -1.46934612
Link 595 416 4328 0 2.06171516
Link 47 71 4593 0 -1.73080653
Link 74 630 4621 0 -0.28036410
Link 630 13 4622 0 1.76580415
Link 5 654 4779 0 1.68188305
Link 654 149 4780 0 -1.32921563
Link 583 662 4841 0 0.23195836
Link 662 211 4842 0 0.75359485
Link 565 170 4843 0 -0.79016367
Link 153 666 4869 1 0.46840366
Link 666 61 4870 1 -0.02848711
Link 54 678 4955 1 1.40287226
Link 678 155 4956 1 0.14979891
Link 74 692 5030 0 -0.52529039
Link 692 565 5031 0 0.55456937
Link 61 53 5203 0 -1.40264057
Link 13 720 5259 1 -1.09969730
Link 1 171 5270 0 -1.94437462
Link 727 129 5320 0 -1.77644033
Link 732 61 5367 0 -1.44229482
Link 527 170 5368 0 -1.40314413
Link 71 70 5449 0 -1.88982768
Link 8 755 5566 0 -1.94594045
Link 22 779 5727 0 0.88392567
Link 779 350 5728 0 2.81015760
Link 784 12 5755 0 1.07954680
Link 170 811 5934 0 1.90264691
Link 482 819 5992 0 0.54819257
Link 819 53 5993 0 -0.35856499
Link 58 828 6073 0 1.57743655
Link 828 153 6074 0 0.96351532
Link 375 835 6116 0 -1.81281019
Link 835 155 6117 0 -2.74121792
Link 517 153 6137 0 -0.91830096
Link 43 71 6192 0 0.61711050
Link 463 852 6266 0 0.98847056
Link 852 190 6267 0 -1.61587401
Link 8 860 6322 0 -0.62133361
Link 860 61 6323 0 0.29824665
Link 190 12 6375 0 1.69744614
Link 679 867 6377 0 0.87203227
Link 867 12 6378 0 1.32447195
Link 233 881 6511 0 0.87272607
Link 881 54 6512 0 1.07495893
Link 61 888 6545 0 1.06137686
Link 18 901 6666 0 -2.17948082
Link 901 291 6667 0 0.23937980
Link 232 129 6668 0 1.11420381
Link 48 906 6707 0 1.00000000
Link 906 538 6708 0 2.48318264
Link 923 679 6840 0 3.00618780
Link 720 926 6886 1 -0.70831455
Link 102 565 6913 0 -1.65372621
Link 47 27 6960 0 0.62620959
Link 888 937 6983 0 -0.08840350
Link 937 679 6984 0 0.91638794
Link 15 949 7079 1 -0.56967862
Link 949 490 7080 1 2.00463175
Link 61 956 7115 0 4.52051013
Link 956 727 7116 0 0.51766822
Link 755 959 7136 0 2.63809331
Link 959 463 7137 0 -2.69306782
Link 47 977 7341 0 1.35280558
Link 977 117 7342 0 2.08936471
Link 981 923 7371 0 1.67452319
Link 901 10 7372 0 0.26696296
Link 61 16 7393 0 -2.01394074
Link 48 527 7407 0 -0.67403810
Link 1 989 7438 0 2.18217792
Link 989 75 7439 0 1.82987319
Link 501 291 7706 0 3.43671345
Link 347 233 7861 0 -0.56723568
Link 190 43 8057 0 -1.07177594
Link 54 1048 8097 0 -0.75018689
Link 1048 732 8098 0 -2.26446081
Link 1062 347 8198 0 -0.71539280
Link 190 1076 8354 0 1.84542021
Link 1076 412 8355 0 1.09385877
Link 784 565 8548 1 -3.01853093
Link 901 1094 8550 0 1.05888152
Link 1094 981 8551 0 3.55798269
Link 153 1117 8742 1 -1.68578030
Link 128 271 8778 0 2.28183892
Link 732 727 8919 0 -0.65657853
Link 1117 1145 9006 1 1.75371542
Link 1145 22 9007 1 0.96033293
Link 247 18 9039 0 0.23711636
Link 62 195 9254 0 0.90923648
Link 956 361 9496 0 -2.87454435
Link 138 347 9549 1 1.84424186
Link 117 1196 9560 0 0.11823800
Link 1196 784 9561 0 -1.97330860
Link 1117 149 9668 1 1.96127464
Link 309 1242 9957 0 -2.63230792
Link 1242 390 9958 0 3.50854568
Link 678 1255 10060 0 0.59431926
Link 1255 361 10061 0 -2.44943543
Link 361 1260 10093 0 1.16099674
Link 1260 53 10094 0 -0.53977769
Link 233 13 10250 0 2.34296115
Link 55 1315 10637 0 1.53560550
Link 1315 956 10638 0 -0.16914807
Link 48 727 10725 0 -0.55472511
Link 190 989 10741 0 0.95137556
Link 679 350 10851 0 1.48817922
Link 1094 482 11074 0 0.41086931
Link 811 1364 11095 0 0.18736476
Link 1364 13 11096 0 -0.34591485
Link 755 22 11243 0 -1.86968310
Link 245 888 11348 0 -0.76908544
Link 1117 1403 11447 1 -1.00767899
Link 1403 583 11448 1 3.05462317
Link 128 108 11491 0 2.85061770
Link 755 403 11708 0 4.70878942
Link 71 679 11942 0 -0.54517524
Link 37 1472 12086 0 1.00000000
Link 1472 81 12087 0 0.39395370
Link 1 1486 12221 0 1.79012218
Link 1486 1062 12222 0 2.16627533
Link 37 201 12248 0 3.07559306
Link 527 977 12269 0 0.15972656
Link 977 1494 12301 0 1.13702523
Link 1494 129 12302 0 0.87033430
Link 923 959 12485 1 0.10511680
Link 989 989 12555 1 2.32493621
Link 190 565 12577 0 2.53665346
Link 206 350 12619 0 1.94703801
Link 6 888 12672 0 -1.06871325
Link 309 403 12693 0 -5.66848558
Link 755 1048 12764 0 0.58663013
Link 5 450 12860 0 -4.85475327
Link 81 1571 12911 0 0.80547149
Link 1571 14 12912 0 -0.32326672
Link 926 1580 12958 1 1.82867251
Link 1580 232 12959 1 -2.17978823
Link 48 58 13129 0 3.33579286
Link 8 1597 13133 0 0.58039341
Link 1597 375 13134 0 1.31943530
Link 565 692 13156 1 -1.16296538
Link 463 347 13607 0 1.18963612
Link 1117 66 14053 1 -2.47108296
Link 959 66 14295 0 0.52211280
Link 1315 923 14344 0 -0.03930799
Link 527 828 14358 0 3.18999036
Link 1486 32 14528 0 -2.43112549
Link 923 1752 14656 0 0.15793021
Link 1752 10 14657 0 -0.52893512
Link 727 1571 14685 0 -2.04017794
GenomeEnd

