GenomeStart 55350
Neuron 1 1 0.00000000 1 0.00000000 0.00000000 0.00000000 0.00000000
Neuron 2 1 0.00000000 1 0.00000000 0.00000000 0.00000000 0.00000000
Neuron 3 1 0.00000000 1 0.00000000 0.00000000 0.00000000 0.00000000
Neuron 4 1 0.00000000 1 0.00000000 0.00000000 0.00000000 0.00000000
Neuron 5 1 0.00000000 1 0.00000000 0.00000000 0.00000000 0.00000000
Neuron 6 1 0.00000000 1 0.00000000 0.00000000 0.00000000 0.00000000
Neuron 7 1 0.00000000 1 0.00000000 0.00000000 0.00000000 0.00000000
Neuron 8 1 0.00000000 1 0.00000000 0.00000000 0.00000000 0.00000000
Neuron 9 2 0.00000000 1 0.00000000 0.00000000 0.00000000 0.00000000
Neuron 10 4 1.00000000 0 1.00000000 0.00000000 0.00000000 0.00000000
Neuron 11 4 1.00000000 0 1.00000000 0.00000000 0.00000000 0.00000000
Neuron 12 4 1.00000000 0 1.00000000 0.00000000 0.00000000 0.00000000
Neuron 13 4 1.00000000 0 1.00000000 0.00000000 0.00000000 0.00000000
Neuron 14 4 1.00000000 0 1.00000000 0.00000000 0.00000000 0.00000000
Neuron 15 4 1.00000000 0 1.00000000 0.00000000 0.00000000 0.00000000
Neuron 16 4 1.00000000 0 1.00000000 0.00000000 0.00000000 0.00000000
Neuron 18 3 0.50000000 1 1.00000000 0.00000000 0.00000000 0.00000000
Neuron 20 3 0.50000000 1 1.00000000 0.00000000 0.00000000 0.00000000
Neuron 21 3 0.50000000 1 1.00000000 0.00000000 0.00000000 0.00000000
Neuron 22 3 0.50000000 1 1.00000000 0.00000000 0.00000000 0.00000000
Neuron 23 3 0.50000000 1 1.00000000 0.00000000 0.00000000 0.00000000
Neuron 33 3 0.50000000 1 1.00000000 0.00000000 0.00000000 0.00000000
Neuron 38 3 0.50000000 1 1.00000000 0.00000000 0.00000000 0.00000000
Neuron 39 3 0.50000000 1 1.00000000 0.00000000 0.00000000 0.00000000
Neuron 42 3 0.50000000 1 1.00000000 0.00000000 0.00000000 0.00000000
Neuron 43 3 0.50000000 1 1.00000000 0.00000000 0.00000000 0.00000000
Neuron 45 3 0.50000000 1 1.00000000 0.00000000 0.00000000 0.00000000
Neuron 47 3 0.50000000 1 1.00000000 0.00000000 0.00000000 0.00000000
Neuron 48 3 0.50000000 1 1.00000000 0.00000000 0.00000000 0.00000000
Neuron 51 3 0.50000000 1 1.00000000 0.00000000 0.00000000 0.00000000
Neuron 53 3 0.75000000 1 1.00000000 0.00000000 0.00000000 0.00000000
Neuron 54 3 0.50000000 1 1.00000000 0.00000000 0.00000000 0.00000000
Neuron 56 3 0.50000000 1 1.00000000 0.00000000 0.00000000 0.00000000
Neuron 58 3 0.50000000 1 1.00000000 0.00000000 0.00000000 0.00000000
Neuron 61 3 0.50000000 1 1.00000000 0.00000000 0.00000000 0.00000000
Neuron 70 3 0.50000000 1 1.00000000 0.00000000 0.00000000 0.00000000
Neuron 71 3 0.50000000 1 1.00000000 0.00000000 0.00000000 0.00000000
Neuron 72 3 0.50000000 1 1.00000000 0.00000000 0.00000000 0.00000000
Neuron 74 3 0.50000000 1 1.00000000 0.00000000 0.00000000 0.00000000
Neuron 75 3 0.50000000 1 1.00000000 0.00000000 0.00000000 0.00000000
Neuron 78 3 0.75000000 1 1.00000000 0.00000000 0.00000000 0.00000000
Neuron 87 3 0.25000000 1 1.00000000 0.00000000 0.00000000 0.00000000
Neuron 96 3 0.50000000 1 1.00000000 0.00000000 0.00000000 0.00000000
Neuron 128 3 0.25000000 1 1.00000000 0.00000000 0.00000000 0.00000000
Neuron 131 3 0.25000000 1 1.00000000 0.00000000 0.00000000 0.00000000
Neuron 137 3 0.25000000 1 1.00000000 0.00000000 0.00000000 0.00000000
Neuron 148 3 0.25000000 1 1.00000000 0.00000000 0.00000000 0.00000000
Neuron 153 3 0.75000000 1 1.00000000 0.00000000 0.00000000 0.00000000
Neuron 154 3 0.25000000 1 1.00000000 0.00000000 0.00000000 0.00000000
Neuron 158 3 0.37500000 1 1.00000000 0.00000000 0.00000000 0.00000000
Neuron 190 3 0.25000000 1 1.00000000 0.00000000 0.00000000 0.00000000
Neuron 195 3 0.75000000 1 1.00000000 0.00000000 0.00000000 0.00000000
Neuron 199 3 0.25000000 1 1.00000000 0.00000000 0.00000000 0.00000000
Neuron 201 3 0.75000000 1 1.00000000 0.00000000 0.00000000 0.00000000
Neuron 206 3 0.25000000 1 1.00000000 0.00000000 0.00000000 0.00000000
Neuron 211 3 0.37500000 1 1.00000000 0.00000000 0.00000000 0.00000000
Neuron 222 3 0.25000000 1 1.00000000 0.00000000 0.00000000 0.00000000
Neuron 232 3 0.75000000 1 1.00000000 0.00000000 0.00000000 0.00000000
Neuron 238 3 1.00000000 1 1.00000000 0.00000000 0.00000000 0.00000000
Neuron 249 3 1.00000000 1 1.00000000 0.00000000 0.00000000 0.00000000
Neuron 271 3 0.25000000 1 1.00000000 0.00000000 0.00000000 0.00000000
Neuron 316 3 0.25000000 1 1.00000000 0.00000000 0.00000000 0.00000000
Neuron 332 3 0.75000000 1 1.00000000 0.00000000 0.00000000 0.00000000
Neuron 396 3 0.75000000 1 1.00000000 0.00000000 0.00000000 0.00000000
Neuron 403 3 0.37500000 1 1.00000000 0.00000000 0.00000000 0.00000000
Neuron 406 3 0.62500000 1 1.00000000 0.00000000 0.00000000 0.00000000
Neuron 416 3 0.12500000 1 1.00000000 0.00000000 0.00000000 0.00000000
Neuron 432 3 0.25000000 1 1.00000000 0.00000000 0.00000000 0.00000000
Neuron 450 3 0.87500000 1 1.00000000 0.00000000 0.00000000 0.00000000
Neuron 452 3 0.37500000 1 1.00000000 0.00000000 0.00000000 0.00000000
Neuron 463 3 0.12500000 1 1.00000000 0.00000000 0.00000000 0.00000000
Neuron 464 3 0.87500000 1 1.00000000 0.00000000 0.00000000 0.00000000
Neuron 505 3 0.12500000 1 1.00000000 0.00000000 0.00000000 0.00000000
Neuron 510 3 0.18750000 1 1.00000000 0.00000000 0.00000000 0.00000000
Neuron 533 3 0.50000000 1 1.00000000 0.00000000 0.00000000 0.00000000
Neuron 536 3 0.87500000 1 1.00000000 0.00000000 0.00000000 0.00000000
Neuron 538 3 0.75000000 1 1.00000000 0.00000000 0.00000000 0.00000000
Neuron 556 3 0.50000000 1 1.00000000 0.00000000 0.00000000 0.00000000
Neuron 604 3 0.93750000 1 1.00000000 0.00000000 0.00000000 0.00000000
Neuron 638 3 0.75000000 1 1.00000000 0.00000000 0.00000000 0.00000000
Neuron 648 3 0.25000000 1 1.00000000 0.00000000 0.00000000 0.00000000
Neuron 667 3 0.87500000 1 1.00000000 0.00000000 0.00000000 0.00000000
Neuron 674 3 0.25000000 1 1.00000000 0.00000000 0.00000000 0.00000000
Neuron 676 3 0.25000000 1 1.00000000 0.00000000 0.00000000 0.00000000
Neuron 716 3 0.15625000 1 1.00000000 0.00000000 0.00000000 0.00000000
Neuron 763 3 0.75000000 1 1.00000000 0.00000000 0.00000000 0.00000000
Neuron 772 3 0.87500000 1 1.00000000 0.00000000 0.00000000 0.00000000
Neuron 783 3 0.75000000 1 1.00000000 0.00000000 0.00000000 0.00000000
Neuron 807 3 0.96875000 1 1.00000000 0.00000000 0.00000000 0.00000000
Neuron 834 3 0.12500000 1 1.00000000 0.00000000 0.00000000 0.00000000
Neuron 850 3 0.12500000 1 1.00000000 0.00000000 0.00000000 0.00000000
Neuron 872 3 0.87500000 1 1.00000000 0.00000000 0.00000000 0.00000000
Neuron 885 3 0.12500000 1 1.00000000 0.00000000 0.00000000 0.00000000
Neuron 906 3 0.62500000 1 1.00000000 0.00000000 0.00000000 0.00000000
Neuron 933 3 0.06250000 1 1.00000000 0.00000000 0.00000000 0.00000000
Neuron 1022 3 0.25000000 1 1.00000000 0.00000000 0.00000000 0.00000000
Neuron 1039 3 0.12500000 1 1.00000000 0.00000000 0.00000000 0.00000000
Neuron 1045 3 0.06250000 1 1.00000000 0.00000000 0.00000000 0.00000000
Neuron 1057 3 0.31250000 1 1.00000000 0.00000000 0.00000000 0.00000000
Neuron 1058 3 0.75000000 1 1.00000000 0.00000000 0.00000000 0.00000000
Neuron 1096 3 0.09375000 1 1.00000000 0.00000000 0.00000000 0.00000000
Link 1 10 1 0 1.84122906
Link 4 10 4 0 0.69845561
Link 8 10 8 0 0.80157372
Link 9 10 9 0 -1.00767549
Link 1 11 10 0 2.31845477
Link 3 11 12 0 -1.18236400
Link 4 11 13 0 -0.68675357
Link 6 11 15 0 -0.27329340
Link 7 11 16 0 -0.41697740
Link 8 11 17 0 -1.42502800
Link 9 11 18 0 0.13724447
Link 1 12 19 0 1.21167082
Link 3 12 21 0 -3.44176712
Link 9 12 27 0 0.72066507
Link 1 13 28 0 2.97704209
Link 2 13 29 0 3.69561370
Link 5 13 32 0 -2.40487545
Link 6 13 33 0 0.16870712
Link 8 13 35 0 0.78806931
Link 2 14 38 0 0.52249443
Link 4 14 40 0 0.05988421
Link 7 14 43 0 -0.03116320
Link 9 14 45 0 0.72173322
Link 1 15 46 0 -1.64687808
Link 3 15 48 0 -0.01186845
Link 4 15 49 0 -1.29579395
Link 5 15 50 0 -1.48115079
Link 6 15 51 0 0.66246129
Link 7 15 52 0 -2.07819357
Link 8 15 53 0 -1.43763902
Link 9 15 54 0 -0.67272608
Link 8 16 62 0 -0.11317938
Link 9 16 63 0 2.32056623
Link 18 10 69 0 -1.32099081
Link 6 20 74 0 -1.78158564
Link 20 12 75 0 0.79394903
Link 2 21 77 0 1.02582253
Link 21 12 78 0 -1.30821362
Link 22 15 81 0 -0.33165749
Link 23 12 84 0 0.90198237
Link 6 33 114 0 1.37151005
Link 33 16 115 0 1.11359342
Link 5 38 130 0 1.00000000
Link 38 11 131 0 -0.15933493
Link 7 39 133 0 0.32839926
Link 39 16 134 0 -1.30984359
Link 1 42 142 0 0.19472046
Link 42 16 143 0 1.48562106
Link 5 45 151 0 -0.61501120
Link 47 12 158 0 0.04667003
Link 51 12 171 0 -0.12044801
Link 13 13 177 1 -1.59327672
Link 48 53 181 0 -1.70812536
Link 53 10 182 0 1.93474021
Link 56 16 195 0 -0.65829767
Link 5 58 211 0 -1.79646530
Link 58 12 212 0 -2.25102221
Link 7 61 225 0 2.29496595
Link 61 13 226 0 0.83279787
Link 5 70 285 0 0.13798393
Link 70 10 286 0 -1.71383237
Link 2 71 297 0 1.24562575
Link 71 16 298 0 -1.15481454
Link 3 72 313 0 -0.78534172
Link 72 14 314 0 -0.86301471
Link 75 14 324 0 -1.17725080
Link 45 78 367 0 0.58942129
Link 78 14 368 0 -0.68173407
Link 7 87 430 0 -2.18424799
Link 9 45 452 0 0.12020949
Link 3 96 494 0 -0.50841815
Link 96 10 495 0 3.71112102
Link 9 48 538 0 0.80205554
Link 9 42 712 0 -1.16086689
Link 6 131 834 0 -4.71005284
Link 131 48 835 0 -0.29152902
Link 4 137 886 0 2.63304608
Link 7 137 910 0 0.70468976
Link 8 148 986 0 -1.74345408
Link 148 51 987 0 -0.93704613
Link 54 153 1039 0 -1.82365003
Link 158 47 1084 0 2.29795700
Link 7 153 1238 0 -2.10781652
Link 190 74 1286 0 -1.92190303
Link 15 195 1329 1 1.23137136
Link 195 48 1330 1 -0.21976580
Link 199 23 1347 0 -2.62042195
Link 74 201 1362 0 1.00000000
Link 201 14 1363 0 0.60596785
Link 2 206 1390 0 -0.14188696
Link 206 18 1391 0 -0.18419855
Link 137 211 1429 0 1.33072355
Link 5 222 1505 0 -0.29719638
Link 222 48 1506 0 0.66454918
Link 48 232 1564 0 -0.22609014
Link 232 11 1565 0 1.74426470
Link 238 11 1604 1 0.05322286
Link 48 153 1614 0 -2.43206210
Link 11 249 1710 1 0.81820695
Link 249 238 1711 1 -0.49274329
Link 18 48 1739 0 -0.83155989
Link 271 43 1861 0 2.40923258
Link 316 22 2146 0 0.69507375
Link 74 13 2174 0 0.59474624
Link 8 53 2251 0 1.09161286
Link 43 332 2256 0 1.19738776
Link 332 13 2257 0 0.06364901
Link 54 15 2512 0 -1.85043138
Link 396 54 2702 1 -2.90061225
Link 128 403 2756 0 -0.03719001
Link 403 48 2757 0 1.87623397
Link 6 74 2774 0 0.03024717
Link 232 406 2776 1 -1.37223109
Link 406 48 2777 1 -1.55240737
Link 4 416 2846 0 -0.65030402
Link 13 232 2873 1 -0.72792607
Link 2 432 2946 0 0.58204640
Link 432 74 2947 0 -1.01463923
Link 153 450 3080 0 0.15928915
Link 154 452 3104 0 0.34437434
Link 452 75 3105 0 1.26678750
Link 8 463 3185 0 1.00000000
Link 463 190 3186 0 0.35447927
Link 464 14 3189 0 -1.73194752
Link 505 154 3607 0 -0.11775444
Link 510 128 3640 0 -1.86276397
Link 58 43 3680 0 0.12872265
Link 238 536 3815 1 -0.87616428
Link 536 53 3816 1 1.07818641
Link 16 58 3886 1 -1.43081711
Link 464 464 3923 1 -0.73589111
Link 61 556 3964 0 1.57263918
Link 556 18 3965 0 0.34244015
Link 232 464 4042 0 -1.44325523
Link 9 416 4124 0 2.68024713
Link 42 43 4341 0 0.04166936
Link 450 604 4408 0 -0.18112394
Link 416 61 4472 0 -0.99927683
Link 211 450 4595 0 -0.52133121
Link 533 638 4680 0 -3.07648615
Link 2 648 4750 0 -0.45491531
Link 648 533 4751 0 1.57896570
Link 638 75 4806 1 0.21717609
Link 15 667 4880 1 1.00000000
Link 667 396 4881 1 -1.58776140
Link 674 42 4929 0 -0.40198054
Link 211 676 4945 1 -2.39537157
Link 676 505 4946 1 -0.51906707
Link 416 716 5224 0 1.00000000
Link 716 510 5225 0 -0.48873448
Link 222 22 5301 0 1.55152284
Link 8 396 5400 0 -1.46150591
Link 222 15 5430 0 2.31288040
Link 763 638 5635 0 -0.21967738
Link 638 772 5695 0 -0.19936627
Link 772 238 5696 0 1.26861438
Link 53 783 5747 0 1.68587161
Link 783 763 5748 0 -0.87256466
Link 45 232 5845 0 -2.27311858
Link 604 807 5913 0 0.90257488
Link 807 16 5914 0 -1.59946995
Link 222 533 6010 0 -1.10806707
Link 190 604 6069 0 -0.62264899
Link 206 54 6070 0 -2.16946806
Link 4 834 6113 0 0.38393797
Link 834 674 6114 0 3.24812012
Link 96 536 6227 0 0.90593768
Link 850 199 6257 0 -0.83645435
Link 70 14 6360 0 1.60270797
Link 538 872 6413 0 -1.43528513
Link 872 16 6414 0 -1.39920609
Link 885 271 6534 0 1.51271374
Link 96 54 6560 0 -2.07099874
Link 5 452 6576 0 -1.43597438
Link 7 533 6683 0 2.42124808
Link 48 906 6707 0 -0.32475242
Link 906 538 6708 0 -0.45759208
Link 4 933 6957 0 -1.83886357
Link 933 850 6958 0 -1.29569261
Link 43 18 7187 0 -1.28639546
Link 933 763 7465 0 -0.64220619
Link 403 56 7501 0 1.63959214
Link 2 1022 7770 0 2.32457250
Link 1022 23 7771 0 -1.66888547
Link 23 39 7883 0 -0.81652669
Link 2 1039 7978 0 1.00000000
Link 1039 316 7979 0 -1.83131069
Link 18 834 8028 1 1.24943245
Link 3 1045 8052 0 1.02544789
Link 232 332 8133 0 0.04953789
Link 87 1057 8171 0 0.84312755
Link 1057 158 8172 0 1.19969357
Link 75 1058 8174 0 0.73458759
Link 1058 13 8175 0 -2.21922357
Link 536 406 8488 1 4.26696812
Link 20 238 8555 0 -2.31798594
Link 1045 1096 8580 0 1.00000000
Link 1096 885 8581 0 -1.82950835
Link 1045 45 8730 0 0.71368394
Link 1 556 8855 0 -2.44762309
GenomeEnd

