GenomeStart 90171
Neuron 1 1 0.00000000 1 0.00000000 0.00000000 0.00000000 0.00000000
Neuron 2 1 0.00000000 1 0.00000000 0.00000000 0.00000000 0.00000000
Neuron 3 1 0.00000000 1 0.00000000 0.00000000 0.00000000 0.00000000
Neuron 4 1 0.00000000 1 0.00000000 0.00000000 0.00000000 0.00000000
Neuron 5 1 0.00000000 1 0.00000000 0.00000000 0.00000000 0.00000000
Neuron 6 1 0.00000000 1 0.00000000 0.00000000 0.00000000 0.00000000
Neuron 7 1 0.00000000 1 0.00000000 0.00000000 0.00000000 0.00000000
Neuron 8 1 0.00000000 1 0.00000000 0.00000000 0.00000000 0.00000000
Neuron 9 2 0.00000000 1 0.00000000 0.00000000 0.00000000 0.00000000
Neuron 10 4 1.00000000 0 1.00000000 0.00000000 0.00000000 0.00000000
Neuron 11 4 1.00000000 0 1.00000000 0.00000000 0.00000000 0.00000000
Neuron 12 4 1.00000000 0 1.00000000 0.00000000 0.00000000 0.00000000
Neuron 13 4 1.00000000 0 1.00000000 0.00000000 0.00000000 0.00000000
Neuron 14 4 1.00000000 0 1.00000000 0.00000000 0.00000000 0.00000000
Neuron 15 4 1.00000000 0 1.00000000 0.00000000 0.00000000 0.00000000
Neuron 16 4 1.00000000 0 1.00000000 0.00000000 0.00000000 0.00000000
Neuron 18 3 0.50000000 1 1.00000000 0.00000000 0.00000000 0.00000000
Neuron 19 3 0.50000000 1 1.00000000 0.00000000 0.00000000 0.00000000
Neuron 22 3 0.50000000 1 1.00000000 0.00000000 0.00000000 0.00000000
Neuron 23 3 0.50000000 1 1.00000000 0.00000000 0.00000000 0.00000000
Neuron 27 3 0.50000000 1 1.00000000 0.00000000 0.00000000 0.00000000
Neuron 32 3 0.50000000 1 1.00000000 0.00000000 0.00000000 0.00000000
Neuron 34 3 0.50000000 1 1.00000000 0.00000000 0.00000000 0.00000000
Neuron 37 3 0.50000000 1 1.00000000 0.00000000 0.00000000 0.00000000
Neuron 40 3 0.50000000 1 1.00000000 0.00000000 0.00000000 0.00000000
Neuron 43 3 0.50000000 1 1.00000000 0.00000000 0.00000000 0.00000000
Neuron 47 3 0.50000000 1 1.00000000 0.00000000 0.00000000 0.00000000
Neuron 48 3 0.50000000 1 1.00000000 0.00000000 0.00000000 0.00000000
Neuron 49 3 0.50000000 1 1.00000000 0.00000000 0.00000000 0.00000000
Neuron 53 3 0.75000000 1 1.00000000 0.00000000 0.00000000 0.00000000
Neuron 54 3 0.50000000 1 1.00000000 0.00000000 0.00000000 0.00000000
Neuron 55 3 0.50000000 1 1.00000000 0.00000000 0.00000000 0.00000000
Neuron 56 3 0.50000000 1 1.00000000 0.00000000 0.00000000 0.00000000
Neuron 58 3 0.50000000 1 1.00000000 0.00000000 0.00000000 0.00000000
Neuron 61 3 0.50000000 1 1.00000000 0.00000000 0.00000000 0.00000000
Neuron 62 3 0.50000000 1 1.00000000 0.00000000 0.00000000 0.00000000
Neuron 66 3 0.50000000 1 1.00000000 0.00000000 0.00000000 0.00000000
Neuron 70 3 0.50000000 1 1.00000000 0.00000000 0.00000000 0.00000000
Neuron 71 3 0.50000000 1 1.00000000 0.00000000 0.00000000 0.00000000
Neuron 74 3 0.50000000 1 1.00000000 0.00000000 0.00000000 0.00000000
Neuron 75 3 0.50000000 1 1.00000000 0.00000000 0.00000000 0.00000000
Neuron 81 3 0.75000000 1 1.00000000 0.00000000 0.00000000 0.00000000
Neuron 86 3 0.50000000 1 1.00000000 0.00000000 0.00000000 0.00000000
Neuron 102 3 0.75000000 1 1.00000000 0.00000000 0.00000000 0.00000000
Neuron 108 3 0.75000000 1 1.00000000 0.00000000 0.00000000 0.00000000
Neuron 117 3 0.75000000 1 1.00000000 0.00000000 0.00000000 0.00000000
Neuron 128 3 0.25000000 1 1.00000000 0.00000000 0.00000000 0.00000000
Neuron 129 3 0.75000000 1 1.00000000 0.00000000 0.00000000 0.00000000
Neuron 137 3 0.25000000 1 1.00000000 0.00000000 0.00000000 0.00000000
Neuron 138 3 0.75000000 1 1.00000000 0.00000000 0.00000000 0.00000000
Neuron 149 3 0.25000000 1 1.00000000 0.00000000 0.00000000 0.00000000
Neuron 153 3 0.75000000 1 1.00000000 0.00000000 0.00000000 0.00000000
Neuron 155 3 0.25000000 1 1.00000000 0.00000000 0.00000000 0.00000000
Neuron 170 3 0.75000000 1 1.00000000 0.00000000 0.00000000 0.00000000
Neuron 171 3 0.87500000 1 1.00000000 0.00000000 0.00000000 0.00000000
Neuron 190 3 0.25000000 1 1.00000000 0.00000000 0.00000000 0.00000000
Neuron 195 3 0.75000000 1 1.00000000 0.00000000 0.00000000 0.00000000
Neuron 201 3 0.75000000 1 1.00000000 0.00000000 0.00000000 0.00000000
Neuron 206 3 0.25000000 1 1.00000000 0.00000000 0.00000000 0.00000000
Neuron 211 3 0.37500000 1 1.00000000 0.00000000 0.00000000 0.00000000
Neuron 232 3 0.75000000 1 1.00000000 0.00000000 0.00000000 0.00000000
Neuron 233 3 0.25000000 1 1.00000000 0.00000000 0.00000000 0.00000000
Neuron 238 3 1.00000000 1 1.00000000 0.00000000 0.00000000 0.00000000
Neuron 245 3 0.25000000 1 1.00000000 0.00000000 0.00000000 0.00000000
Neuron 247 3 0.25000000 1 1.00000000 0.00000000 0.00000000 0.00000000
Neuron 249 3 1.00000000 1 1.00000000 0.00000000 0.00000000 0.00000000
Neuron 267 3 0.25000000 1 1.00000000 0.00000000 0.00000000 0.00000000
Neuron 271 3 0.25000000 1 1.00000000 0.00000000 0.00000000 0.00000000
Neuron 291 3 0.50000000 1 1.00000000 0.00000000 0.00000000 0.00000000
Neuron 309 3 0.25000000 1 1.00000000 0.00000000 0.00000000 0.00000000
Neuron 347 3 0.25000000 1 1.00000000 0.00000000 0.00000000 0.00000000
Neuron 350 3 0.75000000 1 1.00000000 0.00000000 0.00000000 0.00000000
Neuron 361 3 0.62500000 1 1.00000000 0.00000000 0.00000000 0.00000000
Neuron 375 3 0.12500000 1 1.00000000 0.00000000 0.00000000 0.00000000
Neuron 385 3 0.25000000 1 1.00000000 0.00000000 0.00000000 0.00000000
Neuron 390 3 0.37500000 1 1.00000000 0.00000000 0.00000000 0.00000000
Neuron 403 3 0.37500000 1 1.00000000 0.00000000 0.00000000 0.00000000
Neuron 410 3 0.50000000 1 1.00000000 0.00000000 0.00000000 0.00000000
Neuron 412 3 0.37500000 1 1.00000000 0.00000000 0.00000000 0.00000000
Neuron 416 3 0.12500000 1 1.00000000 0.00000000 0.00000000 0.00000000
Neuron 428 3 0.25000000 1 1.00000000 0.00000000 0.00000000 0.00000000
Neuron 450 3 0.87500000 1 1.00000000 0.00000000 0.00000000 0.00000000
Neuron 463 3 0.12500000 1 1.00000000 0.00000000 0.00000000 0.00000000
Neuron 482 3 0.62500000 1 1.00000000 0.00000000 0.00000000 0.00000000
Neuron 490 3 0.87500000 1 1.00000000 0.00000000 0.00000000 0.00000000
Neuron 501 3 0.37500000 1 1.00000000 0.00000000 0.00000000 0.00000000
Neuron 517 3 0.75000000 1 1.00000000 0.00000000 0.00000000 0.00000000
Neuron 527 3 0.50000000 1 1.00000000 0.00000000 0.00000000 0.00000000
Neuron 538 3 0.75000000 1 1.00000000 0.00000000 0.00000000 0.00000000
Neuron 544 3 0.12500000 1 1.00000000 0.00000000 0.00000000 0.00000000
Neuron 557 3 0.50000000 1 1.00000000 0.00000000 0.00000000 0.00000000
Neuron 565 3 0.75000000 1 1.00000000 0.00000000 0.00000000 0.00000000
Neuron 583 3 0.31250000 1 1.00000000 0.00000000 0.00000000 0.00000000
Neuron 584 3 0.31250000 1 1.00000000 0.00000000 0.00000000 0.00000000
Neuron 592 3 0.12500000 1 1.00000000 0.00000000 0.00000000 0.00000000
Neuron 595 3 0.06250000 1 1.00000000 0.00000000 0.00000000 0.00000000
Neuron 630 3 0.75000000 1 1.00000000 0.00000000 0.00000000 0.00000000
Neuron 654 3 0.12500000 1 1.00000000 0.00000000 0.00000000 0.00000000
Neuron 662 3 0.34375000 1 1.00000000 0.00000000 0.00000000 0.00000000
Neuron 666 3 0.62500000 1 1.00000000 0.00000000 0.00000000 0.00000000
Neuron 678 3 0.37500000 1 1.00000000 0.00000000 0.00000000 0.00000000
Neuron 679 3 0.75000000 1 1.00000000 0.00000000 0.00000000 0.00000000
Neuron 692 3 0.62500000 1 1.00000000 0.00000000 0.00000000 0.00000000
Neuron 720 3 0.87500000 1 1.00000000 0.00000000 0.00000000 0.00000000
Neuron 727 3 0.62500000 1 1.00000000 0.00000000 0.00000000 0.00000000
Neuron 732 3 0.50000000 1 1.00000000 0.00000000 0.00000000 0.00000000
Neuron 755 3 0.06250000 1 1.00000000 0.00000000 0.00000000 0.00000000
Neuron 779 3 0.62500000 1 1.00000000 0.00000000 0.00000000 0.00000000
Neuron 784 3 0.87500000 1 1.00000000 0.00000000 0.00000000 0.00000000
Neuron 811 3 0.87500000 1 1.00000000 0.00000000 0.00000000 0.00000000
Neuron 819 3 0.68750000 1 1.00000000 0.00000000 0.00000000 0.00000000
Neuron 828 3 0.62500000 1 1.00000000 0.00000000 0.00000000 0.00000000
Neuron 835 3 0.18750000 1 1.00000000 0.00000000 0.00000000 0.00000000
Neuron 852 3 0.18750000 1 1.00000000 0.00000000 0.00000000 0.00000000
Neuron 860 3 0.25000000 1 1.00000000 0.00000000 0.00000000 0.00000000
Neuron 867 3 0.87500000 1 1.00000000 0.00000000 0.00000000 0.00000000
Neuron 881 3 0.37500000 1 1.00000000 0.00000000 0.00000000 0.00000000
Neuron 888 3 0.62500000 1 1.00000000 0.00000000 0.00000000 0.00000000
Neuron 901 3 0.50000000 1 1.00000000 0.00000000 0.00000000 0.00000000
Neuron 923 3 0.62500000 1 1.00000000 0.00000000 0.00000000 0.00000000
Neuron 926 3 0.81250000 1 1.00000000 0.00000000 0.00000000 0.00000000
Neuron 937 3 0.68750000 1 1.00000000 0.00000000 0.00000000 0.00000000
Neuron 949 3 0.93750000 1 1.00000000 0.00000000 0.00000000 0.00000000
Neuron 956 3 0.56250000 1 1.00000000 0.00000000 0.00000000 0.00000000
Neuron 959 3 0.09375000 1 1.00000000 0.00000000 0.00000000 0.00000000
Neuron 977 3 0.62500000 1 1.00000000 0.00000000 0.00000000 0.00000000
Neuron 981 3 0.56250000 1 1.00000000 0.00000000 0.00000000 0.00000000
Neuron 989 3 0.25000000 1 1.00000000 0.00000000 0.00000000 0.00000000
Neuron 1048 3 0.50000000 1 1.00000000 0.00000000 0.00000000 0.00000000
Neuron 1062 3 0.12500000 1 1.00000000 0.00000000 0.00000000 0.00000000
Neuron 1076 3 0.31250000 1 1.00000000 0.00000000 0.00000000 0.00000000
Neuron 1094 3 0.53125000 1 1.00000000 0.00000000 0.00000000 0.00000000
Neuron 1117 3 0.62500000 1 1.00000000 0.00000000 0.00000000 0.00000000
Neuron 1145 3 0.56250000 1 1.00000000 0.00000000 0.00000000 0.00000000
Neuron 1196 3 0.81250000 1 1.00000000 0.00000000 0.00000000 0.00000000
Neuron 1242 3 0.31250000 1 1.00000000 0.00000000 0.00000000 0.00000000
Neuron 1255 3 0.50000000 1 1.00000000 0.00000000 0.00000000 0.00000000
Neuron 1260 3 0.68750000 1 1.00000000 0.00000000 0.00000000 0.00000000
Neuron 1315 3 0.53125000 1 1.00000000 0.00000000 0.00000000 0.00000000
Neuron 1364 3 0.93750000 1 1.00000000 0.00000000 0.00000000 0.00000000
Neuron 1403 3 0.46875000 1 1.00000000 0.00000000 0.00000000 0.00000000
Neuron 1486 3 0.06250000 1 1.00000000 0.00000000 0.00000000 0.00000000
Neuron 1494 3 0.68750000 1 1.00000000 0.00000000 0.00000000 0.00000000
Neuron 1571 3 0.87500000 1 1.00000000 0.00000000 0.00000000 0.00000000
Neuron 1580 3 0.78125000 1 1.00000000 0.00000000 0.00000000 0.00000000
Neuron 1597 3 0.06250000 1 1.00000000 0.00000000 0.00000000 0.00000000
Neuron 1752 3 0.81250000 1 1.00000000 0.00000000 0.00000000 0.00000000
Link 1 10 1 0 1.80428753
Link 3 10 3 0 2.24391142
Link 8 10 8 0 -0.06353306
Link 9 10 9 0 -0.68121576
Link 4 11 13 0 -4.54028597
Link 5 11 14 0 -1.03482621
Link 7 11 16 0 -3.63634345
Link 9 11 18 0 -1.13825619
Link 1 12 19 0 2.53560812
Link 2 12 20 0 0.36674473
Link 3 12 21 0 -1.20031377
Link 6 12 24 0 -1.73412475
Link 8 12 26 0 2.63341633
Link 9 12 27 0 1.85169987
Link 2 13 29 0 -1.45579224
Link 4 13 31 0 1.15635272
Link 9 13 36 0 -1.62671081
Link 3 14 39 0 1.72398044
Link 4 14 40 0 0.55295580
Link 5 14 41 0 1.16290026
Link 7 14 43 0 2.30683012
Link 9 14 45 0 1.15288255
Link 4 15 49 0 0.39375280
Link 5 15 50 0 1.08230111
Link 7 15 52 0 -1.56926895
Link 8 15 53 0 -3.62931331
Link 9 15 54 0 1.00869005
Link 1 16 55 0 0.19516285
Link 5 16 59 0 -2.03533034
Link 6 16 60 0 -0.12048937
Link 8 16 62 0 0.35393707
Link 9 16 63 0 1.29566407
Link 8 19 71 0 0.17907372
Link 19 13 72 0 3.26651092
Link 2 22 80 0 -1.10237027
Link 4 23 83 0 0.12313885
Link 23 12 84 0 2.47208936
Link 27 13 97 0 0.29339645
Link 3 32 111 0 3.91631668
Link 6 34 117 0 1.92934385
Link 34 11 118 0 0.05007751
Link 2 37 127 0 0.41600931
Link 1 40 136 0 4.20986264
Link 40 11 137 0 3.34220321
Link 43 13 146 0 1.41589315
Link 7 47 157 0 1.86936712
Link 6 48 161 0 -1.17141357
Link 1 49 164 0 2.40996986
Link 49 14 165 0 -1.86489958
Link 3 56 194 0 0.94091325
Link 56 16 195 0 -1.75497742
Link 5 58 211 0 -0.47433441
Link 58 12 212 0 -1.90862483
Link 62 15 238 0 1.18289209
Link 16 16 273 1 -1.57008874
Link 5 48 288 0 -0.25712853
Link 71 16 298 0 -1.12376102
Link 6 75 323 0 1.86669636
Link 37 81 392 0 1.11975910
Link 86 13 417 0 -1.34045699
Link 70 12 464 0 -3.53622916
Link 11 11 522 1 -1.75044000
Link 9 48 538 0 3.20611344
Link 70 102 554 0 -1.52109414
Link 102 10 555 0 -0.38680461
Link 32 108 584 0 -2.73656477
Link 108 15 585 0 -1.87591844
Link 2 54 686 0 -0.51178440
Link 129 13 807 0 1.61916884
Link 66 138 889 0 1.24214482
Link 138 11 890 0 -0.47035720
Link 7 137 910 0 1.75967435
Link 149 70 1003 0 0.62601837
Link 54 153 1039 0 -3.54608361
Link 155 61 1061 0 -0.12409706
Link 18 170 1171 0 1.04430526
Link 170 10 1172 0 -0.01505845
Link 53 171 1176 0 3.28551477
Link 171 10 1177 0 0.55898081
Link 195 48 1330 1 -1.73568386
Link 74 201 1362 0 -0.66645007
Link 201 14 1363 0 -0.87012859
Link 2 206 1390 0 -0.64566315
Link 206 18 1391 0 -1.11180444
Link 211 54 1430 0 -3.88245433
Link 48 232 1564 0 -0.12964342
Link 4 233 1568 0 2.69494831
Link 233 55 1569 0 1.38731506
Link 238 11 1604 1 1.82974526
Link 2 74 1664 0 0.68684882
Link 7 245 1675 0 -1.86346422
Link 245 43 1676 0 -1.25626106
Link 8 247 1689 0 2.27964688
Link 247 66 1690 0 -2.13529730
Link 11 249 1710 1 2.14027276
Link 249 238 1711 1 -0.71303731
Link 48 74 1755 0 0.76824306
Link 195 14 1799 0 -1.28298000
Link 6 267 1833 0 -4.72192846
Link 267 62 1834 0 0.90009212
Link 3 271 1860 0 0.70893843
Link 271 43 1861 0 1.05869121
Link 61 18 2130 0 0.36409005
Link 8 53 2251 0 -0.76089927
Link 347 86 2357 0 0.99558231
Link 350 15 2379 0 -0.78592532
Link 48 361 2460 0 -1.15203235
Link 361 153 2461 0 5.04137286
Link 7 375 2567 0 -0.39952514
Link 6 385 2614 0 0.77083085
Link 385 27 2615 0 0.33130021
Link 390 71 2661 0 -0.10178039
Link 3 410 2794 0 0.67685201
Link 410 13 2795 0 0.11771286
Link 412 74 2806 0 -1.20530643
Link 48 22 2807 0 -1.41584204
Link 56 56 2829 1 0.15205259
Link 416 128 2847 0 -2.03288599
Link 6 428 2923 0 1.02181872
Link 428 74 2924 0 -1.60182506
Link 22 13 2969 0 -2.25021403
Link 153 450 3080 0 3.26855073
Link 450 16 3081 0 0.01574046
Link 1 128 3308 0 1.62786329
Link 48 482 3405 0 3.18838074
Link 32 70 3428 0 1.19614746
Link 490 195 3467 1 3.83317712
Link 195 16 3521 0 2.19868086
Link 61 416 3574 1 -2.45706653
Link 7 501 3576 0 0.07397116
Link 54 517 3683 0 -0.36673540
Link 517 15 3684 0 0.50021504
Link 291 527 3758 0 -1.74044341
Link 527 48 3759 0 1.56242879
Link 48 538 3823 0 2.42666896
Link 538 16 3824 0 -1.25464737
Link 2 544 3867 0 -0.38741260
Link 544 309 3868 0 -0.97637645
Link 22 403 3878 1 0.16287630
Link 75 557 3978 0 1.35685262
Link 557 43 3979 0 1.35104785
Link 54 482 4019 0 2.83982228
Link 565 12 4030 0 -1.12746546
Link 403 70 4075 0 2.99652403
Link 137 583 4191 0 0.05968645
Link 128 584 4208 0 0.45171094
Link 584 403 4209 0 2.14768305
Link 4 592 4283 0 0.73191412
Link 592 137 4284 0 0.35408448
Link 4 595 4327 0 -1.63469790
Link 595 416 4328 0 2.19475542
Link 47 71 4593 0 -1.73080653
Link 74 630 4621 0 -0.31043254
Link 630 13 4622 0 1.95546494
Link 5 654 4779 0 1.87910100
Link 654 149 4780 0 -1.60728199
Link 583 662 4841 0 0.23195836
Link 662 211 4842 0 0.75359485
Link 565 170 4843 0 -0.79016367
Link 153 666 4869 1 0.46840366
Link 666 61 4870 1 -0.02848711
Link 54 678 4955 1 1.40287226
Link 678 155 4956 1 0.14979891
Link 74 692 5030 0 -0.52529039
Link 692 565 5031 0 0.69855711
Link 61 53 5203 0 -1.40264057
Link 13 720 5259 1 -0.93596453
Link 1 171 5270 0 -1.94437462
Link 727 129 5320 0 -1.87132295
Link 732 61 5367 0 -1.47675616
Link 527 170 5368 0 -1.31383837
Link 71 70 5449 0 -1.85471686
Link 8 755 5566 0 -1.89229414
Link 22 779 5727 0 0.61434147
Link 779 350 5728 0 2.81015760
Link 784 12 5755 0 1.07954680
Link 170 811 5934 0 1.90264691
Link 482 819 5992 0 0.15015806
Link 819 53 5993 0 -0.77839848
Link 58 828 6073 0 1.52582830
Link 828 153 6074 0 0.95767120
Link 375 835 6116 0 -1.81281019
Link 835 155 6117 0 -1.91296619
Link 517 153 6137 0 -0.91830096
Link 43 71 6192 0 0.61711050
Link 463 852 6266 0 1.30837330
Link 852 190 6267 0 -1.64858215
Link 8 860 6322 0 -0.62133361
Link 860 61 6323 0 0.29824665
Link 190 12 6375 0 1.45427870
Link 679 867 6377 0 0.87203227
Link 867 12 6378 0 1.32447195
Link 233 881 6511 0 0.87505051
Link 881 54 6512 0 0.91279467
Link 61 888 6545 0 1.13527752
Link 18 901 6666 0 -2.17948082
Link 901 291 6667 0 -0.04455904
Link 232 129 6668 0 1.11420381
Link 923 679 6840 0 3.00618780
Link 720 926 6886 1 -0.45625298
Link 102 565 6913 0 -1.17002656
Link 47 27 6960 0 0.62620959
Link 888 937 6983 0 0.63821193
Link 937 679 6984 0 0.83590980
Link 15 949 7079 1 -0.57114674
Link 949 490 7080 1 1.88839207
Link 61 956 7115 0 4.39671722
Link 956 727 7116 0 0.51766822
Link 755 959 7136 0 2.60809292
Link 959 463 7137 0 -3.06179379
Link 47 977 7341 0 1.33290128
Link 977 117 7342 0 1.88394160
Link 981 923 7371 0 1.60744671
Link 901 10 7372 0 0.45325279
Link 61 16 7393 0 -2.01394074
Link 48 527 7407 0 -0.46215468
Link 1 989 7438 0 2.25267460
Link 989 75 7439 0 1.73327093
Link 501 291 7706 0 3.47423742
Link 347 233 7861 0 -0.56723568
Link 190 43 8057 0 -1.07177594
Link 54 1048 8097 0 -1.08371684
Link 1048 732 8098 0 -2.18040131
Link 1062 347 8198 0 -1.44089485
Link 190 1076 8354 0 1.10338708
Link 1076 412 8355 0 1.09385877
Link 784 565 8548 1 -2.99221960
Link 901 1094 8550 0 1.33385891
Link 1094 981 8551 0 3.55798269
Link 153 1117 8742 1 -1.45821498
Link 128 271 8778 0 2.28183892
Link 732 727 8919 0 -1.17176946
Link 1117 1145 9006 1 1.90952525
Link 1145 22 9007 1 0.96033293
Link 247 18 9039 0 0.13954450
Link 62 195 9254 0 1.41577322
Link 956 361 9496 0 -2.65574260
Link 138 347 9549 1 2.00871978
Link 117 1196 9560 0 -0.01052017
Link 1196 784 9561 0 -1.97330860
Link 1117 149 9668 1 1.50215077
Link 309 1242 9957 0 -2.63230792
Link 1242 390 9958 0 3.41414995
Link 678 1255 10060 0 0.59431926
Link 1255 361 10061 0 -2.44943543
Link 361 1260 10093 0 1.16099674
Link 1260 53 10094 0 0.01676729
Link 233 13 10250 0 2.58103461
Link 55 1315 10637 0 1.42780680
Link 1315 956 10638 0 -0.16914807
Link 48 727 10725 0 -0.87075337
Link 190 989 10741 0 0.95137556
Link 679 350 10851 0 1.48817922
Link 1094 482 11074 0 0.41086931
Link 811 1364 11095 0 0.24311882
Link 1364 13 11096 0 -0.11760260
Link 755 22 11243 0 -2.04111838
Link 245 888 11348 0 -0.76908544
Link 1117 1403 11447 1 -0.67806816
Link 1403 583 11448 1 3.34659412
Link 128 108 11491 0 3.73360080
Link 755 403 11708 0 4.52025064
Link 71 679 11942 0 -0.34184707
Link 1 1486 12221 0 1.65108608
Link 1486 1062 12222 0 2.30857901
Link 37 201 12248 0 3.07559306
Link 527 977 12269 0 0.15769428
Link 977 1494 12301 0 1.00000000
Link 1494 129 12302 0 0.69063878
Link 923 959 12485 1 0.26500718
Link 190 565 12577 0 2.49076022
Link 206 350 12619 0 1.90017050
Link 6 888 12672 0 -1.06871325
Link 309 403 12693 0 -5.09214583
Link 755 1048 12764 0 0.68093259
Link 5 450 12860 0 -4.85475327
Link 81 1571 12911 0 0.08893986
Link 1571 14 12912 0 -0.46168994
Link 926 1580 12958 1 1.82867251
Link 1580 232 12959 1 -2.17978823
Link 48 58 13129 0 3.33579286
Link 8 1597 13133 0 0.58039341
Link 1597 375 13134 0 1.31943530
Link 565 692 13156 1 -1.16296538
Link 463 347 13607 0 1.07124439
Link 1117 66 14053 1 -2.93327840
Link 959 66 14295 0 0.51774820
Link 1315 923 14344 0 -0.48549287
Link 527 828 14358 0 2.91559988
Link 1486 32 14528 0 -2.22184100
Link 923 1752 14656 0 1.00000000
Link 1752 10 14657 0 -0.52893512
Link 727 1571 14685 0 -2.04017794
GenomeEnd

