GenomeStart 5556
Neuron 1 1 0.00000000 1 0.00000000 0.00000000 0.00000000 0.00000000
Neuron 2 1 0.00000000 1 0.00000000 0.00000000 0.00000000 0.00000000
Neuron 3 1 0.00000000 1 0.00000000 0.00000000 0.00000000 0.00000000
Neuron 4 1 0.00000000 1 0.00000000 0.00000000 0.00000000 0.00000000
Neuron 5 1 0.00000000 1 0.00000000 0.00000000 0.00000000 0.00000000
Neuron 6 1 0.00000000 1 0.00000000 0.00000000 0.00000000 0.00000000
Neuron 7 1 0.00000000 1 0.00000000 0.00000000 0.00000000 0.00000000
Neuron 8 1 0.00000000 1 0.00000000 0.00000000 0.00000000 0.00000000
Neuron 9 2 0.00000000 1 0.00000000 0.00000000 0.00000000 0.00000000
Neuron 10 4 1.00000000 0 1.00000000 0.00000000 0.00000000 0.00000000
Neuron 11 4 1.00000000 0 1.00000000 0.00000000 0.00000000 0.00000000
Neuron 12 4 1.00000000 0 1.00000000 0.00000000 0.00000000 0.00000000
Neuron 13 4 1.00000000 0 1.00000000 0.00000000 0.00000000 0.00000000
Neuron 14 4 1.00000000 0 1.00000000 0.00000000 0.00000000 0.00000000
Neuron 15 4 1.00000000 0 1.00000000 0.00000000 0.00000000 0.00000000
Neuron 16 4 1.00000000 0 1.00000000 0.00000000 0.00000000 0.00000000
Neuron 26 3 0.50000000 1 1.00000000 0.00000000 0.00000000 0.00000000
Neuron 39 3 0.50000000 1 1.00000000 0.00000000 0.00000000 0.00000000
Neuron 44 3 0.50000000 1 1.00000000 0.00000000 0.00000000 0.00000000
Neuron 54 3 0.50000000 1 1.00000000 0.00000000 0.00000000 0.00000000
Neuron 58 3 0.50000000 1 1.00000000 0.00000000 0.00000000 0.00000000
Neuron 69 3 0.50000000 1 1.00000000 0.00000000 0.00000000 0.00000000
Link 1 10 1 0 2.66707416
Link 2 10 2 0 3.61939929
Link 3 10 3 0 0.02039543
Link 4 10 4 0 -1.08197686
Link 5 10 5 0 1.14717016
Link 6 10 6 0 -1.41654845
Link 7 10 7 0 -1.88621500
Link 8 10 8 0 0.86774404
Link 9 10 9 0 -0.77001276
Link 1 11 10 0 0.73178767
Link 2 11 11 0 -0.41498391
Link 3 11 12 0 -1.41438803
Link 5 11 14 0 2.49885628
Link 6 11 15 0 -1.15762921
Link 7 11 16 0 -1.91889277
Link 8 11 17 0 -0.86212016
Link 9 11 18 0 0.13869642
Link 1 12 19 0 -0.66414547
Link 2 12 20 0 5.29990687
Link 3 12 21 0 -0.35552143
Link 4 12 22 0 2.14204519
Link 6 12 24 0 -1.67476502
Link 7 12 25 0 2.61437266
Link 8 12 26 0 -2.37868392
Link 9 12 27 0 -1.75275685
Link 1 13 28 0 4.77855948
Link 2 13 29 0 -1.15315302
Link 3 13 30 0 2.11160965
Link 4 13 31 0 0.75575130
Link 5 13 32 0 1.88684700
Link 6 13 33 0 -2.94813215
Link 7 13 34 0 0.72247517
Link 8 13 35 0 -3.46852326
Link 9 13 36 0 1.21736081
Link 1 14 37 0 -0.65506563
Link 2 14 38 0 -1.71797664
Link 3 14 39 0 2.55064383
Link 4 14 40 0 -3.56262713
Link 5 14 41 0 -0.76781500
Link 6 14 42 0 0.15908874
Link 7 14 43 0 1.10520757
Link 8 14 44 0 -1.20011694
Link 9 14 45 0 4.80192972
Link 1 15 46 0 -0.84415022
Link 2 15 47 0 0.88721231
Link 3 15 48 0 -0.29091193
Link 4 15 49 0 1.24655190
Link 5 15 50 0 5.58773035
Link 6 15 51 0 1.19726580
Link 8 15 53 0 1.93016591
Link 9 15 54 0 1.12586865
Link 1 16 55 0 3.35569269
Link 2 16 56 0 1.00663246
Link 3 16 57 0 -4.44640254
Link 5 16 59 0 1.66807550
Link 6 16 60 0 1.17138731
Link 9 16 63 0 -0.73914290
Link 4 26 93 0 1.61395659
Link 26 11 94 0 2.75753810
Link 7 39 133 0 0.77737285
Link 39 16 134 0 1.92035414
Link 8 44 148 0 0.62868536
Link 44 16 149 0 2.32162257
Link 4 54 185 0 0.51737205
Link 54 16 186 0 -2.04988674
Link 5 58 211 0 1.00000000
Link 58 12 212 0 2.95718025
Link 7 69 281 0 1.08096235
Link 69 15 282 0 -2.14703464
Link 3 44 551 0 -3.70831723
Link 3 26 560 0 -1.54861611
Link 26 15 653 0 -0.24926840
Link 2 44 667 0 1.56037473
Link 44 26 745 0 -2.52230469
Link 44 14 757 0 -0.43168565
GenomeEnd

