GenomeStart 20806
Neuron 1 1 0.00000000 1 0.00000000 0.00000000 0.00000000 0.00000000
Neuron 2 1 0.00000000 1 0.00000000 0.00000000 0.00000000 0.00000000
Neuron 3 1 0.00000000 1 0.00000000 0.00000000 0.00000000 0.00000000
Neuron 4 1 0.00000000 1 0.00000000 0.00000000 0.00000000 0.00000000
Neuron 5 1 0.00000000 1 0.00000000 0.00000000 0.00000000 0.00000000
Neuron 6 1 0.00000000 1 0.00000000 0.00000000 0.00000000 0.00000000
Neuron 7 1 0.00000000 1 0.00000000 0.00000000 0.00000000 0.00000000
Neuron 8 1 0.00000000 1 0.00000000 0.00000000 0.00000000 0.00000000
Neuron 9 2 0.00000000 1 0.00000000 0.00000000 0.00000000 0.00000000
Neuron 10 4 1.00000000 0 1.00000000 0.00000000 0.00000000 0.00000000
Neuron 11 4 1.00000000 0 1.00000000 0.00000000 0.00000000 0.00000000
Neuron 12 4 1.00000000 0 1.00000000 0.00000000 0.00000000 0.00000000
Neuron 13 4 1.00000000 0 1.00000000 0.00000000 0.00000000 0.00000000
Neuron 14 4 1.00000000 0 1.00000000 0.00000000 0.00000000 0.00000000
Neuron 15 4 1.00000000 0 1.00000000 0.00000000 0.00000000 0.00000000
Neuron 16 4 1.00000000 0 1.00000000 0.00000000 0.00000000 0.00000000
Neuron 20 3 0.50000000 1 1.00000000 0.00000000 0.00000000 0.00000000
Neuron 23 3 0.50000000 1 1.00000000 0.00000000 0.00000000 0.00000000
Neuron 31 3 0.50000000 1 1.00000000 0.00000000 0.00000000 0.00000000
Neuron 36 3 0.50000000 1 1.00000000 0.00000000 0.00000000 0.00000000
Neuron 37 3 0.50000000 1 1.00000000 0.00000000 0.00000000 0.00000000
Neuron 45 3 0.50000000 1 1.00000000 0.00000000 0.00000000 0.00000000
Neuron 46 3 0.50000000 1 1.00000000 0.00000000 0.00000000 0.00000000
Neuron 48 3 0.50000000 1 1.00000000 0.00000000 0.00000000 0.00000000
Neuron 49 3 0.50000000 1 1.00000000 0.00000000 0.00000000 0.00000000
Neuron 56 3 0.50000000 1 1.00000000 0.00000000 0.00000000 0.00000000
Neuron 58 3 0.50000000 1 1.00000000 0.00000000 0.00000000 0.00000000
Neuron 61 3 0.50000000 1 1.00000000 0.00000000 0.00000000 0.00000000
Neuron 68 3 0.25000000 1 1.00000000 0.00000000 0.00000000 0.00000000
Neuron 72 3 0.50000000 1 1.00000000 0.00000000 0.00000000 0.00000000
Neuron 86 3 0.50000000 1 1.00000000 0.00000000 0.00000000 0.00000000
Neuron 96 3 0.50000000 1 1.00000000 0.00000000 0.00000000 0.00000000
Neuron 107 3 0.75000000 1 1.00000000 0.00000000 0.00000000 0.00000000
Neuron 118 3 0.75000000 1 1.00000000 0.00000000 0.00000000 0.00000000
Neuron 174 3 0.25000000 1 1.00000000 0.00000000 0.00000000 0.00000000
Neuron 185 3 0.25000000 1 1.00000000 0.00000000 0.00000000 0.00000000
Neuron 331 3 0.75000000 1 1.00000000 0.00000000 0.00000000 0.00000000
Neuron 340 3 0.75000000 1 1.00000000 0.00000000 0.00000000 0.00000000
Link 1 10 1 0 -1.25143769
Link 2 10 2 0 1.11145410
Link 4 10 4 0 0.82095734
Link 5 10 5 0 -0.49685380
Link 7 10 7 0 0.78580149
Link 8 10 8 0 -1.30561660
Link 9 10 9 0 0.88815107
Link 1 11 10 0 -2.79093618
Link 2 11 11 0 0.99854575
Link 3 11 12 0 1.31937701
Link 4 11 13 0 -2.05988659
Link 5 11 14 0 -3.10446608
Link 6 11 15 0 -1.75152992
Link 7 11 16 0 1.01299775
Link 8 11 17 0 -0.44493006
Link 9 11 18 0 -0.41477948
Link 1 12 19 0 -1.90940764
Link 2 12 20 0 0.65607266
Link 3 12 21 0 -0.25553591
Link 8 12 26 0 -2.01510041
Link 9 12 27 0 -0.22961724
Link 2 13 29 0 -0.76549731
Link 3 13 30 0 0.75476317
Link 4 13 31 0 4.49673108
Link 6 13 33 0 1.55327775
Link 8 13 35 0 -0.69560733
Link 9 13 36 0 2.41252708
Link 6 14 42 0 1.14789967
Link 7 14 43 0 -0.02154851
Link 8 14 44 0 -0.33862506
Link 9 14 45 0 -0.78219803
Link 2 15 47 0 -1.13944520
Link 3 15 48 0 -2.37556344
Link 4 15 49 0 -0.96480970
Link 5 15 50 0 -0.50996373
Link 6 15 51 0 3.29433130
Link 7 15 52 0 -1.46605751
Link 9 15 54 0 0.02631701
Link 1 16 55 0 1.16357473
Link 2 16 56 0 -1.66943771
Link 4 16 58 0 1.74420119
Link 5 16 59 0 -2.47831655
Link 6 16 60 0 -1.95980276
Link 7 16 61 0 -0.30733487
Link 8 16 62 0 -1.71568032
Link 9 16 63 0 0.94450376
Link 6 20 74 0 -0.34694055
Link 4 23 83 0 3.50742819
Link 1 31 108 0 2.16113021
Link 5 36 123 0 0.73088176
Link 36 13 124 0 -3.24682952
Link 2 37 127 0 -1.43212865
Link 37 14 128 0 0.94255828
Link 5 45 151 0 -1.16924974
Link 45 14 152 0 1.99369829
Link 4 46 154 0 2.48755881
Link 46 14 155 0 0.63411039
Link 6 48 161 0 1.64241354
Link 48 10 162 0 -3.04454773
Link 49 14 165 0 -2.92482668
Link 7 61 225 0 1.01027436
Link 61 13 226 0 1.18512684
Link 8 23 276 0 -0.30380603
Link 3 68 278 0 -0.63164358
Link 68 56 279 0 -0.33978521
Link 11 58 305 1 -3.00308327
Link 10 45 306 1 -1.88279322
Link 3 72 313 0 0.35882527
Link 72 14 314 0 0.67874273
Link 1 86 416 0 0.35308188
Link 86 13 417 0 0.14393414
Link 3 96 494 0 2.71659715
Link 96 10 495 0 0.19387373
Link 1 68 557 0 -2.60978186
Link 20 107 581 0 1.94090332
Link 107 12 582 0 -0.01147222
Link 56 118 715 0 -1.24189730
Link 118 16 716 0 -0.97336782
Link 23 15 818 0 -3.51384498
Link 8 72 1005 0 -1.22912103
Link 58 45 1068 0 -3.61823672
Link 1 174 1192 0 1.69793441
Link 174 49 1193 0 0.91860069
Link 23 10 1246 0 3.28583040
Link 5 185 1254 0 -1.75906968
Link 185 58 1255 0 -0.36619662
Link 10 86 1288 1 -1.66632344
Link 45 86 1316 0 0.33925506
Link 86 61 1427 0 0.61850943
Link 8 86 2103 0 -1.84643423
Link 2 96 2104 0 2.67820010
Link 23 23 2132 1 -1.53998837
Link 45 331 2253 0 0.75812155
Link 331 13 2254 0 -1.96744087
Link 31 340 2324 0 1.70820277
Link 340 15 2325 0 0.63585040
Link 37 86 2495 0 -0.42006505
Link 72 86 2520 0 3.05970151
GenomeEnd

