GenomeStart 89955
Neuron 1 1 0.00000000 1 0.00000000 0.00000000 0.00000000 0.00000000
Neuron 2 1 0.00000000 1 0.00000000 0.00000000 0.00000000 0.00000000
Neuron 3 1 0.00000000 1 0.00000000 0.00000000 0.00000000 0.00000000
Neuron 4 1 0.00000000 1 0.00000000 0.00000000 0.00000000 0.00000000
Neuron 5 1 0.00000000 1 0.00000000 0.00000000 0.00000000 0.00000000
Neuron 6 1 0.00000000 1 0.00000000 0.00000000 0.00000000 0.00000000
Neuron 7 1 0.00000000 1 0.00000000 0.00000000 0.00000000 0.00000000
Neuron 8 1 0.00000000 1 0.00000000 0.00000000 0.00000000 0.00000000
Neuron 9 2 0.00000000 1 0.00000000 0.00000000 0.00000000 0.00000000
Neuron 10 4 1.00000000 0 1.00000000 0.00000000 0.00000000 0.00000000
Neuron 11 4 1.00000000 0 1.00000000 0.00000000 0.00000000 0.00000000
Neuron 12 4 1.00000000 0 1.00000000 0.00000000 0.00000000 0.00000000
Neuron 13 4 1.00000000 0 1.00000000 0.00000000 0.00000000 0.00000000
Neuron 14 4 1.00000000 0 1.00000000 0.00000000 0.00000000 0.00000000
Neuron 15 4 1.00000000 0 1.00000000 0.00000000 0.00000000 0.00000000
Neuron 16 4 1.00000000 0 1.00000000 0.00000000 0.00000000 0.00000000
Neuron 18 3 0.50000000 1 1.00000000 0.00000000 0.00000000 0.00000000
Neuron 20 3 0.50000000 1 1.00000000 0.00000000 0.00000000 0.00000000
Neuron 22 3 0.50000000 1 1.00000000 0.00000000 0.00000000 0.00000000
Neuron 23 3 0.50000000 1 1.00000000 0.00000000 0.00000000 0.00000000
Neuron 25 3 0.50000000 1 1.00000000 0.00000000 0.00000000 0.00000000
Neuron 28 3 0.50000000 1 1.00000000 0.00000000 0.00000000 0.00000000
Neuron 32 3 0.50000000 1 1.00000000 0.00000000 0.00000000 0.00000000
Neuron 37 3 0.50000000 1 1.00000000 0.00000000 0.00000000 0.00000000
Neuron 41 3 0.50000000 1 1.00000000 0.00000000 0.00000000 0.00000000
Neuron 42 3 0.50000000 1 1.00000000 0.00000000 0.00000000 0.00000000
Neuron 43 3 0.50000000 1 1.00000000 0.00000000 0.00000000 0.00000000
Neuron 44 3 0.50000000 1 1.00000000 0.00000000 0.00000000 0.00000000
Neuron 45 3 0.50000000 1 1.00000000 0.00000000 0.00000000 0.00000000
Neuron 47 3 0.50000000 1 1.00000000 0.00000000 0.00000000 0.00000000
Neuron 48 3 0.50000000 1 1.00000000 0.00000000 0.00000000 0.00000000
Neuron 51 3 0.50000000 1 1.00000000 0.00000000 0.00000000 0.00000000
Neuron 53 3 0.75000000 1 1.00000000 0.00000000 0.00000000 0.00000000
Neuron 54 3 0.50000000 1 1.00000000 0.00000000 0.00000000 0.00000000
Neuron 55 3 0.50000000 1 1.00000000 0.00000000 0.00000000 0.00000000
Neuron 57 3 0.50000000 1 1.00000000 0.00000000 0.00000000 0.00000000
Neuron 58 3 0.50000000 1 1.00000000 0.00000000 0.00000000 0.00000000
Neuron 61 3 0.50000000 1 1.00000000 0.00000000 0.00000000 0.00000000
Neuron 62 3 0.50000000 1 1.00000000 0.00000000 0.00000000 0.00000000
Neuron 66 3 0.50000000 1 1.00000000 0.00000000 0.00000000 0.00000000
Neuron 70 3 0.50000000 1 1.00000000 0.00000000 0.00000000 0.00000000
Neuron 72 3 0.50000000 1 1.00000000 0.00000000 0.00000000 0.00000000
Neuron 74 3 0.50000000 1 1.00000000 0.00000000 0.00000000 0.00000000
Neuron 75 3 0.50000000 1 1.00000000 0.00000000 0.00000000 0.00000000
Neuron 83 3 0.25000000 1 1.00000000 0.00000000 0.00000000 0.00000000
Neuron 87 3 0.25000000 1 1.00000000 0.00000000 0.00000000 0.00000000
Neuron 93 3 0.25000000 1 1.00000000 0.00000000 0.00000000 0.00000000
Neuron 96 3 0.50000000 1 1.00000000 0.00000000 0.00000000 0.00000000
Neuron 102 3 0.75000000 1 1.00000000 0.00000000 0.00000000 0.00000000
Neuron 108 3 0.75000000 1 1.00000000 0.00000000 0.00000000 0.00000000
Neuron 114 3 0.75000000 1 1.00000000 0.00000000 0.00000000 0.00000000
Neuron 127 3 1.00000000 1 1.00000000 0.00000000 0.00000000 0.00000000
Neuron 128 3 0.25000000 1 1.00000000 0.00000000 0.00000000 0.00000000
Neuron 129 3 0.75000000 1 1.00000000 0.00000000 0.00000000 0.00000000
Neuron 137 3 0.25000000 1 1.00000000 0.00000000 0.00000000 0.00000000
Neuron 148 3 0.25000000 1 1.00000000 0.00000000 0.00000000 0.00000000
Neuron 153 3 0.75000000 1 1.00000000 0.00000000 0.00000000 0.00000000
Neuron 154 3 0.25000000 1 1.00000000 0.00000000 0.00000000 0.00000000
Neuron 161 3 0.75000000 1 1.00000000 0.00000000 0.00000000 0.00000000
Neuron 190 3 0.25000000 1 1.00000000 0.00000000 0.00000000 0.00000000
Neuron 195 3 0.75000000 1 1.00000000 0.00000000 0.00000000 0.00000000
Neuron 199 3 0.25000000 1 1.00000000 0.00000000 0.00000000 0.00000000
Neuron 206 3 0.25000000 1 1.00000000 0.00000000 0.00000000 0.00000000
Neuron 211 3 0.37500000 1 1.00000000 0.00000000 0.00000000 0.00000000
Neuron 220 3 0.12500000 1 1.00000000 0.00000000 0.00000000 0.00000000
Neuron 221 3 0.25000000 1 1.00000000 0.00000000 0.00000000 0.00000000
Neuron 222 3 0.25000000 1 1.00000000 0.00000000 0.00000000 0.00000000
Neuron 232 3 0.75000000 1 1.00000000 0.00000000 0.00000000 0.00000000
Neuron 233 3 0.25000000 1 1.00000000 0.00000000 0.00000000 0.00000000
Neuron 238 3 1.00000000 1 1.00000000 0.00000000 0.00000000 0.00000000
Neuron 287 3 0.75000000 1 1.00000000 0.00000000 0.00000000 0.00000000
Neuron 341 3 0.12500000 1 1.00000000 0.00000000 0.00000000 0.00000000
Neuron 350 3 0.75000000 1 1.00000000 0.00000000 0.00000000 0.00000000
Neuron 361 3 0.62500000 1 1.00000000 0.00000000 0.00000000 0.00000000
Neuron 396 3 0.75000000 1 1.00000000 0.00000000 0.00000000 0.00000000
Neuron 403 3 0.37500000 1 1.00000000 0.00000000 0.00000000 0.00000000
Neuron 406 3 0.62500000 1 1.00000000 0.00000000 0.00000000 0.00000000
Neuron 414 3 0.62500000 1 1.00000000 0.00000000 0.00000000 0.00000000
Neuron 416 3 0.12500000 1 1.00000000 0.00000000 0.00000000 0.00000000
Neuron 432 3 0.25000000 1 1.00000000 0.00000000 0.00000000 0.00000000
Neuron 450 3 0.87500000 1 1.00000000 0.00000000 0.00000000 0.00000000
Neuron 452 3 0.37500000 1 1.00000000 0.00000000 0.00000000 0.00000000
Neuron 463 3 0.12500000 1 1.00000000 0.00000000 0.00000000 0.00000000
Neuron 464 3 0.87500000 1 1.00000000 0.00000000 0.00000000 0.00000000
Neuron 482 3 0.62500000 1 1.00000000 0.00000000 0.00000000 0.00000000
Neuron 487 3 0.87500000 1 1.00000000 0.00000000 0.00000000 0.00000000
Neuron 490 3 0.87500000 1 1.00000000 0.00000000 0.00000000 0.00000000
Neuron 501 3 0.37500000 1 1.00000000 0.00000000 0.00000000 0.00000000
Neuron 505 3 0.12500000 1 1.00000000 0.00000000 0.00000000 0.00000000
Neuron 510 3 0.18750000 1 1.00000000 0.00000000 0.00000000 0.00000000
Neuron 517 3 0.75000000 1 1.00000000 0.00000000 0.00000000 0.00000000
Neuron 533 3 0.50000000 1 1.00000000 0.00000000 0.00000000 0.00000000
Neuron 536 3 0.87500000 1 1.00000000 0.00000000 0.00000000 0.00000000
Neuron 561 3 0.50000000 1 1.00000000 0.00000000 0.00000000 0.00000000
Neuron 583 3 0.31250000 1 1.00000000 0.00000000 0.00000000 0.00000000
Neuron 589 3 0.43750000 1 1.00000000 0.00000000 0.00000000 0.00000000
Neuron 604 3 0.93750000 1 1.00000000 0.00000000 0.00000000 0.00000000
Neuron 608 3 0.75000000 1 1.00000000 0.00000000 0.00000000 0.00000000
Neuron 638 3 0.75000000 1 1.00000000 0.00000000 0.00000000 0.00000000
Neuron 648 3 0.25000000 1 1.00000000 0.00000000 0.00000000 0.00000000
Neuron 674 3 0.25000000 1 1.00000000 0.00000000 0.00000000 0.00000000
Neuron 676 3 0.25000000 1 1.00000000 0.00000000 0.00000000 0.00000000
Neuron 705 3 0.62500000 1 1.00000000 0.00000000 0.00000000 0.00000000
Neuron 720 3 0.87500000 1 1.00000000 0.00000000 0.00000000 0.00000000
Neuron 724 3 0.87500000 1 1.00000000 0.00000000 0.00000000 0.00000000
Neuron 749 3 0.93750000 1 1.00000000 0.00000000 0.00000000 0.00000000
Neuron 752 3 0.62500000 1 1.00000000 0.00000000 0.00000000 0.00000000
Neuron 755 3 0.06250000 1 1.00000000 0.00000000 0.00000000 0.00000000
Neuron 763 3 0.75000000 1 1.00000000 0.00000000 0.00000000 0.00000000
Neuron 783 3 0.75000000 1 1.00000000 0.00000000 0.00000000 0.00000000
Neuron 785 3 0.37500000 1 1.00000000 0.00000000 0.00000000 0.00000000
Neuron 789 3 0.03125000 1 1.00000000 0.00000000 0.00000000 0.00000000
Neuron 808 3 0.37500000 1 1.00000000 0.00000000 0.00000000 0.00000000
Neuron 812 3 0.75000000 1 1.00000000 0.00000000 0.00000000 0.00000000
Neuron 822 3 0.81250000 1 1.00000000 0.00000000 0.00000000 0.00000000
Neuron 848 3 0.43750000 1 1.00000000 0.00000000 0.00000000 0.00000000
Neuron 863 3 0.62500000 1 1.00000000 0.00000000 0.00000000 0.00000000
Neuron 896 3 0.75000000 1 1.00000000 0.00000000 0.00000000 0.00000000
Neuron 917 3 0.68750000 1 1.00000000 0.00000000 0.00000000 0.00000000
Neuron 920 3 0.37500000 1 1.00000000 0.00000000 0.00000000 0.00000000
Neuron 924 3 0.78125000 1 1.00000000 0.00000000 0.00000000 0.00000000
Neuron 935 3 0.37500000 1 1.00000000 0.00000000 0.00000000 0.00000000
Neuron 952 3 1.00000000 1 1.00000000 0.00000000 0.00000000 0.00000000
Neuron 958 3 0.56250000 1 1.00000000 0.00000000 0.00000000 0.00000000
Neuron 980 3 1.00000000 1 1.00000000 0.00000000 0.00000000 0.00000000
Neuron 991 3 0.34375000 1 1.00000000 0.00000000 0.00000000 0.00000000
Neuron 1017 3 0.50000000 1 1.00000000 0.00000000 0.00000000 0.00000000
Neuron 1018 3 0.18750000 1 1.00000000 0.00000000 0.00000000 0.00000000
Neuron 1025 3 0.46875000 1 1.00000000 0.00000000 0.00000000 0.00000000
Neuron 1041 3 0.31250000 1 1.00000000 0.00000000 0.00000000 0.00000000
Neuron 1047 3 0.42187500 1 1.00000000 0.00000000 0.00000000 0.00000000
Neuron 1106 3 0.28125000 1 1.00000000 0.00000000 0.00000000 0.00000000
Neuron 1148 3 0.81250000 1 1.00000000 0.00000000 0.00000000 0.00000000
Neuron 1199 3 0.09375000 1 1.00000000 0.00000000 0.00000000 0.00000000
Neuron 1213 3 0.45312500 1 1.00000000 0.00000000 0.00000000 0.00000000
Neuron 1282 3 0.93750000 1 1.00000000 0.00000000 0.00000000 0.00000000
Neuron 1335 3 0.09375000 1 1.00000000 0.00000000 0.00000000 0.00000000
Neuron 1375 3 0.46093750 1 1.00000000 0.00000000 0.00000000 0.00000000
Neuron 1455 3 0.44140625 1 1.00000000 0.00000000 0.00000000 0.00000000
Neuron 1459 3 0.62500000 1 1.00000000 0.00000000 0.00000000 0.00000000
Neuron 1515 3 0.43750000 1 1.00000000 0.00000000 0.00000000 0.00000000
Neuron 1524 3 0.43750000 1 1.00000000 0.00000000 0.00000000 0.00000000
Neuron 1533 3 0.62500000 1 1.00000000 0.00000000 0.00000000 0.00000000
Neuron 1541 3 0.68750000 1 1.00000000 0.00000000 0.00000000 0.00000000
Neuron 1586 3 0.37500000 1 1.00000000 0.00000000 0.00000000 0.00000000
Neuron 1603 3 0.81250000 1 1.00000000 0.00000000 0.00000000 0.00000000
Neuron 1628 3 0.75000000 1 1.00000000 0.00000000 0.00000000 0.00000000
Neuron 1641 3 0.62500000 1 1.00000000 0.00000000 0.00000000 0.00000000
Link 1 10 1 0 -1.94579539
Link 9 10 9 0 -1.69394795
Link 1 11 10 0 -1.22675502
Link 4 11 13 0 1.12357282
Link 5 11 14 0 1.46571097
Link 6 11 15 0 -2.27221576
Link 7 11 16 0 2.67182319
Link 9 11 18 0 0.53176625
Link 1 12 19 0 -3.44734651
Link 2 12 20 0 -0.85571236
Link 9 12 27 0 -1.84264656
Link 1 13 28 0 -3.82887690
Link 4 13 31 0 0.53872579
Link 5 13 32 0 -0.93407691
Link 6 13 33 0 -1.32236886
Link 8 13 35 0 1.39923950
Link 1 14 37 0 0.77837950
Link 4 14 40 0 1.50905452
Link 9 14 45 0 2.20211697
Link 1 15 46 0 4.05222842
Link 4 15 49 0 0.90956645
Link 5 15 50 0 -0.38507225
Link 7 15 52 0 -1.74694814
Link 8 15 53 0 0.41209566
Link 9 15 54 0 1.32535135
Link 3 16 57 0 2.48796502
Link 5 16 59 0 -2.26540942
Link 6 16 60 0 1.10027858
Link 7 16 61 0 -0.49709281
Link 9 16 63 0 -1.75938440
Link 18 10 69 0 0.43351973
Link 6 20 74 0 -0.55889600
Link 20 12 75 0 -2.54784603
Link 2 22 80 0 -1.64900502
Link 23 12 84 0 0.71599781
Link 3 25 90 0 1.54402854
Link 25 12 91 0 0.83940234
Link 2 28 99 0 -1.21427883
Link 28 13 100 0 1.23528462
Link 3 32 111 0 0.15237725
Link 2 37 127 0 1.60886639
Link 37 14 128 0 -1.71349404
Link 1 42 142 0 -0.95054207
Link 42 16 143 0 0.89300688
Link 3 43 145 0 0.44534955
Link 43 13 146 0 0.34221926
Link 44 16 149 0 0.17397957
Link 5 45 151 0 -0.79109167
Link 45 14 152 0 1.25737139
Link 47 12 158 0 -0.86678946
Link 51 12 171 0 -1.19445438
Link 53 10 182 0 0.56850442
Link 55 10 192 0 0.82787237
Link 7 57 200 0 -0.43990889
Link 58 12 212 0 -2.31115512
Link 7 61 225 0 0.70790169
Link 6 62 237 0 0.25639964
Link 62 15 238 0 -0.90709443
Link 8 66 259 0 3.28748517
Link 66 11 260 0 -0.07911525
Link 5 70 285 0 -1.12536226
Link 3 72 313 0 1.41224843
Link 72 14 314 0 1.57311008
Link 74 14 321 0 -3.07125537
Link 75 14 324 0 -0.76670733
Link 3 83 399 0 1.00000000
Link 83 41 400 0 -0.12248976
Link 7 87 430 0 -0.21322675
Link 87 47 431 0 -0.64018196
Link 9 45 452 0 0.23058668
Link 8 93 478 0 0.31835622
Link 93 44 479 0 -1.33564842
Link 9 48 538 0 1.87210229
Link 70 102 554 0 -3.05362605
Link 102 10 555 0 1.04896534
Link 32 108 584 0 0.97175571
Link 108 15 585 0 -1.33526337
Link 51 51 666 1 -1.23645837
Link 41 114 674 0 0.47978353
Link 114 11 675 0 0.92166267
Link 9 42 712 0 1.07368706
Link 13 127 791 1 1.16957971
Link 61 129 806 0 3.96753397
Link 129 13 807 0 0.72003642
Link 4 137 886 0 -1.43806648
Link 8 148 986 0 1.49660933
Link 148 51 987 0 -0.51693046
Link 54 153 1039 0 -1.63413306
Link 96 161 1101 0 0.93580422
Link 161 10 1102 0 1.29861824
Link 48 16 1265 0 0.70268874
Link 4 199 1346 0 -1.23669875
Link 2 206 1390 0 -0.18612741
Link 211 54 1430 0 2.13704523
Link 7 220 1491 0 -2.16984033
Link 220 137 1492 0 1.29803731
Link 221 96 1499 0 -0.60149148
Link 5 222 1505 0 -1.85275816
Link 222 48 1506 0 1.37907672
Link 48 232 1564 0 0.06850985
Link 4 233 1568 0 1.99006077
Link 233 55 1569 0 -0.56215665
Link 11 238 1603 1 0.30118571
Link 238 11 1604 1 -0.57413367
Link 66 16 1655 0 0.96988982
Link 195 195 1797 1 2.27999300
Link 57 287 1958 0 2.29485757
Link 287 14 1959 0 -0.18890174
Link 61 18 2130 0 1.56787961
Link 74 13 2174 0 1.24721144
Link 8 53 2251 0 0.50879412
Link 75 238 2266 0 0.17194715
Link 3 341 2331 0 3.02815796
Link 341 221 2332 0 -1.35608306
Link 22 350 2378 0 -0.58876439
Link 350 15 2379 0 0.42654033
Link 48 361 2460 0 -2.23482341
Link 361 153 2461 0 -0.99234457
Link 102 102 2462 1 -1.07743218
Link 15 396 2701 1 -3.40351139
Link 396 54 2702 1 1.77031793
Link 128 403 2756 0 0.12973466
Link 6 74 2774 0 0.76512105
Link 232 406 2776 1 0.12430081
Link 406 48 2777 1 -0.53348447
Link 195 414 2826 1 -0.92477634
Link 414 48 2827 1 0.09492646
Link 4 416 2846 0 -1.19008332
Link 2 432 2946 0 0.16156631
Link 432 74 2947 0 -1.78979335
Link 153 450 3080 0 0.70691893
Link 154 452 3104 0 1.89126994
Link 463 190 3186 0 0.89246247
Link 48 482 3405 0 1.79452667
Link 482 53 3406 0 -1.28501195
Link 232 487 3451 0 -2.99996585
Link 487 11 3452 0 1.89371210
Link 15 490 3466 1 -1.70962956
Link 490 195 3467 1 3.26912635
Link 190 13 3480 0 -4.47612296
Link 505 154 3607 0 0.85088470
Link 416 510 3639 0 -0.13501617
Link 510 128 3640 0 1.12268854
Link 54 517 3683 0 0.52518398
Link 238 536 3815 1 1.51350438
Link 464 464 3923 1 -2.87065155
Link 58 561 3998 0 -0.52945791
Link 561 43 3999 0 0.20198026
Link 232 464 4042 0 -1.28485699
Link 9 416 4124 0 -2.98485209
Link 137 583 4191 0 -0.81906588
Link 583 211 4192 0 -1.07357312
Link 403 589 4241 0 -0.54667217
Link 589 48 4242 0 0.09182485
Link 416 13 4243 0 -3.27282370
Link 42 43 4341 0 3.44130092
Link 450 604 4408 0 -1.99321294
Link 604 16 4409 0 1.55148781
Link 16 608 4446 1 -3.27495639
Link 608 58 4447 1 -0.66015360
Link 638 238 4681 0 -3.62782833
Link 2 648 4750 0 0.04722444
Link 648 533 4751 0 0.29195528
Link 75 48 4909 0 -2.42472786
Link 211 676 4945 1 -0.23313569
Link 676 505 4946 1 -1.93628372
Link 533 705 5147 0 0.84578904
Link 705 638 5148 0 1.38462815
Link 13 720 5259 1 -0.44218281
Link 720 232 5260 1 0.25193030
Link 5 23 5282 0 -2.49105165
Link 517 724 5309 0 -0.96638898
Link 222 15 5430 0 0.35120490
Link 464 749 5511 0 -0.18528095
Link 749 14 5512 0 -3.50564525
Link 211 752 5549 0 1.57742771
Link 755 463 5567 0 0.03057904
Link 53 763 5634 0 0.84015095
Link 783 763 5748 0 -0.71471725
Link 785 18 5759 0 -0.95234037
Link 61 195 5770 0 1.22079235
Link 8 789 5800 0 0.85597042
Link 789 755 5801 0 1.76412019
Link 45 232 5845 0 -0.16999770
Link 222 808 5919 0 0.79903641
Link 752 812 5942 0 -3.70079854
Link 222 533 6010 0 -4.28647368
Link 536 822 6013 1 -0.30523899
Link 822 53 6014 1 0.60215998
Link 206 54 6070 0 1.68368482
Link 676 674 6071 0 0.52101614
Link 406 14 6210 0 -0.30544691
Link 452 848 6250 0 1.11420981
Link 638 863 6349 1 -0.43563041
Link 863 75 6350 1 -2.51171376
Link 211 604 6456 0 -1.51977856
Link 763 896 6634 0 -0.22663981
Link 896 638 6635 0 -0.25965509
Link 51 533 6647 0 2.04933370
Link 58 917 6764 0 -0.91999207
Link 57 57 6786 1 1.63640666
Link 674 920 6793 0 -0.72170384
Link 920 42 6794 0 -0.46512191
Link 42 75 6818 0 -2.20125577
Link 917 924 6854 0 -0.64738365
Link 924 464 6855 0 1.76931903
Link 199 935 6973 0 -0.96753398
Link 935 23 6974 0 1.63595851
Link 127 952 7092 1 0.91506534
Link 501 958 7131 0 -0.17503470
Link 958 153 7132 0 -2.11147809
Link 53 238 7182 0 -1.10293998
Link 4 604 7345 0 0.21880525
Link 952 980 7365 1 -1.56154088
Link 980 13 7366 1 -1.94971287
Link 510 991 7458 0 -0.01001957
Link 154 1017 7719 0 -1.09456633
Link 1017 53 7720 0 -0.41365904
Link 1018 501 7737 0 0.90639432
Link 137 396 7738 0 -1.79792942
Link 1025 75 7818 0 2.39206041
Link 1041 785 8014 0 -1.13968877
Link 991 1047 8089 0 -0.92574560
Link 72 763 8183 0 -2.46076056
Link 416 154 8425 0 -0.64209886
Link 1017 517 8467 0 1.22932633
Link 7 991 8506 0 0.42256773
Link 206 1106 8652 0 1.64134398
Link 1106 1041 8653 0 -0.66937307
Link 674 137 8921 0 -2.82840410
Link 812 1148 9037 0 4.35702641
Link 1148 450 9038 0 1.76100289
Link 4 720 9073 0 -3.09589948
Link 23 57 9155 0 0.41317747
Link 991 62 9202 0 -0.72445191
Link 7 1199 9615 0 -2.42578875
Link 1199 1018 9616 0 -3.70223479
Link 43 783 9697 0 0.16440643
Link 848 1213 9757 0 -0.97825047
Link 1213 1025 9758 0 0.35621905
Link 638 153 9880 0 -2.26204885
Link 1106 96 9901 0 3.10429885
Link 724 1282 10325 0 1.06727598
Link 1282 15 10326 0 -0.99956846
Link 75 57 10534 0 -1.58735272
Link 452 54 10631 0 2.72841204
Link 1 1335 10842 0 4.23140921
Link 1335 510 10843 0 1.47169904
Link 74 75 11055 0 -0.91688336
Link 1375 42 11205 0 -1.76355330
Link 510 55 11684 0 0.69214920
Link 57 396 11829 0 -1.98119541
Link 1047 1455 11930 0 -1.04193620
Link 1455 1375 11931 0 1.97705716
Link 15 1459 11957 1 1.31991245
Link 9 724 12001 0 0.67588311
Link 505 896 12121 0 -2.57936235
Link 808 1515 12436 0 -0.99964160
Link 1515 22 12437 0 -0.04900578
Link 510 720 12445 0 -1.34765669
Link 1459 1524 12494 1 -0.11021145
Link 1524 190 12495 1 -1.70963418
Link 57 1533 12552 0 1.47583585
Link 1533 102 12553 0 1.81325582
Link 452 1541 12624 0 0.98060273
Link 1541 14 12625 0 -0.39355469
Link 1455 638 12763 0 0.80582243
Link 463 23 12831 0 -1.32740064
Link 432 749 12874 0 -0.21516657
Link 206 1586 13018 0 -0.93776574
Link 1586 41 13019 0 0.81356232
Link 287 1603 13175 0 -1.36955887
Link 1603 724 13176 0 2.88044265
Link 45 1106 13347 1 0.43595530
Link 812 1628 13445 0 0.99569317
Link 1628 638 13446 0 -0.43412197
Link 222 1641 13559 0 0.65193857
Link 1641 16 13560 0 -0.50758118
Link 361 676 13672 1 -1.72966762
Link 41 1017 14012 0 0.45548830
Link 28 54 14071 0 -1.27430211
Link 1641 15 14171 0 1.17985074
Link 43 517 14384 0 -1.80907311
Link 952 11 14395 0 2.68989232
Link 114 638 14500 0 0.62909558
GenomeEnd

