GenomeStart 51725
Neuron 1 1 0.00000000 1 0.00000000 0.00000000 0.00000000 0.00000000
Neuron 2 1 0.00000000 1 0.00000000 0.00000000 0.00000000 0.00000000
Neuron 3 1 0.00000000 1 0.00000000 0.00000000 0.00000000 0.00000000
Neuron 4 1 0.00000000 1 0.00000000 0.00000000 0.00000000 0.00000000
Neuron 5 1 0.00000000 1 0.00000000 0.00000000 0.00000000 0.00000000
Neuron 6 1 0.00000000 1 0.00000000 0.00000000 0.00000000 0.00000000
Neuron 7 1 0.00000000 1 0.00000000 0.00000000 0.00000000 0.00000000
Neuron 8 1 0.00000000 1 0.00000000 0.00000000 0.00000000 0.00000000
Neuron 9 2 0.00000000 1 0.00000000 0.00000000 0.00000000 0.00000000
Neuron 10 4 1.00000000 0 1.00000000 0.00000000 0.00000000 0.00000000
Neuron 11 4 1.00000000 0 1.00000000 0.00000000 0.00000000 0.00000000
Neuron 12 4 1.00000000 0 1.00000000 0.00000000 0.00000000 0.00000000
Neuron 13 4 1.00000000 0 1.00000000 0.00000000 0.00000000 0.00000000
Neuron 14 4 1.00000000 0 1.00000000 0.00000000 0.00000000 0.00000000
Neuron 15 4 1.00000000 0 1.00000000 0.00000000 0.00000000 0.00000000
Neuron 16 4 1.00000000 0 1.00000000 0.00000000 0.00000000 0.00000000
Neuron 18 3 0.50000000 1 1.00000000 0.00000000 0.00000000 0.00000000
Neuron 20 3 0.50000000 1 1.00000000 0.00000000 0.00000000 0.00000000
Neuron 22 3 0.50000000 1 1.00000000 0.00000000 0.00000000 0.00000000
Neuron 23 3 0.50000000 1 1.00000000 0.00000000 0.00000000 0.00000000
Neuron 33 3 0.50000000 1 1.00000000 0.00000000 0.00000000 0.00000000
Neuron 39 3 0.50000000 1 1.00000000 0.00000000 0.00000000 0.00000000
Neuron 42 3 0.50000000 1 1.00000000 0.00000000 0.00000000 0.00000000
Neuron 43 3 0.50000000 1 1.00000000 0.00000000 0.00000000 0.00000000
Neuron 45 3 0.50000000 1 1.00000000 0.00000000 0.00000000 0.00000000
Neuron 47 3 0.50000000 1 1.00000000 0.00000000 0.00000000 0.00000000
Neuron 48 3 0.50000000 1 1.00000000 0.00000000 0.00000000 0.00000000
Neuron 51 3 0.50000000 1 1.00000000 0.00000000 0.00000000 0.00000000
Neuron 53 3 0.75000000 1 1.00000000 0.00000000 0.00000000 0.00000000
Neuron 54 3 0.50000000 1 1.00000000 0.00000000 0.00000000 0.00000000
Neuron 56 3 0.50000000 1 1.00000000 0.00000000 0.00000000 0.00000000
Neuron 58 3 0.50000000 1 1.00000000 0.00000000 0.00000000 0.00000000
Neuron 61 3 0.50000000 1 1.00000000 0.00000000 0.00000000 0.00000000
Neuron 70 3 0.50000000 1 1.00000000 0.00000000 0.00000000 0.00000000
Neuron 71 3 0.50000000 1 1.00000000 0.00000000 0.00000000 0.00000000
Neuron 72 3 0.50000000 1 1.00000000 0.00000000 0.00000000 0.00000000
Neuron 74 3 0.50000000 1 1.00000000 0.00000000 0.00000000 0.00000000
Neuron 75 3 0.50000000 1 1.00000000 0.00000000 0.00000000 0.00000000
Neuron 78 3 0.75000000 1 1.00000000 0.00000000 0.00000000 0.00000000
Neuron 87 3 0.25000000 1 1.00000000 0.00000000 0.00000000 0.00000000
Neuron 96 3 0.50000000 1 1.00000000 0.00000000 0.00000000 0.00000000
Neuron 128 3 0.25000000 1 1.00000000 0.00000000 0.00000000 0.00000000
Neuron 131 3 0.25000000 1 1.00000000 0.00000000 0.00000000 0.00000000
Neuron 137 3 0.25000000 1 1.00000000 0.00000000 0.00000000 0.00000000
Neuron 148 3 0.25000000 1 1.00000000 0.00000000 0.00000000 0.00000000
Neuron 153 3 0.75000000 1 1.00000000 0.00000000 0.00000000 0.00000000
Neuron 154 3 0.25000000 1 1.00000000 0.00000000 0.00000000 0.00000000
Neuron 158 3 0.37500000 1 1.00000000 0.00000000 0.00000000 0.00000000
Neuron 190 3 0.25000000 1 1.00000000 0.00000000 0.00000000 0.00000000
Neuron 195 3 0.75000000 1 1.00000000 0.00000000 0.00000000 0.00000000
Neuron 199 3 0.25000000 1 1.00000000 0.00000000 0.00000000 0.00000000
Neuron 206 3 0.25000000 1 1.00000000 0.00000000 0.00000000 0.00000000
Neuron 211 3 0.37500000 1 1.00000000 0.00000000 0.00000000 0.00000000
Neuron 222 3 0.25000000 1 1.00000000 0.00000000 0.00000000 0.00000000
Neuron 232 3 0.75000000 1 1.00000000 0.00000000 0.00000000 0.00000000
Neuron 238 3 1.00000000 1 1.00000000 0.00000000 0.00000000 0.00000000
Neuron 249 3 1.00000000 1 1.00000000 0.00000000 0.00000000 0.00000000
Neuron 271 3 0.25000000 1 1.00000000 0.00000000 0.00000000 0.00000000
Neuron 316 3 0.25000000 1 1.00000000 0.00000000 0.00000000 0.00000000
Neuron 332 3 0.75000000 1 1.00000000 0.00000000 0.00000000 0.00000000
Neuron 396 3 0.75000000 1 1.00000000 0.00000000 0.00000000 0.00000000
Neuron 403 3 0.37500000 1 1.00000000 0.00000000 0.00000000 0.00000000
Neuron 406 3 0.62500000 1 1.00000000 0.00000000 0.00000000 0.00000000
Neuron 416 3 0.12500000 1 1.00000000 0.00000000 0.00000000 0.00000000
Neuron 432 3 0.25000000 1 1.00000000 0.00000000 0.00000000 0.00000000
Neuron 450 3 0.87500000 1 1.00000000 0.00000000 0.00000000 0.00000000
Neuron 452 3 0.37500000 1 1.00000000 0.00000000 0.00000000 0.00000000
Neuron 464 3 0.87500000 1 1.00000000 0.00000000 0.00000000 0.00000000
Neuron 505 3 0.12500000 1 1.00000000 0.00000000 0.00000000 0.00000000
Neuron 510 3 0.18750000 1 1.00000000 0.00000000 0.00000000 0.00000000
Neuron 533 3 0.50000000 1 1.00000000 0.00000000 0.00000000 0.00000000
Neuron 536 3 0.87500000 1 1.00000000 0.00000000 0.00000000 0.00000000
Neuron 538 3 0.75000000 1 1.00000000 0.00000000 0.00000000 0.00000000
Neuron 556 3 0.50000000 1 1.00000000 0.00000000 0.00000000 0.00000000
Neuron 604 3 0.93750000 1 1.00000000 0.00000000 0.00000000 0.00000000
Neuron 638 3 0.75000000 1 1.00000000 0.00000000 0.00000000 0.00000000
Neuron 648 3 0.25000000 1 1.00000000 0.00000000 0.00000000 0.00000000
Neuron 674 3 0.25000000 1 1.00000000 0.00000000 0.00000000 0.00000000
Neuron 676 3 0.25000000 1 1.00000000 0.00000000 0.00000000 0.00000000
Neuron 763 3 0.75000000 1 1.00000000 0.00000000 0.00000000 0.00000000
Neuron 772 3 0.87500000 1 1.00000000 0.00000000 0.00000000 0.00000000
Neuron 783 3 0.75000000 1 1.00000000 0.00000000 0.00000000 0.00000000
Neuron 834 3 0.12500000 1 1.00000000 0.00000000 0.00000000 0.00000000
Neuron 850 3 0.12500000 1 1.00000000 0.00000000 0.00000000 0.00000000
Neuron 872 3 0.87500000 1 1.00000000 0.00000000 0.00000000 0.00000000
Neuron 885 3 0.12500000 1 1.00000000 0.00000000 0.00000000 0.00000000
Neuron 906 3 0.62500000 1 1.00000000 0.00000000 0.00000000 0.00000000
Neuron 933 3 0.06250000 1 1.00000000 0.00000000 0.00000000 0.00000000
Neuron 1022 3 0.25000000 1 1.00000000 0.00000000 0.00000000 0.00000000
Neuron 1045 3 0.06250000 1 1.00000000 0.00000000 0.00000000 0.00000000
Neuron 1057 3 0.31250000 1 1.00000000 0.00000000 0.00000000 0.00000000
Neuron 1058 3 0.75000000 1 1.00000000 0.00000000 0.00000000 0.00000000
Link 1 10 1 0 1.78548927
Link 4 10 4 0 1.02005453
Link 8 10 8 0 0.30877363
Link 9 10 9 0 -1.05114173
Link 1 11 10 0 2.36910141
Link 3 11 12 0 -1.46260976
Link 4 11 13 0 -0.10175949
Link 5 11 14 0 -0.17210406
Link 6 11 15 0 0.58278378
Link 7 11 16 0 -0.40498289
Link 8 11 17 0 -2.04221841
Link 9 11 18 0 -0.15811625
Link 1 12 19 0 1.27803823
Link 2 12 20 0 -1.06371770
Link 3 12 21 0 -3.99095691
Link 9 12 27 0 1.62218804
Link 1 13 28 0 2.15417133
Link 2 13 29 0 3.63118861
Link 5 13 32 0 -1.84653084
Link 6 13 33 0 -0.93368699
Link 8 13 35 0 0.58211781
Link 2 14 38 0 1.04342005
Link 4 14 40 0 0.47889929
Link 7 14 43 0 0.10525776
Link 9 14 45 0 1.70275212
Link 1 15 46 0 -1.53244247
Link 3 15 48 0 -0.15291753
Link 4 15 49 0 -0.45836574
Link 5 15 50 0 -1.06430890
Link 6 15 51 0 0.20520850
Link 7 15 52 0 -2.77659697
Link 8 15 53 0 -1.39769535
Link 9 15 54 0 -0.80637067
Link 8 16 62 0 0.13352428
Link 9 16 63 0 2.36357815
Link 18 10 69 0 -1.94984917
Link 6 20 74 0 -2.27763939
Link 20 12 75 0 1.38301245
Link 22 15 81 0 -0.16652027
Link 23 12 84 0 2.21612400
Link 6 33 114 0 1.01865660
Link 33 16 115 0 1.10591760
Link 7 39 133 0 0.61012813
Link 39 16 134 0 -0.98161751
Link 1 42 142 0 0.94990295
Link 42 16 143 0 0.73526523
Link 5 45 151 0 -0.93087002
Link 47 12 158 0 -0.91421178
Link 51 12 171 0 -0.60269337
Link 13 13 177 1 -0.83857408
Link 48 53 181 0 -1.00976160
Link 53 10 182 0 1.21895379
Link 56 16 195 0 -0.26839663
Link 5 58 211 0 -1.54855339
Link 58 12 212 0 -1.35838550
Link 7 61 225 0 2.34021538
Link 61 13 226 0 1.17425537
Link 5 70 285 0 0.85200933
Link 70 10 286 0 -2.42682989
Link 2 71 297 0 1.00000000
Link 71 16 298 0 -1.12222986
Link 3 72 313 0 0.43189236
Link 72 14 314 0 -0.77522145
Link 74 14 321 0 0.01756617
Link 75 14 324 0 -1.79788547
Link 45 78 367 0 1.16961335
Link 78 14 368 0 -0.39113784
Link 7 87 430 0 -0.75112473
Link 9 45 452 0 -0.24214684
Link 3 96 494 0 -0.14835501
Link 96 10 495 0 3.65150714
Link 9 48 538 0 1.58556375
Link 9 42 712 0 -1.26390230
Link 6 131 834 0 -3.91322820
Link 131 48 835 0 -0.40604932
Link 4 137 886 0 1.80426065
Link 7 137 910 0 0.56078885
Link 8 148 986 0 -1.96398492
Link 148 51 987 0 -0.36278460
Link 54 153 1039 0 -1.83483106
Link 158 47 1084 0 1.55702817
Link 7 153 1238 0 -1.54628897
Link 8 190 1285 0 0.05648867
Link 190 74 1286 0 -1.93894067
Link 15 195 1329 1 1.75371459
Link 195 48 1330 1 0.27132417
Link 199 23 1347 0 -3.05770257
Link 2 206 1390 0 0.42967611
Link 206 18 1391 0 -0.19418649
Link 137 211 1429 0 3.14513527
Link 5 222 1505 0 0.48622225
Link 222 48 1506 0 0.01559755
Link 48 232 1564 0 -1.03013333
Link 232 11 1565 0 1.38824097
Link 238 11 1604 1 0.09457802
Link 48 153 1614 0 -3.07726044
Link 11 249 1710 1 0.33384507
Link 249 238 1711 1 0.33881639
Link 18 48 1739 0 -0.16658329
Link 271 43 1861 0 1.36193109
Link 2 316 2145 0 -1.75747249
Link 316 22 2146 0 1.22019439
Link 74 13 2174 0 -0.03563182
Link 8 53 2251 0 1.36146270
Link 43 332 2256 0 0.65614043
Link 332 13 2257 0 -0.30982150
Link 54 15 2512 0 -1.85480525
Link 15 396 2701 1 -1.26491437
Link 396 54 2702 1 -3.37524120
Link 128 403 2756 0 -0.25879894
Link 403 48 2757 0 2.65287125
Link 6 74 2774 0 0.27104838
Link 232 406 2776 1 -1.60473866
Link 406 48 2777 1 -1.17689263
Link 4 416 2846 0 -0.20767495
Link 13 232 2873 1 -0.38964486
Link 2 432 2946 0 0.49924835
Link 432 74 2947 0 -0.32932848
Link 153 450 3080 0 0.78598967
Link 154 452 3104 0 0.01426597
Link 452 75 3105 0 1.89338233
Link 464 14 3189 0 0.13870975
Link 505 154 3607 0 -0.63175465
Link 416 510 3639 0 0.21751255
Link 510 128 3640 0 -1.67831656
Link 58 43 3680 0 0.97630400
Link 238 536 3815 1 -1.32309214
Link 536 53 3816 1 1.04002377
Link 16 58 3886 1 -1.97128715
Link 464 464 3923 1 -0.74234058
Link 61 556 3964 0 1.72511721
Link 556 18 3965 0 -0.08833466
Link 232 464 4042 0 -0.91137410
Link 9 416 4124 0 1.69067576
Link 42 43 4341 0 -0.66921283
Link 450 604 4408 0 -0.32576425
Link 604 16 4409 0 -1.66692528
Link 416 61 4472 0 -0.74157930
Link 211 450 4595 0 0.11896693
Link 533 638 4680 0 -3.07419811
Link 2 648 4750 0 -0.84720575
Link 648 533 4751 0 1.96070839
Link 638 75 4806 1 0.28093842
Link 674 42 4929 0 -0.24921015
Link 211 676 4945 1 -2.99154985
Link 676 505 4946 1 0.04386806
Link 222 22 5301 0 0.96863174
Link 8 396 5400 0 -1.48938720
Link 222 15 5430 0 0.99700074
Link 763 638 5635 0 -0.31814796
Link 638 772 5695 0 -0.08238399
Link 772 238 5696 0 2.55166613
Link 53 783 5747 0 1.79566812
Link 783 763 5748 0 -0.45899196
Link 45 232 5845 0 -2.27755043
Link 222 533 6010 0 -2.15431442
Link 190 604 6069 0 -0.60186511
Link 206 54 6070 0 -2.32281435
Link 4 834 6113 0 1.32252878
Link 834 674 6114 0 3.24237374
Link 96 536 6227 0 -0.15005036
Link 850 199 6257 0 0.78627754
Link 70 14 6360 0 1.28884840
Link 538 872 6413 0 -1.39873423
Link 872 16 6414 0 -1.76934599
Link 885 271 6534 0 1.87058814
Link 96 54 6560 0 -2.60996516
Link 5 452 6576 0 -1.24980024
Link 7 533 6683 0 2.92827619
Link 48 906 6707 0 0.57566114
Link 906 538 6708 0 -0.80560040
Link 4 933 6957 0 -2.10952433
Link 933 850 6958 0 -0.45603866
Link 43 18 7187 0 -1.10065508
Link 933 763 7465 0 -0.90486094
Link 403 56 7501 0 1.20699030
Link 2 1022 7770 0 2.04538617
Link 1022 23 7771 0 -1.18970637
Link 23 39 7883 0 -1.38444166
Link 18 834 8028 1 0.66894519
Link 3 1045 8052 0 1.32887115
Link 1045 885 8053 0 -1.71270052
Link 232 332 8133 0 -0.03873972
Link 87 1057 8171 0 1.00000000
Link 1057 158 8172 0 1.69933452
Link 75 1058 8174 0 1.00000000
Link 1058 13 8175 0 -2.85193357
GenomeEnd

