GenomeStart 85992
Neuron 1 1 0.00000000 1 0.00000000 0.00000000 0.00000000 0.00000000
Neuron 2 1 0.00000000 1 0.00000000 0.00000000 0.00000000 0.00000000
Neuron 3 1 0.00000000 1 0.00000000 0.00000000 0.00000000 0.00000000
Neuron 4 1 0.00000000 1 0.00000000 0.00000000 0.00000000 0.00000000
Neuron 5 1 0.00000000 1 0.00000000 0.00000000 0.00000000 0.00000000
Neuron 6 1 0.00000000 1 0.00000000 0.00000000 0.00000000 0.00000000
Neuron 7 1 0.00000000 1 0.00000000 0.00000000 0.00000000 0.00000000
Neuron 8 1 0.00000000 1 0.00000000 0.00000000 0.00000000 0.00000000
Neuron 9 2 0.00000000 1 0.00000000 0.00000000 0.00000000 0.00000000
Neuron 10 4 1.00000000 0 1.00000000 0.00000000 0.00000000 0.00000000
Neuron 11 4 1.00000000 0 1.00000000 0.00000000 0.00000000 0.00000000
Neuron 12 4 1.00000000 0 1.00000000 0.00000000 0.00000000 0.00000000
Neuron 13 4 1.00000000 0 1.00000000 0.00000000 0.00000000 0.00000000
Neuron 14 4 1.00000000 0 1.00000000 0.00000000 0.00000000 0.00000000
Neuron 15 4 1.00000000 0 1.00000000 0.00000000 0.00000000 0.00000000
Neuron 16 4 1.00000000 0 1.00000000 0.00000000 0.00000000 0.00000000
Neuron 18 3 0.50000000 1 1.00000000 0.00000000 0.00000000 0.00000000
Neuron 20 3 0.50000000 1 1.00000000 0.00000000 0.00000000 0.00000000
Neuron 21 3 0.50000000 1 1.00000000 0.00000000 0.00000000 0.00000000
Neuron 22 3 0.50000000 1 1.00000000 0.00000000 0.00000000 0.00000000
Neuron 23 3 0.50000000 1 1.00000000 0.00000000 0.00000000 0.00000000
Neuron 26 3 0.50000000 1 1.00000000 0.00000000 0.00000000 0.00000000
Neuron 32 3 0.50000000 1 1.00000000 0.00000000 0.00000000 0.00000000
Neuron 33 3 0.50000000 1 1.00000000 0.00000000 0.00000000 0.00000000
Neuron 39 3 0.50000000 1 1.00000000 0.00000000 0.00000000 0.00000000
Neuron 42 3 0.50000000 1 1.00000000 0.00000000 0.00000000 0.00000000
Neuron 43 3 0.50000000 1 1.00000000 0.00000000 0.00000000 0.00000000
Neuron 45 3 0.50000000 1 1.00000000 0.00000000 0.00000000 0.00000000
Neuron 47 3 0.50000000 1 1.00000000 0.00000000 0.00000000 0.00000000
Neuron 48 3 0.50000000 1 1.00000000 0.00000000 0.00000000 0.00000000
Neuron 51 3 0.50000000 1 1.00000000 0.00000000 0.00000000 0.00000000
Neuron 53 3 0.75000000 1 1.00000000 0.00000000 0.00000000 0.00000000
Neuron 54 3 0.50000000 1 1.00000000 0.00000000 0.00000000 0.00000000
Neuron 56 3 0.50000000 1 1.00000000 0.00000000 0.00000000 0.00000000
Neuron 57 3 0.50000000 1 1.00000000 0.00000000 0.00000000 0.00000000
Neuron 58 3 0.50000000 1 1.00000000 0.00000000 0.00000000 0.00000000
Neuron 61 3 0.50000000 1 1.00000000 0.00000000 0.00000000 0.00000000
Neuron 62 3 0.50000000 1 1.00000000 0.00000000 0.00000000 0.00000000
Neuron 65 3 0.75000000 1 1.00000000 0.00000000 0.00000000 0.00000000
Neuron 70 3 0.50000000 1 1.00000000 0.00000000 0.00000000 0.00000000
Neuron 71 3 0.50000000 1 1.00000000 0.00000000 0.00000000 0.00000000
Neuron 72 3 0.50000000 1 1.00000000 0.00000000 0.00000000 0.00000000
Neuron 74 3 0.50000000 1 1.00000000 0.00000000 0.00000000 0.00000000
Neuron 75 3 0.50000000 1 1.00000000 0.00000000 0.00000000 0.00000000
Neuron 78 3 0.75000000 1 1.00000000 0.00000000 0.00000000 0.00000000
Neuron 80 3 0.75000000 1 1.00000000 0.00000000 0.00000000 0.00000000
Neuron 87 3 0.25000000 1 1.00000000 0.00000000 0.00000000 0.00000000
Neuron 92 3 0.25000000 1 1.00000000 0.00000000 0.00000000 0.00000000
Neuron 96 3 0.50000000 1 1.00000000 0.00000000 0.00000000 0.00000000
Neuron 102 3 0.75000000 1 1.00000000 0.00000000 0.00000000 0.00000000
Neuron 107 3 0.75000000 1 1.00000000 0.00000000 0.00000000 0.00000000
Neuron 109 3 0.25000000 1 1.00000000 0.00000000 0.00000000 0.00000000
Neuron 116 3 0.25000000 1 1.00000000 0.00000000 0.00000000 0.00000000
Neuron 117 3 0.75000000 1 1.00000000 0.00000000 0.00000000 0.00000000
Neuron 128 3 0.25000000 1 1.00000000 0.00000000 0.00000000 0.00000000
Neuron 131 3 0.25000000 1 1.00000000 0.00000000 0.00000000 0.00000000
Neuron 137 3 0.25000000 1 1.00000000 0.00000000 0.00000000 0.00000000
Neuron 148 3 0.25000000 1 1.00000000 0.00000000 0.00000000 0.00000000
Neuron 153 3 0.75000000 1 1.00000000 0.00000000 0.00000000 0.00000000
Neuron 154 3 0.25000000 1 1.00000000 0.00000000 0.00000000 0.00000000
Neuron 158 3 0.37500000 1 1.00000000 0.00000000 0.00000000 0.00000000
Neuron 160 3 0.25000000 1 1.00000000 0.00000000 0.00000000 0.00000000
Neuron 190 3 0.25000000 1 1.00000000 0.00000000 0.00000000 0.00000000
Neuron 195 3 0.75000000 1 1.00000000 0.00000000 0.00000000 0.00000000
Neuron 199 3 0.25000000 1 1.00000000 0.00000000 0.00000000 0.00000000
Neuron 206 3 0.25000000 1 1.00000000 0.00000000 0.00000000 0.00000000
Neuron 211 3 0.37500000 1 1.00000000 0.00000000 0.00000000 0.00000000
Neuron 216 3 0.62500000 1 1.00000000 0.00000000 0.00000000 0.00000000
Neuron 222 3 0.25000000 1 1.00000000 0.00000000 0.00000000 0.00000000
Neuron 232 3 0.75000000 1 1.00000000 0.00000000 0.00000000 0.00000000
Neuron 237 3 0.75000000 1 1.00000000 0.00000000 0.00000000 0.00000000
Neuron 238 3 1.00000000 1 1.00000000 0.00000000 0.00000000 0.00000000
Neuron 241 3 0.75000000 1 1.00000000 0.00000000 0.00000000 0.00000000
Neuron 249 3 1.00000000 1 1.00000000 0.00000000 0.00000000 0.00000000
Neuron 262 3 0.75000000 1 1.00000000 0.00000000 0.00000000 0.00000000
Neuron 271 3 0.25000000 1 1.00000000 0.00000000 0.00000000 0.00000000
Neuron 272 3 0.12500000 1 1.00000000 0.00000000 0.00000000 0.00000000
Neuron 275 3 0.75000000 1 1.00000000 0.00000000 0.00000000 0.00000000
Neuron 316 3 0.25000000 1 1.00000000 0.00000000 0.00000000 0.00000000
Neuron 332 3 0.75000000 1 1.00000000 0.00000000 0.00000000 0.00000000
Neuron 396 3 0.75000000 1 1.00000000 0.00000000 0.00000000 0.00000000
Neuron 403 3 0.37500000 1 1.00000000 0.00000000 0.00000000 0.00000000
Neuron 406 3 0.62500000 1 1.00000000 0.00000000 0.00000000 0.00000000
Neuron 412 3 0.37500000 1 1.00000000 0.00000000 0.00000000 0.00000000
Neuron 416 3 0.12500000 1 1.00000000 0.00000000 0.00000000 0.00000000
Neuron 432 3 0.25000000 1 1.00000000 0.00000000 0.00000000 0.00000000
Neuron 450 3 0.87500000 1 1.00000000 0.00000000 0.00000000 0.00000000
Neuron 452 3 0.37500000 1 1.00000000 0.00000000 0.00000000 0.00000000
Neuron 464 3 0.87500000 1 1.00000000 0.00000000 0.00000000 0.00000000
Neuron 482 3 0.62500000 1 1.00000000 0.00000000 0.00000000 0.00000000
Neuron 505 3 0.12500000 1 1.00000000 0.00000000 0.00000000 0.00000000
Neuron 510 3 0.18750000 1 1.00000000 0.00000000 0.00000000 0.00000000
Neuron 533 3 0.50000000 1 1.00000000 0.00000000 0.00000000 0.00000000
Neuron 536 3 0.87500000 1 1.00000000 0.00000000 0.00000000 0.00000000
Neuron 538 3 0.75000000 1 1.00000000 0.00000000 0.00000000 0.00000000
Neuron 556 3 0.50000000 1 1.00000000 0.00000000 0.00000000 0.00000000
Neuron 600 3 0.37500000 1 1.00000000 0.00000000 0.00000000 0.00000000
Neuron 604 3 0.93750000 1 1.00000000 0.00000000 0.00000000 0.00000000
Neuron 608 3 0.75000000 1 1.00000000 0.00000000 0.00000000 0.00000000
Neuron 638 3 0.75000000 1 1.00000000 0.00000000 0.00000000 0.00000000
Neuron 642 3 0.62500000 1 1.00000000 0.00000000 0.00000000 0.00000000
Neuron 648 3 0.25000000 1 1.00000000 0.00000000 0.00000000 0.00000000
Neuron 674 3 0.25000000 1 1.00000000 0.00000000 0.00000000 0.00000000
Neuron 676 3 0.25000000 1 1.00000000 0.00000000 0.00000000 0.00000000
Neuron 716 3 0.15625000 1 1.00000000 0.00000000 0.00000000 0.00000000
Neuron 763 3 0.75000000 1 1.00000000 0.00000000 0.00000000 0.00000000
Neuron 772 3 0.87500000 1 1.00000000 0.00000000 0.00000000 0.00000000
Neuron 783 3 0.75000000 1 1.00000000 0.00000000 0.00000000 0.00000000
Neuron 807 3 0.96875000 1 1.00000000 0.00000000 0.00000000 0.00000000
Neuron 834 3 0.12500000 1 1.00000000 0.00000000 0.00000000 0.00000000
Neuron 850 3 0.12500000 1 1.00000000 0.00000000 0.00000000 0.00000000
Neuron 872 3 0.87500000 1 1.00000000 0.00000000 0.00000000 0.00000000
Neuron 880 3 0.37500000 1 1.00000000 0.00000000 0.00000000 0.00000000
Neuron 885 3 0.12500000 1 1.00000000 0.00000000 0.00000000 0.00000000
Neuron 903 3 0.56250000 1 1.00000000 0.00000000 0.00000000 0.00000000
Neuron 905 3 0.37500000 1 1.00000000 0.00000000 0.00000000 0.00000000
Neuron 906 3 0.62500000 1 1.00000000 0.00000000 0.00000000 0.00000000
Neuron 933 3 0.06250000 1 1.00000000 0.00000000 0.00000000 0.00000000
Neuron 968 3 0.81250000 1 1.00000000 0.00000000 0.00000000 0.00000000
Neuron 978 3 0.12500000 1 1.00000000 0.00000000 0.00000000 0.00000000
Neuron 1007 3 0.37500000 1 1.00000000 0.00000000 0.00000000 0.00000000
Neuron 1022 3 0.25000000 1 1.00000000 0.00000000 0.00000000 0.00000000
Neuron 1045 3 0.06250000 1 1.00000000 0.00000000 0.00000000 0.00000000
Neuron 1057 3 0.31250000 1 1.00000000 0.00000000 0.00000000 0.00000000
Neuron 1058 3 0.75000000 1 1.00000000 0.00000000 0.00000000 0.00000000
Neuron 1064 3 0.12500000 1 1.00000000 0.00000000 0.00000000 0.00000000
Neuron 1070 3 0.50000000 1 1.00000000 0.00000000 0.00000000 0.00000000
Neuron 1096 3 0.09375000 1 1.00000000 0.00000000 0.00000000 0.00000000
Neuron 1113 3 0.34375000 1 1.00000000 0.00000000 0.00000000 0.00000000
Neuron 1151 3 0.87500000 1 1.00000000 0.00000000 0.00000000 0.00000000
Neuron 1165 3 0.37500000 1 1.00000000 0.00000000 0.00000000 0.00000000
Neuron 1167 3 0.28125000 1 1.00000000 0.00000000 0.00000000 0.00000000
Neuron 1188 3 0.75000000 1 1.00000000 0.00000000 0.00000000 0.00000000
Neuron 1203 3 0.50000000 1 1.00000000 0.00000000 0.00000000 0.00000000
Neuron 1231 3 0.50000000 1 1.00000000 0.00000000 0.00000000 0.00000000
Neuron 1273 3 0.06250000 1 1.00000000 0.00000000 0.00000000 0.00000000
Neuron 1291 3 0.50000000 1 1.00000000 0.00000000 0.00000000 0.00000000
Neuron 1366 3 0.56250000 1 1.00000000 0.00000000 0.00000000 0.00000000
Neuron 1371 3 0.75000000 1 1.00000000 0.00000000 0.00000000 0.00000000
Neuron 1390 3 0.32812500 1 1.00000000 0.00000000 0.00000000 0.00000000
Neuron 1441 3 0.84375000 1 1.00000000 0.00000000 0.00000000 0.00000000
Neuron 1529 3 0.75000000 1 1.00000000 0.00000000 0.00000000 0.00000000
Neuron 1559 3 0.09375000 1 1.00000000 0.00000000 0.00000000 0.00000000
Neuron 1614 3 0.50000000 1 1.00000000 0.00000000 0.00000000 0.00000000
Link 1 10 1 0 4.22693479
Link 4 10 4 0 1.01108221
Link 8 10 8 0 3.32539057
Link 9 10 9 0 1.89623960
Link 1 11 10 0 1.47951055
Link 3 11 12 0 -1.03990688
Link 5 11 14 0 -1.82414444
Link 6 11 15 0 -0.13154734
Link 7 11 16 0 -0.78740614
Link 8 11 17 0 0.78477731
Link 9 11 18 0 1.98766648
Link 1 12 19 0 0.02108559
Link 3 12 21 0 0.36589160
Link 9 12 27 0 1.98859355
Link 1 13 28 0 0.47912951
Link 2 13 29 0 -1.14928802
Link 6 13 33 0 -1.65744032
Link 8 13 35 0 -0.65984148
Link 4 14 40 0 -0.10308004
Link 9 14 45 0 0.89576349
Link 1 15 46 0 -0.95625148
Link 4 15 49 0 -2.00316021
Link 5 15 50 0 0.08086724
Link 7 15 52 0 -3.48804927
Link 8 15 53 0 -0.77408550
Link 9 15 54 0 -1.21756420
Link 8 16 62 0 1.36653157
Link 9 16 63 0 2.59947890
Link 18 10 69 0 -1.51840851
Link 22 15 81 0 -0.67427789
Link 23 12 84 0 2.71487852
Link 4 26 93 0 2.63339726
Link 3 32 111 0 0.89275665
Link 32 15 112 0 -1.00614213
Link 6 33 114 0 1.70984993
Link 1 42 142 0 -2.86758942
Link 42 16 143 0 2.25622866
Link 5 45 151 0 0.51062027
Link 13 13 177 1 0.72925399
Link 53 10 182 0 0.50439332
Link 56 16 195 0 -0.30662294
Link 7 57 200 0 -0.07843057
Link 57 14 201 0 -0.96903125
Link 5 58 211 0 -1.57546373
Link 7 61 225 0 1.36925332
Link 61 13 226 0 3.26252861
Link 6 62 237 0 1.57160902
Link 62 15 238 0 -1.48796478
Link 51 65 252 0 0.24745059
Link 65 12 253 0 0.43055647
Link 5 70 285 0 -0.06177353
Link 2 71 297 0 3.10367603
Link 72 14 314 0 -0.51803525
Link 74 14 321 0 3.28453088
Link 75 14 324 0 -1.06100916
Link 58 80 385 0 1.96336720
Link 80 12 386 0 -2.18069470
Link 7 87 430 0 -0.41902342
Link 9 45 452 0 -2.81399192
Link 7 92 475 0 0.27091665
Link 92 39 476 0 -0.72146954
Link 3 96 494 0 -1.98321856
Link 96 10 495 0 0.80922930
Link 9 48 538 0 0.63063114
Link 70 102 554 0 3.28405789
Link 102 10 555 0 -0.85036030
Link 20 107 581 0 -0.83138949
Link 107 12 582 0 -1.75764065
Link 6 109 595 0 0.96780437
Link 109 20 596 0 -2.69788053
Link 2 116 695 0 0.24255937
Link 116 21 696 0 0.87978314
Link 47 117 710 0 1.45889042
Link 117 12 711 0 -0.93925239
Link 9 42 712 0 2.50084964
Link 6 131 834 0 -5.23281288
Link 4 137 886 0 0.87277118
Link 7 137 910 0 1.10140460
Link 148 51 987 0 -1.08300599
Link 158 47 1084 0 2.84154388
Link 3 160 1098 0 -0.57024312
Link 160 72 1099 0 -1.27561825
Link 7 153 1238 0 -1.60567389
Link 8 190 1285 0 4.11650542
Link 15 195 1329 1 0.08031824
Link 195 48 1330 1 -0.70840755
Link 199 23 1347 0 -1.15788296
Link 206 18 1391 0 4.53783487
Link 137 211 1429 0 -0.24910606
Link 54 216 1470 0 3.68326662
Link 216 153 1471 0 0.32271218
Link 5 222 1505 0 0.47001321
Link 222 48 1506 0 -0.60213285
Link 48 232 1564 0 -1.84194058
Link 232 11 1565 0 -0.91117094
Link 26 237 1600 0 0.52889638
Link 237 11 1601 0 -1.69973819
Link 238 11 1604 1 -1.39968307
Link 48 153 1614 0 -1.27950286
Link 33 241 1634 0 -0.07465079
Link 241 16 1635 0 -2.19643725
Link 11 249 1710 1 1.54210848
Link 249 238 1711 1 -2.82984683
Link 18 48 1739 0 -0.99951686
Link 39 262 1813 0 1.40444515
Link 262 16 1814 0 -1.95041702
Link 2 272 1866 0 -1.15951317
Link 272 206 1867 0 -1.02688243
Link 71 275 1899 0 0.54848798
Link 275 16 1900 0 -0.49585277
Link 2 316 2145 0 -0.94445659
Link 316 22 2146 0 -2.88829443
Link 74 13 2174 0 2.24625520
Link 43 332 2256 0 -0.67578366
Link 332 13 2257 0 2.73409628
Link 54 15 2512 0 1.16964617
Link 15 396 2701 1 -1.40353696
Link 396 54 2702 1 -1.62016631
Link 128 403 2756 0 0.15080199
Link 403 48 2757 0 0.55189466
Link 6 74 2774 0 -1.41570838
Link 232 406 2776 1 -1.33280104
Link 190 412 2805 0 0.98677911
Link 412 74 2806 0 2.77554286
Link 4 416 2846 0 -0.59205841
Link 13 232 2873 1 -0.77662343
Link 2 432 2946 0 0.09062068
Link 432 74 2947 0 -1.86894970
Link 153 450 3080 0 1.25531825
Link 154 452 3104 0 -0.70618796
Link 452 75 3105 0 -0.70287847
Link 464 14 3189 0 -0.55390317
Link 48 482 3405 0 0.55633876
Link 482 53 3406 0 -1.49347530
Link 505 154 3607 0 0.30055988
Link 510 128 3640 0 -1.25093080
Link 58 43 3680 0 1.24850584
Link 238 536 3815 1 -0.06066131
Link 536 53 3816 1 0.66132735
Link 464 464 3923 1 -0.38289468
Link 61 556 3964 0 1.33501475
Link 556 18 3965 0 -0.32177337
Link 232 464 4042 0 1.71259057
Link 9 416 4124 0 -0.14747752
Link 42 43 4341 0 -1.60918263
Link 131 600 4374 0 0.39655068
Link 600 48 4375 0 -0.68331975
Link 450 604 4408 0 -1.32388337
Link 16 608 4446 1 1.88277506
Link 608 58 4447 1 -1.85563808
Link 416 61 4472 0 -2.14708890
Link 533 638 4680 0 1.30412523
Link 642 78 4718 0 0.38608856
Link 2 648 4750 0 -0.10857506
Link 648 533 4751 0 3.78193577
Link 638 75 4806 1 -2.11101505
Link 674 42 4929 0 -1.29949191
Link 211 676 4945 1 0.54245515
Link 676 505 4946 1 -2.36844671
Link 416 716 5224 0 -0.61820653
Link 716 510 5225 0 1.15541115
Link 222 22 5301 0 3.61854578
Link 222 15 5430 0 4.64938831
Link 763 638 5635 0 0.41909792
Link 53 783 5747 0 1.29267764
Link 783 763 5748 0 0.05206303
Link 45 232 5845 0 1.30143541
Link 604 807 5913 0 1.24195231
Link 807 16 5914 0 -1.17443317
Link 222 533 6010 0 -0.52720505
Link 4 834 6113 0 -0.98303579
Link 834 674 6114 0 2.21696425
Link 96 536 6227 0 -0.19859192
Link 850 199 6257 0 0.02662104
Link 70 14 6360 0 -1.71699085
Link 538 872 6413 0 -3.08600597
Link 872 16 6414 0 -1.20623243
Link 206 880 6506 0 1.09750491
Link 880 54 6507 0 -1.43379714
Link 885 271 6534 0 2.21659147
Link 96 54 6560 0 -0.54945126
Link 7 533 6683 0 3.26802684
Link 406 903 6685 1 -3.09067469
Link 903 48 6686 1 -0.24633531
Link 8 905 6704 0 1.78300203
Link 905 396 6705 0 -1.27620284
Link 48 906 6707 0 -2.37957103
Link 4 933 6957 0 -1.63676149
Link 933 850 6958 0 1.21829467
Link 638 968 7241 0 1.86563127
Link 968 772 7242 0 2.98447139
Link 8 978 7357 0 0.77290455
Link 978 148 7358 0 -2.43569996
Link 933 763 7465 0 -2.40952564
Link 403 56 7501 0 -0.95260600
Link 271 1007 7625 0 0.99309404
Link 1007 43 7626 0 3.35831848
Link 51 43 7715 0 0.53073270
Link 23 39 7883 0 -1.01438880
Link 5 834 8010 0 3.07638151
Link 18 834 8028 1 3.02459126
Link 3 1045 8052 0 -1.97675542
Link 232 332 8133 0 -0.49582928
Link 53 772 8169 0 0.08410369
Link 75 1058 8174 0 -1.43146781
Link 2 1064 8221 0 -0.38238669
Link 1064 1022 8222 0 2.54961863
Link 43 1070 8294 0 -0.60731084
Link 1070 18 8295 0 0.41158954
Link 20 238 8555 0 -0.68840531
Link 1045 1096 8580 0 0.82676023
Link 1096 885 8581 0 -1.71429918
Link 18 464 8612 0 0.82291071
Link 772 14 8628 0 0.18680568
Link 1113 158 8704 0 2.00362259
Link 885 211 8729 0 2.12559427
Link 56 22 8949 0 -1.62652992
Link 199 211 9015 0 1.15926786
Link 1058 1151 9061 0 -0.32610198
Link 1151 13 9062 0 -2.25909593
Link 906 536 9120 0 2.45460326
Link 9 87 9151 0 -0.68399669
Link 1022 1165 9224 0 2.04253652
Link 1165 23 9225 0 -1.83820002
Link 148 538 9268 0 1.00069665
Link 87 1167 9271 0 1.53998191
Link 1167 1057 9272 0 -2.41932007
Link 21 406 9426 0 1.50456118
Link 807 807 9463 1 -0.16244799
Link 78 1188 9501 0 -0.32088571
Link 1188 538 9502 0 0.50123811
Link 45 1203 9651 0 -0.77513144
Link 92 536 9692 0 -1.33204516
Link 1203 1231 9872 0 2.23309530
Link 1231 43 9873 0 -1.02260501
Link 432 58 9895 0 -2.60653773
Link 416 538 9938 0 0.09993863
Link 538 432 10000 1 1.37412302
Link 1 1273 10253 0 0.35806293
Link 674 510 10404 1 -0.76197684
Link 56 1291 10415 0 0.44404575
Link 1291 61 10416 0 0.80784333
Link 332 604 10583 0 -3.36346157
Link 505 772 10652 0 0.41268145
Link 1045 316 10770 0 -2.96190884
Link 1113 1096 10886 1 -2.34769479
Link 772 13 11089 0 -1.16006354
Link 45 1366 11109 0 0.06446956
Link 1366 642 11110 0 1.99233159
Link 452 275 11133 0 1.32246208
Link 78 1371 11155 0 1.87137580
Link 1371 53 11156 0 -2.53077230
Link 1 416 11282 0 -4.96008451
Link 1057 1390 11357 0 0.37742366
Link 1390 1113 11358 0 -0.70754670
Link 128 51 11601 0 -1.16556856
Link 604 1441 11775 1 -0.04775436
Link 1441 538 11776 1 -4.03425531
Link 61 505 11949 1 0.23120751
Link 556 13 12018 0 -2.59302559
Link 78 903 12117 1 0.40908931
Link 763 148 12171 1 -1.65363814
Link 1058 1529 12526 0 0.07773635
Link 1529 80 12527 0 2.09522668
Link 26 872 12733 0 -0.02729919
Link 1273 1559 12804 0 0.78209352
Link 1559 885 12805 0 -2.21837093
Link 850 92 13110 0 0.75925059
Link 850 148 13224 0 -0.16249623
Link 452 450 13252 0 0.49160031
Link 51 1614 13316 0 0.32977633
Link 1614 47 13317 0 -2.23001524
Link 716 271 13594 0 -3.16295859
Link 676 1070 13678 0 -1.97941394
Link 148 241 13696 0 0.47311554
Link 416 674 13855 0 1.18474240
GenomeEnd

