GenomeStart 61499
Neuron 1 1 0.00000000 1 0.00000000 0.00000000 0.00000000 0.00000000
Neuron 2 1 0.00000000 1 0.00000000 0.00000000 0.00000000 0.00000000
Neuron 3 1 0.00000000 1 0.00000000 0.00000000 0.00000000 0.00000000
Neuron 4 1 0.00000000 1 0.00000000 0.00000000 0.00000000 0.00000000
Neuron 5 1 0.00000000 1 0.00000000 0.00000000 0.00000000 0.00000000
Neuron 6 1 0.00000000 1 0.00000000 0.00000000 0.00000000 0.00000000
Neuron 7 1 0.00000000 1 0.00000000 0.00000000 0.00000000 0.00000000
Neuron 8 1 0.00000000 1 0.00000000 0.00000000 0.00000000 0.00000000
Neuron 9 2 0.00000000 1 0.00000000 0.00000000 0.00000000 0.00000000
Neuron 10 4 1.00000000 0 1.00000000 0.00000000 0.00000000 0.00000000
Neuron 11 4 1.00000000 0 1.00000000 0.00000000 0.00000000 0.00000000
Neuron 12 4 1.00000000 0 1.00000000 0.00000000 0.00000000 0.00000000
Neuron 13 4 1.00000000 0 1.00000000 0.00000000 0.00000000 0.00000000
Neuron 14 4 1.00000000 0 1.00000000 0.00000000 0.00000000 0.00000000
Neuron 15 4 1.00000000 0 1.00000000 0.00000000 0.00000000 0.00000000
Neuron 16 4 1.00000000 0 1.00000000 0.00000000 0.00000000 0.00000000
Neuron 18 3 0.50000000 1 1.00000000 0.00000000 0.00000000 0.00000000
Neuron 20 3 0.50000000 1 1.00000000 0.00000000 0.00000000 0.00000000
Neuron 22 3 0.50000000 1 1.00000000 0.00000000 0.00000000 0.00000000
Neuron 23 3 0.50000000 1 1.00000000 0.00000000 0.00000000 0.00000000
Neuron 26 3 0.50000000 1 1.00000000 0.00000000 0.00000000 0.00000000
Neuron 39 3 0.50000000 1 1.00000000 0.00000000 0.00000000 0.00000000
Neuron 42 3 0.50000000 1 1.00000000 0.00000000 0.00000000 0.00000000
Neuron 43 3 0.50000000 1 1.00000000 0.00000000 0.00000000 0.00000000
Neuron 45 3 0.50000000 1 1.00000000 0.00000000 0.00000000 0.00000000
Neuron 47 3 0.50000000 1 1.00000000 0.00000000 0.00000000 0.00000000
Neuron 48 3 0.50000000 1 1.00000000 0.00000000 0.00000000 0.00000000
Neuron 51 3 0.50000000 1 1.00000000 0.00000000 0.00000000 0.00000000
Neuron 53 3 0.75000000 1 1.00000000 0.00000000 0.00000000 0.00000000
Neuron 54 3 0.50000000 1 1.00000000 0.00000000 0.00000000 0.00000000
Neuron 56 3 0.50000000 1 1.00000000 0.00000000 0.00000000 0.00000000
Neuron 58 3 0.50000000 1 1.00000000 0.00000000 0.00000000 0.00000000
Neuron 61 3 0.50000000 1 1.00000000 0.00000000 0.00000000 0.00000000
Neuron 66 3 0.50000000 1 1.00000000 0.00000000 0.00000000 0.00000000
Neuron 70 3 0.50000000 1 1.00000000 0.00000000 0.00000000 0.00000000
Neuron 72 3 0.50000000 1 1.00000000 0.00000000 0.00000000 0.00000000
Neuron 74 3 0.50000000 1 1.00000000 0.00000000 0.00000000 0.00000000
Neuron 75 3 0.50000000 1 1.00000000 0.00000000 0.00000000 0.00000000
Neuron 78 3 0.75000000 1 1.00000000 0.00000000 0.00000000 0.00000000
Neuron 87 3 0.25000000 1 1.00000000 0.00000000 0.00000000 0.00000000
Neuron 96 3 0.50000000 1 1.00000000 0.00000000 0.00000000 0.00000000
Neuron 128 3 0.25000000 1 1.00000000 0.00000000 0.00000000 0.00000000
Neuron 131 3 0.25000000 1 1.00000000 0.00000000 0.00000000 0.00000000
Neuron 137 3 0.25000000 1 1.00000000 0.00000000 0.00000000 0.00000000
Neuron 148 3 0.25000000 1 1.00000000 0.00000000 0.00000000 0.00000000
Neuron 149 3 0.25000000 1 1.00000000 0.00000000 0.00000000 0.00000000
Neuron 153 3 0.75000000 1 1.00000000 0.00000000 0.00000000 0.00000000
Neuron 154 3 0.25000000 1 1.00000000 0.00000000 0.00000000 0.00000000
Neuron 181 3 0.25000000 1 1.00000000 0.00000000 0.00000000 0.00000000
Neuron 190 3 0.25000000 1 1.00000000 0.00000000 0.00000000 0.00000000
Neuron 195 3 0.75000000 1 1.00000000 0.00000000 0.00000000 0.00000000
Neuron 199 3 0.25000000 1 1.00000000 0.00000000 0.00000000 0.00000000
Neuron 201 3 0.75000000 1 1.00000000 0.00000000 0.00000000 0.00000000
Neuron 206 3 0.25000000 1 1.00000000 0.00000000 0.00000000 0.00000000
Neuron 211 3 0.37500000 1 1.00000000 0.00000000 0.00000000 0.00000000
Neuron 222 3 0.25000000 1 1.00000000 0.00000000 0.00000000 0.00000000
Neuron 232 3 0.75000000 1 1.00000000 0.00000000 0.00000000 0.00000000
Neuron 238 3 1.00000000 1 1.00000000 0.00000000 0.00000000 0.00000000
Neuron 249 3 1.00000000 1 1.00000000 0.00000000 0.00000000 0.00000000
Neuron 262 3 0.75000000 1 1.00000000 0.00000000 0.00000000 0.00000000
Neuron 271 3 0.25000000 1 1.00000000 0.00000000 0.00000000 0.00000000
Neuron 316 3 0.25000000 1 1.00000000 0.00000000 0.00000000 0.00000000
Neuron 332 3 0.75000000 1 1.00000000 0.00000000 0.00000000 0.00000000
Neuron 396 3 0.75000000 1 1.00000000 0.00000000 0.00000000 0.00000000
Neuron 403 3 0.37500000 1 1.00000000 0.00000000 0.00000000 0.00000000
Neuron 406 3 0.62500000 1 1.00000000 0.00000000 0.00000000 0.00000000
Neuron 416 3 0.12500000 1 1.00000000 0.00000000 0.00000000 0.00000000
Neuron 432 3 0.25000000 1 1.00000000 0.00000000 0.00000000 0.00000000
Neuron 450 3 0.87500000 1 1.00000000 0.00000000 0.00000000 0.00000000
Neuron 452 3 0.37500000 1 1.00000000 0.00000000 0.00000000 0.00000000
Neuron 464 3 0.87500000 1 1.00000000 0.00000000 0.00000000 0.00000000
Neuron 501 3 0.37500000 1 1.00000000 0.00000000 0.00000000 0.00000000
Neuron 505 3 0.12500000 1 1.00000000 0.00000000 0.00000000 0.00000000
Neuron 510 3 0.18750000 1 1.00000000 0.00000000 0.00000000 0.00000000
Neuron 533 3 0.50000000 1 1.00000000 0.00000000 0.00000000 0.00000000
Neuron 536 3 0.87500000 1 1.00000000 0.00000000 0.00000000 0.00000000
Neuron 538 3 0.75000000 1 1.00000000 0.00000000 0.00000000 0.00000000
Neuron 556 3 0.50000000 1 1.00000000 0.00000000 0.00000000 0.00000000
Neuron 584 3 0.31250000 1 1.00000000 0.00000000 0.00000000 0.00000000
Neuron 590 3 0.12500000 1 1.00000000 0.00000000 0.00000000 0.00000000
Neuron 604 3 0.93750000 1 1.00000000 0.00000000 0.00000000 0.00000000
Neuron 638 3 0.75000000 1 1.00000000 0.00000000 0.00000000 0.00000000
Neuron 648 3 0.25000000 1 1.00000000 0.00000000 0.00000000 0.00000000
Neuron 674 3 0.25000000 1 1.00000000 0.00000000 0.00000000 0.00000000
Neuron 676 3 0.25000000 1 1.00000000 0.00000000 0.00000000 0.00000000
Neuron 763 3 0.75000000 1 1.00000000 0.00000000 0.00000000 0.00000000
Neuron 783 3 0.75000000 1 1.00000000 0.00000000 0.00000000 0.00000000
Neuron 815 3 0.37500000 1 1.00000000 0.00000000 0.00000000 0.00000000
Neuron 834 3 0.12500000 1 1.00000000 0.00000000 0.00000000 0.00000000
Neuron 844 3 0.31250000 1 1.00000000 0.00000000 0.00000000 0.00000000
Neuron 850 3 0.12500000 1 1.00000000 0.00000000 0.00000000 0.00000000
Neuron 872 3 0.87500000 1 1.00000000 0.00000000 0.00000000 0.00000000
Neuron 885 3 0.12500000 1 1.00000000 0.00000000 0.00000000 0.00000000
Neuron 890 3 0.18750000 1 1.00000000 0.00000000 0.00000000 0.00000000
Neuron 933 3 0.06250000 1 1.00000000 0.00000000 0.00000000 0.00000000
Neuron 969 3 0.18750000 1 1.00000000 0.00000000 0.00000000 0.00000000
Neuron 984 3 0.50000000 1 1.00000000 0.00000000 0.00000000 0.00000000
Neuron 1015 3 0.93750000 1 1.00000000 0.00000000 0.00000000 0.00000000
Neuron 1033 3 0.50000000 1 1.00000000 0.00000000 0.00000000 0.00000000
Neuron 1070 3 0.50000000 1 1.00000000 0.00000000 0.00000000 0.00000000
Neuron 1124 3 0.50000000 1 1.00000000 0.00000000 0.00000000 0.00000000
Neuron 1178 3 0.21875000 1 1.00000000 0.00000000 0.00000000 0.00000000
Link 1 10 1 0 -1.77322120
Link 4 10 4 0 0.45780724
Link 8 10 8 0 2.80295121
Link 9 10 9 0 -1.38492881
Link 1 11 10 0 -2.28949051
Link 3 11 12 0 0.39831008
Link 6 11 15 0 -0.50597140
Link 7 11 16 0 -0.82243592
Link 9 11 18 0 0.82777864
Link 1 12 19 0 -3.46856418
Link 2 12 20 0 -0.82972064
Link 3 12 21 0 1.98506426
Link 9 12 27 0 -0.34856717
Link 1 13 28 0 0.49467538
Link 2 13 29 0 2.56932998
Link 6 13 33 0 -0.00094302
Link 8 13 35 0 -2.99931706
Link 1 14 37 0 -0.41993628
Link 2 14 38 0 1.41831720
Link 4 14 40 0 -1.00433147
Link 7 14 43 0 -1.89397447
Link 9 14 45 0 -0.72103453
Link 1 15 46 0 0.51966325
Link 3 15 48 0 0.34554605
Link 4 15 49 0 -1.35540825
Link 5 15 50 0 3.18032496
Link 6 15 51 0 0.45821797
Link 7 15 52 0 -1.80654303
Link 8 15 53 0 -0.63934445
Link 9 15 54 0 -1.60742979
Link 2 16 56 0 -1.47765097
Link 6 16 60 0 0.61018275
Link 8 16 62 0 1.50382103
Link 9 16 63 0 1.16363099
Link 18 10 69 0 -1.67222118
Link 6 20 74 0 -3.20040078
Link 20 12 75 0 -0.79501645
Link 22 15 81 0 0.37955885
Link 23 12 84 0 1.73416953
Link 4 26 93 0 0.40719888
Link 26 11 94 0 1.75882785
Link 7 39 133 0 0.78992431
Link 1 42 142 0 0.12935243
Link 42 16 143 0 -2.90345631
Link 47 12 158 0 -1.55164735
Link 51 12 171 0 -0.07815098
Link 13 13 177 1 0.81846133
Link 48 53 181 0 0.16317006
Link 53 10 182 0 2.05416028
Link 3 56 194 0 1.34783421
Link 56 16 195 0 3.29869874
Link 58 12 212 0 3.79300240
Link 7 61 225 0 1.06973806
Link 61 13 226 0 -0.29849483
Link 8 66 259 0 -1.58316058
Link 66 11 260 0 -2.70562911
Link 70 10 286 0 0.85206974
Link 3 72 313 0 1.71942753
Link 72 14 314 0 -2.13258083
Link 75 14 324 0 1.36321937
Link 45 78 367 0 0.66768944
Link 78 14 368 0 -3.41510770
Link 7 87 430 0 0.76257956
Link 87 47 431 0 1.85717182
Link 9 45 452 0 1.92304654
Link 3 96 494 0 -0.82407563
Link 96 10 495 0 1.79654114
Link 9 48 538 0 1.97231053
Link 9 42 712 0 -1.11834311
Link 6 131 834 0 1.43019724
Link 131 48 835 0 -0.61313788
Link 4 137 886 0 1.57289353
Link 7 137 910 0 -2.12334033
Link 8 148 986 0 3.22008581
Link 148 51 987 0 -1.33499534
Link 5 149 1002 0 -2.27091433
Link 149 70 1003 0 -3.60190085
Link 54 153 1039 0 1.06638281
Link 5 181 1230 0 0.22145420
Link 8 190 1285 0 -2.93992080
Link 190 74 1286 0 -1.60424866
Link 15 195 1329 1 -2.50749680
Link 195 48 1330 1 2.45947119
Link 199 23 1347 0 0.45189514
Link 74 201 1362 0 -0.00049246
Link 201 14 1363 0 2.05348302
Link 2 206 1390 0 -1.33489148
Link 206 18 1391 0 -0.52638992
Link 137 211 1429 0 -3.77866891
Link 211 54 1430 0 0.17557262
Link 222 48 1506 0 0.86184462
Link 48 232 1564 0 -0.09101914
Link 232 11 1565 0 -0.55582554
Link 238 11 1604 1 -0.67289735
Link 48 153 1614 0 0.71357597
Link 11 249 1710 1 -0.64157078
Link 249 238 1711 1 -2.92273492
Link 18 48 1739 0 -1.18076722
Link 39 262 1813 0 0.95345914
Link 262 16 1814 0 1.26899724
Link 271 43 1861 0 -1.63188912
Link 2 316 2145 0 -1.25505408
Link 316 22 2146 0 -0.07344864
Link 74 13 2174 0 -1.93426186
Link 8 53 2251 0 1.33561701
Link 43 332 2256 0 2.19995512
Link 332 13 2257 0 0.51167838
Link 54 15 2512 0 4.35733402
Link 15 396 2701 1 1.47068111
Link 396 54 2702 1 2.91923611
Link 403 48 2757 0 2.97373924
Link 6 74 2774 0 -1.64459858
Link 232 406 2776 1 0.80351913
Link 406 48 2777 1 -4.00318904
Link 4 416 2846 0 3.01896599
Link 7 42 2868 0 0.69300746
Link 13 232 2873 1 1.27943357
Link 2 432 2946 0 1.58356220
Link 432 74 2947 0 -0.05396807
Link 153 450 3080 0 1.09052677
Link 452 75 3105 0 0.56067697
Link 464 14 3189 0 1.21689759
Link 7 501 3576 0 -0.76710632
Link 501 153 3577 0 -0.93987362
Link 505 154 3607 0 -0.55924999
Link 416 510 3639 0 -0.03314726
Link 510 128 3640 0 0.34911377
Link 58 43 3680 0 0.02718711
Link 238 536 3815 1 1.34181578
Link 536 53 3816 1 -0.08364175
Link 48 538 3823 0 -1.99148174
Link 16 58 3886 1 -0.16633160
Link 464 464 3923 1 2.74721185
Link 556 18 3965 0 -0.55663424
Link 232 464 4042 0 1.44159647
Link 9 416 4124 0 0.72559844
Link 128 584 4208 0 1.81936659
Link 584 403 4209 0 1.87154384
Link 5 590 4261 0 2.81292934
Link 590 222 4262 0 -0.86621470
Link 42 43 4341 0 -1.07577848
Link 450 604 4408 0 2.04940019
Link 604 16 4409 0 -0.95032060
Link 403 42 4557 0 -0.75574865
Link 211 450 4595 0 -0.41040348
Link 533 638 4680 0 -1.59802249
Link 638 238 4681 0 -4.07900375
Link 2 648 4750 0 2.09212183
Link 648 533 4751 0 0.10377941
Link 638 75 4806 1 -0.73960458
Link 674 42 4929 0 0.09456272
Link 211 676 4945 1 0.82771449
Link 8 416 5070 0 0.02356119
Link 222 22 5301 0 -0.71064648
Link 11 154 5344 1 -1.92534165
Link 8 396 5400 0 -2.22640857
Link 222 15 5430 0 2.59867358
Link 763 638 5635 0 2.72675924
Link 53 783 5747 0 1.59893911
Link 783 763 5748 0 0.51238077
Link 45 232 5845 0 -0.39220375
Link 396 396 5853 1 -0.81677590
Link 181 815 5954 0 1.48247162
Link 815 45 5955 0 -0.27028551
Link 222 533 6010 0 0.07609821
Link 190 604 6069 0 0.51895973
Link 206 54 6070 0 0.21442071
Link 4 834 6113 0 1.33677074
Link 834 674 6114 0 0.16470616
Link 154 844 6212 0 3.46733463
Link 844 452 6213 0 -2.61964253
Link 96 536 6227 0 0.34989466
Link 850 199 6257 0 0.25617622
Link 70 14 6360 0 -1.59426101
Link 538 872 6413 0 -4.01005033
Link 3 885 6533 0 -3.57249893
Link 890 505 6552 1 -2.20100525
Link 5 452 6576 0 0.61750233
Link 54 43 6618 0 2.61129966
Link 7 533 6683 0 0.52900474
Link 148 74 6912 0 -0.30367994
Link 4 933 6957 0 2.10727449
Link 933 850 6958 0 2.23371969
Link 885 969 7254 0 0.03442247
Link 969 271 7255 0 2.34664304
Link 416 43 7347 0 3.55751646
Link 61 984 7387 0 0.57780521
Link 984 556 7388 0 -2.96017723
Link 15 316 7539 1 0.70709871
Link 604 12 7595 0 -1.36542296
Link 872 1015 7703 0 -1.24517882
Link 1015 16 7704 0 -1.37604062
Link 9 450 7723 0 -0.59612594
Link 43 271 7748 1 1.74804963
Link 43 1033 7929 1 1.00000000
Link 1033 43 7930 1 -0.47863550
Link 9 984 8064 0 0.70192276
Link 43 1070 8294 0 -2.23423917
Link 1070 18 8295 0 0.87286414
Link 96 1124 8833 0 2.09518591
Link 1124 54 8834 0 0.97773986
Link 149 872 8935 0 1.27244965
Link 128 450 8958 0 0.28172945
Link 556 47 8987 0 0.44303593
Link 676 1178 9392 1 0.42206563
Link 1178 890 9393 1 -0.11815156
Link 26 232 9544 0 -1.62725682
Link 58 54 9833 0 3.31639527
GenomeEnd

