GenomeStart 13232
Neuron 1 1 0.00000000 1 0.00000000 0.00000000 0.00000000 0.00000000
Neuron 2 1 0.00000000 1 0.00000000 0.00000000 0.00000000 0.00000000
Neuron 3 1 0.00000000 1 0.00000000 0.00000000 0.00000000 0.00000000
Neuron 4 1 0.00000000 1 0.00000000 0.00000000 0.00000000 0.00000000
Neuron 5 1 0.00000000 1 0.00000000 0.00000000 0.00000000 0.00000000
Neuron 6 1 0.00000000 1 0.00000000 0.00000000 0.00000000 0.00000000
Neuron 7 1 0.00000000 1 0.00000000 0.00000000 0.00000000 0.00000000
Neuron 8 1 0.00000000 1 0.00000000 0.00000000 0.00000000 0.00000000
Neuron 9 2 0.00000000 1 0.00000000 0.00000000 0.00000000 0.00000000
Neuron 10 4 1.00000000 0 1.00000000 0.00000000 0.00000000 0.00000000
Neuron 11 4 1.00000000 0 1.00000000 0.00000000 0.00000000 0.00000000
Neuron 12 4 1.00000000 0 1.00000000 0.00000000 0.00000000 0.00000000
Neuron 13 4 1.00000000 0 1.00000000 0.00000000 0.00000000 0.00000000
Neuron 14 4 1.00000000 0 1.00000000 0.00000000 0.00000000 0.00000000
Neuron 15 4 1.00000000 0 1.00000000 0.00000000 0.00000000 0.00000000
Neuron 16 4 1.00000000 0 1.00000000 0.00000000 0.00000000 0.00000000
Neuron 18 3 0.50000000 1 1.00000000 0.00000000 0.00000000 0.00000000
Neuron 48 3 0.50000000 1 1.00000000 0.00000000 0.00000000 0.00000000
Neuron 54 3 0.50000000 1 1.00000000 0.00000000 0.00000000 0.00000000
Neuron 74 3 0.50000000 1 1.00000000 0.00000000 0.00000000 0.00000000
Neuron 137 3 0.25000000 1 1.00000000 0.00000000 0.00000000 0.00000000
Neuron 153 3 0.75000000 1 1.00000000 0.00000000 0.00000000 0.00000000
Neuron 195 3 0.75000000 1 1.00000000 0.00000000 0.00000000 0.00000000
Neuron 232 3 0.75000000 1 1.00000000 0.00000000 0.00000000 0.00000000
Link 1 10 1 0 2.50665878
Link 3 10 3 0 1.30815703
Link 4 10 4 0 -2.11879398
Link 5 10 5 0 2.61067915
Link 8 10 8 0 3.15612729
Link 9 10 9 0 -0.53615250
Link 1 11 10 0 1.61595439
Link 3 11 12 0 -3.99959759
Link 4 11 13 0 0.00669382
Link 5 11 14 0 -0.12901546
Link 6 11 15 0 0.10816684
Link 7 11 16 0 -0.75460716
Link 8 11 17 0 -3.56340558
Link 9 11 18 0 0.92199745
Link 1 12 19 0 2.75772203
Link 2 12 20 0 -0.48161777
Link 3 12 21 0 -0.81413602
Link 4 12 22 0 0.78905466
Link 5 12 23 0 -1.03787955
Link 6 12 24 0 1.44249831
Link 7 12 25 0 -0.55155338
Link 8 12 26 0 0.97861909
Link 9 12 27 0 -1.37710330
Link 1 13 28 0 0.54262751
Link 2 13 29 0 0.19814831
Link 3 13 30 0 3.31670730
Link 4 13 31 0 -1.94564186
Link 5 13 32 0 -2.64221759
Link 6 13 33 0 4.03252610
Link 7 13 34 0 -1.73168110
Link 8 13 35 0 -2.32599004
Link 9 13 36 0 0.05149741
Link 1 14 37 0 1.06375665
Link 2 14 38 0 1.00881046
Link 3 14 39 0 0.83962317
Link 4 14 40 0 -1.80961361
Link 5 14 41 0 -2.01841195
Link 6 14 42 0 -0.29171801
Link 7 14 43 0 -0.69536606
Link 9 14 45 0 1.68865974
Link 1 15 46 0 0.00034328
Link 2 15 47 0 -3.02653228
Link 3 15 48 0 1.40211576
Link 4 15 49 0 0.03922557
Link 5 15 50 0 -0.48330550
Link 6 15 51 0 3.02787431
Link 7 15 52 0 0.21446444
Link 8 15 53 0 -3.09811936
Link 9 15 54 0 3.50182211
Link 1 16 55 0 1.72199173
Link 2 16 56 0 -1.99126602
Link 3 16 57 0 0.11096581
Link 5 16 59 0 0.94243534
Link 6 16 60 0 0.05894585
Link 7 16 61 0 -1.88261006
Link 8 16 62 0 0.23700471
Link 9 16 63 0 -0.28194366
Link 2 18 68 0 1.82595371
Link 18 10 69 0 0.87352924
Link 6 48 161 0 1.19332251
Link 48 10 162 0 0.06949850
Link 5 48 288 0 2.34218013
Link 15 54 295 1 0.18673693
Link 8 74 320 0 1.55434615
Link 74 14 321 0 -1.63065118
Link 4 48 333 0 1.67232552
Link 9 48 538 0 -1.36765747
Link 4 137 886 0 0.05888714
Link 137 54 887 0 -0.90322743
Link 7 137 910 0 -2.30687065
Link 54 153 1039 0 -1.02533816
Link 153 16 1040 0 -2.96301461
Link 7 153 1238 0 3.96651349
Link 48 16 1265 0 1.68110335
Link 15 195 1329 1 0.78562742
Link 195 48 1330 1 0.54518723
Link 48 232 1564 0 1.00000000
Link 232 11 1565 0 -0.32378449
Link 48 153 1614 0 2.27600848
Link 18 48 1739 0 0.51431669
Link 195 14 1799 0 -0.05055155
GenomeEnd

