GenomeStart 71612
Neuron 1 1 0.00000000 1 0.00000000 0.00000000 0.00000000 0.00000000
Neuron 2 1 0.00000000 1 0.00000000 0.00000000 0.00000000 0.00000000
Neuron 3 1 0.00000000 1 0.00000000 0.00000000 0.00000000 0.00000000
Neuron 4 1 0.00000000 1 0.00000000 0.00000000 0.00000000 0.00000000
Neuron 5 1 0.00000000 1 0.00000000 0.00000000 0.00000000 0.00000000
Neuron 6 1 0.00000000 1 0.00000000 0.00000000 0.00000000 0.00000000
Neuron 7 1 0.00000000 1 0.00000000 0.00000000 0.00000000 0.00000000
Neuron 8 1 0.00000000 1 0.00000000 0.00000000 0.00000000 0.00000000
Neuron 9 2 0.00000000 1 0.00000000 0.00000000 0.00000000 0.00000000
Neuron 10 4 1.00000000 0 1.00000000 0.00000000 0.00000000 0.00000000
Neuron 11 4 1.00000000 0 1.00000000 0.00000000 0.00000000 0.00000000
Neuron 12 4 1.00000000 0 1.00000000 0.00000000 0.00000000 0.00000000
Neuron 13 4 1.00000000 0 1.00000000 0.00000000 0.00000000 0.00000000
Neuron 14 4 1.00000000 0 1.00000000 0.00000000 0.00000000 0.00000000
Neuron 15 4 1.00000000 0 1.00000000 0.00000000 0.00000000 0.00000000
Neuron 16 4 1.00000000 0 1.00000000 0.00000000 0.00000000 0.00000000
Neuron 18 3 0.50000000 1 1.00000000 0.00000000 0.00000000 0.00000000
Neuron 20 3 0.50000000 1 1.00000000 0.00000000 0.00000000 0.00000000
Neuron 21 3 0.50000000 1 1.00000000 0.00000000 0.00000000 0.00000000
Neuron 22 3 0.50000000 1 1.00000000 0.00000000 0.00000000 0.00000000
Neuron 23 3 0.50000000 1 1.00000000 0.00000000 0.00000000 0.00000000
Neuron 26 3 0.50000000 1 1.00000000 0.00000000 0.00000000 0.00000000
Neuron 32 3 0.50000000 1 1.00000000 0.00000000 0.00000000 0.00000000
Neuron 33 3 0.50000000 1 1.00000000 0.00000000 0.00000000 0.00000000
Neuron 39 3 0.50000000 1 1.00000000 0.00000000 0.00000000 0.00000000
Neuron 42 3 0.50000000 1 1.00000000 0.00000000 0.00000000 0.00000000
Neuron 43 3 0.50000000 1 1.00000000 0.00000000 0.00000000 0.00000000
Neuron 45 3 0.50000000 1 1.00000000 0.00000000 0.00000000 0.00000000
Neuron 47 3 0.50000000 1 1.00000000 0.00000000 0.00000000 0.00000000
Neuron 48 3 0.50000000 1 1.00000000 0.00000000 0.00000000 0.00000000
Neuron 51 3 0.50000000 1 1.00000000 0.00000000 0.00000000 0.00000000
Neuron 53 3 0.75000000 1 1.00000000 0.00000000 0.00000000 0.00000000
Neuron 54 3 0.50000000 1 1.00000000 0.00000000 0.00000000 0.00000000
Neuron 56 3 0.50000000 1 1.00000000 0.00000000 0.00000000 0.00000000
Neuron 58 3 0.50000000 1 1.00000000 0.00000000 0.00000000 0.00000000
Neuron 61 3 0.50000000 1 1.00000000 0.00000000 0.00000000 0.00000000
Neuron 62 3 0.50000000 1 1.00000000 0.00000000 0.00000000 0.00000000
Neuron 70 3 0.50000000 1 1.00000000 0.00000000 0.00000000 0.00000000
Neuron 71 3 0.50000000 1 1.00000000 0.00000000 0.00000000 0.00000000
Neuron 72 3 0.50000000 1 1.00000000 0.00000000 0.00000000 0.00000000
Neuron 74 3 0.50000000 1 1.00000000 0.00000000 0.00000000 0.00000000
Neuron 75 3 0.50000000 1 1.00000000 0.00000000 0.00000000 0.00000000
Neuron 78 3 0.75000000 1 1.00000000 0.00000000 0.00000000 0.00000000
Neuron 87 3 0.25000000 1 1.00000000 0.00000000 0.00000000 0.00000000
Neuron 92 3 0.25000000 1 1.00000000 0.00000000 0.00000000 0.00000000
Neuron 96 3 0.50000000 1 1.00000000 0.00000000 0.00000000 0.00000000
Neuron 102 3 0.75000000 1 1.00000000 0.00000000 0.00000000 0.00000000
Neuron 107 3 0.75000000 1 1.00000000 0.00000000 0.00000000 0.00000000
Neuron 109 3 0.25000000 1 1.00000000 0.00000000 0.00000000 0.00000000
Neuron 128 3 0.25000000 1 1.00000000 0.00000000 0.00000000 0.00000000
Neuron 131 3 0.25000000 1 1.00000000 0.00000000 0.00000000 0.00000000
Neuron 137 3 0.25000000 1 1.00000000 0.00000000 0.00000000 0.00000000
Neuron 148 3 0.25000000 1 1.00000000 0.00000000 0.00000000 0.00000000
Neuron 153 3 0.75000000 1 1.00000000 0.00000000 0.00000000 0.00000000
Neuron 154 3 0.25000000 1 1.00000000 0.00000000 0.00000000 0.00000000
Neuron 158 3 0.37500000 1 1.00000000 0.00000000 0.00000000 0.00000000
Neuron 190 3 0.25000000 1 1.00000000 0.00000000 0.00000000 0.00000000
Neuron 195 3 0.75000000 1 1.00000000 0.00000000 0.00000000 0.00000000
Neuron 199 3 0.25000000 1 1.00000000 0.00000000 0.00000000 0.00000000
Neuron 206 3 0.25000000 1 1.00000000 0.00000000 0.00000000 0.00000000
Neuron 211 3 0.37500000 1 1.00000000 0.00000000 0.00000000 0.00000000
Neuron 216 3 0.62500000 1 1.00000000 0.00000000 0.00000000 0.00000000
Neuron 222 3 0.25000000 1 1.00000000 0.00000000 0.00000000 0.00000000
Neuron 232 3 0.75000000 1 1.00000000 0.00000000 0.00000000 0.00000000
Neuron 237 3 0.75000000 1 1.00000000 0.00000000 0.00000000 0.00000000
Neuron 238 3 1.00000000 1 1.00000000 0.00000000 0.00000000 0.00000000
Neuron 249 3 1.00000000 1 1.00000000 0.00000000 0.00000000 0.00000000
Neuron 262 3 0.75000000 1 1.00000000 0.00000000 0.00000000 0.00000000
Neuron 271 3 0.25000000 1 1.00000000 0.00000000 0.00000000 0.00000000
Neuron 275 3 0.75000000 1 1.00000000 0.00000000 0.00000000 0.00000000
Neuron 316 3 0.25000000 1 1.00000000 0.00000000 0.00000000 0.00000000
Neuron 332 3 0.75000000 1 1.00000000 0.00000000 0.00000000 0.00000000
Neuron 396 3 0.75000000 1 1.00000000 0.00000000 0.00000000 0.00000000
Neuron 403 3 0.37500000 1 1.00000000 0.00000000 0.00000000 0.00000000
Neuron 406 3 0.62500000 1 1.00000000 0.00000000 0.00000000 0.00000000
Neuron 412 3 0.37500000 1 1.00000000 0.00000000 0.00000000 0.00000000
Neuron 416 3 0.12500000 1 1.00000000 0.00000000 0.00000000 0.00000000
Neuron 432 3 0.25000000 1 1.00000000 0.00000000 0.00000000 0.00000000
Neuron 450 3 0.87500000 1 1.00000000 0.00000000 0.00000000 0.00000000
Neuron 452 3 0.37500000 1 1.00000000 0.00000000 0.00000000 0.00000000
Neuron 464 3 0.87500000 1 1.00000000 0.00000000 0.00000000 0.00000000
Neuron 505 3 0.12500000 1 1.00000000 0.00000000 0.00000000 0.00000000
Neuron 510 3 0.18750000 1 1.00000000 0.00000000 0.00000000 0.00000000
Neuron 533 3 0.50000000 1 1.00000000 0.00000000 0.00000000 0.00000000
Neuron 536 3 0.87500000 1 1.00000000 0.00000000 0.00000000 0.00000000
Neuron 538 3 0.75000000 1 1.00000000 0.00000000 0.00000000 0.00000000
Neuron 556 3 0.50000000 1 1.00000000 0.00000000 0.00000000 0.00000000
Neuron 600 3 0.37500000 1 1.00000000 0.00000000 0.00000000 0.00000000
Neuron 604 3 0.93750000 1 1.00000000 0.00000000 0.00000000 0.00000000
Neuron 638 3 0.75000000 1 1.00000000 0.00000000 0.00000000 0.00000000
Neuron 642 3 0.62500000 1 1.00000000 0.00000000 0.00000000 0.00000000
Neuron 648 3 0.25000000 1 1.00000000 0.00000000 0.00000000 0.00000000
Neuron 674 3 0.25000000 1 1.00000000 0.00000000 0.00000000 0.00000000
Neuron 676 3 0.25000000 1 1.00000000 0.00000000 0.00000000 0.00000000
Neuron 763 3 0.75000000 1 1.00000000 0.00000000 0.00000000 0.00000000
Neuron 772 3 0.87500000 1 1.00000000 0.00000000 0.00000000 0.00000000
Neuron 783 3 0.75000000 1 1.00000000 0.00000000 0.00000000 0.00000000
Neuron 807 3 0.96875000 1 1.00000000 0.00000000 0.00000000 0.00000000
Neuron 834 3 0.12500000 1 1.00000000 0.00000000 0.00000000 0.00000000
Neuron 850 3 0.12500000 1 1.00000000 0.00000000 0.00000000 0.00000000
Neuron 872 3 0.87500000 1 1.00000000 0.00000000 0.00000000 0.00000000
Neuron 885 3 0.12500000 1 1.00000000 0.00000000 0.00000000 0.00000000
Neuron 903 3 0.56250000 1 1.00000000 0.00000000 0.00000000 0.00000000
Neuron 906 3 0.62500000 1 1.00000000 0.00000000 0.00000000 0.00000000
Neuron 933 3 0.06250000 1 1.00000000 0.00000000 0.00000000 0.00000000
Neuron 968 3 0.81250000 1 1.00000000 0.00000000 0.00000000 0.00000000
Neuron 1007 3 0.37500000 1 1.00000000 0.00000000 0.00000000 0.00000000
Neuron 1022 3 0.25000000 1 1.00000000 0.00000000 0.00000000 0.00000000
Neuron 1045 3 0.06250000 1 1.00000000 0.00000000 0.00000000 0.00000000
Neuron 1057 3 0.31250000 1 1.00000000 0.00000000 0.00000000 0.00000000
Neuron 1058 3 0.75000000 1 1.00000000 0.00000000 0.00000000 0.00000000
Neuron 1096 3 0.09375000 1 1.00000000 0.00000000 0.00000000 0.00000000
Neuron 1113 3 0.34375000 1 1.00000000 0.00000000 0.00000000 0.00000000
Neuron 1151 3 0.87500000 1 1.00000000 0.00000000 0.00000000 0.00000000
Neuron 1167 3 0.28125000 1 1.00000000 0.00000000 0.00000000 0.00000000
Neuron 1188 3 0.75000000 1 1.00000000 0.00000000 0.00000000 0.00000000
Neuron 1203 3 0.50000000 1 1.00000000 0.00000000 0.00000000 0.00000000
Neuron 1231 3 0.50000000 1 1.00000000 0.00000000 0.00000000 0.00000000
Neuron 1291 3 0.50000000 1 1.00000000 0.00000000 0.00000000 0.00000000
Neuron 1366 3 0.56250000 1 1.00000000 0.00000000 0.00000000 0.00000000
Link 1 10 1 0 3.03705908
Link 4 10 4 0 2.07240258
Link 8 10 8 0 0.97735573
Link 9 10 9 0 -0.02408195
Link 1 11 10 0 3.15004196
Link 3 11 12 0 -2.50569975
Link 5 11 14 0 -0.18961715
Link 6 11 15 0 -1.85939330
Link 7 11 16 0 -1.12457870
Link 8 11 17 0 -0.98447733
Link 9 11 18 0 0.59703963
Link 1 12 19 0 1.10456918
Link 3 12 21 0 1.58582177
Link 9 12 27 0 2.28971907
Link 1 13 28 0 3.92370649
Link 2 13 29 0 -0.30319052
Link 6 13 33 0 -1.28444792
Link 8 13 35 0 -0.99948554
Link 4 14 40 0 0.23862355
Link 7 14 43 0 1.20316002
Link 9 14 45 0 1.78396285
Link 1 15 46 0 -4.18781026
Link 4 15 49 0 -2.07256101
Link 5 15 50 0 1.47115024
Link 7 15 52 0 -1.90735861
Link 8 15 53 0 -1.68929385
Link 9 15 54 0 -0.22600166
Link 8 16 62 0 0.70896141
Link 9 16 63 0 2.01756680
Link 18 10 69 0 -2.24551367
Link 2 21 77 0 0.39642388
Link 21 12 78 0 -1.15333502
Link 22 15 81 0 0.13871845
Link 23 12 84 0 3.30406872
Link 4 26 93 0 0.56732270
Link 3 32 111 0 2.06130361
Link 32 15 112 0 -0.79501324
Link 6 33 114 0 2.56425329
Link 33 16 115 0 -2.61884205
Link 1 42 142 0 -2.42995620
Link 42 16 143 0 2.54142332
Link 5 45 151 0 -0.28812820
Link 47 12 158 0 -0.58217726
Link 51 12 171 0 0.40876726
Link 13 13 177 1 -0.13621981
Link 48 53 181 0 -2.12485146
Link 53 10 182 0 0.26309057
Link 56 16 195 0 -1.96574744
Link 5 58 211 0 -1.37966267
Link 58 12 212 0 -2.39796761
Link 7 61 225 0 2.06258828
Link 61 13 226 0 0.98863487
Link 6 62 237 0 2.08991389
Link 62 15 238 0 -2.59340321
Link 5 70 285 0 -0.96209712
Link 2 71 297 0 2.11019157
Link 3 72 313 0 -0.91234782
Link 72 14 314 0 0.25945540
Link 74 14 321 0 -0.99454676
Link 75 14 324 0 -0.22975268
Link 7 87 430 0 -1.59650161
Link 9 45 452 0 -2.77981613
Link 7 92 475 0 0.60867376
Link 92 39 476 0 -0.94415862
Link 3 96 494 0 -3.79355990
Link 96 10 495 0 2.48012545
Link 9 48 538 0 1.77983938
Link 70 102 554 0 3.01019299
Link 102 10 555 0 -1.24495202
Link 20 107 581 0 -1.28862911
Link 107 12 582 0 -1.91413518
Link 6 109 595 0 0.80341417
Link 109 20 596 0 -3.92843276
Link 9 42 712 0 0.57017544
Link 6 131 834 0 -5.02938863
Link 4 137 886 0 3.00755758
Link 7 137 910 0 2.78823598
Link 8 148 986 0 -1.74442929
Link 148 51 987 0 -1.33131272
Link 158 47 1084 0 2.69981810
Link 7 153 1238 0 -2.74814793
Link 8 190 1285 0 1.46978345
Link 15 195 1329 1 1.62127952
Link 195 48 1330 1 -1.38503975
Link 199 23 1347 0 -0.82904923
Link 2 206 1390 0 -1.20764428
Link 206 18 1391 0 2.00457316
Link 137 211 1429 0 3.40741867
Link 54 216 1470 0 2.79648042
Link 216 153 1471 0 0.55838975
Link 5 222 1505 0 -1.41540801
Link 222 48 1506 0 -2.10601798
Link 48 232 1564 0 -1.03997559
Link 232 11 1565 0 0.56472693
Link 26 237 1600 0 1.48088547
Link 237 11 1601 0 -0.53140321
Link 238 11 1604 1 -2.02583940
Link 48 153 1614 0 -1.72082946
Link 11 249 1710 1 -0.04864628
Link 249 238 1711 1 0.22166966
Link 18 48 1739 0 0.12935828
Link 39 262 1813 0 1.61859081
Link 262 16 1814 0 -2.31498970
Link 71 275 1899 0 0.80049605
Link 275 16 1900 0 1.24867688
Link 2 316 2145 0 -4.29181214
Link 316 22 2146 0 -1.18981456
Link 74 13 2174 0 1.95263260
Link 43 332 2256 0 -2.11012083
Link 332 13 2257 0 2.68316123
Link 54 15 2512 0 -2.09612189
Link 15 396 2701 1 -1.27229199
Link 396 54 2702 1 -4.07130863
Link 128 403 2756 0 -0.56870290
Link 403 48 2757 0 1.93272705
Link 6 74 2774 0 -0.85546729
Link 232 406 2776 1 0.21134596
Link 190 412 2805 0 -0.06454765
Link 412 74 2806 0 3.05245989
Link 4 416 2846 0 0.48478518
Link 13 232 2873 1 0.06559457
Link 2 432 2946 0 2.84561899
Link 432 74 2947 0 -0.33835391
Link 153 450 3080 0 1.46448522
Link 154 452 3104 0 -0.01024437
Link 452 75 3105 0 -0.34927856
Link 464 14 3189 0 -1.44841563
Link 505 154 3607 0 0.03956176
Link 416 510 3639 0 -0.09180879
Link 510 128 3640 0 -1.54219136
Link 58 43 3680 0 0.57749879
Link 238 536 3815 1 -0.09378935
Link 536 53 3816 1 0.78338322
Link 16 58 3886 1 -3.26955280
Link 464 464 3923 1 -4.82441648
Link 61 556 3964 0 3.55609029
Link 556 18 3965 0 -0.40770268
Link 232 464 4042 0 0.26965664
Link 9 416 4124 0 1.66368549
Link 42 43 4341 0 -0.16030886
Link 131 600 4374 0 0.18819118
Link 600 48 4375 0 1.79826352
Link 450 604 4408 0 -0.61445065
Link 416 61 4472 0 -3.24368473
Link 533 638 4680 0 -0.16355948
Link 642 78 4718 0 -0.02861218
Link 2 648 4750 0 -1.19698788
Link 648 533 4751 0 3.37052282
Link 638 75 4806 1 0.35655934
Link 674 42 4929 0 -0.98718301
Link 211 676 4945 1 -0.73286098
Link 676 505 4946 1 -1.27184841
Link 222 22 5301 0 1.83486666
Link 8 396 5400 0 -0.24215804
Link 222 15 5430 0 3.82769522
Link 763 638 5635 0 2.76543872
Link 53 783 5747 0 2.62475027
Link 783 763 5748 0 0.31118734
Link 45 232 5845 0 0.71583200
Link 604 807 5913 0 -1.21427627
Link 807 16 5914 0 -2.54525480
Link 222 533 6010 0 -0.28272531
Link 190 604 6069 0 0.90488861
Link 206 54 6070 0 -3.76745667
Link 4 834 6113 0 -1.19227973
Link 834 674 6114 0 2.05305859
Link 96 536 6227 0 -0.41243731
Link 850 199 6257 0 -0.27526265
Link 70 14 6360 0 -0.77390246
Link 538 872 6413 0 -0.28196228
Link 872 16 6414 0 -2.07799669
Link 885 271 6534 0 2.66146871
Link 96 54 6560 0 -1.95133715
Link 5 452 6576 0 -0.24768758
Link 7 533 6683 0 4.70571992
Link 406 903 6685 1 1.05466536
Link 903 48 6686 1 -0.32609475
Link 48 906 6707 0 -1.10178985
Link 4 933 6957 0 -1.92644417
Link 933 850 6958 0 0.70077768
Link 43 18 7187 0 -2.31831749
Link 638 968 7241 0 0.24668152
Link 968 772 7242 0 0.70853783
Link 51 47 7305 0 -3.60427035
Link 933 763 7465 0 -1.80976414
Link 403 56 7501 0 1.31375941
Link 271 1007 7625 0 0.77797508
Link 1007 43 7626 0 3.28572863
Link 2 1022 7770 0 2.74144343
Link 1022 23 7771 0 -0.56924132
Link 23 39 7883 0 -2.41269058
Link 18 834 8028 1 1.99757992
Link 3 1045 8052 0 -1.33981764
Link 232 332 8133 0 0.04750297
Link 53 772 8169 0 2.14744202
Link 75 1058 8174 0 0.85474883
Link 20 238 8555 0 -0.42289933
Link 1045 1096 8580 0 1.88071852
Link 1096 885 8581 0 -2.39891646
Link 18 464 8612 0 1.89221447
Link 772 14 8628 0 -0.11124540
Link 1057 1113 8703 0 1.27291580
Link 1113 158 8704 0 0.81892452
Link 885 211 8729 0 2.43125984
Link 78 53 8784 0 -1.04430711
Link 56 22 8949 0 0.37541764
Link 1058 1151 9061 0 0.07258188
Link 1151 13 9062 0 -1.53643990
Link 906 536 9120 0 2.12274664
Link 9 87 9151 0 -0.16161816
Link 87 1167 9271 0 2.02645732
Link 1167 1057 9272 0 -1.39963609
Link 1 885 9309 0 -1.57525012
Link 21 406 9426 0 -0.05395280
Link 807 807 9463 1 0.79718251
Link 78 1188 9501 0 1.44085410
Link 1188 538 9502 0 3.32592670
Link 45 1203 9651 0 -0.49279394
Link 92 536 9692 0 -3.02252469
Link 1203 1231 9872 0 3.39282518
Link 1231 43 9873 0 0.16000604
Link 432 58 9895 0 -0.77072312
Link 416 538 9938 0 -4.29720452
Link 538 432 10000 1 -0.43675370
Link 674 510 10404 1 -3.27082841
Link 56 1291 10415 0 0.12917809
Link 1291 61 10416 0 -0.09572971
Link 332 604 10583 0 -2.42313692
Link 505 772 10652 0 -0.33150070
Link 1045 316 10770 0 -1.39250470
Link 604 538 10810 1 -4.38951960
Link 1113 1096 10886 1 -1.78760705
Link 772 13 11089 0 0.50816472
Link 45 1366 11109 0 1.84450469
Link 1366 642 11110 0 0.58089536
Link 452 275 11133 0 2.48486464
Link 1 416 11282 0 -3.82084433
GenomeEnd

