GenomeStart 111115
Neuron 1 1 0.00000000 1 0.00000000 0.00000000 0.00000000 0.00000000
Neuron 2 1 0.00000000 1 0.00000000 0.00000000 0.00000000 0.00000000
Neuron 3 1 0.00000000 1 0.00000000 0.00000000 0.00000000 0.00000000
Neuron 4 1 0.00000000 1 0.00000000 0.00000000 0.00000000 0.00000000
Neuron 5 1 0.00000000 1 0.00000000 0.00000000 0.00000000 0.00000000
Neuron 6 1 0.00000000 1 0.00000000 0.00000000 0.00000000 0.00000000
Neuron 7 1 0.00000000 1 0.00000000 0.00000000 0.00000000 0.00000000
Neuron 8 1 0.00000000 1 0.00000000 0.00000000 0.00000000 0.00000000
Neuron 9 2 0.00000000 1 0.00000000 0.00000000 0.00000000 0.00000000
Neuron 10 4 1.00000000 0 1.00000000 0.00000000 0.00000000 0.00000000
Neuron 11 4 1.00000000 0 1.00000000 0.00000000 0.00000000 0.00000000
Neuron 12 4 1.00000000 0 1.00000000 0.00000000 0.00000000 0.00000000
Neuron 13 4 1.00000000 0 1.00000000 0.00000000 0.00000000 0.00000000
Neuron 14 4 1.00000000 0 1.00000000 0.00000000 0.00000000 0.00000000
Neuron 15 4 1.00000000 0 1.00000000 0.00000000 0.00000000 0.00000000
Neuron 16 4 1.00000000 0 1.00000000 0.00000000 0.00000000 0.00000000
Neuron 17 3 0.50000000 1 1.00000000 0.00000000 0.00000000 0.00000000
Neuron 18 3 0.50000000 1 1.00000000 0.00000000 0.00000000 0.00000000
Neuron 19 3 0.50000000 1 1.00000000 0.00000000 0.00000000 0.00000000
Neuron 22 3 0.50000000 1 1.00000000 0.00000000 0.00000000 0.00000000
Neuron 23 3 0.50000000 1 1.00000000 0.00000000 0.00000000 0.00000000
Neuron 26 3 0.50000000 1 1.00000000 0.00000000 0.00000000 0.00000000
Neuron 28 3 0.50000000 1 1.00000000 0.00000000 0.00000000 0.00000000
Neuron 29 3 0.50000000 1 1.00000000 0.00000000 0.00000000 0.00000000
Neuron 30 3 0.50000000 1 1.00000000 0.00000000 0.00000000 0.00000000
Neuron 31 3 0.50000000 1 1.00000000 0.00000000 0.00000000 0.00000000
Neuron 32 3 0.50000000 1 1.00000000 0.00000000 0.00000000 0.00000000
Neuron 33 3 0.50000000 1 1.00000000 0.00000000 0.00000000 0.00000000
Neuron 34 3 0.50000000 1 1.00000000 0.00000000 0.00000000 0.00000000
Neuron 35 3 0.50000000 1 1.00000000 0.00000000 0.00000000 0.00000000
Neuron 36 3 0.50000000 1 1.00000000 0.00000000 0.00000000 0.00000000
Neuron 37 3 0.50000000 1 1.00000000 0.00000000 0.00000000 0.00000000
Neuron 38 3 0.50000000 1 1.00000000 0.00000000 0.00000000 0.00000000
Neuron 39 3 0.50000000 1 1.00000000 0.00000000 0.00000000 0.00000000
Neuron 40 3 0.50000000 1 1.00000000 0.00000000 0.00000000 0.00000000
Neuron 41 3 0.50000000 1 1.00000000 0.00000000 0.00000000 0.00000000
Neuron 42 3 0.50000000 1 1.00000000 0.00000000 0.00000000 0.00000000
Neuron 43 3 0.50000000 1 1.00000000 0.00000000 0.00000000 0.00000000
Neuron 44 3 0.50000000 1 1.00000000 0.00000000 0.00000000 0.00000000
Neuron 45 3 0.50000000 1 1.00000000 0.00000000 0.00000000 0.00000000
Neuron 46 3 0.50000000 1 1.00000000 0.00000000 0.00000000 0.00000000
Neuron 48 3 0.50000000 1 1.00000000 0.00000000 0.00000000 0.00000000
Neuron 50 3 0.50000000 1 1.00000000 0.00000000 0.00000000 0.00000000
Neuron 53 3 0.50000000 1 1.00000000 0.00000000 0.00000000 0.00000000
Neuron 54 3 0.50000000 1 1.00000000 0.00000000 0.00000000 0.00000000
Neuron 55 3 0.50000000 1 1.00000000 0.00000000 0.00000000 0.00000000
Neuron 56 3 0.50000000 1 1.00000000 0.00000000 0.00000000 0.00000000
Neuron 57 3 0.50000000 1 1.00000000 0.00000000 0.00000000 0.00000000
Neuron 58 3 0.50000000 1 1.00000000 0.00000000 0.00000000 0.00000000
Neuron 59 3 0.50000000 1 1.00000000 0.00000000 0.00000000 0.00000000
Neuron 61 3 0.50000000 1 1.00000000 0.00000000 0.00000000 0.00000000
Neuron 64 3 0.50000000 1 1.00000000 0.00000000 0.00000000 0.00000000
Neuron 65 3 0.75000000 1 1.00000000 0.00000000 0.00000000 0.00000000
Neuron 68 3 0.50000000 1 1.00000000 0.00000000 0.00000000 0.00000000
Neuron 69 3 0.75000000 1 1.00000000 0.00000000 0.00000000 0.00000000
Neuron 70 3 0.25000000 1 1.00000000 0.00000000 0.00000000 0.00000000
Neuron 71 3 0.50000000 1 1.00000000 0.00000000 0.00000000 0.00000000
Neuron 72 3 0.75000000 1 1.00000000 0.00000000 0.00000000 0.00000000
Neuron 76 3 0.50000000 1 1.00000000 0.00000000 0.00000000 0.00000000
Neuron 77 3 0.75000000 1 1.00000000 0.00000000 0.00000000 0.00000000
Neuron 80 3 0.75000000 1 1.00000000 0.00000000 0.00000000 0.00000000
Neuron 81 3 0.50000000 1 1.00000000 0.00000000 0.00000000 0.00000000
Neuron 84 3 0.75000000 1 1.00000000 0.00000000 0.00000000 0.00000000
Neuron 85 3 0.75000000 1 1.00000000 0.00000000 0.00000000 0.00000000
Neuron 86 3 0.25000000 1 1.00000000 0.00000000 0.00000000 0.00000000
Neuron 88 3 0.75000000 1 1.00000000 0.00000000 0.00000000 0.00000000
Neuron 90 3 0.25000000 1 1.00000000 0.00000000 0.00000000 0.00000000
Neuron 91 3 0.25000000 1 1.00000000 0.00000000 0.00000000 0.00000000
Neuron 95 3 0.75000000 1 1.00000000 0.00000000 0.00000000 0.00000000
Neuron 98 3 0.25000000 1 1.00000000 0.00000000 0.00000000 0.00000000
Neuron 100 3 0.50000000 1 1.00000000 0.00000000 0.00000000 0.00000000
Neuron 105 3 0.50000000 1 1.00000000 0.00000000 0.00000000 0.00000000
Neuron 108 3 0.75000000 1 1.00000000 0.00000000 0.00000000 0.00000000
Neuron 113 3 0.75000000 1 1.00000000 0.00000000 0.00000000 0.00000000
Neuron 118 3 0.25000000 1 1.00000000 0.00000000 0.00000000 0.00000000
Neuron 119 3 0.50000000 1 1.00000000 0.00000000 0.00000000 0.00000000
Neuron 123 3 0.25000000 1 1.00000000 0.00000000 0.00000000 0.00000000
Neuron 127 3 0.25000000 1 1.00000000 0.00000000 0.00000000 0.00000000
Neuron 129 3 0.75000000 1 1.00000000 0.00000000 0.00000000 0.00000000
Neuron 130 3 0.75000000 1 1.00000000 0.00000000 0.00000000 0.00000000
Neuron 131 3 0.62500000 1 1.00000000 0.00000000 0.00000000 0.00000000
Neuron 132 3 0.25000000 1 1.00000000 0.00000000 0.00000000 0.00000000
Neuron 138 3 0.75000000 1 1.00000000 0.00000000 0.00000000 0.00000000
Neuron 139 3 0.25000000 1 1.00000000 0.00000000 0.00000000 0.00000000
Neuron 142 3 0.75000000 1 1.00000000 0.00000000 0.00000000 0.00000000
Neuron 145 3 0.25000000 1 1.00000000 0.00000000 0.00000000 0.00000000
Neuron 147 3 0.25000000 1 1.00000000 0.00000000 0.00000000 0.00000000
Neuron 153 3 0.62500000 1 1.00000000 0.00000000 0.00000000 0.00000000
Neuron 156 3 0.75000000 1 1.00000000 0.00000000 0.00000000 0.00000000
Neuron 159 3 0.25000000 1 1.00000000 0.00000000 0.00000000 0.00000000
Neuron 161 3 0.37500000 1 1.00000000 0.00000000 0.00000000 0.00000000
Neuron 164 3 0.31250000 1 1.00000000 0.00000000 0.00000000 0.00000000
Neuron 165 3 0.25000000 1 1.00000000 0.00000000 0.00000000 0.00000000
Neuron 168 3 0.75000000 1 1.00000000 0.00000000 0.00000000 0.00000000
Neuron 170 3 0.75000000 1 1.00000000 0.00000000 0.00000000 0.00000000
Neuron 175 3 0.25000000 1 1.00000000 0.00000000 0.00000000 0.00000000
Neuron 176 3 0.25000000 1 1.00000000 0.00000000 0.00000000 0.00000000
Neuron 177 3 0.62500000 1 1.00000000 0.00000000 0.00000000 0.00000000
Neuron 178 3 0.75000000 1 1.00000000 0.00000000 0.00000000 0.00000000
Neuron 180 3 0.50000000 1 1.00000000 0.00000000 0.00000000 0.00000000
Neuron 183 3 0.75000000 1 1.00000000 0.00000000 0.00000000 0.00000000
Neuron 187 3 0.75000000 1 1.00000000 0.00000000 0.00000000 0.00000000
Neuron 193 3 0.75000000 1 1.00000000 0.00000000 0.00000000 0.00000000
Neuron 207 3 0.75000000 1 1.00000000 0.00000000 0.00000000 0.00000000
Neuron 211 3 0.25000000 1 1.00000000 0.00000000 0.00000000 0.00000000
Neuron 212 3 0.25000000 1 1.00000000 0.00000000 0.00000000 0.00000000
Neuron 214 3 0.25000000 1 1.00000000 0.00000000 0.00000000 0.00000000
Neuron 221 3 0.37500000 1 1.00000000 0.00000000 0.00000000 0.00000000
Neuron 223 3 0.75000000 1 1.00000000 0.00000000 0.00000000 0.00000000
Neuron 226 3 0.25000000 1 1.00000000 0.00000000 0.00000000 0.00000000
Neuron 229 3 0.37500000 1 1.00000000 0.00000000 0.00000000 0.00000000
Neuron 231 3 0.25000000 1 1.00000000 0.00000000 0.00000000 0.00000000
Neuron 232 3 0.75000000 1 1.00000000 0.00000000 0.00000000 0.00000000
Neuron 234 3 0.25000000 1 1.00000000 0.00000000 0.00000000 0.00000000
Neuron 235 3 0.25000000 1 1.00000000 0.00000000 0.00000000 0.00000000
Neuron 239 3 0.75000000 1 1.00000000 0.00000000 0.00000000 0.00000000
Neuron 245 3 0.25000000 1 1.00000000 0.00000000 0.00000000 0.00000000
Neuron 249 3 0.12500000 1 1.00000000 0.00000000 0.00000000 0.00000000
Neuron 251 3 0.87500000 1 1.00000000 0.00000000 0.00000000 0.00000000
Neuron 252 3 0.75000000 1 1.00000000 0.00000000 0.00000000 0.00000000
Neuron 262 3 0.50000000 1 1.00000000 0.00000000 0.00000000 0.00000000
Neuron 278 3 0.75000000 1 1.00000000 0.00000000 0.00000000 0.00000000
Neuron 282 3 0.37500000 1 1.00000000 0.00000000 0.00000000 0.00000000
Neuron 288 3 0.87500000 1 1.00000000 0.00000000 0.00000000 0.00000000
Neuron 291 3 0.25000000 1 1.00000000 0.00000000 0.00000000 0.00000000
Neuron 297 3 0.50000000 1 1.00000000 0.00000000 0.00000000 0.00000000
Neuron 301 3 0.50000000 1 1.00000000 0.00000000 0.00000000 0.00000000
Neuron 310 3 0.75000000 1 1.00000000 0.00000000 0.00000000 0.00000000
Neuron 312 3 0.50000000 1 1.00000000 0.00000000 0.00000000 0.00000000
Neuron 322 3 0.93750000 1 1.00000000 0.00000000 0.00000000 0.00000000
Neuron 325 3 0.12500000 1 1.00000000 0.00000000 0.00000000 0.00000000
Neuron 338 3 0.25000000 1 1.00000000 0.00000000 0.00000000 0.00000000
Neuron 340 3 0.75000000 1 1.00000000 0.00000000 0.00000000 0.00000000
Neuron 351 3 0.37500000 1 1.00000000 0.00000000 0.00000000 0.00000000
Neuron 372 3 0.87500000 1 1.00000000 0.00000000 0.00000000 0.00000000
Neuron 377 3 0.50000000 1 1.00000000 0.00000000 0.00000000 0.00000000
Neuron 392 3 0.43750000 1 1.00000000 0.00000000 0.00000000 0.00000000
Neuron 393 3 0.37500000 1 1.00000000 0.00000000 0.00000000 0.00000000
Neuron 400 3 0.25000000 1 1.00000000 0.00000000 0.00000000 0.00000000
Neuron 413 3 0.75000000 1 1.00000000 0.00000000 0.00000000 0.00000000
Neuron 419 3 0.50000000 1 1.00000000 0.00000000 0.00000000 0.00000000
Neuron 422 3 0.87500000 1 1.00000000 0.00000000 0.00000000 0.00000000
Neuron 426 3 0.62500000 1 1.00000000 0.00000000 0.00000000 0.00000000
Neuron 428 3 0.37500000 1 1.00000000 0.00000000 0.00000000 0.00000000
Neuron 429 3 0.37500000 1 1.00000000 0.00000000 0.00000000 0.00000000
Neuron 430 3 0.25000000 1 1.00000000 0.00000000 0.00000000 0.00000000
Neuron 433 3 0.75000000 1 1.00000000 0.00000000 0.00000000 0.00000000
Neuron 434 3 0.50000000 1 1.00000000 0.00000000 0.00000000 0.00000000
Neuron 435 3 0.31250000 1 1.00000000 0.00000000 0.00000000 0.00000000
Neuron 436 3 0.87500000 1 1.00000000 0.00000000 0.00000000 0.00000000
Neuron 440 3 0.62500000 1 1.00000000 0.00000000 0.00000000 0.00000000
Neuron 444 3 0.12500000 1 1.00000000 0.00000000 0.00000000 0.00000000
Neuron 447 3 0.18750000 1 1.00000000 0.00000000 0.00000000 0.00000000
Neuron 451 3 0.12500000 1 1.00000000 0.00000000 0.00000000 0.00000000
Neuron 454 3 0.50000000 1 1.00000000 0.00000000 0.00000000 0.00000000
Neuron 458 3 0.34375000 1 1.00000000 0.00000000 0.00000000 0.00000000
Neuron 462 3 1.00000000 1 1.00000000 0.00000000 0.00000000 0.00000000
Neuron 466 3 0.12500000 1 1.00000000 0.00000000 0.00000000 0.00000000
Neuron 472 3 0.50000000 1 1.00000000 0.00000000 0.00000000 0.00000000
Neuron 474 3 0.87500000 1 1.00000000 0.00000000 0.00000000 0.00000000
Neuron 476 3 0.12500000 1 1.00000000 0.00000000 0.00000000 0.00000000
Neuron 477 3 0.75000000 1 1.00000000 0.00000000 0.00000000 0.00000000
Neuron 478 3 0.56250000 1 1.00000000 0.00000000 0.00000000 0.00000000
Neuron 479 3 0.43750000 1 1.00000000 0.00000000 0.00000000 0.00000000
Neuron 482 3 0.37500000 1 1.00000000 0.00000000 0.00000000 0.00000000
Neuron 494 3 1.00000000 1 1.00000000 0.00000000 0.00000000 0.00000000
Neuron 514 3 0.25000000 1 1.00000000 0.00000000 0.00000000 0.00000000
Neuron 519 3 1.00000000 1 1.00000000 0.00000000 0.00000000 0.00000000
Neuron 524 3 0.62500000 1 1.00000000 0.00000000 0.00000000 0.00000000
Neuron 527 3 0.87500000 1 1.00000000 0.00000000 0.00000000 0.00000000
Neuron 529 3 0.87500000 1 1.00000000 0.00000000 0.00000000 0.00000000
Neuron 530 3 0.12500000 1 1.00000000 0.00000000 0.00000000 0.00000000
Neuron 535 3 0.50000000 1 1.00000000 0.00000000 0.00000000 0.00000000
Neuron 539 3 0.75000000 1 1.00000000 0.00000000 0.00000000 0.00000000
Neuron 540 3 0.62500000 1 1.00000000 0.00000000 0.00000000 0.00000000
Neuron 544 3 0.87500000 1 1.00000000 0.00000000 0.00000000 0.00000000
Neuron 548 3 0.37500000 1 1.00000000 0.00000000 0.00000000 0.00000000
Neuron 549 3 0.62500000 1 1.00000000 0.00000000 0.00000000 0.00000000
Neuron 555 3 0.37500000 1 1.00000000 0.00000000 0.00000000 0.00000000
Neuron 558 3 0.50000000 1 1.00000000 0.00000000 0.00000000 0.00000000
Neuron 563 3 0.56250000 1 1.00000000 0.00000000 0.00000000 0.00000000
Neuron 564 3 0.28125000 1 1.00000000 0.00000000 0.00000000 0.00000000
Neuron 569 3 0.25000000 1 1.00000000 0.00000000 0.00000000 0.00000000
Neuron 575 3 0.18750000 1 1.00000000 0.00000000 0.00000000 0.00000000
Neuron 579 3 0.46875000 1 1.00000000 0.00000000 0.00000000 0.00000000
Neuron 584 3 0.81250000 1 1.00000000 0.00000000 0.00000000 0.00000000
Neuron 589 3 0.93750000 1 1.00000000 0.00000000 0.00000000 0.00000000
Neuron 598 3 0.25000000 1 1.00000000 0.00000000 0.00000000 0.00000000
Neuron 605 3 0.21875000 1 1.00000000 0.00000000 0.00000000 0.00000000
Neuron 609 3 0.43750000 1 1.00000000 0.00000000 0.00000000 0.00000000
Neuron 611 3 0.50000000 1 1.00000000 0.00000000 0.00000000 0.00000000
Neuron 614 3 0.37500000 1 1.00000000 0.00000000 0.00000000 0.00000000
Neuron 619 3 0.93750000 1 1.00000000 0.00000000 0.00000000 0.00000000
Neuron 625 3 0.62500000 1 1.00000000 0.00000000 0.00000000 0.00000000
Neuron 628 3 0.93750000 1 1.00000000 0.00000000 0.00000000 0.00000000
Neuron 630 3 0.50000000 1 1.00000000 0.00000000 0.00000000 0.00000000
Neuron 631 3 0.62500000 1 1.00000000 0.00000000 0.00000000 0.00000000
Neuron 632 3 0.90625000 1 1.00000000 0.00000000 0.00000000 0.00000000
Neuron 636 3 0.40625000 1 1.00000000 0.00000000 0.00000000 0.00000000
Neuron 637 3 0.50000000 1 1.00000000 0.00000000 0.00000000 0.00000000
Neuron 638 3 0.43750000 1 1.00000000 0.00000000 0.00000000 0.00000000
Neuron 643 3 0.43750000 1 1.00000000 0.00000000 0.00000000 0.00000000
Neuron 645 3 0.12500000 1 1.00000000 0.00000000 0.00000000 0.00000000
Neuron 646 3 0.62500000 1 1.00000000 0.00000000 0.00000000 0.00000000
Neuron 648 3 0.62500000 1 1.00000000 0.00000000 0.00000000 0.00000000
Neuron 649 3 0.50000000 1 1.00000000 0.00000000 0.00000000 0.00000000
Neuron 651 3 0.68750000 1 1.00000000 0.00000000 0.00000000 0.00000000
Neuron 657 3 0.43750000 1 1.00000000 0.00000000 0.00000000 0.00000000
Neuron 659 3 0.17187500 1 1.00000000 0.00000000 0.00000000 0.00000000
Neuron 661 3 0.18750000 1 1.00000000 0.00000000 0.00000000 0.00000000
Neuron 671 3 0.81250000 1 1.00000000 0.00000000 0.00000000 0.00000000
Neuron 676 3 0.62500000 1 1.00000000 0.00000000 0.00000000 0.00000000
Neuron 677 3 0.75000000 1 1.00000000 0.00000000 0.00000000 0.00000000
Neuron 680 3 0.50000000 1 1.00000000 0.00000000 0.00000000 0.00000000
Neuron 681 3 0.68750000 1 1.00000000 0.00000000 0.00000000 0.00000000
Neuron 682 3 0.25000000 1 1.00000000 0.00000000 0.00000000 0.00000000
Neuron 683 3 0.25000000 1 1.00000000 0.00000000 0.00000000 0.00000000
Neuron 687 3 0.50000000 1 1.00000000 0.00000000 0.00000000 0.00000000
Neuron 688 3 0.62500000 1 1.00000000 0.00000000 0.00000000 0.00000000
Neuron 689 3 0.87500000 1 1.00000000 0.00000000 0.00000000 0.00000000
Neuron 691 3 0.75000000 1 1.00000000 0.00000000 0.00000000 0.00000000
Neuron 694 3 0.87500000 1 1.00000000 0.00000000 0.00000000 0.00000000
Neuron 698 3 0.25000000 1 1.00000000 0.00000000 0.00000000 0.00000000
Neuron 706 3 0.96875000 1 1.00000000 0.00000000 0.00000000 0.00000000
Neuron 708 3 0.06250000 1 1.00000000 0.00000000 0.00000000 0.00000000
Neuron 710 3 0.12500000 1 1.00000000 0.00000000 0.00000000 0.00000000
Neuron 712 3 0.68750000 1 1.00000000 0.00000000 0.00000000 0.00000000
Neuron 715 3 0.75000000 1 1.00000000 0.00000000 0.00000000 0.00000000
Neuron 721 3 0.50000000 1 1.00000000 0.00000000 0.00000000 0.00000000
Neuron 723 3 0.68750000 1 1.00000000 0.00000000 0.00000000 0.00000000
Neuron 724 3 0.12500000 1 1.00000000 0.00000000 0.00000000 0.00000000
Neuron 732 3 0.50000000 1 1.00000000 0.00000000 0.00000000 0.00000000
Neuron 736 3 0.68750000 1 1.00000000 0.00000000 0.00000000 0.00000000
Neuron 745 3 0.75000000 1 1.00000000 0.00000000 0.00000000 0.00000000
Neuron 752 3 0.50000000 1 1.00000000 0.00000000 0.00000000 0.00000000
Neuron 754 3 0.50000000 1 1.00000000 0.00000000 0.00000000 0.00000000
Neuron 765 3 0.37500000 1 1.00000000 0.00000000 0.00000000 0.00000000
Neuron 772 3 0.43750000 1 1.00000000 0.00000000 0.00000000 0.00000000
Neuron 780 3 0.37500000 1 1.00000000 0.00000000 0.00000000 0.00000000
Neuron 786 3 0.18750000 1 1.00000000 0.00000000 0.00000000 0.00000000
Neuron 788 3 0.18750000 1 1.00000000 0.00000000 0.00000000 0.00000000
Neuron 796 3 0.50000000 1 1.00000000 0.00000000 0.00000000 0.00000000
Neuron 798 3 0.95312500 1 1.00000000 0.00000000 0.00000000 0.00000000
Neuron 804 3 0.78125000 1 1.00000000 0.00000000 0.00000000 0.00000000
Neuron 817 3 0.50000000 1 1.00000000 0.00000000 0.00000000 0.00000000
Neuron 820 3 0.43750000 1 1.00000000 0.00000000 0.00000000 0.00000000
Neuron 821 3 0.54687500 1 1.00000000 0.00000000 0.00000000 0.00000000
Neuron 826 3 0.26562500 1 1.00000000 0.00000000 0.00000000 0.00000000
Neuron 830 3 0.68750000 1 1.00000000 0.00000000 0.00000000 0.00000000
Neuron 844 3 0.59375000 1 1.00000000 0.00000000 0.00000000 0.00000000
Neuron 858 3 0.37500000 1 1.00000000 0.00000000 0.00000000 0.00000000
Neuron 871 3 0.50000000 1 1.00000000 0.00000000 0.00000000 0.00000000
Neuron 882 3 0.62500000 1 1.00000000 0.00000000 0.00000000 0.00000000
Neuron 885 3 0.75000000 1 1.00000000 0.00000000 0.00000000 0.00000000
Neuron 891 3 0.50000000 1 1.00000000 0.00000000 0.00000000 0.00000000
Neuron 896 3 0.12500000 1 1.00000000 0.00000000 0.00000000 0.00000000
Neuron 900 3 0.37500000 1 1.00000000 0.00000000 0.00000000 0.00000000
Neuron 911 3 0.84375000 1 1.00000000 0.00000000 0.00000000 0.00000000
Neuron 917 3 0.62500000 1 1.00000000 0.00000000 0.00000000 0.00000000
Neuron 919 3 0.62500000 1 1.00000000 0.00000000 0.00000000 0.00000000
Neuron 922 3 0.59375000 1 1.00000000 0.00000000 0.00000000 0.00000000
Neuron 923 3 0.87500000 1 1.00000000 0.00000000 0.00000000 0.00000000
Neuron 946 3 0.50000000 1 1.00000000 0.00000000 0.00000000 0.00000000
Neuron 971 3 0.81250000 1 1.00000000 0.00000000 0.00000000 0.00000000
Neuron 980 3 0.43750000 1 1.00000000 0.00000000 0.00000000 0.00000000
Neuron 991 3 0.50000000 1 1.00000000 0.00000000 0.00000000 0.00000000
Neuron 992 3 0.85937500 1 1.00000000 0.00000000 0.00000000 0.00000000
Neuron 993 3 0.56250000 1 1.00000000 0.00000000 0.00000000 0.00000000
Neuron 996 3 0.75000000 1 1.00000000 0.00000000 0.00000000 0.00000000
Neuron 1003 3 0.39062500 1 1.00000000 0.00000000 0.00000000 0.00000000
Neuron 1009 3 0.71875000 1 1.00000000 0.00000000 0.00000000 0.00000000
Neuron 1021 3 0.06250000 1 1.00000000 0.00000000 0.00000000 0.00000000
Neuron 1029 3 0.75000000 1 1.00000000 0.00000000 0.00000000 0.00000000
Neuron 1034 3 0.37500000 1 1.00000000 0.00000000 0.00000000 0.00000000
Neuron 1039 3 0.68750000 1 1.00000000 0.00000000 0.00000000 0.00000000
Neuron 1043 3 0.62500000 1 1.00000000 0.00000000 0.00000000 0.00000000
Neuron 1050 3 0.25000000 1 1.00000000 0.00000000 0.00000000 0.00000000
Neuron 1079 3 0.56250000 1 1.00000000 0.00000000 0.00000000 0.00000000
Neuron 1080 3 1.00000000 1 1.00000000 0.00000000 0.00000000 0.00000000
Neuron 1093 3 0.56250000 1 1.00000000 0.00000000 0.00000000 0.00000000
Neuron 1110 3 0.43750000 1 1.00000000 0.00000000 0.00000000 0.00000000
Neuron 1121 3 0.50000000 1 1.00000000 0.00000000 0.00000000 0.00000000
Neuron 1154 3 0.31250000 1 1.00000000 0.00000000 0.00000000 0.00000000
Neuron 1155 3 0.50000000 1 1.00000000 0.00000000 0.00000000 0.00000000
Neuron 1170 3 0.14843750 1 1.00000000 0.00000000 0.00000000 0.00000000
Neuron 1188 3 0.59375000 1 1.00000000 0.00000000 0.00000000 0.00000000
Neuron 1194 3 0.62500000 1 1.00000000 0.00000000 0.00000000 0.00000000
Neuron 1198 3 0.25000000 1 1.00000000 0.00000000 0.00000000 0.00000000
Neuron 1202 3 0.86718750 1 1.00000000 0.00000000 0.00000000 0.00000000
Neuron 1206 3 0.50000000 1 1.00000000 0.00000000 0.00000000 0.00000000
Neuron 1211 3 0.71875000 1 1.00000000 0.00000000 0.00000000 0.00000000
Neuron 1222 3 0.68750000 1 1.00000000 0.00000000 0.00000000 0.00000000
Neuron 1237 3 0.78125000 1 1.00000000 0.00000000 0.00000000 0.00000000
Neuron 1241 3 0.62500000 1 1.00000000 0.00000000 0.00000000 0.00000000
Neuron 1247 3 0.50000000 1 1.00000000 0.00000000 0.00000000 0.00000000
Neuron 1273 3 0.46875000 1 1.00000000 0.00000000 0.00000000 0.00000000
Neuron 1279 3 0.81250000 1 1.00000000 0.00000000 0.00000000 0.00000000
Neuron 1302 3 0.81250000 1 1.00000000 0.00000000 0.00000000 0.00000000
Neuron 1319 3 0.31250000 1 1.00000000 0.00000000 0.00000000 0.00000000
Neuron 1321 3 0.54687500 1 1.00000000 0.00000000 0.00000000 0.00000000
Neuron 1331 3 0.25000000 1 1.00000000 0.00000000 0.00000000 0.00000000
Neuron 1350 3 0.50000000 1 1.00000000 0.00000000 0.00000000 0.00000000
Neuron 1366 3 0.50000000 1 1.00000000 0.00000000 0.00000000 0.00000000
Neuron 1372 3 0.62500000 1 1.00000000 0.00000000 0.00000000 0.00000000
Neuron 1380 3 0.75000000 1 1.00000000 0.00000000 0.00000000 0.00000000
Neuron 1390 3 0.37500000 1 1.00000000 0.00000000 0.00000000 0.00000000
Neuron 1395 3 0.62500000 1 1.00000000 0.00000000 0.00000000 0.00000000
Neuron 1397 3 0.75000000 1 1.00000000 0.00000000 0.00000000 0.00000000
Neuron 1399 3 0.50000000 1 1.00000000 0.00000000 0.00000000 0.00000000
Neuron 1417 3 0.50000000 1 1.00000000 0.00000000 0.00000000 0.00000000
Neuron 1434 3 0.50000000 1 1.00000000 0.00000000 0.00000000 0.00000000
Neuron 1439 3 1.00000000 1 1.00000000 0.00000000 0.00000000 0.00000000
Neuron 1454 3 0.75000000 1 1.00000000 0.00000000 0.00000000 0.00000000
Neuron 1472 3 0.81250000 1 1.00000000 0.00000000 0.00000000 0.00000000
Neuron 1489 3 0.37500000 1 1.00000000 0.00000000 0.00000000 0.00000000
Neuron 1493 3 0.25000000 1 1.00000000 0.00000000 0.00000000 0.00000000
Neuron 1497 3 0.56250000 1 1.00000000 0.00000000 0.00000000 0.00000000
Neuron 1528 3 0.50000000 1 1.00000000 0.00000000 0.00000000 0.00000000
Neuron 1615 3 0.25000000 1 1.00000000 0.00000000 0.00000000 0.00000000
Neuron 1620 3 0.56250000 1 1.00000000 0.00000000 0.00000000 0.00000000
Neuron 1626 3 0.68750000 1 1.00000000 0.00000000 0.00000000 0.00000000
Neuron 1688 3 0.64062500 1 1.00000000 0.00000000 0.00000000 0.00000000
Neuron 1703 3 0.25000000 1 1.00000000 0.00000000 0.00000000 0.00000000
Neuron 1761 3 0.50000000 1 1.00000000 0.00000000 0.00000000 0.00000000
Neuron 1810 3 0.25000000 1 1.00000000 0.00000000 0.00000000 0.00000000
Neuron 1894 3 0.43750000 1 1.00000000 0.00000000 0.00000000 0.00000000
Neuron 1933 3 0.50000000 1 1.00000000 0.00000000 0.00000000 0.00000000
Neuron 1950 3 0.50000000 1 1.00000000 0.00000000 0.00000000 0.00000000
Neuron 2009 3 0.25000000 1 1.00000000 0.00000000 0.00000000 0.00000000
Neuron 2021 3 0.43750000 1 1.00000000 0.00000000 0.00000000 0.00000000
Link 1 10 1 0 -4.33637810
Link 2 10 2 0 2.84374091
Link 3 10 3 0 0.10010022
Link 4 10 4 0 2.06645246
Link 6 10 6 0 -2.00980585
Link 8 10 8 0 -0.36298125
Link 9 10 9 0 -0.59368968
Link 1 11 10 0 -1.45009802
Link 2 11 11 0 -1.15962911
Link 3 11 12 0 3.15227457
Link 4 11 13 0 2.35808630
Link 5 11 14 0 1.70359135
Link 6 11 15 0 -1.15676629
Link 7 11 16 0 0.70126715
Link 8 11 17 0 -2.11482413
Link 9 11 18 0 1.47100601
Link 1 12 19 0 -1.59014305
Link 3 12 21 0 2.42113525
Link 4 12 22 0 1.39186183
Link 5 12 23 0 -2.53419394
Link 6 12 24 0 -1.49108771
Link 7 12 25 0 0.95244075
Link 8 12 26 0 0.17227130
Link 9 12 27 0 1.51276426
Link 1 13 28 0 -1.75969489
Link 3 13 30 0 2.07273671
Link 4 13 31 0 0.92723448
Link 6 13 33 0 0.85818676
Link 9 13 36 0 0.56195547
Link 3 14 39 0 -0.26131775
Link 4 14 40 0 -1.32631053
Link 6 14 42 0 0.87316610
Link 8 14 44 0 0.60204050
Link 9 14 45 0 -2.58136952
Link 1 15 46 0 -0.57100067
Link 2 15 47 0 -2.40969056
Link 3 15 48 0 0.61689600
Link 4 15 49 0 -0.74615532
Link 5 15 50 0 -2.37366867
Link 6 15 51 0 0.45398532
Link 7 15 52 0 -1.25448140
Link 8 15 53 0 2.07650947
Link 9 15 54 0 -1.31989480
Link 1 16 55 0 -3.27843913
Link 2 16 56 0 0.03869282
Link 3 16 57 0 -3.63069733
Link 4 16 58 0 0.33438889
Link 5 16 59 0 0.63881616
Link 7 16 61 0 -2.72884875
Link 8 16 62 0 0.34744456
Link 9 16 63 0 2.14456671
Link 4 17 65 0 0.81787948
Link 6 18 68 0 -1.83699367
Link 18 12 69 0 -1.89374370
Link 2 19 71 0 0.23640679
Link 19 10 72 0 -2.38151284
Link 6 22 80 0 -1.86755624
Link 22 16 81 0 -0.12201910
Link 23 11 84 0 -1.51951597
Link 5 26 93 0 -0.42397682
Link 6 28 99 0 0.34084210
Link 28 10 100 0 1.61148119
Link 8 29 102 0 1.84863839
Link 2 30 105 0 1.96181471
Link 30 14 106 0 -3.57926379
Link 3 31 108 0 1.29311707
Link 31 13 109 0 0.52548764
Link 8 32 111 0 -1.16878233
Link 32 13 112 0 1.04518171
Link 6 33 115 0 1.69041576
Link 33 13 116 0 -0.34896623
Link 34 12 119 0 0.09746528
Link 5 35 121 0 -0.39153931
Link 35 13 122 0 0.13156216
Link 13 13 124 1 -0.61461900
Link 4 36 126 0 -0.41731325
Link 36 14 127 0 -2.96388015
Link 2 37 129 0 1.79797950
Link 37 15 130 0 2.05996422
Link 2 38 132 0 -1.25965960
Link 38 12 133 0 -1.05634729
Link 6 39 135 0 2.69393452
Link 39 15 136 0 4.53813348
Link 41 14 142 0 1.58078168
Link 8 42 144 0 1.68148435
Link 42 11 145 0 2.51500939
Link 43 15 148 0 2.21180698
Link 45 16 154 0 1.52940266
Link 5 46 156 0 -2.44278980
Link 46 12 157 0 -1.28472959
Link 2 48 162 0 -0.40859033
Link 48 16 163 0 0.08157290
Link 5 50 171 0 -1.11343337
Link 7 53 186 0 -2.16891787
Link 53 12 187 0 2.42743581
Link 3 54 189 0 -0.53542688
Link 54 14 190 0 2.69936473
Link 2 55 193 0 -1.43157476
Link 55 11 194 0 1.12489607
Link 7 56 197 0 -1.69607842
Link 56 16 198 0 2.10939305
Link 5 57 202 0 -1.39757780
Link 6 58 208 0 -1.98903902
Link 59 12 212 0 -0.16536864
Link 7 61 219 0 -3.35079085
Link 61 13 220 0 -0.16892934
Link 14 14 233 1 3.00886578
Link 7 64 237 0 -1.07685669
Link 23 65 244 0 3.83447142
Link 65 11 245 0 -2.97490858
Link 7 55 249 0 -0.51833476
Link 5 55 250 0 1.64528626
Link 15 38 261 1 1.92313377
Link 7 68 286 0 1.12817337
Link 68 10 287 0 -5.41844793
Link 38 69 290 0 -0.96318445
Link 1 70 307 0 4.63962421
Link 70 41 308 0 -0.87116969
Link 41 72 327 0 3.27344366
Link 76 14 351 0 2.31575549
Link 15 77 354 1 1.28516216
Link 77 38 355 1 -1.93769404
Link 38 56 379 0 0.46440732
Link 43 80 390 0 -0.62876137
Link 80 15 391 0 1.80773679
Link 2 81 399 0 -0.14203645
Link 81 13 400 0 3.43918132
Link 54 54 406 1 -0.91767144
Link 35 84 424 0 3.18028507
Link 84 13 425 0 0.41492620
Link 16 85 430 1 0.18502841
Link 3 86 441 0 0.27229629
Link 86 54 442 0 -0.43746706
Link 29 88 448 0 -1.69735148
Link 88 15 449 0 1.76758852
Link 3 90 459 0 5.48848780
Link 4 91 463 0 2.90985891
Link 91 17 464 0 -0.43128541
Link 54 95 499 0 1.90529033
Link 6 98 520 0 -0.43965174
Link 8 100 551 0 2.58129732
Link 100 12 552 0 -1.29715142
Link 13 55 582 1 1.01527763
Link 57 105 607 1 2.20034569
Link 105 57 608 1 0.03167569
Link 113 15 641 0 1.55030160
Link 7 118 682 0 1.04000214
Link 118 64 683 0 0.01646563
Link 2 119 693 0 -0.58601018
Link 119 12 694 0 0.20823112
Link 8 123 722 0 0.23099629
Link 123 42 723 0 -1.87852837
Link 2 127 783 0 0.19509742
Link 127 38 784 0 -1.59398532
Link 50 129 790 0 2.61688691
Link 129 14 791 0 -0.66500221
Link 130 11 796 0 -0.23249499
Link 29 131 798 0 -2.61643934
Link 131 88 799 0 1.47804588
Link 3 132 801 0 -2.77002552
Link 132 43 802 0 -1.55293466
Link 44 138 832 0 -1.41406459
Link 138 11 833 0 0.57130436
Link 2 139 835 0 -1.88961725
Link 139 19 836 0 -0.67550859
Link 9 38 844 0 -0.63541829
Link 32 142 854 0 -2.71355733
Link 142 13 855 0 -1.32458621
Link 4 145 867 0 -0.09825242
Link 145 45 868 0 0.06370635
Link 19 57 882 0 -2.05154987
Link 7 147 884 0 -0.08346899
Link 147 68 885 0 2.11388594
Link 11 55 891 1 1.46121043
Link 55 153 915 0 -1.06468800
Link 153 108 916 0 -1.96143952
Link 57 156 931 0 0.38077141
Link 156 15 932 0 1.34510752
Link 6 159 966 0 0.57384019
Link 159 22 967 0 2.89726342
Link 32 14 970 0 -2.22449337
Link 90 161 986 0 2.26138785
Link 161 31 987 0 1.54946195
Link 90 164 1001 0 0.87348822
Link 164 161 1002 0 3.27723445
Link 2 165 1005 0 -4.53975978
Link 165 30 1006 0 -0.61968897
Link 119 168 1037 0 -0.62577269
Link 168 12 1038 0 1.30972865
Link 42 170 1056 0 -0.95515358
Link 170 11 1057 0 -0.14315979
Link 8 48 1064 0 -0.74949368
Link 68 68 1084 1 1.04450506
Link 8 175 1110 0 -1.80208738
Link 175 76 1111 0 3.07847699
Link 4 176 1119 0 -3.39186605
Link 176 59 1120 0 0.68361803
Link 85 177 1131 1 0.53762581
Link 177 68 1132 1 0.80798481
Link 53 178 1135 0 -2.21751225
Link 178 12 1136 0 -1.57330395
Link 2 180 1145 0 0.59835836
Link 29 56 1156 0 -0.83534163
Link 19 183 1174 0 -1.28693889
Link 183 10 1175 0 2.58975795
Link 40 187 1190 0 -0.65896321
Link 193 13 1224 0 -1.69084249
Link 8 38 1271 0 3.06135259
Link 48 207 1299 0 -2.14443939
Link 207 16 1300 0 -0.97386845
Link 10 32 1308 1 -2.71003389
Link 138 138 1322 1 0.66630525
Link 8 211 1335 0 1.42784542
Link 211 48 1336 0 1.66317930
Link 4 212 1339 0 2.55203907
Link 212 40 1340 0 0.47425296
Link 3 214 1351 0 -1.59678751
Link 214 44 1352 0 -1.09829029
Link 5 71 1358 0 -1.33618210
Link 98 221 1402 0 -0.89401736
Link 221 23 1403 0 1.92081870
Link 46 223 1417 0 4.87960238
Link 223 12 1418 0 0.92252446
Link 10 68 1425 1 -0.88259048
Link 3 226 1447 0 0.35691861
Link 226 34 1448 0 -0.13736613
Link 70 229 1466 0 0.93646944
Link 229 41 1467 0 0.97629618
Link 9 71 1475 0 -1.40218940
Link 5 231 1477 0 0.55580406
Link 231 50 1478 0 -0.59119221
Link 58 232 1485 0 -4.96058283
Link 232 14 1486 0 -1.43549123
Link 4 234 1505 0 0.08231676
Link 239 10 1536 0 1.30195838
Link 1 249 1588 0 2.46146011
Link 249 70 1589 0 0.00515678
Link 187 251 1600 0 -0.78452631
Link 251 13 1601 0 -0.06010954
Link 45 252 1612 0 -0.78746476
Link 252 16 1613 0 -0.27092191
Link 19 55 1661 0 0.50791941
Link 19 262 1680 0 1.72231118
Link 262 57 1681 0 0.84876882
Link 8 69 1708 0 -2.15725342
Link 61 278 1796 0 -0.10096756
Link 278 13 1797 0 -3.75152126
Link 234 282 1813 0 -0.94756233
Link 282 55 1814 0 2.66670671
Link 16 48 1827 1 3.15577776
Link 108 288 1844 0 3.98246622
Link 7 291 1853 0 0.50655383
Link 291 61 1854 0 -0.02778947
Link 19 297 1884 0 -0.62731176
Link 297 55 1885 0 3.70170677
Link 8 301 1910 0 0.20022045
Link 301 13 1911 0 -0.12493963
Link 64 310 1970 0 2.25649154
Link 310 14 1971 0 -1.99088485
Link 312 12 1982 0 2.71378807
Link 288 322 2062 0 -1.37801483
Link 322 11 2063 0 -5.42237132
Link 5 325 2081 0 -4.22420451
Link 325 245 2082 0 -0.87001797
Link 64 13 2140 0 -0.19002663
Link 8 338 2165 0 -1.57133879
Link 338 68 2166 0 0.52783868
Link 34 340 2176 0 -0.89387357
Link 1 98 2201 0 -0.24070719
Link 31 351 2254 1 0.86965276
Link 351 235 2255 1 -0.22170287
Link 71 31 2288 0 0.81755814
Link 11 50 2323 1 -1.42616870
Link 69 372 2424 0 -0.22081922
Link 372 12 2425 0 2.76312301
Link 377 81 2466 0 -0.17454525
Link 12 30 2517 1 -1.97663606
Link 40 19 2520 0 -0.11433192
Link 4 282 2538 0 0.82510193
Link 129 129 2564 1 0.87811993
Link 393 71 2567 0 0.62752061
Link 3 400 2606 0 1.09520797
Link 400 312 2607 0 -1.15770426
Link 26 413 2685 0 -2.93044390
Link 413 10 2686 0 -1.04086438
Link 44 26 2687 0 -0.04723713
Link 5 419 2753 0 -0.62188259
Link 419 15 2754 0 -0.35598942
Link 129 422 2777 0 -2.54296198
Link 17 426 2801 0 -1.47421049
Link 426 113 2802 0 -1.33905587
Link 291 428 2816 0 -0.46203637
Link 428 61 2817 0 0.30315113
Link 147 429 2826 0 1.15997427
Link 282 14 2835 0 3.07747408
Link 430 40 2839 0 -2.71376208
Link 129 433 2865 1 2.23966275
Link 433 129 2866 1 -2.24712540
Link 44 434 2871 0 0.16285333
Link 434 56 2872 0 -1.81754474
Link 435 393 2885 0 -0.09941524
Link 436 15 2889 0 -0.51354800
Link 64 440 2909 0 1.01345947
Link 440 310 2910 0 -1.15948855
Link 30 68 2927 0 -1.04623555
Link 38 338 2934 1 2.43607729
Link 3 444 2959 0 -0.60401954
Link 444 226 2960 0 2.60303945
Link 435 14 2972 0 -1.23341458
Link 4 447 2984 0 0.58137827
Link 447 282 2985 0 -0.52314550
Link 50 11 2990 0 1.23248672
Link 214 214 3012 1 0.85887878
Link 8 451 3020 0 1.06888627
Link 451 338 3021 0 -0.45832488
Link 32 454 3037 0 -1.02891891
Link 454 19 3038 0 -2.33165668
Link 435 458 3062 0 -4.06042474
Link 458 393 3063 0 3.51545358
Link 34 310 3086 0 -1.70109733
Link 14 462 3089 1 0.70682252
Link 462 14 3090 1 -0.60671360
Link 11 338 3108 1 1.92424522
Link 7 466 3131 0 -0.47344695
Link 466 291 3132 0 0.32718688
Link 69 13 3154 0 -3.46091213
Link 2 472 3171 0 0.23148005
Link 472 10 3172 0 -1.35442200
Link 310 474 3180 0 -1.03594226
Link 474 14 3181 0 1.37239964
Link 4 476 3191 0 -0.81299895
Link 34 477 3196 0 -1.56525666
Link 477 15 3197 0 3.20828752
Link 177 478 3200 1 -1.35857799
Link 478 68 3201 1 0.80993019
Link 393 479 3203 0 1.65048448
Link 479 71 3204 0 1.51445693
Link 338 482 3234 0 0.89906692
Link 482 68 3235 0 -2.26456575
Link 15 69 3259 1 0.69175830
Link 129 32 3288 1 1.56949835
Link 35 48 3291 0 -1.65638016
Link 22 14 3317 0 3.79406715
Link 15 494 3341 1 -1.30931550
Link 175 23 3433 0 -0.91913921
Link 177 85 3436 0 0.75973580
Link 85 14 3454 0 -0.64268331
Link 5 514 3496 0 -0.42907893
Link 514 56 3497 0 1.08443424
Link 494 519 3528 1 0.56397470
Link 519 15 3529 1 1.99633641
Link 129 524 3565 1 0.18286094
Link 524 17 3566 1 -0.26729238
Link 95 527 3592 0 0.78332421
Link 527 14 3593 0 0.60815329
Link 183 529 3606 0 0.08984550
Link 529 10 3607 0 -2.81931058
Link 8 530 3611 0 -0.14543753
Link 17 535 3645 0 0.85305597
Link 535 40 3646 0 -5.65221269
Link 35 539 3673 0 2.52581736
Link 539 16 3674 0 -1.19640687
Link 50 540 3684 0 -0.58353518
Link 540 129 3685 0 -1.69632424
Link 17 22 3706 0 0.62285363
Link 239 544 3734 0 -0.51092299
Link 544 10 3735 0 2.49678015
Link 165 548 3766 0 1.84712896
Link 548 30 3767 0 -1.88597109
Link 56 69 3774 0 -0.59087943
Link 30 30 3785 1 0.48655685
Link 71 549 3793 0 -0.35146480
Link 549 130 3794 0 -0.19012017
Link 393 48 3799 0 2.01558077
Link 555 338 3840 1 1.08162503
Link 38 476 3858 1 -0.77897404
Link 8 558 3866 0 2.28135570
Link 558 15 3867 0 0.71238237
Link 177 70 3881 1 0.40127446
Link 17 563 3890 0 1.36130738
Link 563 426 3891 0 0.73489353
Link 564 435 3897 0 0.68103840
Link 494 282 3904 1 -1.15865509
Link 5 569 3927 0 -0.06889019
Link 569 32 3928 0 -3.12561658
Link 476 575 3984 0 -0.85452197
Link 575 235 3985 0 0.91045708
Link 392 579 4012 0 -2.19344064
Link 579 55 4013 0 2.71683326
Link 422 589 4105 0 1.69417760
Link 589 14 4106 0 -0.08311380
Link 214 598 4168 1 -0.19561150
Link 589 16 4185 0 -1.55217819
Link 251 454 4233 1 2.49257426
Link 605 435 4245 0 -0.32385866
Link 85 64 4254 1 -1.56385960
Link 165 609 4286 0 0.83482527
Link 609 426 4287 0 -0.77108080
Link 23 50 4305 0 1.61194767
Link 454 611 4315 0 -0.45534356
Link 611 19 4316 0 -0.00593156
Link 245 614 4345 0 -0.29993275
Link 234 41 4363 0 1.62273137
Link 16 619 4415 1 3.10630085
Link 619 251 4416 1 -1.46279185
Link 71 41 4453 0 2.66105859
Link 4 129 4496 0 -2.64966988
Link 85 625 4509 1 -6.10842379
Link 625 64 4510 1 0.97862609
Link 436 628 4521 0 -1.04255494
Link 628 15 4522 0 -1.40537214
Link 5 630 4532 0 -0.90380381
Link 630 494 4533 0 -1.70606548
Link 68 631 4544 0 2.53089351
Link 631 239 4545 0 0.20018733
Link 422 632 4555 0 1.08635900
Link 632 589 4556 0 1.59720632
Link 636 392 4585 0 -0.18941663
Link 32 637 4587 0 -1.02984940
Link 637 454 4588 0 0.10946704
Link 177 638 4594 1 0.22215980
Link 638 70 4595 1 1.98714033
Link 393 643 4639 0 1.59761757
Link 643 48 4640 0 -0.98500857
Link 645 165 4693 0 -2.89620589
Link 129 646 4697 1 -2.37296824
Link 646 32 4698 1 2.41523440
Link 575 435 4702 0 -0.36452546
Link 76 68 4716 0 0.44765165
Link 34 648 4722 0 1.31054314
Link 648 477 4723 0 -2.03750970
Link 40 40 4724 1 -1.63498057
Link 34 649 4726 0 -1.15085404
Link 649 377 4727 0 -0.94236604
Link 494 651 4738 1 0.25015124
Link 651 282 4739 1 3.18117711
Link 229 657 4772 0 2.96640554
Link 657 41 4773 0 -0.51788418
Link 476 659 4813 0 -0.18330377
Link 659 605 4814 0 2.30698244
Link 530 661 4824 0 0.38701800
Link 661 430 4825 0 1.67106455
Link 68 130 4837 0 1.39911285
Link 13 430 4846 1 1.69485202
Link 69 671 4938 0 -2.37633062
Link 671 372 4939 0 3.60779297
Link 129 676 4986 1 1.85031728
Link 676 64 4987 1 0.36944839
Link 180 677 4996 0 1.14787407
Link 677 11 4997 0 3.25283437
Link 57 282 5002 1 2.02560091
Link 76 680 5021 0 -0.26552700
Link 680 68 5022 0 2.48655264
Link 251 681 5026 1 1.38483473
Link 681 454 5027 1 -0.80110734
Link 2 129 5033 0 -0.30864429
Link 7 682 5049 0 0.87644030
Link 682 53 5050 0 -3.47077456
Link 2 683 5053 0 1.14031165
Link 683 30 5054 0 1.99811893
Link 7 687 5077 0 -0.24771520
Link 687 12 5078 0 -2.20261646
Link 68 688 5080 0 -0.50350550
Link 688 130 5081 0 -1.75378172
Link 130 689 5097 0 0.82641082
Link 689 11 5098 0 -1.60837330
Link 433 691 5103 1 0.46194211
Link 691 129 5104 1 3.61096227
Link 85 694 5121 0 -1.86772964
Link 694 14 5122 0 -1.99835878
Link 226 113 5143 0 1.82252180
Link 698 55 5146 0 -3.12899998
Link 5 226 5184 0 -0.35453400
Link 433 433 5185 1 -1.18732360
Link 16 706 5202 1 -0.62652686
Link 130 129 5212 0 0.01428622
Link 708 249 5232 0 -0.66532411
Link 8 710 5249 0 -0.33482937
Link 710 430 5250 0 2.84905275
Link 251 712 5268 1 -0.49491621
Link 712 61 5269 1 2.34332005
Link 98 548 5272 0 -0.77912344
Link 68 715 5284 0 -0.10361890
Link 715 10 5285 0 0.21246105
Link 611 721 5339 0 1.31913183
Link 721 19 5340 0 0.38361879
Link 631 723 5356 0 -0.30207362
Link 723 239 5357 0 1.08114691
Link 3 724 5370 0 -1.64131895
Link 724 132 5371 0 -0.11125828
Link 235 26 5385 0 -2.92982291
Link 32 736 5456 0 -2.93368716
Link 736 251 5457 0 1.23241674
Link 530 251 5458 0 1.32043303
Link 147 31 5497 0 1.12248387
Link 745 14 5527 0 1.02472282
Link 72 10 5548 0 1.94837720
Link 11 108 5582 1 -3.51141556
Link 32 752 5590 0 0.07268099
Link 752 637 5591 0 -0.19784420
Link 4 754 5611 0 1.47381803
Link 310 234 5628 1 -0.35253093
Link 10 147 5703 1 -1.98278828
Link 70 765 5707 0 -3.52708998
Link 765 41 5708 0 0.77503218
Link 130 130 5784 1 0.33742208
Link 61 235 5787 1 2.11074073
Link 429 772 5791 0 1.64757292
Link 772 68 5792 0 0.52251559
Link 569 44 5832 0 -1.03088704
Link 212 780 5855 0 0.42209170
Link 780 40 5856 0 2.51564284
Link 226 76 5902 0 1.94833653
Link 249 786 5932 0 -1.62426100
Link 786 70 5933 0 1.41661205
Link 444 788 5968 0 1.34973893
Link 788 226 5969 0 2.67469691
Link 310 569 5975 1 1.73511037
Link 39 796 6036 0 -0.00223270
Link 796 61 6037 0 1.34695610
Link 706 798 6052 1 0.80115267
Link 798 619 6053 1 0.38284771
Link 187 804 6092 0 -0.56740829
Link 804 584 6093 0 1.55857785
Link 708 429 6114 0 1.36406813
Link 31 817 6206 0 2.17139052
Link 817 454 6207 0 -0.34997734
Link 31 64 6210 0 -1.03920886
Link 31 820 6229 1 2.73508159
Link 820 351 6230 1 -0.98656889
Link 249 821 6232 0 2.99257944
Link 821 706 6233 0 -0.71804199
Link 235 826 6282 0 0.70775750
Link 826 564 6283 0 1.72528959
Link 17 830 6304 0 -1.94766628
Link 830 251 6305 0 -0.92004712
Link 681 844 6399 1 0.58345601
Link 844 454 6400 1 2.49172744
Link 494 796 6517 1 -0.57196144
Link 235 858 6519 0 1.43967459
Link 858 26 6520 0 -3.85710349
Link 17 57 6566 0 0.00791402
Link 310 871 6624 1 -1.33740866
Link 871 569 6625 1 1.24679000
Link 23 619 6663 0 -1.79359031
Link 454 882 6747 0 -1.00297287
Link 882 113 6748 0 0.96356325
Link 645 38 6765 0 0.42931929
Link 687 885 6782 0 1.59720077
Link 885 12 6783 0 -1.70210494
Link 796 891 6857 0 -3.96707975
Link 891 61 6858 0 0.18394342
Link 234 15 6860 0 0.63471325
Link 249 113 6873 0 -0.48930352
Link 58 422 6880 0 -0.06538126
Link 7 896 6915 0 0.51350473
Link 896 698 6916 0 -1.67904035
Link 59 900 6960 1 -0.00181632
Link 584 911 7045 0 -0.92069371
Link 64 917 7083 0 -0.02641296
Link 917 745 7084 0 2.51072305
Link 31 919 7099 0 1.70945395
Link 919 193 7100 0 2.24031532
Link 32 922 7120 0 1.46542099
Link 340 923 7136 0 0.40561738
Link 923 12 7137 0 -0.28019281
Link 564 422 7273 0 -1.65729544
Link 19 239 7292 0 3.41476844
Link 113 539 7310 0 1.10153092
Link 113 377 7331 1 -1.19652687
Link 535 946 7378 0 0.26628068
Link 946 40 7379 0 -0.77600111
Link 177 494 7470 0 2.86321789
Link 71 687 7517 0 0.09321537
Link 282 426 7543 0 -3.00350067
Link 544 971 7675 1 -4.95416769
Link 971 108 7676 1 -2.19045514
Link 614 980 7753 0 -2.21343440
Link 980 55 7754 0 -3.73424001
Link 72 645 7763 1 -0.24579632
Link 234 42 7770 0 -0.52448521
Link 239 108 7792 0 2.54381630
Link 291 435 7801 0 1.03202949
Link 31 991 7838 0 2.19878051
Link 991 732 7839 0 0.25474191
Link 911 992 7847 0 -3.11836786
Link 68 993 7851 0 -0.64617095
Link 993 631 7852 0 -0.02035336
Link 494 996 7910 1 1.05658921
Link 996 796 7911 1 0.75166069
Link 322 251 7976 1 -0.59079883
Link 282 1003 7994 0 1.12929063
Link 1003 636 7995 0 -1.28377033
Link 661 661 8025 1 1.86488399
Link 43 1009 8040 0 0.88396614
Link 1009 589 8041 0 3.96285447
Link 245 708 8046 1 1.49476063
Link 22 147 8071 1 -1.47136207
Link 161 422 8085 0 1.95511945
Link 2 1021 8108 0 0.46894021
Link 1021 645 8109 0 0.33244972
Link 535 229 8165 1 -0.54318246
Link 129 1029 8185 0 0.63348535
Link 1029 193 8186 0 -2.39274821
Link 70 1034 8243 0 1.77181178
Link 1034 30 8244 0 2.55330208
Link 58 1039 8285 0 2.46223126
Link 1039 422 8286 0 1.96880829
Link 165 98 8294 0 -1.41401775
Link 377 14 8317 0 1.52372189
Link 251 249 8328 1 0.63440894
Link 187 12 8347 0 1.39715528
Link 58 1043 8362 0 0.73150261
Link 1043 129 8363 0 -1.88164809
Link 619 619 8455 1 -1.64754017
Link 3 1050 8463 0 -2.55043043
Link 1050 649 8464 0 1.34461663
Link 429 108 8470 0 1.40638328
Link 630 48 8617 0 0.42252829
Link 923 923 8651 1 4.33092593
Link 54 1079 8670 0 0.93704321
Link 1079 631 8671 0 0.98180804
Link 1080 519 8683 1 0.95556736
Link 611 372 8689 0 -3.75186462
Link 991 36 8705 0 3.86336246
Link 392 50 8710 0 -0.56378315
Link 619 338 8725 1 0.53405914
Link 338 535 8744 0 0.38493228
Link 50 1093 8807 0 0.52103044
Link 1093 540 8808 0 -1.87832220
Link 177 156 8916 0 2.47514343
Link 645 46 8931 0 1.85873512
Link 393 1110 8959 0 -2.19184923
Link 1110 377 8960 0 -2.72053744
Link 514 15 8984 0 -2.38639741
Link 589 36 9008 1 0.07631224
Link 630 1121 9038 0 2.77607870
Link 170 177 9073 1 2.86459293
Link 540 15 9239 0 1.92506048
Link 351 1154 9285 1 -0.22495672
Link 1154 235 9286 1 0.09744615
Link 732 1155 9292 0 0.29224207
Link 1155 29 9293 0 -2.15185697
Link 661 817 9403 0 -1.39368614
Link 826 33 9437 0 0.29135428
Link 476 1170 9440 0 0.57758258
Link 1170 659 9441 0 0.45679275
Link 5 392 9537 0 -2.07838876
Link 71 796 9550 0 -1.80755023
Link 619 1188 9597 1 -1.19905421
Link 1188 338 9598 1 1.29907369
Link 6 90 9651 0 1.45035323
Link 58 1194 9664 0 1.26324482
Link 1194 232 9665 0 0.22622800
Link 539 539 9673 1 -0.52642798
Link 8 1198 9693 0 1.42319376
Link 1198 558 9694 0 -0.63768441
Link 712 129 9711 0 1.07725741
Link 992 1202 9732 0 -2.00862671
Link 1202 251 9733 0 -1.44231105
Link 177 636 9774 1 -1.49606514
Link 611 1206 9783 0 -0.58919323
Link 1206 35 9784 0 1.98269749
Link 712 1211 9824 0 2.17337394
Link 1211 129 9825 0 -5.84305471
Link 436 11 9868 0 0.08711063
Link 393 88 9889 0 2.62245828
Link 44 249 9890 1 -1.96694685
Link 338 232 9905 0 0.84439957
Link 454 14 9931 0 1.89203654
Link 29 671 9936 0 3.68907015
Link 351 519 9950 0 1.81155261
Link 882 1222 9952 0 -1.67459297
Link 1222 113 9953 0 3.41936435
Link 37 817 9963 0 1.08935444
Link 177 477 10030 0 0.65304148
Link 1009 558 10069 1 2.33754478
Link 44 638 10085 1 -0.96182415
Link 251 1237 10100 1 0.94623384
Link 1237 712 10101 1 -1.46403640
Link 187 1241 10143 1 -1.78588590
Link 1241 43 10144 1 -0.80983716
Link 39 1155 10155 0 -1.10903165
Link 1247 297 10195 0 -0.49371944
Link 43 440 10199 0 -0.15195571
Link 147 168 10422 0 1.95721932
Link 435 340 10431 0 -0.33111439
Link 1110 1273 10450 0 0.74988177
Link 1273 377 10451 0 -0.83145178
Link 540 1279 10504 0 1.46345737
Link 1279 15 10505 0 -1.84495078
Link 71 991 10513 0 0.95674665
Link 187 129 10544 0 2.01027846
Link 708 22 10591 0 -3.05534927
Link 68 291 10660 1 -0.45132370
Link 514 130 10685 0 0.93482583
Link 392 1155 10712 0 -1.02436542
Link 177 1302 10764 0 -1.19518091
Link 1302 494 10765 0 1.33785595
Link 291 529 10824 0 1.00734174
Link 1034 630 10845 0 -1.45119436
Link 30 1043 10934 0 -0.39476477
Link 95 249 10950 1 -0.17672526
Link 1 477 10960 0 -3.05564102
Link 900 1319 10962 1 0.20177392
Link 1319 98 10963 1 -1.54580751
Link 145 69 10967 0 -0.41269078
Link 821 1321 10978 1 0.14587263
Link 1321 821 10979 1 -1.73619424
Link 991 30 11048 0 -1.03995189
Link 1331 214 11085 1 0.26830952
Link 212 882 11086 0 1.89283150
Link 435 165 11103 1 -5.58252101
Link 430 221 11105 0 1.85034905
Link 980 18 11177 0 2.24958330
Link 55 1350 11288 0 -0.52599619
Link 1350 17 11289 0 0.35695211
Link 435 48 11379 0 0.55338101
Link 1043 1093 11428 1 -1.17266891
Link 611 1366 11452 0 -2.88413490
Link 1366 721 11453 0 0.74441193
Link 539 1372 11502 1 0.39376643
Link 1372 301 11503 1 0.89736653
Link 34 1380 11576 0 2.02218746
Link 1380 12 11577 0 -0.42980744
Link 540 119 11580 1 -1.87202370
Link 38 569 11623 1 1.13882311
Link 100 632 11633 0 -0.14361771
Link 325 736 11651 0 1.34434753
Link 1 1390 11680 0 -0.66835348
Link 1390 232 11681 0 -0.01007668
Link 4 454 11695 0 1.51926637
Link 129 1395 11711 1 -0.89585046
Link 1395 17 11712 1 -0.33709065
Link 88 214 11714 1 2.22779124
Link 754 1397 11720 0 -2.52711133
Link 1397 14 11721 0 1.74689616
Link 5 1399 11731 0 -0.14639230
Link 1399 494 11732 0 -2.45800038
Link 351 113 11734 0 -0.86422160
Link 183 659 11754 1 0.35227155
Link 44 214 11784 1 -0.12490156
Link 58 1417 11929 0 2.20795250
Link 1417 732 11930 0 -0.11415680
Link 129 187 12032 0 -0.71773744
Link 71 30 12062 0 -0.07514505
Link 19 1434 12080 0 1.44574721
Link 1434 1247 12081 0 0.00311164
Link 435 35 12090 0 0.57635587
Link 43 625 12093 0 1.09576173
Link 494 1439 12149 1 0.92699634
Link 1439 1080 12150 1 1.30695781
Link 221 430 12237 1 -0.45133621
Link 129 1454 12260 0 0.54636676
Link 1454 187 12261 0 4.25259966
Link 796 129 12262 0 -1.51455611
Link 1110 619 12277 0 -3.21630806
Link 1021 13 12325 0 0.44936561
Link 187 1472 12421 0 0.70792724
Link 1472 251 12422 0 -1.17493807
Link 447 826 12478 0 -0.67906393
Link 645 212 12587 0 -0.04508620
Link 996 619 12619 0 1.80318176
Link 38 1489 12627 1 1.04185418
Link 1489 569 12628 1 -0.97468272
Link 7 1493 12651 0 2.02726094
Link 1493 64 12652 0 2.05764873
Link 5 235 12656 0 -1.76179308
Link 1372 1497 12691 1 2.59978349
Link 1497 301 12692 1 0.65625526
Link 820 625 12818 0 -0.46534125
Link 249 161 12839 0 -0.94025152
Link 5 539 12856 0 -0.10490184
Link 519 46 12910 1 0.57784000
Link 575 1155 12969 0 2.29035676
Link 429 95 12997 0 0.26397081
Link 33 31 13062 0 -1.37820563
Link 896 214 13067 0 0.06931897
Link 90 1528 13085 0 0.78341346
Link 1528 252 13086 0 -0.89806805
Link 530 786 13165 0 -0.31852783
Link 36 539 13230 0 0.52840265
Link 69 41 13255 1 3.15178807
Link 548 433 13307 0 0.63678407
Link 29 736 13341 0 -0.62707244
Link 993 207 13350 0 3.55242669
Link 659 1434 13476 0 4.09183546
Link 212 609 13498 0 -0.89843376
Link 207 1009 13504 1 1.47720665
Link 65 436 13572 0 4.19466630
Link 80 16 13586 0 -0.66709271
Link 71 1194 13591 0 -1.17412710
Link 1366 11 13599 0 0.76128159
Link 165 72 13615 0 -0.37812572
Link 156 1397 13676 0 1.10281908
Link 118 212 13697 0 -0.42914125
Link 638 638 13714 1 -1.84249402
Link 589 297 13730 1 1.21823620
Link 638 494 13776 0 0.04089774
Link 44 871 13778 0 -1.10722237
Link 558 687 13800 0 -0.84786377
Link 631 14 13829 0 -0.30755447
Link 688 419 13867 1 -1.93624178
Link 625 1154 13896 1 2.98685574
Link 145 1615 13948 1 0.40911082
Link 1615 145 13949 1 -0.59995584
Link 540 1620 13973 1 -1.14507252
Link 1620 119 13974 1 0.73373387
Link 35 45 14005 0 0.59439810
Link 1237 558 14018 1 -2.61453808
Link 688 1626 14024 0 2.25291223
Link 1626 130 14025 0 -0.44467706
Link 130 917 14100 1 -0.12107985
Link 19 682 14139 1 -1.94047530
Link 177 1528 14280 1 -1.98660181
Link 119 301 14317 0 -2.61627580
Link 1211 798 14341 0 2.49584474
Link 57 882 14549 0 2.71186654
Link 922 1688 14579 0 0.08668609
Link 1688 736 14580 0 -1.14475119
Link 252 676 14661 1 -2.06440317
Link 64 45 14662 0 -0.43047806
Link 598 1703 14693 1 -0.37621036
Link 1703 1331 14694 1 1.65487118
Link 1703 1703 14870 1 -1.36337506
Link 598 598 14942 1 -0.10395974
Link 896 651 15089 0 3.90499778
Link 530 715 15262 0 -0.22161857
Link 1121 1761 15297 0 1.70164474
Link 1761 48 15298 0 -0.63051017
Link 530 17 15302 0 -4.34015793
Link 575 301 15327 0 3.23953850
Link 68 207 15353 0 3.22831588
Link 86 646 15402 0 1.93292423
Link 214 235 15484 0 1.04070954
Link 1003 631 15558 0 -2.94920074
Link 1439 86 15576 1 0.83347795
Link 419 161 15577 1 -1.58647958
Link 98 589 15633 0 -2.68827704
Link 555 70 15807 1 0.86101156
Link 3 1810 15838 0 1.64447068
Link 1810 262 15839 0 1.13617960
Link 178 252 15870 0 0.37072443
Link 212 46 15907 0 2.60432440
Link 9 1222 16041 0 -3.30086917
Link 86 598 16329 0 -2.95431281
Link 139 72 16385 0 2.18538700
Link 605 1399 16468 0 -1.33789354
Link 1454 1043 16582 1 -1.93046090
Link 1615 993 16602 0 -0.27020914
Link 176 540 16669 0 1.95288160
Link 1528 145 16700 1 -2.51052792
Link 45 59 16721 0 -1.15003276
Link 38 1894 16739 1 0.89076246
Link 1894 555 16740 1 -1.57613608
Link 882 772 16845 1 -0.61053341
Link 530 100 17004 0 1.07128744
Link 235 15 17163 0 1.28535931
Link 58 1933 17181 0 1.88841656
Link 1933 732 17182 0 -0.42268375
Link 569 631 17303 0 1.74660180
Link 611 1950 17444 0 0.86353693
Link 1950 35 17445 0 0.12994025
Link 682 118 17900 0 -1.66260215
Link 4 2009 17980 0 1.34231301
Link 2009 40 17981 0 -1.92169248
Link 871 419 18025 0 0.87538268
Link 708 494 18079 0 2.69867514
Link 1390 2021 18097 0 1.11997105
Link 2021 45 18098 0 -3.34473425
Link 1933 183 18134 0 2.68788162
Link 26 85 18292 0 -0.77743887
Link 458 723 18345 0 -0.72663751
Link 1211 736 18394 1 0.28114088
Link 1950 1950 18464 1 -3.06376030
GenomeEnd

