GenomeStart 58765
Neuron 1 1 0.00000000 1 0.00000000 0.00000000 0.00000000 0.00000000
Neuron 2 1 0.00000000 1 0.00000000 0.00000000 0.00000000 0.00000000
Neuron 3 1 0.00000000 1 0.00000000 0.00000000 0.00000000 0.00000000
Neuron 4 1 0.00000000 1 0.00000000 0.00000000 0.00000000 0.00000000
Neuron 5 1 0.00000000 1 0.00000000 0.00000000 0.00000000 0.00000000
Neuron 6 1 0.00000000 1 0.00000000 0.00000000 0.00000000 0.00000000
Neuron 7 1 0.00000000 1 0.00000000 0.00000000 0.00000000 0.00000000
Neuron 8 1 0.00000000 1 0.00000000 0.00000000 0.00000000 0.00000000
Neuron 9 2 0.00000000 1 0.00000000 0.00000000 0.00000000 0.00000000
Neuron 10 4 1.00000000 0 1.00000000 0.00000000 0.00000000 0.00000000
Neuron 11 4 1.00000000 0 1.00000000 0.00000000 0.00000000 0.00000000
Neuron 12 4 1.00000000 0 1.00000000 0.00000000 0.00000000 0.00000000
Neuron 13 4 1.00000000 0 1.00000000 0.00000000 0.00000000 0.00000000
Neuron 14 4 1.00000000 0 1.00000000 0.00000000 0.00000000 0.00000000
Neuron 15 4 1.00000000 0 1.00000000 0.00000000 0.00000000 0.00000000
Neuron 16 4 1.00000000 0 1.00000000 0.00000000 0.00000000 0.00000000
Neuron 17 3 0.50000000 1 1.00000000 0.00000000 0.00000000 0.00000000
Neuron 19 3 0.50000000 1 1.00000000 0.00000000 0.00000000 0.00000000
Neuron 22 3 0.50000000 1 1.00000000 0.00000000 0.00000000 0.00000000
Neuron 23 3 0.50000000 1 1.00000000 0.00000000 0.00000000 0.00000000
Neuron 26 3 0.50000000 1 1.00000000 0.00000000 0.00000000 0.00000000
Neuron 29 3 0.50000000 1 1.00000000 0.00000000 0.00000000 0.00000000
Neuron 30 3 0.50000000 1 1.00000000 0.00000000 0.00000000 0.00000000
Neuron 31 3 0.50000000 1 1.00000000 0.00000000 0.00000000 0.00000000
Neuron 32 3 0.50000000 1 1.00000000 0.00000000 0.00000000 0.00000000
Neuron 33 3 0.50000000 1 1.00000000 0.00000000 0.00000000 0.00000000
Neuron 34 3 0.50000000 1 1.00000000 0.00000000 0.00000000 0.00000000
Neuron 35 3 0.50000000 1 1.00000000 0.00000000 0.00000000 0.00000000
Neuron 36 3 0.50000000 1 1.00000000 0.00000000 0.00000000 0.00000000
Neuron 38 3 0.50000000 1 1.00000000 0.00000000 0.00000000 0.00000000
Neuron 39 3 0.50000000 1 1.00000000 0.00000000 0.00000000 0.00000000
Neuron 40 3 0.50000000 1 1.00000000 0.00000000 0.00000000 0.00000000
Neuron 41 3 0.50000000 1 1.00000000 0.00000000 0.00000000 0.00000000
Neuron 43 3 0.50000000 1 1.00000000 0.00000000 0.00000000 0.00000000
Neuron 44 3 0.50000000 1 1.00000000 0.00000000 0.00000000 0.00000000
Neuron 45 3 0.50000000 1 1.00000000 0.00000000 0.00000000 0.00000000
Neuron 46 3 0.50000000 1 1.00000000 0.00000000 0.00000000 0.00000000
Neuron 48 3 0.50000000 1 1.00000000 0.00000000 0.00000000 0.00000000
Neuron 50 3 0.50000000 1 1.00000000 0.00000000 0.00000000 0.00000000
Neuron 53 3 0.50000000 1 1.00000000 0.00000000 0.00000000 0.00000000
Neuron 55 3 0.50000000 1 1.00000000 0.00000000 0.00000000 0.00000000
Neuron 56 3 0.50000000 1 1.00000000 0.00000000 0.00000000 0.00000000
Neuron 57 3 0.50000000 1 1.00000000 0.00000000 0.00000000 0.00000000
Neuron 58 3 0.50000000 1 1.00000000 0.00000000 0.00000000 0.00000000
Neuron 61 3 0.50000000 1 1.00000000 0.00000000 0.00000000 0.00000000
Neuron 64 3 0.50000000 1 1.00000000 0.00000000 0.00000000 0.00000000
Neuron 68 3 0.50000000 1 1.00000000 0.00000000 0.00000000 0.00000000
Neuron 69 3 0.75000000 1 1.00000000 0.00000000 0.00000000 0.00000000
Neuron 70 3 0.25000000 1 1.00000000 0.00000000 0.00000000 0.00000000
Neuron 71 3 0.50000000 1 1.00000000 0.00000000 0.00000000 0.00000000
Neuron 72 3 0.75000000 1 1.00000000 0.00000000 0.00000000 0.00000000
Neuron 76 3 0.50000000 1 1.00000000 0.00000000 0.00000000 0.00000000
Neuron 81 3 0.50000000 1 1.00000000 0.00000000 0.00000000 0.00000000
Neuron 85 3 0.75000000 1 1.00000000 0.00000000 0.00000000 0.00000000
Neuron 88 3 0.75000000 1 1.00000000 0.00000000 0.00000000 0.00000000
Neuron 90 3 0.25000000 1 1.00000000 0.00000000 0.00000000 0.00000000
Neuron 91 3 0.25000000 1 1.00000000 0.00000000 0.00000000 0.00000000
Neuron 98 3 0.25000000 1 1.00000000 0.00000000 0.00000000 0.00000000
Neuron 113 3 0.75000000 1 1.00000000 0.00000000 0.00000000 0.00000000
Neuron 119 3 0.50000000 1 1.00000000 0.00000000 0.00000000 0.00000000
Neuron 129 3 0.75000000 1 1.00000000 0.00000000 0.00000000 0.00000000
Neuron 130 3 0.75000000 1 1.00000000 0.00000000 0.00000000 0.00000000
Neuron 132 3 0.25000000 1 1.00000000 0.00000000 0.00000000 0.00000000
Neuron 145 3 0.25000000 1 1.00000000 0.00000000 0.00000000 0.00000000
Neuron 147 3 0.25000000 1 1.00000000 0.00000000 0.00000000 0.00000000
Neuron 156 3 0.75000000 1 1.00000000 0.00000000 0.00000000 0.00000000
Neuron 161 3 0.37500000 1 1.00000000 0.00000000 0.00000000 0.00000000
Neuron 165 3 0.25000000 1 1.00000000 0.00000000 0.00000000 0.00000000
Neuron 175 3 0.25000000 1 1.00000000 0.00000000 0.00000000 0.00000000
Neuron 177 3 0.62500000 1 1.00000000 0.00000000 0.00000000 0.00000000
Neuron 180 3 0.50000000 1 1.00000000 0.00000000 0.00000000 0.00000000
Neuron 183 3 0.75000000 1 1.00000000 0.00000000 0.00000000 0.00000000
Neuron 187 3 0.75000000 1 1.00000000 0.00000000 0.00000000 0.00000000
Neuron 207 3 0.75000000 1 1.00000000 0.00000000 0.00000000 0.00000000
Neuron 212 3 0.25000000 1 1.00000000 0.00000000 0.00000000 0.00000000
Neuron 214 3 0.25000000 1 1.00000000 0.00000000 0.00000000 0.00000000
Neuron 221 3 0.37500000 1 1.00000000 0.00000000 0.00000000 0.00000000
Neuron 226 3 0.25000000 1 1.00000000 0.00000000 0.00000000 0.00000000
Neuron 229 3 0.37500000 1 1.00000000 0.00000000 0.00000000 0.00000000
Neuron 232 3 0.75000000 1 1.00000000 0.00000000 0.00000000 0.00000000
Neuron 234 3 0.25000000 1 1.00000000 0.00000000 0.00000000 0.00000000
Neuron 235 3 0.25000000 1 1.00000000 0.00000000 0.00000000 0.00000000
Neuron 239 3 0.75000000 1 1.00000000 0.00000000 0.00000000 0.00000000
Neuron 251 3 0.87500000 1 1.00000000 0.00000000 0.00000000 0.00000000
Neuron 282 3 0.37500000 1 1.00000000 0.00000000 0.00000000 0.00000000
Neuron 291 3 0.25000000 1 1.00000000 0.00000000 0.00000000 0.00000000
Neuron 310 3 0.75000000 1 1.00000000 0.00000000 0.00000000 0.00000000
Neuron 338 3 0.25000000 1 1.00000000 0.00000000 0.00000000 0.00000000
Neuron 351 3 0.37500000 1 1.00000000 0.00000000 0.00000000 0.00000000
Neuron 372 3 0.87500000 1 1.00000000 0.00000000 0.00000000 0.00000000
Neuron 377 3 0.50000000 1 1.00000000 0.00000000 0.00000000 0.00000000
Neuron 393 3 0.37500000 1 1.00000000 0.00000000 0.00000000 0.00000000
Neuron 422 3 0.87500000 1 1.00000000 0.00000000 0.00000000 0.00000000
Neuron 426 3 0.62500000 1 1.00000000 0.00000000 0.00000000 0.00000000
Neuron 430 3 0.25000000 1 1.00000000 0.00000000 0.00000000 0.00000000
Neuron 435 3 0.31250000 1 1.00000000 0.00000000 0.00000000 0.00000000
Neuron 436 3 0.87500000 1 1.00000000 0.00000000 0.00000000 0.00000000
Neuron 440 3 0.62500000 1 1.00000000 0.00000000 0.00000000 0.00000000
Neuron 447 3 0.18750000 1 1.00000000 0.00000000 0.00000000 0.00000000
Neuron 454 3 0.50000000 1 1.00000000 0.00000000 0.00000000 0.00000000
Neuron 476 3 0.12500000 1 1.00000000 0.00000000 0.00000000 0.00000000
Neuron 477 3 0.75000000 1 1.00000000 0.00000000 0.00000000 0.00000000
Neuron 494 3 1.00000000 1 1.00000000 0.00000000 0.00000000 0.00000000
Neuron 514 3 0.25000000 1 1.00000000 0.00000000 0.00000000 0.00000000
Neuron 519 3 1.00000000 1 1.00000000 0.00000000 0.00000000 0.00000000
Neuron 535 3 0.50000000 1 1.00000000 0.00000000 0.00000000 0.00000000
Neuron 539 3 0.75000000 1 1.00000000 0.00000000 0.00000000 0.00000000
Neuron 540 3 0.62500000 1 1.00000000 0.00000000 0.00000000 0.00000000
Neuron 549 3 0.62500000 1 1.00000000 0.00000000 0.00000000 0.00000000
Neuron 564 3 0.28125000 1 1.00000000 0.00000000 0.00000000 0.00000000
Neuron 569 3 0.25000000 1 1.00000000 0.00000000 0.00000000 0.00000000
Neuron 575 3 0.18750000 1 1.00000000 0.00000000 0.00000000 0.00000000
Neuron 589 3 0.93750000 1 1.00000000 0.00000000 0.00000000 0.00000000
Neuron 605 3 0.21875000 1 1.00000000 0.00000000 0.00000000 0.00000000
Neuron 609 3 0.43750000 1 1.00000000 0.00000000 0.00000000 0.00000000
Neuron 611 3 0.50000000 1 1.00000000 0.00000000 0.00000000 0.00000000
Neuron 619 3 0.93750000 1 1.00000000 0.00000000 0.00000000 0.00000000
Neuron 630 3 0.50000000 1 1.00000000 0.00000000 0.00000000 0.00000000
Neuron 631 3 0.62500000 1 1.00000000 0.00000000 0.00000000 0.00000000
Neuron 638 3 0.43750000 1 1.00000000 0.00000000 0.00000000 0.00000000
Neuron 645 3 0.12500000 1 1.00000000 0.00000000 0.00000000 0.00000000
Neuron 659 3 0.17187500 1 1.00000000 0.00000000 0.00000000 0.00000000
Neuron 681 3 0.68750000 1 1.00000000 0.00000000 0.00000000 0.00000000
Neuron 687 3 0.50000000 1 1.00000000 0.00000000 0.00000000 0.00000000
Neuron 712 3 0.68750000 1 1.00000000 0.00000000 0.00000000 0.00000000
Neuron 732 3 0.50000000 1 1.00000000 0.00000000 0.00000000 0.00000000
Neuron 736 3 0.68750000 1 1.00000000 0.00000000 0.00000000 0.00000000
Neuron 745 3 0.75000000 1 1.00000000 0.00000000 0.00000000 0.00000000
Neuron 796 3 0.50000000 1 1.00000000 0.00000000 0.00000000 0.00000000
Neuron 826 3 0.26562500 1 1.00000000 0.00000000 0.00000000 0.00000000
Neuron 882 3 0.62500000 1 1.00000000 0.00000000 0.00000000 0.00000000
Neuron 917 3 0.62500000 1 1.00000000 0.00000000 0.00000000 0.00000000
Neuron 991 3 0.50000000 1 1.00000000 0.00000000 0.00000000 0.00000000
Neuron 1009 3 0.71875000 1 1.00000000 0.00000000 0.00000000 0.00000000
Neuron 1021 3 0.06250000 1 1.00000000 0.00000000 0.00000000 0.00000000
Neuron 1043 3 0.62500000 1 1.00000000 0.00000000 0.00000000 0.00000000
Neuron 1110 3 0.43750000 1 1.00000000 0.00000000 0.00000000 0.00000000
Link 1 10 1 0 -2.45442750
Link 2 10 2 0 0.22610876
Link 3 10 3 0 1.09861594
Link 4 10 4 0 -0.87914527
Link 6 10 6 0 -0.69508272
Link 8 10 8 0 -1.17876781
Link 1 11 10 0 -3.45438930
Link 2 11 11 0 1.19387704
Link 3 11 12 0 0.34316536
Link 4 11 13 0 0.19145088
Link 5 11 14 0 -2.37820761
Link 6 11 15 0 0.49499368
Link 7 11 16 0 1.26213406
Link 8 11 17 0 -0.66671196
Link 9 11 18 0 -1.90243595
Link 1 12 19 0 -0.73881423
Link 3 12 21 0 1.67343542
Link 4 12 22 0 0.77048850
Link 5 12 23 0 1.62397857
Link 6 12 24 0 -5.55761600
Link 8 12 26 0 -0.85374568
Link 9 12 27 0 1.52719052
Link 1 13 28 0 -1.67892654
Link 3 13 30 0 1.30469891
Link 4 13 31 0 -0.51809422
Link 6 13 33 0 -0.72241321
Link 8 13 35 0 0.06948310
Link 9 13 36 0 1.08689771
Link 3 14 39 0 -1.10656765
Link 4 14 40 0 0.22772332
Link 6 14 42 0 1.87083795
Link 8 14 44 0 0.96564040
Link 9 14 45 0 -0.75122695
Link 1 15 46 0 -2.34204099
Link 2 15 47 0 0.87661463
Link 4 15 49 0 -2.18360318
Link 5 15 50 0 -0.18363994
Link 7 15 52 0 0.92564109
Link 8 15 53 0 0.06342155
Link 9 15 54 0 -0.80623731
Link 1 16 55 0 -1.21281930
Link 2 16 56 0 0.61670451
Link 3 16 57 0 -1.72526907
Link 4 16 58 0 1.37617867
Link 5 16 59 0 1.16412623
Link 7 16 61 0 -2.21561757
Link 8 16 62 0 -1.44013565
Link 9 16 63 0 0.20770885
Link 2 19 71 0 -1.32522131
Link 6 22 80 0 0.45122047
Link 22 16 81 0 1.97090351
Link 23 11 84 0 0.01692577
Link 5 26 93 0 -1.41897872
Link 26 10 94 0 -0.02572789
Link 8 29 102 0 0.45093330
Link 2 30 105 0 -1.39140449
Link 30 14 106 0 -1.32212651
Link 31 13 109 0 -1.58330414
Link 8 32 111 0 2.69228330
Link 32 13 112 0 -1.40845482
Link 6 33 115 0 1.27160303
Link 33 13 116 0 0.88787935
Link 34 12 119 0 1.37962741
Link 5 35 121 0 2.06318218
Link 35 13 122 0 -2.64557595
Link 4 36 126 0 3.03454769
Link 36 14 127 0 -3.12941732
Link 2 38 132 0 0.11896401
Link 6 39 135 0 -1.17008561
Link 39 15 136 0 2.50461081
Link 41 14 142 0 1.65029944
Link 43 15 148 0 -2.32828548
Link 44 11 151 0 3.19509255
Link 45 16 154 0 2.53931865
Link 5 46 156 0 1.20109940
Link 46 12 157 0 1.76967543
Link 2 48 162 0 -2.21884971
Link 5 50 171 0 -1.50635581
Link 7 53 186 0 -2.37062567
Link 53 12 187 0 -3.11208427
Link 2 55 193 0 -0.88979336
Link 55 11 194 0 1.87576607
Link 7 56 197 0 -1.40506631
Link 56 16 198 0 1.15664211
Link 5 57 202 0 2.17553647
Link 6 58 208 0 -2.29309684
Link 61 13 220 0 3.33327042
Link 14 14 233 1 -1.04704141
Link 7 64 237 0 -2.81623934
Link 7 55 249 0 1.31507906
Link 5 55 250 0 2.81752841
Link 15 38 261 1 3.57703851
Link 7 68 286 0 -0.29598173
Link 68 10 287 0 1.48061206
Link 38 69 290 0 4.27988296
Link 1 70 307 0 2.20835649
Link 70 41 308 0 -1.49463718
Link 41 72 327 0 1.44375335
Link 72 14 328 0 -0.21681054
Link 76 14 351 0 1.43497132
Link 38 56 379 0 2.20139553
Link 2 81 399 0 -0.06898116
Link 81 13 400 0 -1.52476095
Link 16 85 430 1 1.85915173
Link 29 88 448 0 0.47055025
Link 88 15 449 0 -1.24561936
Link 3 90 459 0 1.00741225
Link 4 91 463 0 0.88655581
Link 91 17 464 0 1.15061288
Link 6 98 520 0 0.38042427
Link 13 55 582 1 2.10568678
Link 113 15 641 0 1.32444164
Link 2 119 693 0 2.83178296
Link 119 12 694 0 -1.64879100
Link 129 14 791 0 0.89315458
Link 130 11 796 0 -2.76624696
Link 3 132 801 0 1.22669691
Link 132 43 802 0 -2.93917746
Link 9 38 844 0 -0.68335459
Link 4 145 867 0 2.21268226
Link 145 45 868 0 -1.21050505
Link 19 57 882 0 2.21377092
Link 7 147 884 0 -0.82335877
Link 147 68 885 0 -0.95289676
Link 57 156 931 0 1.01898783
Link 156 15 932 0 -1.36627728
Link 32 14 970 0 -0.97991303
Link 90 161 986 0 0.63356327
Link 161 31 987 0 -0.20163601
Link 165 30 1006 0 0.67665324
Link 8 48 1064 0 -0.52069506
Link 68 68 1084 1 -2.56860037
Link 8 175 1110 0 0.29620102
Link 175 76 1111 0 2.86806096
Link 85 177 1131 1 -1.51459338
Link 177 68 1132 1 -0.53225350
Link 2 180 1145 0 0.34619475
Link 180 11 1146 0 -0.11195667
Link 29 56 1156 0 1.42295159
Link 19 183 1174 0 0.30252918
Link 183 10 1175 0 -0.21498988
Link 40 187 1190 0 1.43914354
Link 8 38 1271 0 3.08200720
Link 48 207 1299 0 2.11817993
Link 207 16 1300 0 -0.60778560
Link 10 32 1308 1 -0.42717444
Link 4 212 1339 0 2.11946650
Link 212 40 1340 0 -1.98986153
Link 3 214 1351 0 -1.61936074
Link 214 44 1352 0 -2.37385789
Link 5 71 1358 0 -0.56242000
Link 98 221 1402 0 1.88375617
Link 221 23 1403 0 -0.38081656
Link 10 68 1425 1 -2.43224843
Link 3 226 1447 0 0.97268385
Link 226 34 1448 0 -0.34027614
Link 70 229 1466 0 -0.98850037
Link 229 41 1467 0 -1.02426779
Link 9 71 1475 0 1.93410604
Link 58 232 1485 0 1.44817827
Link 232 14 1486 0 -0.73342690
Link 44 56 1490 0 -1.47998929
Link 4 234 1505 0 -2.26183246
Link 239 10 1536 0 -1.26686970
Link 187 251 1600 0 1.27411986
Link 251 13 1601 0 -1.64981659
Link 19 55 1661 0 -0.99663675
Link 8 69 1708 0 -3.12324283
Link 234 282 1813 0 -2.42176153
Link 282 55 1814 0 3.39846905
Link 16 48 1827 1 -1.56163928
Link 7 291 1853 0 2.55894374
Link 291 61 1854 0 0.91257395
Link 310 14 1971 0 0.62920466
Link 8 338 2165 0 0.84629623
Link 338 68 2166 0 0.01231092
Link 1 98 2201 0 0.73842429
Link 31 351 2254 1 0.96423933
Link 351 235 2255 1 0.59143923
Link 71 31 2288 0 0.57703807
Link 11 50 2323 1 1.31361307
Link 69 372 2424 0 -1.29904405
Link 372 12 2425 0 -0.05410501
Link 377 81 2466 0 0.13504733
Link 12 30 2517 1 -0.04278552
Link 40 19 2520 0 -0.04959501
Link 129 129 2564 1 0.32489615
Link 393 71 2567 0 -0.26154324
Link 44 26 2687 0 2.01767048
Link 129 422 2777 0 0.81113025
Link 17 426 2801 0 -3.21893967
Link 426 113 2802 0 3.34821104
Link 129 17 2822 1 0.69907937
Link 8 430 2838 0 -1.20454321
Link 430 40 2839 0 0.97863458
Link 435 393 2885 0 0.69942096
Link 69 436 2888 0 1.88437146
Link 436 15 2889 0 -0.14610288
Link 64 440 2909 0 1.22915458
Link 440 310 2910 0 1.88203786
Link 30 68 2927 0 1.30753958
Link 38 338 2934 1 -0.98542966
Link 435 14 2972 0 -0.47983217
Link 4 447 2984 0 3.02319971
Link 447 282 2985 0 -0.27636242
Link 50 11 2990 0 -1.74827330
Link 214 214 3012 1 -1.12195476
Link 32 454 3037 0 -0.19467687
Link 34 310 3086 0 1.43200045
Link 11 338 3108 1 -1.64490622
Link 69 13 3154 0 0.03151213
Link 4 476 3191 0 -0.41287385
Link 34 477 3196 0 2.76117805
Link 477 15 3197 0 -2.62914852
Link 129 32 3288 1 1.29395581
Link 35 48 3291 0 1.49963672
Link 15 494 3341 1 -0.13537726
Link 175 23 3433 0 1.96078966
Link 85 14 3454 0 -2.16264988
Link 5 514 3496 0 0.81047694
Link 514 56 3497 0 2.43635174
Link 494 519 3528 1 0.56887282
Link 519 15 3529 1 0.53393323
Link 17 535 3645 0 -0.21459190
Link 535 40 3646 0 -2.60014259
Link 35 539 3673 0 -0.17609935
Link 539 16 3674 0 1.22691728
Link 50 540 3684 0 1.16411658
Link 540 129 3685 0 2.91937921
Link 56 69 3774 0 -2.35141414
Link 30 30 3785 1 -0.25332276
Link 71 549 3793 0 0.96845880
Link 549 130 3794 0 -1.66212551
Link 393 48 3799 0 1.05723281
Link 38 476 3858 1 -4.37410159
Link 564 435 3897 0 0.74726936
Link 494 282 3904 1 -0.66552386
Link 5 569 3927 0 -1.72005776
Link 569 32 3928 0 1.22067916
Link 476 575 3984 0 -4.98131211
Link 575 235 3985 0 0.97788600
Link 422 589 4105 0 1.31713028
Link 589 14 4106 0 0.95122460
Link 589 16 4185 0 -2.14577809
Link 605 435 4245 0 1.27539483
Link 85 64 4254 1 -1.59716591
Link 165 609 4286 0 1.24686086
Link 609 426 4287 0 -1.19336735
Link 23 50 4305 0 0.03355532
Link 454 611 4315 0 3.30254278
Link 611 19 4316 0 -0.99543935
Link 16 619 4415 1 1.48167228
Link 619 251 4416 1 -1.14026644
Link 71 41 4453 0 -2.70056872
Link 4 129 4496 0 -0.48592028
Link 5 630 4532 0 -1.56842394
Link 630 494 4533 0 1.18378461
Link 68 631 4544 0 2.04161131
Link 631 239 4545 0 0.52886525
Link 177 638 4594 1 1.03248783
Link 638 70 4595 1 4.01901424
Link 645 165 4693 0 -0.61045925
Link 575 435 4702 0 0.58326579
Link 76 68 4716 0 0.39287074
Link 40 40 4724 1 -0.25198080
Link 476 659 4813 0 0.58682777
Link 659 605 4814 0 -1.12924356
Link 68 130 4837 0 -1.37067336
Link 251 681 5026 1 0.28783379
Link 681 454 5027 1 2.66912348
Link 7 687 5077 0 3.97035077
Link 687 12 5078 0 -0.99134702
Link 130 129 5212 0 1.35791192
Link 251 712 5268 1 0.57892426
Link 712 61 5269 1 0.89499359
Link 235 26 5385 0 1.72675193
Link 732 29 5410 0 -1.47744973
Link 32 736 5456 0 -1.05784755
Link 736 251 5457 0 -2.54173784
Link 147 31 5497 0 3.30597467
Link 745 14 5527 0 0.86097661
Link 72 10 5548 0 1.86001671
Link 130 130 5784 1 -0.10029926
Link 61 235 5787 1 -0.58630438
Link 569 44 5832 0 2.26588726
Link 226 76 5902 0 0.71853347
Link 310 569 5975 1 0.72977416
Link 39 796 6036 0 1.17125563
Link 796 61 6037 0 0.18397467
Link 31 64 6210 0 -1.89406585
Link 235 826 6282 0 1.06927491
Link 826 564 6283 0 -0.32746112
Link 494 796 6517 1 -0.22066355
Link 454 882 6747 0 1.08279458
Link 882 113 6748 0 -1.21396004
Link 645 38 6765 0 -4.41722398
Link 234 15 6860 0 0.24438129
Link 58 422 6880 0 1.15263417
Link 64 917 7083 0 1.52931212
Link 917 745 7084 0 0.36196717
Link 611 35 7189 0 -0.46881105
Link 564 422 7273 0 -0.68925787
Link 19 239 7292 0 5.88092968
Link 113 539 7310 0 -3.47965941
Link 71 687 7517 0 -2.16467043
Link 72 645 7763 1 -0.23802652
Link 291 435 7801 0 0.85530297
Link 31 991 7838 0 0.89277164
Link 991 732 7839 0 0.83848807
Link 43 1009 8040 0 1.12279736
Link 1009 589 8041 0 4.90815638
Link 161 422 8085 0 0.34770489
Link 2 1021 8108 0 1.46588838
Link 1021 645 8109 0 1.99605985
Link 58 1043 8362 0 -0.75718118
Link 1043 129 8363 0 -1.31257876
Link 630 48 8617 0 1.71340549
Link 611 372 8689 0 1.65647440
Link 991 36 8705 0 -2.36513564
Link 619 338 8725 1 -1.81219985
Link 338 535 8744 0 2.13683006
Link 177 156 8916 0 3.81507865
Link 645 46 8931 0 0.80623626
Link 393 1110 8959 0 1.45635480
Link 1110 377 8960 0 3.43869929
Link 514 15 8984 0 1.09684183
Link 229 732 9161 0 -2.95600458
GenomeEnd

