GenomeStart 32822
Neuron 1 1 0.00000000 1 0.00000000 0.00000000 0.00000000 0.00000000
Neuron 2 1 0.00000000 1 0.00000000 0.00000000 0.00000000 0.00000000
Neuron 3 1 0.00000000 1 0.00000000 0.00000000 0.00000000 0.00000000
Neuron 4 1 0.00000000 1 0.00000000 0.00000000 0.00000000 0.00000000
Neuron 5 1 0.00000000 1 0.00000000 0.00000000 0.00000000 0.00000000
Neuron 6 1 0.00000000 1 0.00000000 0.00000000 0.00000000 0.00000000
Neuron 7 1 0.00000000 1 0.00000000 0.00000000 0.00000000 0.00000000
Neuron 8 1 0.00000000 1 0.00000000 0.00000000 0.00000000 0.00000000
Neuron 9 2 0.00000000 1 0.00000000 0.00000000 0.00000000 0.00000000
Neuron 10 4 1.00000000 0 1.00000000 0.00000000 0.00000000 0.00000000
Neuron 11 4 1.00000000 0 1.00000000 0.00000000 0.00000000 0.00000000
Neuron 12 4 1.00000000 0 1.00000000 0.00000000 0.00000000 0.00000000
Neuron 13 4 1.00000000 0 1.00000000 0.00000000 0.00000000 0.00000000
Neuron 14 4 1.00000000 0 1.00000000 0.00000000 0.00000000 0.00000000
Neuron 15 4 1.00000000 0 1.00000000 0.00000000 0.00000000 0.00000000
Neuron 16 4 1.00000000 0 1.00000000 0.00000000 0.00000000 0.00000000
Neuron 17 3 0.50000000 1 1.00000000 0.00000000 0.00000000 0.00000000
Neuron 19 3 0.50000000 1 1.00000000 0.00000000 0.00000000 0.00000000
Neuron 22 3 0.50000000 1 1.00000000 0.00000000 0.00000000 0.00000000
Neuron 23 3 0.50000000 1 1.00000000 0.00000000 0.00000000 0.00000000
Neuron 30 3 0.50000000 1 1.00000000 0.00000000 0.00000000 0.00000000
Neuron 32 3 0.50000000 1 1.00000000 0.00000000 0.00000000 0.00000000
Neuron 34 3 0.50000000 1 1.00000000 0.00000000 0.00000000 0.00000000
Neuron 40 3 0.50000000 1 1.00000000 0.00000000 0.00000000 0.00000000
Neuron 41 3 0.50000000 1 1.00000000 0.00000000 0.00000000 0.00000000
Neuron 42 3 0.50000000 1 1.00000000 0.00000000 0.00000000 0.00000000
Neuron 50 3 0.50000000 1 1.00000000 0.00000000 0.00000000 0.00000000
Neuron 55 3 0.50000000 1 1.00000000 0.00000000 0.00000000 0.00000000
Neuron 57 3 0.50000000 1 1.00000000 0.00000000 0.00000000 0.00000000
Neuron 61 3 0.50000000 1 1.00000000 0.00000000 0.00000000 0.00000000
Neuron 64 3 0.50000000 1 1.00000000 0.00000000 0.00000000 0.00000000
Neuron 68 3 0.50000000 1 1.00000000 0.00000000 0.00000000 0.00000000
Neuron 70 3 0.25000000 1 1.00000000 0.00000000 0.00000000 0.00000000
Neuron 81 3 0.50000000 1 1.00000000 0.00000000 0.00000000 0.00000000
Neuron 85 3 0.75000000 1 1.00000000 0.00000000 0.00000000 0.00000000
Neuron 98 3 0.25000000 1 1.00000000 0.00000000 0.00000000 0.00000000
Neuron 113 3 0.75000000 1 1.00000000 0.00000000 0.00000000 0.00000000
Neuron 129 3 0.75000000 1 1.00000000 0.00000000 0.00000000 0.00000000
Neuron 142 3 0.75000000 1 1.00000000 0.00000000 0.00000000 0.00000000
Neuron 147 3 0.25000000 1 1.00000000 0.00000000 0.00000000 0.00000000
Neuron 156 3 0.75000000 1 1.00000000 0.00000000 0.00000000 0.00000000
Neuron 165 3 0.25000000 1 1.00000000 0.00000000 0.00000000 0.00000000
Neuron 177 3 0.62500000 1 1.00000000 0.00000000 0.00000000 0.00000000
Neuron 180 3 0.50000000 1 1.00000000 0.00000000 0.00000000 0.00000000
Neuron 187 3 0.75000000 1 1.00000000 0.00000000 0.00000000 0.00000000
Neuron 226 3 0.25000000 1 1.00000000 0.00000000 0.00000000 0.00000000
Neuron 234 3 0.25000000 1 1.00000000 0.00000000 0.00000000 0.00000000
Neuron 239 3 0.75000000 1 1.00000000 0.00000000 0.00000000 0.00000000
Neuron 245 3 0.25000000 1 1.00000000 0.00000000 0.00000000 0.00000000
Neuron 249 3 0.12500000 1 1.00000000 0.00000000 0.00000000 0.00000000
Neuron 251 3 0.87500000 1 1.00000000 0.00000000 0.00000000 0.00000000
Neuron 282 3 0.37500000 1 1.00000000 0.00000000 0.00000000 0.00000000
Neuron 310 3 0.75000000 1 1.00000000 0.00000000 0.00000000 0.00000000
Neuron 377 3 0.50000000 1 1.00000000 0.00000000 0.00000000 0.00000000
Neuron 426 3 0.62500000 1 1.00000000 0.00000000 0.00000000 0.00000000
Neuron 430 3 0.25000000 1 1.00000000 0.00000000 0.00000000 0.00000000
Neuron 433 3 0.75000000 1 1.00000000 0.00000000 0.00000000 0.00000000
Neuron 444 3 0.12500000 1 1.00000000 0.00000000 0.00000000 0.00000000
Neuron 454 3 0.50000000 1 1.00000000 0.00000000 0.00000000 0.00000000
Neuron 494 3 1.00000000 1 1.00000000 0.00000000 0.00000000 0.00000000
Neuron 530 3 0.12500000 1 1.00000000 0.00000000 0.00000000 0.00000000
Neuron 548 3 0.37500000 1 1.00000000 0.00000000 0.00000000 0.00000000
Neuron 619 3 0.93750000 1 1.00000000 0.00000000 0.00000000 0.00000000
Neuron 676 3 0.62500000 1 1.00000000 0.00000000 0.00000000 0.00000000
Link 1 10 1 0 -1.75510589
Link 6 10 6 0 2.58094656
Link 9 10 9 0 0.96575330
Link 1 11 10 0 -4.02025041
Link 3 11 12 0 -0.41275341
Link 4 11 13 0 4.30115806
Link 5 11 14 0 3.11444482
Link 7 11 16 0 0.93674775
Link 9 11 18 0 0.14838558
Link 1 12 19 0 -2.57318753
Link 2 12 20 0 -0.79251549
Link 4 12 22 0 3.28182340
Link 5 12 23 0 -0.94495302
Link 6 12 24 0 -3.19953823
Link 7 12 25 0 1.80729631
Link 8 12 26 0 1.53993949
Link 9 12 27 0 -1.31578781
Link 1 13 28 0 -2.48868230
Link 3 13 30 0 0.16266246
Link 6 13 33 0 -3.46083290
Link 3 14 39 0 0.78545381
Link 4 14 40 0 1.31987606
Link 6 14 42 0 1.67328733
Link 8 14 44 0 -1.64486253
Link 9 14 45 0 -1.52558472
Link 1 15 46 0 0.52819282
Link 2 15 47 0 -1.71720096
Link 3 15 48 0 -0.78882171
Link 6 15 51 0 0.06803250
Link 7 15 52 0 0.38187137
Link 8 15 53 0 -1.90642354
Link 9 15 54 0 0.43079247
Link 1 16 55 0 1.06171565
Link 2 16 56 0 0.82909641
Link 3 16 57 0 0.15177810
Link 4 16 58 0 3.00269705
Link 5 16 59 0 0.80273181
Link 7 16 61 0 3.61025597
Link 8 16 62 0 -2.34320857
Link 9 16 63 0 0.18100993
Link 4 17 65 0 1.81304002
Link 2 19 71 0 -0.50540392
Link 19 10 72 0 0.94396846
Link 6 22 80 0 -0.82994892
Link 22 16 81 0 0.58519656
Link 23 11 84 0 -2.08332358
Link 30 14 106 0 -0.86845657
Link 8 32 111 0 -0.23478532
Link 34 12 119 0 2.86791630
Link 4 40 138 0 0.35970619
Link 41 14 142 0 0.92987302
Link 8 42 144 0 0.70231556
Link 42 11 145 0 -0.43530955
Link 5 50 171 0 -0.33987006
Link 2 55 193 0 0.40964266
Link 55 11 194 0 0.14263688
Link 5 57 202 0 -0.79236609
Link 7 61 219 0 0.58818230
Link 61 13 220 0 1.07808482
Link 7 64 237 0 2.95778324
Link 7 55 249 0 -1.10207564
Link 70 41 308 0 1.35859153
Link 2 81 399 0 2.65231898
Link 81 13 400 0 -2.68642596
Link 16 85 430 1 -0.92374417
Link 23 23 454 1 0.59636140
Link 6 98 520 0 1.20918667
Link 98 23 521 0 -1.39503157
Link 13 55 582 1 -0.27905619
Link 113 15 641 0 0.72925580
Link 50 129 790 0 2.92567731
Link 129 14 791 0 1.07471556
Link 32 142 854 0 1.08412291
Link 142 13 855 0 -0.22900174
Link 19 57 882 0 2.78602062
Link 7 147 884 0 0.41603490
Link 147 68 885 0 -2.60738644
Link 57 156 931 0 0.25394215
Link 156 15 932 0 -0.04678867
Link 32 14 970 0 -3.56977176
Link 2 165 1005 0 1.14391342
Link 85 177 1131 1 1.15829709
Link 177 68 1132 1 2.76477712
Link 2 180 1145 0 1.00000000
Link 180 11 1146 0 1.51595489
Link 40 187 1190 0 0.49764096
Link 226 34 1448 0 0.13444105
Link 4 234 1505 0 -1.48597953
Link 68 239 1535 0 0.89825180
Link 239 10 1536 0 -1.90275639
Link 5 245 1563 0 1.35058137
Link 245 55 1564 0 0.77515649
Link 1 249 1588 0 1.01033443
Link 249 70 1589 0 1.41804356
Link 187 251 1600 0 0.54072133
Link 251 13 1601 0 0.71608030
Link 19 55 1661 0 0.83378529
Link 234 282 1813 0 1.28501440
Link 282 55 1814 0 0.84867997
Link 64 310 1970 0 2.26947566
Link 310 14 1971 0 1.04516285
Link 1 98 2201 0 1.75985790
Link 34 377 2465 0 1.53597400
Link 377 81 2466 0 -1.95213164
Link 40 19 2520 0 -3.38756268
Link 4 282 2538 0 -3.04623743
Link 17 40 2643 0 0.96574836
Link 34 15 2755 0 2.33264777
Link 17 426 2801 0 -0.55428275
Link 426 113 2802 0 0.74899695
Link 129 17 2822 1 0.64665145
Link 430 40 2839 0 -1.02499360
Link 129 433 2865 1 1.48128419
Link 433 129 2866 1 -0.05065389
Link 3 444 2959 0 1.63685453
Link 444 226 2960 0 0.69742776
Link 32 454 3037 0 0.96291779
Link 454 19 3038 0 -1.08456659
Link 34 310 3086 0 1.78268767
Link 129 32 3288 1 -0.61363106
Link 494 15 3342 1 -1.59125707
Link 177 85 3436 0 1.84993814
Link 85 14 3454 0 -2.04206163
Link 8 530 3611 0 0.29506573
Link 530 430 3612 0 0.94640420
Link 165 548 3766 0 0.60212255
Link 548 30 3767 0 -0.08184470
Link 30 30 3785 1 3.27701169
Link 177 70 3881 1 1.83702804
Link 494 282 3904 1 0.96874677
Link 251 454 4233 1 -3.55257360
Link 85 64 4254 1 0.94578622
Link 5 494 4368 0 -2.70819091
Link 16 619 4415 1 0.79484199
Link 619 251 4416 1 -0.90724348
Link 13 430 4846 1 2.24880145
Link 129 676 4986 1 1.00000000
Link 676 64 4987 1 1.35235357
GenomeEnd

