GenomeStart 59603
Neuron 1 1 0.00000000 1 0.00000000 0.00000000 0.00000000 0.00000000
Neuron 2 1 0.00000000 1 0.00000000 0.00000000 0.00000000 0.00000000
Neuron 3 1 0.00000000 1 0.00000000 0.00000000 0.00000000 0.00000000
Neuron 4 1 0.00000000 1 0.00000000 0.00000000 0.00000000 0.00000000
Neuron 5 1 0.00000000 1 0.00000000 0.00000000 0.00000000 0.00000000
Neuron 6 1 0.00000000 1 0.00000000 0.00000000 0.00000000 0.00000000
Neuron 7 1 0.00000000 1 0.00000000 0.00000000 0.00000000 0.00000000
Neuron 8 1 0.00000000 1 0.00000000 0.00000000 0.00000000 0.00000000
Neuron 9 2 0.00000000 1 0.00000000 0.00000000 0.00000000 0.00000000
Neuron 10 4 1.00000000 0 1.00000000 0.00000000 0.00000000 0.00000000
Neuron 11 4 1.00000000 0 1.00000000 0.00000000 0.00000000 0.00000000
Neuron 12 4 1.00000000 0 1.00000000 0.00000000 0.00000000 0.00000000
Neuron 13 4 1.00000000 0 1.00000000 0.00000000 0.00000000 0.00000000
Neuron 14 4 1.00000000 0 1.00000000 0.00000000 0.00000000 0.00000000
Neuron 15 4 1.00000000 0 1.00000000 0.00000000 0.00000000 0.00000000
Neuron 16 4 1.00000000 0 1.00000000 0.00000000 0.00000000 0.00000000
Neuron 17 3 0.50000000 1 1.00000000 0.00000000 0.00000000 0.00000000
Neuron 19 3 0.50000000 1 1.00000000 0.00000000 0.00000000 0.00000000
Neuron 22 3 0.50000000 1 1.00000000 0.00000000 0.00000000 0.00000000
Neuron 23 3 0.50000000 1 1.00000000 0.00000000 0.00000000 0.00000000
Neuron 26 3 0.50000000 1 1.00000000 0.00000000 0.00000000 0.00000000
Neuron 29 3 0.50000000 1 1.00000000 0.00000000 0.00000000 0.00000000
Neuron 30 3 0.50000000 1 1.00000000 0.00000000 0.00000000 0.00000000
Neuron 31 3 0.50000000 1 1.00000000 0.00000000 0.00000000 0.00000000
Neuron 32 3 0.50000000 1 1.00000000 0.00000000 0.00000000 0.00000000
Neuron 33 3 0.50000000 1 1.00000000 0.00000000 0.00000000 0.00000000
Neuron 34 3 0.50000000 1 1.00000000 0.00000000 0.00000000 0.00000000
Neuron 35 3 0.50000000 1 1.00000000 0.00000000 0.00000000 0.00000000
Neuron 36 3 0.50000000 1 1.00000000 0.00000000 0.00000000 0.00000000
Neuron 38 3 0.50000000 1 1.00000000 0.00000000 0.00000000 0.00000000
Neuron 39 3 0.50000000 1 1.00000000 0.00000000 0.00000000 0.00000000
Neuron 40 3 0.50000000 1 1.00000000 0.00000000 0.00000000 0.00000000
Neuron 41 3 0.50000000 1 1.00000000 0.00000000 0.00000000 0.00000000
Neuron 43 3 0.50000000 1 1.00000000 0.00000000 0.00000000 0.00000000
Neuron 44 3 0.50000000 1 1.00000000 0.00000000 0.00000000 0.00000000
Neuron 45 3 0.50000000 1 1.00000000 0.00000000 0.00000000 0.00000000
Neuron 46 3 0.50000000 1 1.00000000 0.00000000 0.00000000 0.00000000
Neuron 48 3 0.50000000 1 1.00000000 0.00000000 0.00000000 0.00000000
Neuron 50 3 0.50000000 1 1.00000000 0.00000000 0.00000000 0.00000000
Neuron 53 3 0.50000000 1 1.00000000 0.00000000 0.00000000 0.00000000
Neuron 55 3 0.50000000 1 1.00000000 0.00000000 0.00000000 0.00000000
Neuron 56 3 0.50000000 1 1.00000000 0.00000000 0.00000000 0.00000000
Neuron 57 3 0.50000000 1 1.00000000 0.00000000 0.00000000 0.00000000
Neuron 58 3 0.50000000 1 1.00000000 0.00000000 0.00000000 0.00000000
Neuron 61 3 0.50000000 1 1.00000000 0.00000000 0.00000000 0.00000000
Neuron 64 3 0.50000000 1 1.00000000 0.00000000 0.00000000 0.00000000
Neuron 68 3 0.50000000 1 1.00000000 0.00000000 0.00000000 0.00000000
Neuron 69 3 0.75000000 1 1.00000000 0.00000000 0.00000000 0.00000000
Neuron 70 3 0.25000000 1 1.00000000 0.00000000 0.00000000 0.00000000
Neuron 71 3 0.50000000 1 1.00000000 0.00000000 0.00000000 0.00000000
Neuron 72 3 0.75000000 1 1.00000000 0.00000000 0.00000000 0.00000000
Neuron 76 3 0.50000000 1 1.00000000 0.00000000 0.00000000 0.00000000
Neuron 81 3 0.50000000 1 1.00000000 0.00000000 0.00000000 0.00000000
Neuron 85 3 0.75000000 1 1.00000000 0.00000000 0.00000000 0.00000000
Neuron 88 3 0.75000000 1 1.00000000 0.00000000 0.00000000 0.00000000
Neuron 90 3 0.25000000 1 1.00000000 0.00000000 0.00000000 0.00000000
Neuron 91 3 0.25000000 1 1.00000000 0.00000000 0.00000000 0.00000000
Neuron 98 3 0.25000000 1 1.00000000 0.00000000 0.00000000 0.00000000
Neuron 113 3 0.75000000 1 1.00000000 0.00000000 0.00000000 0.00000000
Neuron 119 3 0.50000000 1 1.00000000 0.00000000 0.00000000 0.00000000
Neuron 129 3 0.75000000 1 1.00000000 0.00000000 0.00000000 0.00000000
Neuron 130 3 0.75000000 1 1.00000000 0.00000000 0.00000000 0.00000000
Neuron 132 3 0.25000000 1 1.00000000 0.00000000 0.00000000 0.00000000
Neuron 145 3 0.25000000 1 1.00000000 0.00000000 0.00000000 0.00000000
Neuron 147 3 0.25000000 1 1.00000000 0.00000000 0.00000000 0.00000000
Neuron 156 3 0.75000000 1 1.00000000 0.00000000 0.00000000 0.00000000
Neuron 161 3 0.37500000 1 1.00000000 0.00000000 0.00000000 0.00000000
Neuron 165 3 0.25000000 1 1.00000000 0.00000000 0.00000000 0.00000000
Neuron 175 3 0.25000000 1 1.00000000 0.00000000 0.00000000 0.00000000
Neuron 177 3 0.62500000 1 1.00000000 0.00000000 0.00000000 0.00000000
Neuron 180 3 0.50000000 1 1.00000000 0.00000000 0.00000000 0.00000000
Neuron 183 3 0.75000000 1 1.00000000 0.00000000 0.00000000 0.00000000
Neuron 187 3 0.75000000 1 1.00000000 0.00000000 0.00000000 0.00000000
Neuron 207 3 0.75000000 1 1.00000000 0.00000000 0.00000000 0.00000000
Neuron 212 3 0.25000000 1 1.00000000 0.00000000 0.00000000 0.00000000
Neuron 214 3 0.25000000 1 1.00000000 0.00000000 0.00000000 0.00000000
Neuron 221 3 0.37500000 1 1.00000000 0.00000000 0.00000000 0.00000000
Neuron 226 3 0.25000000 1 1.00000000 0.00000000 0.00000000 0.00000000
Neuron 229 3 0.37500000 1 1.00000000 0.00000000 0.00000000 0.00000000
Neuron 232 3 0.75000000 1 1.00000000 0.00000000 0.00000000 0.00000000
Neuron 234 3 0.25000000 1 1.00000000 0.00000000 0.00000000 0.00000000
Neuron 235 3 0.25000000 1 1.00000000 0.00000000 0.00000000 0.00000000
Neuron 239 3 0.75000000 1 1.00000000 0.00000000 0.00000000 0.00000000
Neuron 251 3 0.87500000 1 1.00000000 0.00000000 0.00000000 0.00000000
Neuron 282 3 0.37500000 1 1.00000000 0.00000000 0.00000000 0.00000000
Neuron 291 3 0.25000000 1 1.00000000 0.00000000 0.00000000 0.00000000
Neuron 297 3 0.50000000 1 1.00000000 0.00000000 0.00000000 0.00000000
Neuron 310 3 0.75000000 1 1.00000000 0.00000000 0.00000000 0.00000000
Neuron 338 3 0.25000000 1 1.00000000 0.00000000 0.00000000 0.00000000
Neuron 351 3 0.37500000 1 1.00000000 0.00000000 0.00000000 0.00000000
Neuron 372 3 0.87500000 1 1.00000000 0.00000000 0.00000000 0.00000000
Neuron 377 3 0.50000000 1 1.00000000 0.00000000 0.00000000 0.00000000
Neuron 393 3 0.37500000 1 1.00000000 0.00000000 0.00000000 0.00000000
Neuron 422 3 0.87500000 1 1.00000000 0.00000000 0.00000000 0.00000000
Neuron 426 3 0.62500000 1 1.00000000 0.00000000 0.00000000 0.00000000
Neuron 430 3 0.25000000 1 1.00000000 0.00000000 0.00000000 0.00000000
Neuron 435 3 0.31250000 1 1.00000000 0.00000000 0.00000000 0.00000000
Neuron 436 3 0.87500000 1 1.00000000 0.00000000 0.00000000 0.00000000
Neuron 440 3 0.62500000 1 1.00000000 0.00000000 0.00000000 0.00000000
Neuron 447 3 0.18750000 1 1.00000000 0.00000000 0.00000000 0.00000000
Neuron 454 3 0.50000000 1 1.00000000 0.00000000 0.00000000 0.00000000
Neuron 476 3 0.12500000 1 1.00000000 0.00000000 0.00000000 0.00000000
Neuron 477 3 0.75000000 1 1.00000000 0.00000000 0.00000000 0.00000000
Neuron 494 3 1.00000000 1 1.00000000 0.00000000 0.00000000 0.00000000
Neuron 514 3 0.25000000 1 1.00000000 0.00000000 0.00000000 0.00000000
Neuron 519 3 1.00000000 1 1.00000000 0.00000000 0.00000000 0.00000000
Neuron 535 3 0.50000000 1 1.00000000 0.00000000 0.00000000 0.00000000
Neuron 539 3 0.75000000 1 1.00000000 0.00000000 0.00000000 0.00000000
Neuron 540 3 0.62500000 1 1.00000000 0.00000000 0.00000000 0.00000000
Neuron 549 3 0.62500000 1 1.00000000 0.00000000 0.00000000 0.00000000
Neuron 558 3 0.50000000 1 1.00000000 0.00000000 0.00000000 0.00000000
Neuron 564 3 0.28125000 1 1.00000000 0.00000000 0.00000000 0.00000000
Neuron 569 3 0.25000000 1 1.00000000 0.00000000 0.00000000 0.00000000
Neuron 575 3 0.18750000 1 1.00000000 0.00000000 0.00000000 0.00000000
Neuron 589 3 0.93750000 1 1.00000000 0.00000000 0.00000000 0.00000000
Neuron 605 3 0.21875000 1 1.00000000 0.00000000 0.00000000 0.00000000
Neuron 609 3 0.43750000 1 1.00000000 0.00000000 0.00000000 0.00000000
Neuron 611 3 0.50000000 1 1.00000000 0.00000000 0.00000000 0.00000000
Neuron 619 3 0.93750000 1 1.00000000 0.00000000 0.00000000 0.00000000
Neuron 630 3 0.50000000 1 1.00000000 0.00000000 0.00000000 0.00000000
Neuron 631 3 0.62500000 1 1.00000000 0.00000000 0.00000000 0.00000000
Neuron 638 3 0.43750000 1 1.00000000 0.00000000 0.00000000 0.00000000
Neuron 645 3 0.12500000 1 1.00000000 0.00000000 0.00000000 0.00000000
Neuron 659 3 0.17187500 1 1.00000000 0.00000000 0.00000000 0.00000000
Neuron 681 3 0.68750000 1 1.00000000 0.00000000 0.00000000 0.00000000
Neuron 687 3 0.50000000 1 1.00000000 0.00000000 0.00000000 0.00000000
Neuron 712 3 0.68750000 1 1.00000000 0.00000000 0.00000000 0.00000000
Neuron 732 3 0.50000000 1 1.00000000 0.00000000 0.00000000 0.00000000
Neuron 736 3 0.68750000 1 1.00000000 0.00000000 0.00000000 0.00000000
Neuron 745 3 0.75000000 1 1.00000000 0.00000000 0.00000000 0.00000000
Neuron 796 3 0.50000000 1 1.00000000 0.00000000 0.00000000 0.00000000
Neuron 826 3 0.26562500 1 1.00000000 0.00000000 0.00000000 0.00000000
Neuron 882 3 0.62500000 1 1.00000000 0.00000000 0.00000000 0.00000000
Neuron 917 3 0.62500000 1 1.00000000 0.00000000 0.00000000 0.00000000
Neuron 991 3 0.50000000 1 1.00000000 0.00000000 0.00000000 0.00000000
Neuron 1009 3 0.71875000 1 1.00000000 0.00000000 0.00000000 0.00000000
Neuron 1021 3 0.06250000 1 1.00000000 0.00000000 0.00000000 0.00000000
Neuron 1043 3 0.62500000 1 1.00000000 0.00000000 0.00000000 0.00000000
Neuron 1110 3 0.43750000 1 1.00000000 0.00000000 0.00000000 0.00000000
Neuron 1155 3 0.50000000 1 1.00000000 0.00000000 0.00000000 0.00000000
Link 1 10 1 0 -2.54355797
Link 2 10 2 0 0.98993232
Link 3 10 3 0 1.58630314
Link 4 10 4 0 -0.95341861
Link 6 10 6 0 0.14893831
Link 8 10 8 0 -2.07658173
Link 1 11 10 0 -3.51848295
Link 2 11 11 0 1.61425332
Link 3 11 12 0 0.93678330
Link 4 11 13 0 0.48159895
Link 5 11 14 0 -1.36326953
Link 6 11 15 0 0.36247153
Link 7 11 16 0 1.18395150
Link 8 11 17 0 -0.50671674
Link 9 11 18 0 -0.87451681
Link 1 12 19 0 -0.78299216
Link 3 12 21 0 1.38043294
Link 4 12 22 0 0.50187034
Link 5 12 23 0 1.01103763
Link 6 12 24 0 -5.99580142
Link 8 12 26 0 -1.36072139
Link 9 12 27 0 1.92643291
Link 1 13 28 0 -1.31608880
Link 3 13 30 0 0.91142561
Link 4 13 31 0 -1.08504685
Link 6 13 33 0 0.28919486
Link 8 13 35 0 -0.26529145
Link 9 13 36 0 2.60728620
Link 3 14 39 0 0.49741556
Link 4 14 40 0 0.18461614
Link 6 14 42 0 2.27543284
Link 8 14 44 0 1.16488007
Link 9 14 45 0 0.10128950
Link 1 15 46 0 -0.90932355
Link 2 15 47 0 -0.31664755
Link 4 15 49 0 -3.14930103
Link 5 15 50 0 -0.54946992
Link 7 15 52 0 1.04922192
Link 9 15 54 0 -1.79499169
Link 1 16 55 0 -1.00227064
Link 2 16 56 0 -0.04895857
Link 3 16 57 0 -2.80816104
Link 4 16 58 0 0.08646576
Link 5 16 59 0 0.94126991
Link 7 16 61 0 -2.18872892
Link 8 16 62 0 -0.96176331
Link 9 16 63 0 1.11662486
Link 2 19 71 0 -1.84302678
Link 6 22 80 0 -0.03455701
Link 22 16 81 0 1.12210480
Link 23 11 84 0 0.00063912
Link 5 26 93 0 -1.17412429
Link 26 10 94 0 0.46239825
Link 8 29 102 0 0.97975260
Link 2 30 105 0 -1.12666209
Link 30 14 106 0 -1.59718319
Link 31 13 109 0 -1.20849758
Link 8 32 111 0 1.38521086
Link 32 13 112 0 -1.12499970
Link 6 33 115 0 1.12092687
Link 33 13 116 0 0.77051993
Link 34 12 119 0 1.90799095
Link 5 35 121 0 1.49483615
Link 35 13 122 0 -2.20160001
Link 4 36 126 0 2.99543688
Link 36 14 127 0 -3.65890946
Link 2 38 132 0 0.29413211
Link 6 39 135 0 -1.54749008
Link 39 15 136 0 3.66757786
Link 41 14 142 0 1.72230955
Link 43 15 148 0 -1.84453949
Link 44 11 151 0 0.95503967
Link 45 16 154 0 1.37914181
Link 5 46 156 0 1.07083941
Link 46 12 157 0 1.05045913
Link 2 48 162 0 -2.40482566
Link 5 50 171 0 -1.27149449
Link 7 53 186 0 -1.79156854
Link 53 12 187 0 -2.96892498
Link 2 55 193 0 -0.68562564
Link 55 11 194 0 1.31024950
Link 7 56 197 0 -0.44302323
Link 56 16 198 0 -0.59678297
Link 5 57 202 0 1.38016518
Link 6 58 208 0 -2.38731576
Link 61 13 220 0 3.48214896
Link 14 14 233 1 -0.48770821
Link 7 64 237 0 -3.83123047
Link 7 55 249 0 1.35689934
Link 5 55 250 0 3.19692421
Link 15 38 261 1 3.68236364
Link 7 68 286 0 -0.16374678
Link 68 10 287 0 1.83102155
Link 38 69 290 0 5.27872188
Link 1 70 307 0 2.44044373
Link 70 41 308 0 -0.14780352
Link 41 72 327 0 0.24366819
Link 72 14 328 0 0.27893779
Link 76 14 351 0 1.57208803
Link 38 56 379 0 1.16537194
Link 2 81 399 0 1.29786783
Link 81 13 400 0 -2.96534725
Link 16 85 430 1 2.43536764
Link 29 88 448 0 -0.42639704
Link 88 15 449 0 -1.51455543
Link 3 90 459 0 0.64261203
Link 4 91 463 0 1.76397004
Link 91 17 464 0 1.61660587
Link 6 98 520 0 1.02223204
Link 13 55 582 1 1.58019973
Link 113 15 641 0 0.65416166
Link 2 119 693 0 3.15680282
Link 119 12 694 0 -1.96354765
Link 129 14 791 0 2.01726313
Link 130 11 796 0 -4.11160777
Link 3 132 801 0 2.87416890
Link 132 43 802 0 -4.35117960
Link 9 38 844 0 -0.27592643
Link 4 145 867 0 2.83424428
Link 145 45 868 0 -0.39309383
Link 19 57 882 0 1.80815919
Link 7 147 884 0 -1.65638306
Link 147 68 885 0 -1.14262704
Link 57 156 931 0 1.51370504
Link 156 15 932 0 -1.33421150
Link 32 14 970 0 -0.49394257
Link 90 161 986 0 -1.08583712
Link 161 31 987 0 0.08319043
Link 165 30 1006 0 -0.84284167
Link 8 48 1064 0 -0.76538147
Link 68 68 1084 1 -4.24310343
Link 8 175 1110 0 0.08862501
Link 175 76 1111 0 2.62204581
Link 85 177 1131 1 -1.08044677
Link 177 68 1132 1 -0.00422392
Link 2 180 1145 0 0.86961868
Link 180 11 1146 0 0.27585227
Link 29 56 1156 0 1.56399298
Link 19 183 1174 0 0.96416783
Link 183 10 1175 0 0.59657078
Link 40 187 1190 0 0.75403196
Link 8 38 1271 0 2.90399086
Link 48 207 1299 0 1.74183022
Link 207 16 1300 0 -0.21801002
Link 10 32 1308 1 -0.70033947
Link 4 212 1339 0 1.73636172
Link 212 40 1340 0 -1.32818292
Link 3 214 1351 0 -1.87789258
Link 214 44 1352 0 -1.99848036
Link 5 71 1358 0 -1.62982919
Link 98 221 1402 0 1.17320037
Link 221 23 1403 0 -0.65733780
Link 10 68 1425 1 -1.45460197
Link 3 226 1447 0 1.18726954
Link 226 34 1448 0 0.45325180
Link 70 229 1466 0 -1.50214812
Link 229 41 1467 0 -0.05942572
Link 9 71 1475 0 3.07492787
Link 58 232 1485 0 1.92963209
Link 232 14 1486 0 -2.02286481
Link 44 56 1490 0 -2.37874816
Link 4 234 1505 0 -2.44030121
Link 239 10 1536 0 -0.69257090
Link 187 251 1600 0 0.97165981
Link 251 13 1601 0 -3.06316140
Link 8 69 1708 0 -2.27731648
Link 234 282 1813 0 0.02566125
Link 282 55 1814 0 3.52720678
Link 16 48 1827 1 -1.64640381
Link 7 291 1853 0 2.07803805
Link 291 61 1854 0 1.17068814
Link 19 297 1884 0 1.00000000
Link 297 55 1885 0 -0.68798957
Link 310 14 1971 0 1.08770761
Link 8 338 2165 0 1.27053775
Link 338 68 2166 0 -0.55435052
Link 1 98 2201 0 -0.35007112
Link 31 351 2254 1 1.57815137
Link 351 235 2255 1 0.83917654
Link 71 31 2288 0 0.69660648
Link 11 50 2323 1 2.04973208
Link 69 372 2424 0 -1.52893648
Link 372 12 2425 0 -0.83723477
Link 377 81 2466 0 0.65674512
Link 12 30 2517 1 -0.41658256
Link 40 19 2520 0 -1.12992670
Link 129 129 2564 1 1.18107703
Link 393 71 2567 0 -0.15560796
Link 44 26 2687 0 2.19522368
Link 129 422 2777 0 0.12794717
Link 17 426 2801 0 -2.92167935
Link 426 113 2802 0 4.07196045
Link 129 17 2822 1 0.10980097
Link 8 430 2838 0 -2.87094545
Link 430 40 2839 0 0.90031483
Link 435 393 2885 0 0.75892242
Link 69 436 2888 0 2.75432002
Link 436 15 2889 0 0.17509313
Link 64 440 2909 0 1.13942258
Link 440 310 2910 0 1.21204809
Link 30 68 2927 0 2.46318476
Link 38 338 2934 1 -1.03709312
Link 435 14 2972 0 -0.94258872
Link 4 447 2984 0 2.94770955
Link 447 282 2985 0 -1.39809584
Link 50 11 2990 0 -2.04055514
Link 214 214 3012 1 -0.39166072
Link 32 454 3037 0 -0.55640012
Link 34 310 3086 0 0.80328481
Link 11 338 3108 1 -0.86892606
Link 69 13 3154 0 -0.18053199
Link 4 476 3191 0 -0.46581287
Link 34 477 3196 0 3.59303657
Link 477 15 3197 0 -3.02203471
Link 129 32 3288 1 0.48132381
Link 35 48 3291 0 -0.22673462
Link 15 494 3341 1 -0.55299856
Link 175 23 3433 0 2.71939234
Link 85 14 3454 0 -2.02501506
Link 5 514 3496 0 0.44114960
Link 514 56 3497 0 2.76816379
Link 494 519 3528 1 0.70898923
Link 519 15 3529 1 0.38454844
Link 17 535 3645 0 0.06674283
Link 535 40 3646 0 -2.84469217
Link 35 539 3673 0 0.46716843
Link 539 16 3674 0 0.35925877
Link 50 540 3684 0 1.68158409
Link 540 129 3685 0 3.18109753
Link 56 69 3774 0 -1.61817707
Link 30 30 3785 1 -0.04502477
Link 71 549 3793 0 1.65009870
Link 549 130 3794 0 -1.40915515
Link 393 48 3799 0 1.72355086
Link 38 476 3858 1 -4.28955352
Link 8 558 3866 0 1.30193643
Link 558 15 3867 0 0.13070732
Link 564 435 3897 0 1.45824194
Link 494 282 3904 1 -0.25586292
Link 5 569 3927 0 -1.39713974
Link 569 32 3928 0 1.50276078
Link 476 575 3984 0 -4.98122711
Link 575 235 3985 0 1.85398699
Link 422 589 4105 0 1.41511389
Link 589 14 4106 0 0.31386398
Link 589 16 4185 0 -1.39743350
Link 605 435 4245 0 1.49612014
Link 85 64 4254 1 -0.83943276
Link 165 609 4286 0 0.41813104
Link 609 426 4287 0 -0.69388263
Link 23 50 4305 0 -0.98269444
Link 454 611 4315 0 2.23477576
Link 611 19 4316 0 -0.49520527
Link 16 619 4415 1 1.84826181
Link 619 251 4416 1 -0.82857884
Link 71 41 4453 0 -2.90852999
Link 4 129 4496 0 0.89114407
Link 5 630 4532 0 -1.35492777
Link 630 494 4533 0 1.77118959
Link 68 631 4544 0 0.12115404
Link 631 239 4545 0 0.73490873
Link 177 638 4594 1 0.58472184
Link 638 70 4595 1 5.27750362
Link 645 165 4693 0 -0.11939810
Link 575 435 4702 0 1.16677228
Link 76 68 4716 0 -0.45493440
Link 40 40 4724 1 -0.84592539
Link 476 659 4813 0 -0.38509290
Link 659 605 4814 0 -0.54741566
Link 68 130 4837 0 -0.01421558
Link 251 681 5026 1 1.04504349
Link 681 454 5027 1 2.53252989
Link 7 687 5077 0 3.97569600
Link 687 12 5078 0 -1.27129713
Link 130 129 5212 0 1.34478616
Link 251 712 5268 1 -0.60820411
Link 712 61 5269 1 0.70387921
Link 235 26 5385 0 2.26397982
Link 32 736 5456 0 -1.09483417
Link 736 251 5457 0 -2.64130648
Link 147 31 5497 0 3.27740433
Link 745 14 5527 0 1.50483463
Link 72 10 5548 0 2.91034642
Link 130 130 5784 1 0.59238429
Link 61 235 5787 1 -1.07377461
Link 569 44 5832 0 2.47552150
Link 226 76 5902 0 -0.54144511
Link 310 569 5975 1 0.88355618
Link 39 796 6036 0 0.75212561
Link 796 61 6037 0 -1.34917826
Link 31 64 6210 0 -1.55248450
Link 235 826 6282 0 0.92662267
Link 826 564 6283 0 -0.88065385
Link 494 796 6517 1 0.08710612
Link 454 882 6747 0 -0.90900467
Link 882 113 6748 0 -0.71867322
Link 645 38 6765 0 -3.72658517
Link 234 15 6860 0 0.04959658
Link 58 422 6880 0 1.80108110
Link 64 917 7083 0 2.74914005
Link 917 745 7084 0 0.21041383
Link 611 35 7189 0 -0.49964771
Link 564 422 7273 0 -0.00023051
Link 19 239 7292 0 5.31051181
Link 113 539 7310 0 -3.84921821
Link 71 687 7517 0 -2.34855581
Link 72 645 7763 1 -0.30240138
Link 291 435 7801 0 0.75081101
Link 31 991 7838 0 0.52594039
Link 991 732 7839 0 1.72536698
Link 43 1009 8040 0 0.34196285
Link 1009 589 8041 0 4.91607160
Link 161 422 8085 0 0.32595325
Link 2 1021 8108 0 0.70500433
Link 1021 645 8109 0 2.58047865
Link 58 1043 8362 0 -1.27365984
Link 1043 129 8363 0 -1.98826699
Link 630 48 8617 0 0.55969573
Link 611 372 8689 0 2.19518876
Link 991 36 8705 0 -1.00460948
Link 619 338 8725 1 -1.39874869
Link 338 535 8744 0 2.62618558
Link 177 156 8916 0 4.14082417
Link 645 46 8931 0 0.18670052
Link 393 1110 8959 0 0.15160602
Link 1110 377 8960 0 1.82660936
Link 514 15 8984 0 -0.02552900
Link 540 15 9239 0 1.09908924
Link 732 1155 9292 0 1.11743664
Link 1155 29 9293 0 -1.60505614
GenomeEnd

