GenomeStart 11394
Neuron 1 1 0.00000000 1 0.00000000 0.00000000 0.00000000 0.00000000
Neuron 2 1 0.00000000 1 0.00000000 0.00000000 0.00000000 0.00000000
Neuron 3 1 0.00000000 1 0.00000000 0.00000000 0.00000000 0.00000000
Neuron 4 1 0.00000000 1 0.00000000 0.00000000 0.00000000 0.00000000
Neuron 5 1 0.00000000 1 0.00000000 0.00000000 0.00000000 0.00000000
Neuron 6 1 0.00000000 1 0.00000000 0.00000000 0.00000000 0.00000000
Neuron 7 1 0.00000000 1 0.00000000 0.00000000 0.00000000 0.00000000
Neuron 8 1 0.00000000 1 0.00000000 0.00000000 0.00000000 0.00000000
Neuron 9 2 0.00000000 1 0.00000000 0.00000000 0.00000000 0.00000000
Neuron 10 4 1.00000000 0 1.00000000 0.00000000 0.00000000 0.00000000
Neuron 11 4 1.00000000 0 1.00000000 0.00000000 0.00000000 0.00000000
Neuron 12 4 1.00000000 0 1.00000000 0.00000000 0.00000000 0.00000000
Neuron 13 4 1.00000000 0 1.00000000 0.00000000 0.00000000 0.00000000
Neuron 14 4 1.00000000 0 1.00000000 0.00000000 0.00000000 0.00000000
Neuron 15 4 1.00000000 0 1.00000000 0.00000000 0.00000000 0.00000000
Neuron 16 4 1.00000000 0 1.00000000 0.00000000 0.00000000 0.00000000
Neuron 19 3 0.50000000 1 1.00000000 0.00000000 0.00000000 0.00000000
Neuron 22 3 0.50000000 1 1.00000000 0.00000000 0.00000000 0.00000000
Neuron 23 3 0.50000000 1 1.00000000 0.00000000 0.00000000 0.00000000
Neuron 33 3 0.50000000 1 1.00000000 0.00000000 0.00000000 0.00000000
Neuron 40 3 0.50000000 1 1.00000000 0.00000000 0.00000000 0.00000000
Neuron 42 3 0.50000000 1 1.00000000 0.00000000 0.00000000 0.00000000
Neuron 48 3 0.50000000 1 1.00000000 0.00000000 0.00000000 0.00000000
Neuron 52 3 0.50000000 1 1.00000000 0.00000000 0.00000000 0.00000000
Neuron 54 3 0.50000000 1 1.00000000 0.00000000 0.00000000 0.00000000
Neuron 55 3 0.50000000 1 1.00000000 0.00000000 0.00000000 0.00000000
Neuron 68 3 0.50000000 1 1.00000000 0.00000000 0.00000000 0.00000000
Neuron 76 3 0.50000000 1 1.00000000 0.00000000 0.00000000 0.00000000
Neuron 108 3 0.75000000 1 1.00000000 0.00000000 0.00000000 0.00000000
Neuron 153 3 0.62500000 1 1.00000000 0.00000000 0.00000000 0.00000000
Link 1 10 1 0 0.88699404
Link 3 10 3 0 -2.71821700
Link 4 10 4 0 0.02742247
Link 5 10 5 0 0.37832273
Link 6 10 6 0 -2.57763153
Link 8 10 8 0 2.62253356
Link 9 10 9 0 1.06846267
Link 1 11 10 0 1.47991061
Link 3 11 12 0 0.72886815
Link 4 11 13 0 0.88287978
Link 5 11 14 0 -0.09224376
Link 7 11 16 0 0.80525715
Link 9 11 18 0 0.10786256
Link 1 12 19 0 2.81138848
Link 2 12 20 0 0.33327926
Link 3 12 21 0 -3.17189754
Link 4 12 22 0 -0.60208268
Link 5 12 23 0 1.45039301
Link 6 12 24 0 -0.94031971
Link 7 12 25 0 -3.81471013
Link 8 12 26 0 -3.34807096
Link 9 12 27 0 0.61455174
Link 2 13 29 0 1.67833416
Link 3 13 30 0 -0.19259232
Link 5 13 32 0 -3.37979802
Link 7 13 34 0 3.70303742
Link 8 13 35 0 1.31476349
Link 9 13 36 0 1.22554051
Link 1 14 37 0 1.48215175
Link 2 14 38 0 -0.38218475
Link 4 14 40 0 -0.85145520
Link 5 14 41 0 4.58577832
Link 6 14 42 0 0.67157138
Link 7 14 43 0 -0.01963677
Link 9 14 45 0 -1.15177099
Link 1 15 46 0 3.07129851
Link 2 15 47 0 1.62067219
Link 3 15 48 0 -0.26236919
Link 4 15 49 0 0.12160096
Link 5 15 50 0 2.75988564
Link 6 15 51 0 3.58604371
Link 7 15 52 0 0.02530049
Link 8 15 53 0 2.18235797
Link 9 15 54 0 2.59974889
Link 1 16 55 0 -2.17254699
Link 3 16 57 0 4.76467177
Link 4 16 58 0 0.77486487
Link 5 16 59 0 0.71657472
Link 7 16 61 0 0.41843307
Link 8 16 62 0 2.59748647
Link 9 16 63 0 -1.80897722
Link 2 19 71 0 1.07486235
Link 19 10 72 0 -0.04836154
Link 6 22 80 0 -0.24318727
Link 22 16 81 0 0.04740525
Link 6 23 83 0 0.24633210
Link 23 11 84 0 -0.56941360
Link 6 33 115 0 -0.65598514
Link 33 13 116 0 -1.37661780
Link 4 40 138 0 0.74907156
Link 40 13 139 0 2.53811438
Link 8 42 144 0 -2.03587922
Link 42 11 145 0 -4.59836582
Link 2 48 162 0 -4.34413533
Link 48 16 163 0 -4.02558436
Link 1 52 181 0 -2.11478837
Link 52 13 182 0 0.75148281
Link 3 54 189 0 0.97333115
Link 54 14 190 0 -0.03856316
Link 2 55 193 0 -0.85588888
Link 7 55 249 0 3.63419911
Link 7 68 286 0 1.38751683
Link 68 10 287 0 -0.20975971
Link 8 76 350 0 3.54523131
Link 76 14 351 0 3.77583429
Link 108 11 621 0 1.21913434
Link 19 14 703 0 -2.05742943
Link 55 153 915 0 -2.09357937
Link 153 108 916 0 2.71470924
Link 14 19 1024 1 4.46016335
Link 76 12 1026 0 -0.92030785
Link 19 16 1093 0 0.99698930
Link 9 76 1316 0 1.80806256
Link 55 42 1482 0 -1.98721929
Link 16 22 1525 1 -3.06621383
GenomeEnd

