GenomeStart 82689
Neuron 1 1 0.00000000 1 0.00000000 0.00000000 0.00000000 0.00000000
Neuron 2 1 0.00000000 1 0.00000000 0.00000000 0.00000000 0.00000000
Neuron 3 1 0.00000000 1 0.00000000 0.00000000 0.00000000 0.00000000
Neuron 4 1 0.00000000 1 0.00000000 0.00000000 0.00000000 0.00000000
Neuron 5 1 0.00000000 1 0.00000000 0.00000000 0.00000000 0.00000000
Neuron 6 1 0.00000000 1 0.00000000 0.00000000 0.00000000 0.00000000
Neuron 7 1 0.00000000 1 0.00000000 0.00000000 0.00000000 0.00000000
Neuron 8 1 0.00000000 1 0.00000000 0.00000000 0.00000000 0.00000000
Neuron 9 2 0.00000000 1 0.00000000 0.00000000 0.00000000 0.00000000
Neuron 10 4 1.00000000 0 1.00000000 0.00000000 0.00000000 0.00000000
Neuron 11 4 1.00000000 0 1.00000000 0.00000000 0.00000000 0.00000000
Neuron 12 4 1.00000000 0 1.00000000 0.00000000 0.00000000 0.00000000
Neuron 13 4 1.00000000 0 1.00000000 0.00000000 0.00000000 0.00000000
Neuron 14 4 1.00000000 0 1.00000000 0.00000000 0.00000000 0.00000000
Neuron 15 4 1.00000000 0 1.00000000 0.00000000 0.00000000 0.00000000
Neuron 16 4 1.00000000 0 1.00000000 0.00000000 0.00000000 0.00000000
Neuron 17 3 0.50000000 1 1.00000000 0.00000000 0.00000000 0.00000000
Neuron 18 3 0.50000000 1 1.00000000 0.00000000 0.00000000 0.00000000
Neuron 19 3 0.50000000 1 1.00000000 0.00000000 0.00000000 0.00000000
Neuron 22 3 0.50000000 1 1.00000000 0.00000000 0.00000000 0.00000000
Neuron 23 3 0.50000000 1 1.00000000 0.00000000 0.00000000 0.00000000
Neuron 26 3 0.50000000 1 1.00000000 0.00000000 0.00000000 0.00000000
Neuron 29 3 0.50000000 1 1.00000000 0.00000000 0.00000000 0.00000000
Neuron 30 3 0.50000000 1 1.00000000 0.00000000 0.00000000 0.00000000
Neuron 31 3 0.50000000 1 1.00000000 0.00000000 0.00000000 0.00000000
Neuron 32 3 0.50000000 1 1.00000000 0.00000000 0.00000000 0.00000000
Neuron 33 3 0.50000000 1 1.00000000 0.00000000 0.00000000 0.00000000
Neuron 34 3 0.50000000 1 1.00000000 0.00000000 0.00000000 0.00000000
Neuron 35 3 0.50000000 1 1.00000000 0.00000000 0.00000000 0.00000000
Neuron 36 3 0.50000000 1 1.00000000 0.00000000 0.00000000 0.00000000
Neuron 38 3 0.50000000 1 1.00000000 0.00000000 0.00000000 0.00000000
Neuron 39 3 0.50000000 1 1.00000000 0.00000000 0.00000000 0.00000000
Neuron 40 3 0.50000000 1 1.00000000 0.00000000 0.00000000 0.00000000
Neuron 41 3 0.50000000 1 1.00000000 0.00000000 0.00000000 0.00000000
Neuron 42 3 0.50000000 1 1.00000000 0.00000000 0.00000000 0.00000000
Neuron 43 3 0.50000000 1 1.00000000 0.00000000 0.00000000 0.00000000
Neuron 44 3 0.50000000 1 1.00000000 0.00000000 0.00000000 0.00000000
Neuron 45 3 0.50000000 1 1.00000000 0.00000000 0.00000000 0.00000000
Neuron 46 3 0.50000000 1 1.00000000 0.00000000 0.00000000 0.00000000
Neuron 48 3 0.50000000 1 1.00000000 0.00000000 0.00000000 0.00000000
Neuron 50 3 0.50000000 1 1.00000000 0.00000000 0.00000000 0.00000000
Neuron 53 3 0.50000000 1 1.00000000 0.00000000 0.00000000 0.00000000
Neuron 54 3 0.50000000 1 1.00000000 0.00000000 0.00000000 0.00000000
Neuron 55 3 0.50000000 1 1.00000000 0.00000000 0.00000000 0.00000000
Neuron 56 3 0.50000000 1 1.00000000 0.00000000 0.00000000 0.00000000
Neuron 57 3 0.50000000 1 1.00000000 0.00000000 0.00000000 0.00000000
Neuron 58 3 0.50000000 1 1.00000000 0.00000000 0.00000000 0.00000000
Neuron 59 3 0.50000000 1 1.00000000 0.00000000 0.00000000 0.00000000
Neuron 60 3 0.50000000 1 1.00000000 0.00000000 0.00000000 0.00000000
Neuron 61 3 0.50000000 1 1.00000000 0.00000000 0.00000000 0.00000000
Neuron 64 3 0.50000000 1 1.00000000 0.00000000 0.00000000 0.00000000
Neuron 65 3 0.75000000 1 1.00000000 0.00000000 0.00000000 0.00000000
Neuron 68 3 0.50000000 1 1.00000000 0.00000000 0.00000000 0.00000000
Neuron 69 3 0.75000000 1 1.00000000 0.00000000 0.00000000 0.00000000
Neuron 70 3 0.25000000 1 1.00000000 0.00000000 0.00000000 0.00000000
Neuron 71 3 0.50000000 1 1.00000000 0.00000000 0.00000000 0.00000000
Neuron 72 3 0.75000000 1 1.00000000 0.00000000 0.00000000 0.00000000
Neuron 75 3 0.50000000 1 1.00000000 0.00000000 0.00000000 0.00000000
Neuron 76 3 0.50000000 1 1.00000000 0.00000000 0.00000000 0.00000000
Neuron 81 3 0.50000000 1 1.00000000 0.00000000 0.00000000 0.00000000
Neuron 85 3 0.75000000 1 1.00000000 0.00000000 0.00000000 0.00000000
Neuron 88 3 0.75000000 1 1.00000000 0.00000000 0.00000000 0.00000000
Neuron 90 3 0.25000000 1 1.00000000 0.00000000 0.00000000 0.00000000
Neuron 91 3 0.25000000 1 1.00000000 0.00000000 0.00000000 0.00000000
Neuron 95 3 0.75000000 1 1.00000000 0.00000000 0.00000000 0.00000000
Neuron 98 3 0.25000000 1 1.00000000 0.00000000 0.00000000 0.00000000
Neuron 100 3 0.50000000 1 1.00000000 0.00000000 0.00000000 0.00000000
Neuron 104 3 0.25000000 1 1.00000000 0.00000000 0.00000000 0.00000000
Neuron 108 3 0.75000000 1 1.00000000 0.00000000 0.00000000 0.00000000
Neuron 113 3 0.75000000 1 1.00000000 0.00000000 0.00000000 0.00000000
Neuron 118 3 0.25000000 1 1.00000000 0.00000000 0.00000000 0.00000000
Neuron 119 3 0.50000000 1 1.00000000 0.00000000 0.00000000 0.00000000
Neuron 121 3 0.25000000 1 1.00000000 0.00000000 0.00000000 0.00000000
Neuron 129 3 0.75000000 1 1.00000000 0.00000000 0.00000000 0.00000000
Neuron 130 3 0.75000000 1 1.00000000 0.00000000 0.00000000 0.00000000
Neuron 131 3 0.62500000 1 1.00000000 0.00000000 0.00000000 0.00000000
Neuron 132 3 0.25000000 1 1.00000000 0.00000000 0.00000000 0.00000000
Neuron 135 3 0.75000000 1 1.00000000 0.00000000 0.00000000 0.00000000
Neuron 138 3 0.75000000 1 1.00000000 0.00000000 0.00000000 0.00000000
Neuron 142 3 0.75000000 1 1.00000000 0.00000000 0.00000000 0.00000000
Neuron 145 3 0.25000000 1 1.00000000 0.00000000 0.00000000 0.00000000
Neuron 147 3 0.25000000 1 1.00000000 0.00000000 0.00000000 0.00000000
Neuron 153 3 0.62500000 1 1.00000000 0.00000000 0.00000000 0.00000000
Neuron 156 3 0.75000000 1 1.00000000 0.00000000 0.00000000 0.00000000
Neuron 161 3 0.37500000 1 1.00000000 0.00000000 0.00000000 0.00000000
Neuron 165 3 0.25000000 1 1.00000000 0.00000000 0.00000000 0.00000000
Neuron 175 3 0.25000000 1 1.00000000 0.00000000 0.00000000 0.00000000
Neuron 177 3 0.62500000 1 1.00000000 0.00000000 0.00000000 0.00000000
Neuron 180 3 0.50000000 1 1.00000000 0.00000000 0.00000000 0.00000000
Neuron 183 3 0.75000000 1 1.00000000 0.00000000 0.00000000 0.00000000
Neuron 187 3 0.75000000 1 1.00000000 0.00000000 0.00000000 0.00000000
Neuron 193 3 0.75000000 1 1.00000000 0.00000000 0.00000000 0.00000000
Neuron 207 3 0.75000000 1 1.00000000 0.00000000 0.00000000 0.00000000
Neuron 212 3 0.25000000 1 1.00000000 0.00000000 0.00000000 0.00000000
Neuron 214 3 0.25000000 1 1.00000000 0.00000000 0.00000000 0.00000000
Neuron 221 3 0.37500000 1 1.00000000 0.00000000 0.00000000 0.00000000
Neuron 226 3 0.25000000 1 1.00000000 0.00000000 0.00000000 0.00000000
Neuron 229 3 0.37500000 1 1.00000000 0.00000000 0.00000000 0.00000000
Neuron 231 3 0.25000000 1 1.00000000 0.00000000 0.00000000 0.00000000
Neuron 232 3 0.75000000 1 1.00000000 0.00000000 0.00000000 0.00000000
Neuron 234 3 0.25000000 1 1.00000000 0.00000000 0.00000000 0.00000000
Neuron 235 3 0.25000000 1 1.00000000 0.00000000 0.00000000 0.00000000
Neuron 239 3 0.75000000 1 1.00000000 0.00000000 0.00000000 0.00000000
Neuron 245 3 0.25000000 1 1.00000000 0.00000000 0.00000000 0.00000000
Neuron 249 3 0.12500000 1 1.00000000 0.00000000 0.00000000 0.00000000
Neuron 251 3 0.87500000 1 1.00000000 0.00000000 0.00000000 0.00000000
Neuron 278 3 0.75000000 1 1.00000000 0.00000000 0.00000000 0.00000000
Neuron 282 3 0.37500000 1 1.00000000 0.00000000 0.00000000 0.00000000
Neuron 288 3 0.87500000 1 1.00000000 0.00000000 0.00000000 0.00000000
Neuron 291 3 0.25000000 1 1.00000000 0.00000000 0.00000000 0.00000000
Neuron 297 3 0.50000000 1 1.00000000 0.00000000 0.00000000 0.00000000
Neuron 310 3 0.75000000 1 1.00000000 0.00000000 0.00000000 0.00000000
Neuron 312 3 0.50000000 1 1.00000000 0.00000000 0.00000000 0.00000000
Neuron 320 3 0.56250000 1 1.00000000 0.00000000 0.00000000 0.00000000
Neuron 338 3 0.25000000 1 1.00000000 0.00000000 0.00000000 0.00000000
Neuron 340 3 0.75000000 1 1.00000000 0.00000000 0.00000000 0.00000000
Neuron 342 3 0.62500000 1 1.00000000 0.00000000 0.00000000 0.00000000
Neuron 351 3 0.37500000 1 1.00000000 0.00000000 0.00000000 0.00000000
Neuron 372 3 0.87500000 1 1.00000000 0.00000000 0.00000000 0.00000000
Neuron 377 3 0.50000000 1 1.00000000 0.00000000 0.00000000 0.00000000
Neuron 378 3 0.62500000 1 1.00000000 0.00000000 0.00000000 0.00000000
Neuron 392 3 0.43750000 1 1.00000000 0.00000000 0.00000000 0.00000000
Neuron 393 3 0.37500000 1 1.00000000 0.00000000 0.00000000 0.00000000
Neuron 410 3 0.12500000 1 1.00000000 0.00000000 0.00000000 0.00000000
Neuron 413 3 0.75000000 1 1.00000000 0.00000000 0.00000000 0.00000000
Neuron 422 3 0.87500000 1 1.00000000 0.00000000 0.00000000 0.00000000
Neuron 426 3 0.62500000 1 1.00000000 0.00000000 0.00000000 0.00000000
Neuron 429 3 0.37500000 1 1.00000000 0.00000000 0.00000000 0.00000000
Neuron 430 3 0.25000000 1 1.00000000 0.00000000 0.00000000 0.00000000
Neuron 433 3 0.75000000 1 1.00000000 0.00000000 0.00000000 0.00000000
Neuron 435 3 0.31250000 1 1.00000000 0.00000000 0.00000000 0.00000000
Neuron 436 3 0.87500000 1 1.00000000 0.00000000 0.00000000 0.00000000
Neuron 440 3 0.62500000 1 1.00000000 0.00000000 0.00000000 0.00000000
Neuron 442 3 0.50000000 1 1.00000000 0.00000000 0.00000000 0.00000000
Neuron 444 3 0.12500000 1 1.00000000 0.00000000 0.00000000 0.00000000
Neuron 447 3 0.18750000 1 1.00000000 0.00000000 0.00000000 0.00000000
Neuron 454 3 0.50000000 1 1.00000000 0.00000000 0.00000000 0.00000000
Neuron 458 3 0.34375000 1 1.00000000 0.00000000 0.00000000 0.00000000
Neuron 466 3 0.12500000 1 1.00000000 0.00000000 0.00000000 0.00000000
Neuron 474 3 0.87500000 1 1.00000000 0.00000000 0.00000000 0.00000000
Neuron 476 3 0.12500000 1 1.00000000 0.00000000 0.00000000 0.00000000
Neuron 477 3 0.75000000 1 1.00000000 0.00000000 0.00000000 0.00000000
Neuron 478 3 0.56250000 1 1.00000000 0.00000000 0.00000000 0.00000000
Neuron 482 3 0.37500000 1 1.00000000 0.00000000 0.00000000 0.00000000
Neuron 494 3 1.00000000 1 1.00000000 0.00000000 0.00000000 0.00000000
Neuron 514 3 0.25000000 1 1.00000000 0.00000000 0.00000000 0.00000000
Neuron 519 3 1.00000000 1 1.00000000 0.00000000 0.00000000 0.00000000
Neuron 524 3 0.62500000 1 1.00000000 0.00000000 0.00000000 0.00000000
Neuron 525 3 0.62500000 1 1.00000000 0.00000000 0.00000000 0.00000000
Neuron 530 3 0.12500000 1 1.00000000 0.00000000 0.00000000 0.00000000
Neuron 535 3 0.50000000 1 1.00000000 0.00000000 0.00000000 0.00000000
Neuron 539 3 0.75000000 1 1.00000000 0.00000000 0.00000000 0.00000000
Neuron 540 3 0.62500000 1 1.00000000 0.00000000 0.00000000 0.00000000
Neuron 544 3 0.87500000 1 1.00000000 0.00000000 0.00000000 0.00000000
Neuron 548 3 0.37500000 1 1.00000000 0.00000000 0.00000000 0.00000000
Neuron 549 3 0.62500000 1 1.00000000 0.00000000 0.00000000 0.00000000
Neuron 558 3 0.50000000 1 1.00000000 0.00000000 0.00000000 0.00000000
Neuron 564 3 0.28125000 1 1.00000000 0.00000000 0.00000000 0.00000000
Neuron 569 3 0.25000000 1 1.00000000 0.00000000 0.00000000 0.00000000
Neuron 575 3 0.18750000 1 1.00000000 0.00000000 0.00000000 0.00000000
Neuron 578 3 0.25000000 1 1.00000000 0.00000000 0.00000000 0.00000000
Neuron 584 3 0.81250000 1 1.00000000 0.00000000 0.00000000 0.00000000
Neuron 589 3 0.93750000 1 1.00000000 0.00000000 0.00000000 0.00000000
Neuron 598 3 0.25000000 1 1.00000000 0.00000000 0.00000000 0.00000000
Neuron 602 3 0.75000000 1 1.00000000 0.00000000 0.00000000 0.00000000
Neuron 605 3 0.21875000 1 1.00000000 0.00000000 0.00000000 0.00000000
Neuron 609 3 0.43750000 1 1.00000000 0.00000000 0.00000000 0.00000000
Neuron 611 3 0.50000000 1 1.00000000 0.00000000 0.00000000 0.00000000
Neuron 614 3 0.37500000 1 1.00000000 0.00000000 0.00000000 0.00000000
Neuron 619 3 0.93750000 1 1.00000000 0.00000000 0.00000000 0.00000000
Neuron 630 3 0.50000000 1 1.00000000 0.00000000 0.00000000 0.00000000
Neuron 631 3 0.62500000 1 1.00000000 0.00000000 0.00000000 0.00000000
Neuron 632 3 0.90625000 1 1.00000000 0.00000000 0.00000000 0.00000000
Neuron 638 3 0.43750000 1 1.00000000 0.00000000 0.00000000 0.00000000
Neuron 645 3 0.12500000 1 1.00000000 0.00000000 0.00000000 0.00000000
Neuron 646 3 0.62500000 1 1.00000000 0.00000000 0.00000000 0.00000000
Neuron 649 3 0.50000000 1 1.00000000 0.00000000 0.00000000 0.00000000
Neuron 659 3 0.17187500 1 1.00000000 0.00000000 0.00000000 0.00000000
Neuron 661 3 0.18750000 1 1.00000000 0.00000000 0.00000000 0.00000000
Neuron 671 3 0.81250000 1 1.00000000 0.00000000 0.00000000 0.00000000
Neuron 672 3 0.62500000 1 1.00000000 0.00000000 0.00000000 0.00000000
Neuron 681 3 0.68750000 1 1.00000000 0.00000000 0.00000000 0.00000000
Neuron 687 3 0.50000000 1 1.00000000 0.00000000 0.00000000 0.00000000
Neuron 694 3 0.87500000 1 1.00000000 0.00000000 0.00000000 0.00000000
Neuron 697 3 0.21875000 1 1.00000000 0.00000000 0.00000000 0.00000000
Neuron 706 3 0.96875000 1 1.00000000 0.00000000 0.00000000 0.00000000
Neuron 708 3 0.06250000 1 1.00000000 0.00000000 0.00000000 0.00000000
Neuron 712 3 0.68750000 1 1.00000000 0.00000000 0.00000000 0.00000000
Neuron 721 3 0.50000000 1 1.00000000 0.00000000 0.00000000 0.00000000
Neuron 722 3 0.87500000 1 1.00000000 0.00000000 0.00000000 0.00000000
Neuron 732 3 0.50000000 1 1.00000000 0.00000000 0.00000000 0.00000000
Neuron 733 3 0.31250000 1 1.00000000 0.00000000 0.00000000 0.00000000
Neuron 736 3 0.68750000 1 1.00000000 0.00000000 0.00000000 0.00000000
Neuron 739 3 0.56250000 1 1.00000000 0.00000000 0.00000000 0.00000000
Neuron 745 3 0.75000000 1 1.00000000 0.00000000 0.00000000 0.00000000
Neuron 754 3 0.50000000 1 1.00000000 0.00000000 0.00000000 0.00000000
Neuron 755 3 0.81250000 1 1.00000000 0.00000000 0.00000000 0.00000000
Neuron 783 3 0.12500000 1 1.00000000 0.00000000 0.00000000 0.00000000
Neuron 788 3 0.18750000 1 1.00000000 0.00000000 0.00000000 0.00000000
Neuron 796 3 0.50000000 1 1.00000000 0.00000000 0.00000000 0.00000000
Neuron 798 3 0.95312500 1 1.00000000 0.00000000 0.00000000 0.00000000
Neuron 804 3 0.78125000 1 1.00000000 0.00000000 0.00000000 0.00000000
Neuron 806 3 0.98437500 1 1.00000000 0.00000000 0.00000000 0.00000000
Neuron 817 3 0.50000000 1 1.00000000 0.00000000 0.00000000 0.00000000
Neuron 820 3 0.43750000 1 1.00000000 0.00000000 0.00000000 0.00000000
Neuron 826 3 0.26562500 1 1.00000000 0.00000000 0.00000000 0.00000000
Neuron 853 3 0.50000000 1 1.00000000 0.00000000 0.00000000 0.00000000
Neuron 871 3 0.50000000 1 1.00000000 0.00000000 0.00000000 0.00000000
Neuron 881 3 0.03125000 1 1.00000000 0.00000000 0.00000000 0.00000000
Neuron 882 3 0.62500000 1 1.00000000 0.00000000 0.00000000 0.00000000
Neuron 888 3 0.21875000 1 1.00000000 0.00000000 0.00000000 0.00000000
Neuron 906 3 0.71875000 1 1.00000000 0.00000000 0.00000000 0.00000000
Neuron 917 3 0.62500000 1 1.00000000 0.00000000 0.00000000 0.00000000
Neuron 920 3 0.43750000 1 1.00000000 0.00000000 0.00000000 0.00000000
Neuron 948 3 0.68750000 1 1.00000000 0.00000000 0.00000000 0.00000000
Neuron 951 3 0.81250000 1 1.00000000 0.00000000 0.00000000 0.00000000
Neuron 952 3 0.79687500 1 1.00000000 0.00000000 0.00000000 0.00000000
Neuron 972 3 0.37500000 1 1.00000000 0.00000000 0.00000000 0.00000000
Neuron 981 3 0.75000000 1 1.00000000 0.00000000 0.00000000 0.00000000
Neuron 990 3 1.00000000 1 1.00000000 0.00000000 0.00000000 0.00000000
Neuron 991 3 0.50000000 1 1.00000000 0.00000000 0.00000000 0.00000000
Neuron 996 3 0.75000000 1 1.00000000 0.00000000 0.00000000 0.00000000
Neuron 999 3 0.56250000 1 1.00000000 0.00000000 0.00000000 0.00000000
Neuron 1009 3 0.71875000 1 1.00000000 0.00000000 0.00000000 0.00000000
Neuron 1021 3 0.06250000 1 1.00000000 0.00000000 0.00000000 0.00000000
Neuron 1027 3 0.87500000 1 1.00000000 0.00000000 0.00000000 0.00000000
Neuron 1043 3 0.62500000 1 1.00000000 0.00000000 0.00000000 0.00000000
Neuron 1058 3 0.50000000 1 1.00000000 0.00000000 0.00000000 0.00000000
Neuron 1077 3 0.20312500 1 1.00000000 0.00000000 0.00000000 0.00000000
Neuron 1109 3 0.78125000 1 1.00000000 0.00000000 0.00000000 0.00000000
Neuron 1110 3 0.43750000 1 1.00000000 0.00000000 0.00000000 0.00000000
Neuron 1139 3 0.50000000 1 1.00000000 0.00000000 0.00000000 0.00000000
Neuron 1155 3 0.50000000 1 1.00000000 0.00000000 0.00000000 0.00000000
Neuron 1188 3 0.59375000 1 1.00000000 0.00000000 0.00000000 0.00000000
Neuron 1197 3 0.34375000 1 1.00000000 0.00000000 0.00000000 0.00000000
Neuron 1220 3 0.59375000 1 1.00000000 0.00000000 0.00000000 0.00000000
Neuron 1237 3 0.78125000 1 1.00000000 0.00000000 0.00000000 0.00000000
Neuron 1243 3 0.68750000 1 1.00000000 0.00000000 0.00000000 0.00000000
Neuron 1266 3 0.50000000 1 1.00000000 0.00000000 0.00000000 0.00000000
Neuron 1269 3 0.71875000 1 1.00000000 0.00000000 0.00000000 0.00000000
Neuron 1300 3 0.51562500 1 1.00000000 0.00000000 0.00000000 0.00000000
Neuron 1379 3 0.50000000 1 1.00000000 0.00000000 0.00000000 0.00000000
Neuron 1459 3 0.25000000 1 1.00000000 0.00000000 0.00000000 0.00000000
Neuron 1502 3 0.82812500 1 1.00000000 0.00000000 0.00000000 0.00000000
Link 1 10 1 0 -0.37115990
Link 2 10 2 0 -1.59874812
Link 3 10 3 0 1.00701756
Link 6 10 6 0 -0.70412648
Link 8 10 8 0 -3.90613880
Link 9 10 9 0 2.23490844
Link 1 11 10 0 -2.37446295
Link 2 11 11 0 4.45252287
Link 3 11 12 0 1.02962236
Link 4 11 13 0 2.96194993
Link 5 11 14 0 2.08687642
Link 6 11 15 0 0.33173194
Link 7 11 16 0 -1.50971995
Link 8 11 17 0 -0.39554978
Link 9 11 18 0 0.80720181
Link 1 12 19 0 -3.55921808
Link 4 12 22 0 2.19298469
Link 5 12 23 0 -3.41806262
Link 6 12 24 0 -1.61771594
Link 7 12 25 0 -0.60463308
Link 8 12 26 0 -0.56961337
Link 9 12 27 0 0.54363955
Link 1 13 28 0 -3.10904158
Link 3 13 30 0 2.27682800
Link 4 13 31 0 0.04555421
Link 6 13 33 0 -0.04948393
Link 8 13 35 0 -0.33603500
Link 9 13 36 0 0.80473462
Link 3 14 39 0 0.99725311
Link 6 14 42 0 1.20536013
Link 8 14 44 0 1.79711157
Link 9 14 45 0 -1.31813107
Link 1 15 46 0 -4.72505694
Link 2 15 47 0 -1.23280696
Link 3 15 48 0 -0.84017078
Link 4 15 49 0 -6.18215872
Link 5 15 50 0 1.33702393
Link 6 15 51 0 -1.32094052
Link 7 15 52 0 0.50214965
Link 8 15 53 0 0.28872296
Link 9 15 54 0 -0.82907775
Link 1 16 55 0 -1.57744552
Link 2 16 56 0 -0.97084538
Link 3 16 57 0 -2.26078818
Link 4 16 58 0 -0.62751903
Link 5 16 59 0 -0.67378250
Link 7 16 61 0 0.45203330
Link 8 16 62 0 -0.45629379
Link 9 16 63 0 -1.02381528
Link 4 17 65 0 0.83823027
Link 6 18 68 0 -0.42618449
Link 18 12 69 0 0.06972443
Link 2 19 71 0 -4.14043965
Link 19 10 72 0 0.35516265
Link 6 22 80 0 0.18329024
Link 22 16 81 0 2.15845817
Link 23 11 84 0 -3.15179487
Link 5 26 93 0 0.33251703
Link 8 29 102 0 -2.09635892
Link 2 30 105 0 0.95171067
Link 30 14 106 0 -1.84997759
Link 31 13 109 0 -1.87136784
Link 8 32 111 0 0.03663274
Link 32 13 112 0 1.09050094
Link 6 33 115 0 2.70923330
Link 33 13 116 0 3.88294217
Link 34 12 119 0 1.35059886
Link 5 35 121 0 0.04586197
Link 35 13 122 0 -2.18347645
Link 13 13 124 1 -0.24423175
Link 4 36 126 0 -2.04826394
Link 36 14 127 0 0.19332328
Link 2 38 132 0 -0.91685748
Link 38 12 133 0 -1.67415927
Link 6 39 135 0 1.08641439
Link 39 15 136 0 5.72078888
Link 41 14 142 0 1.05022116
Link 8 42 144 0 -0.22873911
Link 42 11 145 0 1.08087480
Link 43 15 148 0 2.36727971
Link 45 16 154 0 0.66298675
Link 5 46 156 0 -0.01942879
Link 46 12 157 0 -2.25029181
Link 2 48 162 0 -1.56431439
Link 5 50 171 0 3.61483141
Link 7 53 186 0 0.80942021
Link 53 12 187 0 0.17737983
Link 3 54 189 0 -1.81311261
Link 2 55 193 0 0.30606235
Link 55 11 194 0 1.49806551
Link 7 56 197 0 -2.63732536
Link 56 16 198 0 -2.22083665
Link 5 57 202 0 -1.56124677
Link 6 58 208 0 -0.24775456
Link 58 14 209 0 -1.23031851
Link 4 59 211 0 0.87179078
Link 59 12 212 0 2.57511188
Link 4 60 214 0 1.13335259
Link 7 61 219 0 -1.07364637
Link 61 13 220 0 -2.75195962
Link 14 14 233 1 0.88166747
Link 7 64 237 0 3.93274958
Link 2 23 241 0 3.52696253
Link 23 65 244 0 2.39881786
Link 65 11 245 0 0.28967746
Link 7 55 249 0 0.68546504
Link 5 55 250 0 -2.00953062
Link 15 38 261 1 -0.28256634
Link 7 68 286 0 -3.76086689
Link 68 10 287 0 -0.33627148
Link 1 70 307 0 1.08499122
Link 70 41 308 0 1.66761349
Link 41 72 327 0 0.72782747
Link 72 14 328 0 -0.11172497
Link 1 75 343 0 -1.74260060
Link 75 10 344 0 0.50776308
Link 76 14 351 0 0.78753783
Link 38 56 379 0 1.70925170
Link 2 81 399 0 1.80117598
Link 81 13 400 0 -1.57791866
Link 16 85 430 1 3.09835210
Link 88 15 449 0 -2.72671329
Link 3 90 459 0 0.18832273
Link 4 91 463 0 0.77380440
Link 91 17 464 0 -1.35897644
Link 95 14 500 0 1.96534881
Link 6 98 520 0 0.34069926
Link 98 23 521 0 0.87301006
Link 8 100 551 0 1.97528715
Link 100 12 552 0 1.04031219
Link 13 55 582 1 -0.28971393
Link 8 104 601 0 0.20319186
Link 104 32 602 0 -1.40801936
Link 113 15 641 0 1.98469922
Link 7 118 682 0 0.66108721
Link 118 64 683 0 -3.41280939
Link 2 119 693 0 0.93475039
Link 119 12 694 0 -0.89054971
Link 2 121 700 0 0.37529004
Link 121 81 701 0 0.08868354
Link 50 129 790 0 1.44091466
Link 129 14 791 0 0.85145989
Link 130 11 796 0 -1.38180386
Link 29 131 798 0 -1.84597818
Link 131 88 799 0 -2.82163573
Link 3 132 801 0 1.01657110
Link 132 43 802 0 -0.21559387
Link 60 135 818 0 0.88418586
Link 135 10 819 0 -2.10144980
Link 44 138 832 0 1.37931346
Link 138 11 833 0 0.34496015
Link 9 38 844 0 -1.02228845
Link 4 145 867 0 4.49166755
Link 145 45 868 0 0.49627142
Link 19 57 882 0 1.42019646
Link 7 147 884 0 -0.79101471
Link 147 68 885 0 0.38096381
Link 57 156 931 0 0.94651906
Link 156 15 932 0 0.62595193
Link 32 14 970 0 2.57120087
Link 90 161 986 0 -2.63029205
Link 161 31 987 0 0.12276759
Link 2 165 1005 0 1.11733158
Link 165 30 1006 0 -1.59011193
Link 68 68 1084 1 0.11519298
Link 8 175 1110 0 -1.84624955
Link 175 76 1111 0 3.60416286
Link 85 177 1131 1 0.40727577
Link 177 68 1132 1 -0.90644849
Link 2 180 1145 0 0.52412533
Link 29 56 1156 0 2.63833876
Link 19 183 1174 0 -1.53216728
Link 183 10 1175 0 -1.53831896
Link 40 187 1190 0 -0.68297526
Link 31 193 1223 0 -1.30359604
Link 193 13 1224 0 -3.61213734
Link 8 38 1271 0 1.30033565
Link 48 207 1299 0 3.79372451
Link 207 16 1300 0 1.83043152
Link 10 32 1308 1 -2.73472354
Link 4 212 1339 0 2.92980399
Link 212 40 1340 0 0.63413315
Link 3 214 1351 0 -0.75972843
Link 214 44 1352 0 -1.66529294
Link 5 71 1358 0 -0.08101280
Link 98 221 1402 0 0.37372624
Link 221 23 1403 0 -0.91859279
Link 10 68 1425 1 -3.73783234
Link 3 226 1447 0 -1.08576310
Link 226 34 1448 0 0.56110016
Link 70 229 1466 0 0.84536614
Link 229 41 1467 0 1.62748076
Link 9 71 1475 0 -2.05036116
Link 5 231 1477 0 0.18820459
Link 231 50 1478 0 0.71458186
Link 58 232 1485 0 2.69624272
Link 232 14 1486 0 -1.01235376
Link 44 56 1490 0 -3.48457984
Link 4 234 1505 0 1.25031651
Link 239 10 1536 0 0.14053662
Link 5 245 1563 0 -0.99091355
Link 249 70 1589 0 -0.08622330
Link 187 251 1600 0 -0.75964194
Link 251 13 1601 0 -0.46717058
Link 8 69 1708 0 -1.13507150
Link 61 278 1796 0 -2.85160855
Link 278 13 1797 0 2.35921891
Link 234 282 1813 0 0.52403408
Link 282 55 1814 0 3.88836615
Link 16 48 1827 1 1.15267317
Link 288 11 1845 0 2.27085338
Link 291 61 1854 0 1.88426613
Link 19 297 1884 0 1.90258399
Link 297 55 1885 0 -0.47081700
Link 310 14 1971 0 1.68693314
Link 3 312 1981 0 0.45583543
Link 312 12 1982 0 0.49896944
Link 55 320 2046 0 -1.48306414
Link 320 153 2047 0 -0.95258513
Link 8 338 2165 0 2.62050674
Link 34 340 2176 0 0.24687815
Link 340 12 2177 0 1.26474913
Link 57 342 2186 0 -1.74323144
Link 342 156 2187 0 0.18947819
Link 1 98 2201 0 0.90394621
Link 351 235 2255 1 -0.45335180
Link 71 31 2288 0 0.61792612
Link 11 50 2323 1 2.40773416
Link 372 12 2425 0 -0.92068591
Link 377 81 2466 0 -1.46816542
Link 54 378 2475 0 1.47989922
Link 378 95 2476 0 1.51164725
Link 12 30 2517 1 -0.03049069
Link 40 19 2520 0 1.76918709
Link 4 282 2538 0 -1.05844278
Link 282 392 2561 0 -0.62440012
Link 392 55 2562 0 -2.36735932
Link 129 129 2564 1 1.91531634
Link 393 71 2567 0 1.95020303
Link 6 410 2666 0 -0.19606424
Link 410 98 2667 0 -2.50707335
Link 26 413 2685 0 -0.37622142
Link 413 10 2686 0 -1.00153627
Link 44 26 2687 0 1.66915885
Link 34 15 2755 0 -1.81290169
Link 129 422 2777 0 -0.21199314
Link 17 426 2801 0 -0.90342983
Link 426 113 2802 0 1.01775110
Link 129 17 2822 1 2.50835506
Link 429 68 2827 0 -0.46384918
Link 8 430 2838 0 -1.91626831
Link 430 40 2839 0 -3.75001683
Link 129 433 2865 1 -1.11955892
Link 433 129 2866 1 2.53197361
Link 69 436 2888 0 1.12561355
Link 436 15 2889 0 -2.71541163
Link 64 440 2909 0 -0.10124578
Link 440 310 2910 0 -1.39511091
Link 30 68 2927 0 -0.71836850
Link 40 442 2930 0 2.48347026
Link 442 19 2931 0 1.37350848
Link 38 338 2934 1 -1.65237454
Link 3 444 2959 0 -1.61913207
Link 435 14 2972 0 -0.84836951
Link 4 447 2984 0 2.57467732
Link 447 282 2985 0 -1.27527957
Link 50 11 2990 0 -1.89786347
Link 32 454 3037 0 -1.09849691
Link 435 458 3062 0 1.09397500
Link 458 393 3063 0 2.82478854
Link 34 310 3086 0 -2.10947278
Link 11 338 3108 1 -0.69899579
Link 7 466 3131 0 3.62655640
Link 466 291 3132 0 -0.36301451
Link 69 13 3154 0 -0.50970031
Link 310 474 3180 0 -1.03837592
Link 474 14 3181 0 1.01584889
Link 4 476 3191 0 1.20664946
Link 34 477 3196 0 3.00750956
Link 477 15 3197 0 -0.98183401
Link 177 478 3200 1 1.96961808
Link 478 68 3201 1 1.98013001
Link 338 482 3234 0 -0.04449576
Link 482 68 3235 0 -2.13984402
Link 129 32 3288 1 -0.85022687
Link 35 48 3291 0 2.26618426
Link 15 494 3341 1 3.06606174
Link 494 15 3342 1 1.88116369
Link 175 23 3433 0 4.43871366
Link 85 14 3454 0 -0.92721779
Link 5 514 3496 0 1.63660114
Link 514 56 3497 0 2.20115974
Link 494 519 3528 1 -1.78364833
Link 129 524 3565 1 -1.62754894
Link 524 17 3566 1 2.36984322
Link 34 525 3569 0 0.85513173
Link 8 530 3611 0 -0.31642988
Link 17 535 3645 0 0.31302218
Link 535 40 3646 0 0.38888450
Link 35 539 3673 0 1.62805482
Link 539 16 3674 0 -0.69989571
Link 50 540 3684 0 3.70635447
Link 540 129 3685 0 3.39119262
Link 544 10 3735 0 2.11727316
Link 165 548 3766 0 -0.02251411
Link 548 30 3767 0 2.26383419
Link 56 69 3774 0 -3.91544725
Link 30 30 3785 1 -1.74798009
Link 71 549 3793 0 -0.05423826
Link 549 130 3794 0 -0.56050274
Link 393 48 3799 0 1.96844546
Link 38 476 3858 1 -1.87456473
Link 8 558 3866 0 1.56568380
Link 558 15 3867 0 -0.06678256
Link 177 70 3881 1 1.35057175
Link 564 435 3897 0 -1.40841240
Link 494 282 3904 1 1.08243321
Link 5 569 3927 0 -0.96993412
Link 569 32 3928 0 0.25927653
Link 98 98 3967 1 -1.66626466
Link 476 575 3984 0 -4.53924175
Link 575 235 3985 0 1.46274867
Link 4 578 3999 0 0.54546218
Link 578 36 4000 0 1.46176959
Link 584 251 4061 0 3.17143267
Link 589 14 4106 0 1.19574081
Link 214 598 4168 1 2.01048548
Link 598 214 4169 1 0.69105494
Link 589 16 4185 0 -1.50918808
Link 32 602 4215 0 -3.78896478
Link 251 454 4233 1 0.33937446
Link 605 435 4245 0 0.21544154
Link 85 64 4254 1 -0.59351585
Link 165 609 4286 0 1.41346600
Link 609 426 4287 0 -0.92927871
Link 239 129 4303 0 1.39701606
Link 23 50 4305 0 2.20918347
Link 454 611 4315 0 0.49631049
Link 611 19 4316 0 0.21466801
Link 245 614 4345 0 0.52767383
Link 614 55 4346 0 2.39305888
Link 16 619 4415 1 -1.72341618
Link 619 251 4416 1 -1.91781958
Link 71 41 4453 0 -4.00512747
Link 129 64 4460 1 0.32472995
Link 430 54 4492 0 0.63583530
Link 4 129 4496 0 -1.46787196
Link 5 630 4532 0 1.26047768
Link 630 494 4533 0 1.11338804
Link 68 631 4544 0 -1.19551790
Link 631 239 4545 0 -0.63317432
Link 422 632 4555 0 2.12184091
Link 632 589 4556 0 1.32988546
Link 177 638 4594 1 1.31237763
Link 638 70 4595 1 5.22770011
Link 645 165 4693 0 -1.14526323
Link 129 646 4697 1 -0.37709988
Link 575 435 4702 0 0.50049119
Link 76 68 4716 0 -0.99050858
Link 40 40 4724 1 -3.83887849
Link 649 377 4727 0 -0.63906406
Link 476 659 4813 0 -3.71777799
Link 659 605 4814 0 0.01634283
Link 530 661 4824 0 -3.15525943
Link 68 130 4837 0 0.09951451
Link 13 430 4846 1 2.76257927
Link 180 30 4896 0 2.08608915
Link 69 671 4938 0 -0.60438132
Link 671 372 4939 0 -1.08120014
Link 32 672 4942 0 -2.06266434
Link 672 142 4943 0 1.50363474
Link 113 619 4944 0 -0.22106915
Link 57 282 5002 1 0.79538147
Link 251 681 5026 1 -0.52355579
Link 681 454 5027 1 3.88826765
Link 2 129 5033 0 0.46437247
Link 7 687 5077 0 3.80303370
Link 687 12 5078 0 -2.13334285
Link 85 694 5121 0 0.53297064
Link 694 14 5122 0 -0.19222361
Link 697 430 5140 0 0.34704363
Link 226 113 5143 0 1.99246483
Link 17 251 5167 0 -1.62914119
Link 130 129 5212 0 -0.50968204
Link 708 249 5232 0 -2.21742863
Link 712 61 5269 1 -2.94675390
Link 98 548 5272 0 -2.52443685
Link 249 706 5273 0 0.06587542
Link 611 721 5339 0 -0.07502218
Link 721 19 5340 0 -0.20649813
Link 142 722 5351 0 2.88070509
Link 722 13 5352 0 -1.97659492
Link 235 26 5385 0 -1.36168117
Link 147 733 5412 0 1.75406146
Link 32 736 5456 0 -1.06214976
Link 736 251 5457 0 1.86560914
Link 530 251 5458 0 -1.73595885
Link 64 739 5479 0 0.33832436
Link 147 31 5497 0 -0.81829570
Link 745 14 5527 0 2.19587578
Link 72 10 5548 0 -1.47910059
Link 11 108 5582 1 0.64635880
Link 4 754 5611 0 1.48659528
Link 754 14 5612 0 -0.93679198
Link 239 755 5616 0 1.07170238
Link 755 544 5617 0 0.01946149
Link 32 17 5629 0 -1.73987356
Link 130 130 5784 1 -2.12262479
Link 61 235 5787 1 -1.63181052
Link 569 44 5832 0 3.60746156
Link 544 108 5870 1 1.97169135
Link 226 76 5902 0 -2.31701052
Link 5 783 5904 0 2.28967853
Link 783 226 5905 0 0.25375886
Link 444 788 5968 0 0.79921783
Link 788 226 5969 0 3.08124391
Link 39 796 6036 0 0.35153933
Link 796 61 6037 0 -0.52651204
Link 706 798 6052 1 2.10191990
Link 798 619 6053 1 0.29808015
Link 187 804 6092 0 -0.17948164
Link 16 806 6110 1 0.75238467
Link 806 706 6111 1 -1.66750929
Link 31 64 6210 0 -4.25396143
Link 31 820 6229 1 -1.21498659
Link 820 351 6230 1 1.07582677
Link 235 826 6282 0 2.02013050
Link 826 564 6283 0 -1.85397510
Link 649 57 6381 0 -2.63946381
Link 34 853 6466 0 0.96509328
Link 853 649 6467 0 -1.49426638
Link 17 57 6566 0 1.93181308
Link 59 98 6592 1 -5.44687628
Link 310 871 6624 1 2.42866199
Link 871 569 6625 1 2.23307182
Link 1 881 6741 0 -1.37147296
Link 881 708 6742 0 1.51498553
Link 454 882 6747 0 0.28189558
Link 882 113 6748 0 0.52402543
Link 645 38 6765 0 1.53415931
Link 708 888 6830 0 0.80194261
Link 888 429 6831 0 0.30342863
Link 234 15 6860 0 0.57201059
Link 58 422 6880 0 0.06466216
Link 23 906 7020 0 1.01419287
Link 906 619 7021 0 -1.62468508
Link 64 917 7083 0 1.67011917
Link 917 745 7084 0 -1.24569534
Link 249 920 7104 0 1.49024049
Link 920 113 7105 0 1.92111026
Link 611 35 7189 0 -0.68098385
Link 564 422 7273 0 0.05266757
Link 19 239 7292 0 1.30796833
Link 113 539 7310 0 -1.08284528
Link 153 948 7401 0 -0.59516121
Link 948 108 7402 0 -0.71869029
Link 951 288 7455 0 -5.57134460
Link 952 584 7462 0 -2.18856091
Link 71 687 7517 0 -1.44018589
Link 951 614 7646 1 -3.15444180
Link 41 972 7683 1 2.19091095
Link 972 212 7684 1 1.69755067
Link 433 61 7758 1 -0.08173950
Link 72 645 7763 1 -3.15302915
Link 22 981 7765 0 0.62831390
Link 981 14 7766 0 0.36259176
Link 291 435 7801 0 -1.37235692
Link 519 990 7833 1 1.00299547
Link 990 15 7834 1 -0.40886677
Link 31 991 7838 0 1.54093011
Link 991 732 7839 0 -2.61794087
Link 494 996 7910 1 -0.09660053
Link 996 796 7911 1 1.14738675
Link 646 999 7949 1 0.44817805
Link 999 32 7950 1 1.33764095
Link 43 1009 8040 0 -2.59297108
Link 1009 589 8041 0 7.97128648
Link 161 422 8085 0 0.05140064
Link 2 1021 8108 0 1.04336521
Link 1021 645 8109 0 2.86558062
Link 602 108 8113 0 0.81256637
Link 602 1027 8160 0 0.73117679
Link 1027 14 8161 0 0.61455521
Link 65 55 8170 1 -1.96533990
Link 108 19 8215 1 -0.42670386
Link 10 649 8278 1 1.37676900
Link 40 454 8355 0 1.34508374
Link 58 1043 8362 0 -1.10320727
Link 1043 129 8363 0 2.13848418
Link 30 1058 8534 0 0.98353376
Link 1058 61 8535 0 -2.48983968
Link 3 525 8556 0 -0.47142070
Link 630 48 8617 0 2.61989082
Link 661 1077 8656 0 -2.07694141
Link 1077 697 8657 0 4.35744523
Link 611 372 8689 0 1.62843405
Link 338 535 8744 0 -0.56701307
Link 177 156 8916 0 1.53544052
Link 645 46 8931 0 0.83459901
Link 108 1109 8954 0 0.56049731
Link 1109 951 8955 0 0.52541067
Link 393 1110 8959 0 -0.05815545
Link 1110 377 8960 0 4.32512611
Link 514 15 8984 0 1.43655750
Link 121 193 9004 0 1.02654593
Link 251 806 9033 0 1.67485138
Link 477 477 9086 1 0.09010170
Link 535 1139 9196 0 -0.14424313
Link 1139 41 9197 0 2.20220281
Link 540 15 9239 0 0.01575242
Link 22 61 9258 0 -1.79385832
Link 732 1155 9292 0 3.67159612
Link 1155 29 9293 0 -2.45821008
Link 826 33 9437 0 -0.21013822
Link 113 952 9455 0 0.02940644
Link 71 796 9550 0 -0.14449206
Link 619 1188 9597 1 0.33492034
Link 1188 338 9598 1 -0.68095185
Link 6 90 9651 0 2.23950558
Link 539 539 9673 1 -0.38237022
Link 733 1197 9686 0 3.29090651
Link 1197 429 9687 0 -0.38930360
Link 121 430 9810 0 -0.42197856
Link 436 11 9868 0 1.24667071
Link 393 88 9889 0 -0.45422901
Link 338 232 9905 0 -0.66401448
Link 739 1220 9922 0 2.31782817
Link 1220 440 9923 0 -1.14653027
Link 29 671 9936 0 -1.66614991
Link 351 519 9950 0 -0.21882526
Link 187 43 9975 1 2.22913513
Link 54 113 10017 0 0.04526640
Link 177 477 10030 0 -1.57167040
Link 1009 558 10069 1 -2.58940527
Link 44 638 10085 1 -0.62623241
Link 187 433 10095 0 -0.68437023
Link 1237 712 10101 1 1.94641450
Link 1 232 10156 0 -2.25690798
Link 525 1243 10168 0 0.28683666
Link 1243 310 10169 0 -3.66985497
Link 31 1266 10388 0 3.29182491
Link 1266 817 10389 0 -0.81516253
Link 920 1269 10406 0 0.12121894
Link 1269 16 10407 0 -1.09601121
Link 50 85 10530 0 -2.03024067
Link 68 291 10660 1 1.22622870
Link 804 1300 10736 1 -1.76073053
Link 1300 231 10737 1 1.11601494
Link 530 1077 10915 0 -1.34715005
Link 145 69 10967 0 -1.80845945
Link 30 36 11012 0 3.06548784
Link 435 165 11103 1 -3.53152008
Link 156 85 11126 0 2.18973681
Link 430 108 11469 0 4.86002067
Link 605 81 11486 0 -1.39555186
Link 817 1379 11572 0 -0.20454515
Link 1379 454 11573 0 -1.16092159
Link 392 804 11933 0 -1.57189695
Link 410 282 12087 0 -1.12897299
Link 5 1459 12299 0 0.97923200
Link 1459 817 12300 0 -3.10001811
Link 392 138 12438 0 1.36223972
Link 796 871 12500 0 -1.75710517
Link 3 207 12641 0 -3.11094959
Link 90 435 12667 0 -1.97220006
Link 251 1502 12731 1 1.24015922
Link 1502 1237 12732 1 1.63523462
Link 1266 745 12773 0 3.83912137
Link 377 739 12816 0 -0.95076000
Link 440 882 12843 0 -3.09414892
Link 70 951 13116 0 -2.00338302
Link 100 39 13185 0 -1.90307717
Link 43 871 13261 0 1.68363024
GenomeEnd

