GenomeStart 8005
Neuron 1 1 0.00000000 1 0.00000000 0.00000000 0.00000000 0.00000000
Neuron 2 1 0.00000000 1 0.00000000 0.00000000 0.00000000 0.00000000
Neuron 3 1 0.00000000 1 0.00000000 0.00000000 0.00000000 0.00000000
Neuron 4 1 0.00000000 1 0.00000000 0.00000000 0.00000000 0.00000000
Neuron 5 1 0.00000000 1 0.00000000 0.00000000 0.00000000 0.00000000
Neuron 6 1 0.00000000 1 0.00000000 0.00000000 0.00000000 0.00000000
Neuron 7 1 0.00000000 1 0.00000000 0.00000000 0.00000000 0.00000000
Neuron 8 1 0.00000000 1 0.00000000 0.00000000 0.00000000 0.00000000
Neuron 9 2 0.00000000 1 0.00000000 0.00000000 0.00000000 0.00000000
Neuron 10 4 1.00000000 0 1.00000000 0.00000000 0.00000000 0.00000000
Neuron 11 4 1.00000000 0 1.00000000 0.00000000 0.00000000 0.00000000
Neuron 12 4 1.00000000 0 1.00000000 0.00000000 0.00000000 0.00000000
Neuron 13 4 1.00000000 0 1.00000000 0.00000000 0.00000000 0.00000000
Neuron 14 4 1.00000000 0 1.00000000 0.00000000 0.00000000 0.00000000
Neuron 15 4 1.00000000 0 1.00000000 0.00000000 0.00000000 0.00000000
Neuron 16 4 1.00000000 0 1.00000000 0.00000000 0.00000000 0.00000000
Neuron 23 3 0.50000000 1 1.00000000 0.00000000 0.00000000 0.00000000
Neuron 35 3 0.50000000 1 1.00000000 0.00000000 0.00000000 0.00000000
Neuron 44 3 0.50000000 1 1.00000000 0.00000000 0.00000000 0.00000000
Neuron 55 3 0.50000000 1 1.00000000 0.00000000 0.00000000 0.00000000
Neuron 60 3 0.50000000 1 1.00000000 0.00000000 0.00000000 0.00000000
Neuron 63 3 0.50000000 1 1.00000000 0.00000000 0.00000000 0.00000000
Link 1 10 1 0 -1.78731993
Link 2 10 2 0 -0.39893525
Link 3 10 3 0 1.15512570
Link 5 10 5 0 -1.93512807
Link 6 10 6 0 -0.93019245
Link 7 10 7 0 0.27552713
Link 8 10 8 0 -1.80391168
Link 9 10 9 0 -0.56576730
Link 1 11 10 0 -1.56491852
Link 4 11 13 0 1.28701432
Link 5 11 14 0 -0.88496724
Link 7 11 16 0 0.19211201
Link 8 11 17 0 -2.54546733
Link 9 11 18 0 -0.72903372
Link 1 12 19 0 -3.58119362
Link 2 12 20 0 0.51496124
Link 3 12 21 0 0.29651732
Link 4 12 22 0 -0.82204532
Link 5 12 23 0 -0.92321742
Link 6 12 24 0 0.64293888
Link 7 12 25 0 -0.17111855
Link 8 12 26 0 -1.03303206
Link 9 12 27 0 -1.44091033
Link 1 13 28 0 0.41778015
Link 2 13 29 0 0.64282573
Link 3 13 30 0 1.37713625
Link 4 13 31 0 0.86709665
Link 6 13 33 0 0.62811830
Link 7 13 34 0 -0.61906070
Link 8 13 35 0 0.87717860
Link 9 13 36 0 2.11161333
Link 1 14 37 0 0.18388064
Link 2 14 38 0 -2.13315803
Link 3 14 39 0 -0.52909951
Link 4 14 40 0 0.54238713
Link 5 14 41 0 -0.02888070
Link 6 14 42 0 -1.44859939
Link 7 14 43 0 -0.54559949
Link 8 14 44 0 -0.75940836
Link 9 14 45 0 -4.06066891
Link 1 15 46 0 2.27339898
Link 2 15 47 0 0.19469854
Link 3 15 48 0 1.83747332
Link 4 15 49 0 -0.74518104
Link 5 15 50 0 -0.04252063
Link 6 15 51 0 1.02230597
Link 8 15 53 0 -1.46931061
Link 9 15 54 0 0.69037657
Link 1 16 55 0 0.39465899
Link 2 16 56 0 0.13927690
Link 3 16 57 0 0.04598027
Link 4 16 58 0 0.82097205
Link 5 16 59 0 1.99576504
Link 6 16 60 0 1.26457162
Link 7 16 61 0 -1.30723700
Link 8 16 62 0 -0.52663502
Link 9 16 63 0 0.21654383
Link 6 23 83 0 0.72479064
Link 23 11 84 0 -1.37335769
Link 5 35 121 0 0.43006595
Link 35 13 122 0 -0.97102737
Link 3 44 150 0 -1.87571290
Link 44 11 151 0 2.94035663
Link 2 55 193 0 3.05907029
Link 55 11 194 0 1.15475473
Link 4 60 214 0 0.02636844
Link 60 10 215 0 -0.78251218
Link 7 63 231 0 0.52948484
Link 63 15 232 0 -0.55513501
Link 2 60 300 0 -0.50490207
Link 35 55 356 0 -2.84301067
Link 1 44 480 0 0.25986816
Link 14 63 733 1 -0.96865778
Link 55 10 1063 0 -1.99086894
GenomeEnd

