GenomeStart 92757
Neuron 1 1 0.00000000 1 0.00000000 0.00000000 0.00000000 0.00000000
Neuron 2 1 0.00000000 1 0.00000000 0.00000000 0.00000000 0.00000000
Neuron 3 1 0.00000000 1 0.00000000 0.00000000 0.00000000 0.00000000
Neuron 4 1 0.00000000 1 0.00000000 0.00000000 0.00000000 0.00000000
Neuron 5 1 0.00000000 1 0.00000000 0.00000000 0.00000000 0.00000000
Neuron 6 1 0.00000000 1 0.00000000 0.00000000 0.00000000 0.00000000
Neuron 7 1 0.00000000 1 0.00000000 0.00000000 0.00000000 0.00000000
Neuron 8 1 0.00000000 1 0.00000000 0.00000000 0.00000000 0.00000000
Neuron 9 2 0.00000000 1 0.00000000 0.00000000 0.00000000 0.00000000
Neuron 10 4 1.00000000 0 1.00000000 0.00000000 0.00000000 0.00000000
Neuron 11 4 1.00000000 0 1.00000000 0.00000000 0.00000000 0.00000000
Neuron 12 4 1.00000000 0 1.00000000 0.00000000 0.00000000 0.00000000
Neuron 13 4 1.00000000 0 1.00000000 0.00000000 0.00000000 0.00000000
Neuron 14 4 1.00000000 0 1.00000000 0.00000000 0.00000000 0.00000000
Neuron 15 4 1.00000000 0 1.00000000 0.00000000 0.00000000 0.00000000
Neuron 16 4 1.00000000 0 1.00000000 0.00000000 0.00000000 0.00000000
Neuron 17 3 0.50000000 1 1.00000000 0.00000000 0.00000000 0.00000000
Neuron 18 3 0.50000000 1 1.00000000 0.00000000 0.00000000 0.00000000
Neuron 19 3 0.50000000 1 1.00000000 0.00000000 0.00000000 0.00000000
Neuron 22 3 0.50000000 1 1.00000000 0.00000000 0.00000000 0.00000000
Neuron 23 3 0.50000000 1 1.00000000 0.00000000 0.00000000 0.00000000
Neuron 26 3 0.50000000 1 1.00000000 0.00000000 0.00000000 0.00000000
Neuron 29 3 0.50000000 1 1.00000000 0.00000000 0.00000000 0.00000000
Neuron 30 3 0.50000000 1 1.00000000 0.00000000 0.00000000 0.00000000
Neuron 31 3 0.50000000 1 1.00000000 0.00000000 0.00000000 0.00000000
Neuron 32 3 0.50000000 1 1.00000000 0.00000000 0.00000000 0.00000000
Neuron 33 3 0.50000000 1 1.00000000 0.00000000 0.00000000 0.00000000
Neuron 34 3 0.50000000 1 1.00000000 0.00000000 0.00000000 0.00000000
Neuron 35 3 0.50000000 1 1.00000000 0.00000000 0.00000000 0.00000000
Neuron 36 3 0.50000000 1 1.00000000 0.00000000 0.00000000 0.00000000
Neuron 38 3 0.50000000 1 1.00000000 0.00000000 0.00000000 0.00000000
Neuron 39 3 0.50000000 1 1.00000000 0.00000000 0.00000000 0.00000000
Neuron 40 3 0.50000000 1 1.00000000 0.00000000 0.00000000 0.00000000
Neuron 41 3 0.50000000 1 1.00000000 0.00000000 0.00000000 0.00000000
Neuron 42 3 0.50000000 1 1.00000000 0.00000000 0.00000000 0.00000000
Neuron 43 3 0.50000000 1 1.00000000 0.00000000 0.00000000 0.00000000
Neuron 44 3 0.50000000 1 1.00000000 0.00000000 0.00000000 0.00000000
Neuron 45 3 0.50000000 1 1.00000000 0.00000000 0.00000000 0.00000000
Neuron 46 3 0.50000000 1 1.00000000 0.00000000 0.00000000 0.00000000
Neuron 48 3 0.50000000 1 1.00000000 0.00000000 0.00000000 0.00000000
Neuron 50 3 0.50000000 1 1.00000000 0.00000000 0.00000000 0.00000000
Neuron 53 3 0.50000000 1 1.00000000 0.00000000 0.00000000 0.00000000
Neuron 54 3 0.50000000 1 1.00000000 0.00000000 0.00000000 0.00000000
Neuron 55 3 0.50000000 1 1.00000000 0.00000000 0.00000000 0.00000000
Neuron 56 3 0.50000000 1 1.00000000 0.00000000 0.00000000 0.00000000
Neuron 57 3 0.50000000 1 1.00000000 0.00000000 0.00000000 0.00000000
Neuron 58 3 0.50000000 1 1.00000000 0.00000000 0.00000000 0.00000000
Neuron 59 3 0.50000000 1 1.00000000 0.00000000 0.00000000 0.00000000
Neuron 60 3 0.50000000 1 1.00000000 0.00000000 0.00000000 0.00000000
Neuron 61 3 0.50000000 1 1.00000000 0.00000000 0.00000000 0.00000000
Neuron 64 3 0.50000000 1 1.00000000 0.00000000 0.00000000 0.00000000
Neuron 65 3 0.75000000 1 1.00000000 0.00000000 0.00000000 0.00000000
Neuron 68 3 0.50000000 1 1.00000000 0.00000000 0.00000000 0.00000000
Neuron 69 3 0.75000000 1 1.00000000 0.00000000 0.00000000 0.00000000
Neuron 70 3 0.25000000 1 1.00000000 0.00000000 0.00000000 0.00000000
Neuron 71 3 0.50000000 1 1.00000000 0.00000000 0.00000000 0.00000000
Neuron 72 3 0.75000000 1 1.00000000 0.00000000 0.00000000 0.00000000
Neuron 75 3 0.50000000 1 1.00000000 0.00000000 0.00000000 0.00000000
Neuron 76 3 0.50000000 1 1.00000000 0.00000000 0.00000000 0.00000000
Neuron 81 3 0.50000000 1 1.00000000 0.00000000 0.00000000 0.00000000
Neuron 85 3 0.75000000 1 1.00000000 0.00000000 0.00000000 0.00000000
Neuron 88 3 0.75000000 1 1.00000000 0.00000000 0.00000000 0.00000000
Neuron 90 3 0.25000000 1 1.00000000 0.00000000 0.00000000 0.00000000
Neuron 91 3 0.25000000 1 1.00000000 0.00000000 0.00000000 0.00000000
Neuron 95 3 0.75000000 1 1.00000000 0.00000000 0.00000000 0.00000000
Neuron 98 3 0.25000000 1 1.00000000 0.00000000 0.00000000 0.00000000
Neuron 100 3 0.50000000 1 1.00000000 0.00000000 0.00000000 0.00000000
Neuron 104 3 0.25000000 1 1.00000000 0.00000000 0.00000000 0.00000000
Neuron 108 3 0.75000000 1 1.00000000 0.00000000 0.00000000 0.00000000
Neuron 113 3 0.75000000 1 1.00000000 0.00000000 0.00000000 0.00000000
Neuron 118 3 0.25000000 1 1.00000000 0.00000000 0.00000000 0.00000000
Neuron 119 3 0.50000000 1 1.00000000 0.00000000 0.00000000 0.00000000
Neuron 121 3 0.25000000 1 1.00000000 0.00000000 0.00000000 0.00000000
Neuron 129 3 0.75000000 1 1.00000000 0.00000000 0.00000000 0.00000000
Neuron 130 3 0.75000000 1 1.00000000 0.00000000 0.00000000 0.00000000
Neuron 131 3 0.62500000 1 1.00000000 0.00000000 0.00000000 0.00000000
Neuron 132 3 0.25000000 1 1.00000000 0.00000000 0.00000000 0.00000000
Neuron 138 3 0.75000000 1 1.00000000 0.00000000 0.00000000 0.00000000
Neuron 142 3 0.75000000 1 1.00000000 0.00000000 0.00000000 0.00000000
Neuron 145 3 0.25000000 1 1.00000000 0.00000000 0.00000000 0.00000000
Neuron 147 3 0.25000000 1 1.00000000 0.00000000 0.00000000 0.00000000
Neuron 153 3 0.62500000 1 1.00000000 0.00000000 0.00000000 0.00000000
Neuron 156 3 0.75000000 1 1.00000000 0.00000000 0.00000000 0.00000000
Neuron 161 3 0.37500000 1 1.00000000 0.00000000 0.00000000 0.00000000
Neuron 165 3 0.25000000 1 1.00000000 0.00000000 0.00000000 0.00000000
Neuron 175 3 0.25000000 1 1.00000000 0.00000000 0.00000000 0.00000000
Neuron 177 3 0.62500000 1 1.00000000 0.00000000 0.00000000 0.00000000
Neuron 180 3 0.50000000 1 1.00000000 0.00000000 0.00000000 0.00000000
Neuron 183 3 0.75000000 1 1.00000000 0.00000000 0.00000000 0.00000000
Neuron 187 3 0.75000000 1 1.00000000 0.00000000 0.00000000 0.00000000
Neuron 193 3 0.75000000 1 1.00000000 0.00000000 0.00000000 0.00000000
Neuron 207 3 0.75000000 1 1.00000000 0.00000000 0.00000000 0.00000000
Neuron 212 3 0.25000000 1 1.00000000 0.00000000 0.00000000 0.00000000
Neuron 214 3 0.25000000 1 1.00000000 0.00000000 0.00000000 0.00000000
Neuron 221 3 0.37500000 1 1.00000000 0.00000000 0.00000000 0.00000000
Neuron 226 3 0.25000000 1 1.00000000 0.00000000 0.00000000 0.00000000
Neuron 229 3 0.37500000 1 1.00000000 0.00000000 0.00000000 0.00000000
Neuron 231 3 0.25000000 1 1.00000000 0.00000000 0.00000000 0.00000000
Neuron 232 3 0.75000000 1 1.00000000 0.00000000 0.00000000 0.00000000
Neuron 234 3 0.25000000 1 1.00000000 0.00000000 0.00000000 0.00000000
Neuron 235 3 0.25000000 1 1.00000000 0.00000000 0.00000000 0.00000000
Neuron 239 3 0.75000000 1 1.00000000 0.00000000 0.00000000 0.00000000
Neuron 245 3 0.25000000 1 1.00000000 0.00000000 0.00000000 0.00000000
Neuron 249 3 0.12500000 1 1.00000000 0.00000000 0.00000000 0.00000000
Neuron 251 3 0.87500000 1 1.00000000 0.00000000 0.00000000 0.00000000
Neuron 278 3 0.75000000 1 1.00000000 0.00000000 0.00000000 0.00000000
Neuron 282 3 0.37500000 1 1.00000000 0.00000000 0.00000000 0.00000000
Neuron 288 3 0.87500000 1 1.00000000 0.00000000 0.00000000 0.00000000
Neuron 291 3 0.25000000 1 1.00000000 0.00000000 0.00000000 0.00000000
Neuron 297 3 0.50000000 1 1.00000000 0.00000000 0.00000000 0.00000000
Neuron 310 3 0.75000000 1 1.00000000 0.00000000 0.00000000 0.00000000
Neuron 312 3 0.50000000 1 1.00000000 0.00000000 0.00000000 0.00000000
Neuron 320 3 0.56250000 1 1.00000000 0.00000000 0.00000000 0.00000000
Neuron 338 3 0.25000000 1 1.00000000 0.00000000 0.00000000 0.00000000
Neuron 340 3 0.75000000 1 1.00000000 0.00000000 0.00000000 0.00000000
Neuron 342 3 0.62500000 1 1.00000000 0.00000000 0.00000000 0.00000000
Neuron 351 3 0.37500000 1 1.00000000 0.00000000 0.00000000 0.00000000
Neuron 372 3 0.87500000 1 1.00000000 0.00000000 0.00000000 0.00000000
Neuron 377 3 0.50000000 1 1.00000000 0.00000000 0.00000000 0.00000000
Neuron 378 3 0.62500000 1 1.00000000 0.00000000 0.00000000 0.00000000
Neuron 392 3 0.43750000 1 1.00000000 0.00000000 0.00000000 0.00000000
Neuron 393 3 0.37500000 1 1.00000000 0.00000000 0.00000000 0.00000000
Neuron 410 3 0.12500000 1 1.00000000 0.00000000 0.00000000 0.00000000
Neuron 413 3 0.75000000 1 1.00000000 0.00000000 0.00000000 0.00000000
Neuron 422 3 0.87500000 1 1.00000000 0.00000000 0.00000000 0.00000000
Neuron 426 3 0.62500000 1 1.00000000 0.00000000 0.00000000 0.00000000
Neuron 429 3 0.37500000 1 1.00000000 0.00000000 0.00000000 0.00000000
Neuron 430 3 0.25000000 1 1.00000000 0.00000000 0.00000000 0.00000000
Neuron 433 3 0.75000000 1 1.00000000 0.00000000 0.00000000 0.00000000
Neuron 435 3 0.31250000 1 1.00000000 0.00000000 0.00000000 0.00000000
Neuron 436 3 0.87500000 1 1.00000000 0.00000000 0.00000000 0.00000000
Neuron 440 3 0.62500000 1 1.00000000 0.00000000 0.00000000 0.00000000
Neuron 442 3 0.50000000 1 1.00000000 0.00000000 0.00000000 0.00000000
Neuron 444 3 0.12500000 1 1.00000000 0.00000000 0.00000000 0.00000000
Neuron 447 3 0.18750000 1 1.00000000 0.00000000 0.00000000 0.00000000
Neuron 454 3 0.50000000 1 1.00000000 0.00000000 0.00000000 0.00000000
Neuron 458 3 0.34375000 1 1.00000000 0.00000000 0.00000000 0.00000000
Neuron 466 3 0.12500000 1 1.00000000 0.00000000 0.00000000 0.00000000
Neuron 474 3 0.87500000 1 1.00000000 0.00000000 0.00000000 0.00000000
Neuron 476 3 0.12500000 1 1.00000000 0.00000000 0.00000000 0.00000000
Neuron 477 3 0.75000000 1 1.00000000 0.00000000 0.00000000 0.00000000
Neuron 478 3 0.56250000 1 1.00000000 0.00000000 0.00000000 0.00000000
Neuron 482 3 0.37500000 1 1.00000000 0.00000000 0.00000000 0.00000000
Neuron 494 3 1.00000000 1 1.00000000 0.00000000 0.00000000 0.00000000
Neuron 514 3 0.25000000 1 1.00000000 0.00000000 0.00000000 0.00000000
Neuron 519 3 1.00000000 1 1.00000000 0.00000000 0.00000000 0.00000000
Neuron 524 3 0.62500000 1 1.00000000 0.00000000 0.00000000 0.00000000
Neuron 525 3 0.62500000 1 1.00000000 0.00000000 0.00000000 0.00000000
Neuron 530 3 0.12500000 1 1.00000000 0.00000000 0.00000000 0.00000000
Neuron 535 3 0.50000000 1 1.00000000 0.00000000 0.00000000 0.00000000
Neuron 539 3 0.75000000 1 1.00000000 0.00000000 0.00000000 0.00000000
Neuron 540 3 0.62500000 1 1.00000000 0.00000000 0.00000000 0.00000000
Neuron 544 3 0.87500000 1 1.00000000 0.00000000 0.00000000 0.00000000
Neuron 545 3 0.31250000 1 1.00000000 0.00000000 0.00000000 0.00000000
Neuron 548 3 0.37500000 1 1.00000000 0.00000000 0.00000000 0.00000000
Neuron 549 3 0.62500000 1 1.00000000 0.00000000 0.00000000 0.00000000
Neuron 558 3 0.50000000 1 1.00000000 0.00000000 0.00000000 0.00000000
Neuron 564 3 0.28125000 1 1.00000000 0.00000000 0.00000000 0.00000000
Neuron 569 3 0.25000000 1 1.00000000 0.00000000 0.00000000 0.00000000
Neuron 575 3 0.18750000 1 1.00000000 0.00000000 0.00000000 0.00000000
Neuron 578 3 0.25000000 1 1.00000000 0.00000000 0.00000000 0.00000000
Neuron 584 3 0.81250000 1 1.00000000 0.00000000 0.00000000 0.00000000
Neuron 589 3 0.93750000 1 1.00000000 0.00000000 0.00000000 0.00000000
Neuron 598 3 0.25000000 1 1.00000000 0.00000000 0.00000000 0.00000000
Neuron 602 3 0.75000000 1 1.00000000 0.00000000 0.00000000 0.00000000
Neuron 605 3 0.21875000 1 1.00000000 0.00000000 0.00000000 0.00000000
Neuron 609 3 0.43750000 1 1.00000000 0.00000000 0.00000000 0.00000000
Neuron 611 3 0.50000000 1 1.00000000 0.00000000 0.00000000 0.00000000
Neuron 614 3 0.37500000 1 1.00000000 0.00000000 0.00000000 0.00000000
Neuron 619 3 0.93750000 1 1.00000000 0.00000000 0.00000000 0.00000000
Neuron 620 3 0.12500000 1 1.00000000 0.00000000 0.00000000 0.00000000
Neuron 624 3 0.15625000 1 1.00000000 0.00000000 0.00000000 0.00000000
Neuron 630 3 0.50000000 1 1.00000000 0.00000000 0.00000000 0.00000000
Neuron 631 3 0.62500000 1 1.00000000 0.00000000 0.00000000 0.00000000
Neuron 632 3 0.90625000 1 1.00000000 0.00000000 0.00000000 0.00000000
Neuron 638 3 0.43750000 1 1.00000000 0.00000000 0.00000000 0.00000000
Neuron 645 3 0.12500000 1 1.00000000 0.00000000 0.00000000 0.00000000
Neuron 646 3 0.62500000 1 1.00000000 0.00000000 0.00000000 0.00000000
Neuron 649 3 0.50000000 1 1.00000000 0.00000000 0.00000000 0.00000000
Neuron 657 3 0.43750000 1 1.00000000 0.00000000 0.00000000 0.00000000
Neuron 659 3 0.17187500 1 1.00000000 0.00000000 0.00000000 0.00000000
Neuron 661 3 0.18750000 1 1.00000000 0.00000000 0.00000000 0.00000000
Neuron 671 3 0.81250000 1 1.00000000 0.00000000 0.00000000 0.00000000
Neuron 672 3 0.62500000 1 1.00000000 0.00000000 0.00000000 0.00000000
Neuron 681 3 0.68750000 1 1.00000000 0.00000000 0.00000000 0.00000000
Neuron 683 3 0.25000000 1 1.00000000 0.00000000 0.00000000 0.00000000
Neuron 687 3 0.50000000 1 1.00000000 0.00000000 0.00000000 0.00000000
Neuron 694 3 0.87500000 1 1.00000000 0.00000000 0.00000000 0.00000000
Neuron 697 3 0.21875000 1 1.00000000 0.00000000 0.00000000 0.00000000
Neuron 706 3 0.96875000 1 1.00000000 0.00000000 0.00000000 0.00000000
Neuron 708 3 0.06250000 1 1.00000000 0.00000000 0.00000000 0.00000000
Neuron 712 3 0.68750000 1 1.00000000 0.00000000 0.00000000 0.00000000
Neuron 721 3 0.50000000 1 1.00000000 0.00000000 0.00000000 0.00000000
Neuron 722 3 0.87500000 1 1.00000000 0.00000000 0.00000000 0.00000000
Neuron 732 3 0.50000000 1 1.00000000 0.00000000 0.00000000 0.00000000
Neuron 733 3 0.31250000 1 1.00000000 0.00000000 0.00000000 0.00000000
Neuron 736 3 0.68750000 1 1.00000000 0.00000000 0.00000000 0.00000000
Neuron 739 3 0.56250000 1 1.00000000 0.00000000 0.00000000 0.00000000
Neuron 745 3 0.75000000 1 1.00000000 0.00000000 0.00000000 0.00000000
Neuron 754 3 0.50000000 1 1.00000000 0.00000000 0.00000000 0.00000000
Neuron 783 3 0.12500000 1 1.00000000 0.00000000 0.00000000 0.00000000
Neuron 788 3 0.18750000 1 1.00000000 0.00000000 0.00000000 0.00000000
Neuron 796 3 0.50000000 1 1.00000000 0.00000000 0.00000000 0.00000000
Neuron 798 3 0.95312500 1 1.00000000 0.00000000 0.00000000 0.00000000
Neuron 804 3 0.78125000 1 1.00000000 0.00000000 0.00000000 0.00000000
Neuron 806 3 0.98437500 1 1.00000000 0.00000000 0.00000000 0.00000000
Neuron 817 3 0.50000000 1 1.00000000 0.00000000 0.00000000 0.00000000
Neuron 820 3 0.43750000 1 1.00000000 0.00000000 0.00000000 0.00000000
Neuron 826 3 0.26562500 1 1.00000000 0.00000000 0.00000000 0.00000000
Neuron 853 3 0.50000000 1 1.00000000 0.00000000 0.00000000 0.00000000
Neuron 871 3 0.50000000 1 1.00000000 0.00000000 0.00000000 0.00000000
Neuron 874 3 0.12500000 1 1.00000000 0.00000000 0.00000000 0.00000000
Neuron 875 3 0.37500000 1 1.00000000 0.00000000 0.00000000 0.00000000
Neuron 881 3 0.03125000 1 1.00000000 0.00000000 0.00000000 0.00000000
Neuron 882 3 0.62500000 1 1.00000000 0.00000000 0.00000000 0.00000000
Neuron 888 3 0.21875000 1 1.00000000 0.00000000 0.00000000 0.00000000
Neuron 917 3 0.62500000 1 1.00000000 0.00000000 0.00000000 0.00000000
Neuron 920 3 0.43750000 1 1.00000000 0.00000000 0.00000000 0.00000000
Neuron 932 3 0.37500000 1 1.00000000 0.00000000 0.00000000 0.00000000
Neuron 939 3 0.50000000 1 1.00000000 0.00000000 0.00000000 0.00000000
Neuron 948 3 0.68750000 1 1.00000000 0.00000000 0.00000000 0.00000000
Neuron 951 3 0.81250000 1 1.00000000 0.00000000 0.00000000 0.00000000
Neuron 952 3 0.79687500 1 1.00000000 0.00000000 0.00000000 0.00000000
Neuron 957 3 0.35937500 1 1.00000000 0.00000000 0.00000000 0.00000000
Neuron 969 3 0.37500000 1 1.00000000 0.00000000 0.00000000 0.00000000
Neuron 972 3 0.37500000 1 1.00000000 0.00000000 0.00000000 0.00000000
Neuron 973 3 0.99218750 1 1.00000000 0.00000000 0.00000000 0.00000000
Neuron 981 3 0.75000000 1 1.00000000 0.00000000 0.00000000 0.00000000
Neuron 985 3 0.62500000 1 1.00000000 0.00000000 0.00000000 0.00000000
Neuron 990 3 1.00000000 1 1.00000000 0.00000000 0.00000000 0.00000000
Neuron 991 3 0.50000000 1 1.00000000 0.00000000 0.00000000 0.00000000
Neuron 996 3 0.75000000 1 1.00000000 0.00000000 0.00000000 0.00000000
Neuron 999 3 0.56250000 1 1.00000000 0.00000000 0.00000000 0.00000000
Neuron 1002 3 0.50000000 1 1.00000000 0.00000000 0.00000000 0.00000000
Neuron 1009 3 0.71875000 1 1.00000000 0.00000000 0.00000000 0.00000000
Neuron 1021 3 0.06250000 1 1.00000000 0.00000000 0.00000000 0.00000000
Neuron 1027 3 0.87500000 1 1.00000000 0.00000000 0.00000000 0.00000000
Neuron 1043 3 0.62500000 1 1.00000000 0.00000000 0.00000000 0.00000000
Neuron 1058 3 0.50000000 1 1.00000000 0.00000000 0.00000000 0.00000000
Neuron 1077 3 0.20312500 1 1.00000000 0.00000000 0.00000000 0.00000000
Neuron 1109 3 0.78125000 1 1.00000000 0.00000000 0.00000000 0.00000000
Neuron 1110 3 0.43750000 1 1.00000000 0.00000000 0.00000000 0.00000000
Neuron 1139 3 0.50000000 1 1.00000000 0.00000000 0.00000000 0.00000000
Neuron 1141 3 0.03125000 1 1.00000000 0.00000000 0.00000000 0.00000000
Neuron 1155 3 0.50000000 1 1.00000000 0.00000000 0.00000000 0.00000000
Neuron 1180 3 0.81250000 1 1.00000000 0.00000000 0.00000000 0.00000000
Neuron 1188 3 0.59375000 1 1.00000000 0.00000000 0.00000000 0.00000000
Neuron 1197 3 0.34375000 1 1.00000000 0.00000000 0.00000000 0.00000000
Neuron 1216 3 0.59375000 1 1.00000000 0.00000000 0.00000000 0.00000000
Neuron 1220 3 0.59375000 1 1.00000000 0.00000000 0.00000000 0.00000000
Neuron 1237 3 0.78125000 1 1.00000000 0.00000000 0.00000000 0.00000000
Neuron 1243 3 0.68750000 1 1.00000000 0.00000000 0.00000000 0.00000000
Neuron 1252 3 0.43750000 1 1.00000000 0.00000000 0.00000000 0.00000000
Neuron 1266 3 0.50000000 1 1.00000000 0.00000000 0.00000000 0.00000000
Neuron 1269 3 0.71875000 1 1.00000000 0.00000000 0.00000000 0.00000000
Neuron 1300 3 0.51562500 1 1.00000000 0.00000000 0.00000000 0.00000000
Neuron 1379 3 0.50000000 1 1.00000000 0.00000000 0.00000000 0.00000000
Neuron 1491 3 0.71875000 1 1.00000000 0.00000000 0.00000000 0.00000000
Neuron 1502 3 0.82812500 1 1.00000000 0.00000000 0.00000000 0.00000000
Neuron 1519 3 0.50000000 1 1.00000000 0.00000000 0.00000000 0.00000000
Neuron 1525 3 0.37500000 1 1.00000000 0.00000000 0.00000000 0.00000000
Neuron 1576 3 0.75000000 1 1.00000000 0.00000000 0.00000000 0.00000000
Neuron 1592 3 0.12500000 1 1.00000000 0.00000000 0.00000000 0.00000000
Neuron 1705 3 0.46875000 1 1.00000000 0.00000000 0.00000000 0.00000000
Neuron 1717 3 0.43750000 1 1.00000000 0.00000000 0.00000000 0.00000000
Link 1 10 1 0 -0.98022656
Link 2 10 2 0 -1.31222160
Link 3 10 3 0 0.87536680
Link 6 10 6 0 -1.19095420
Link 8 10 8 0 -1.77804486
Link 9 10 9 0 1.83894722
Link 1 11 10 0 -2.70811756
Link 2 11 11 0 3.55289491
Link 3 11 12 0 1.34717211
Link 4 11 13 0 2.77177703
Link 5 11 14 0 3.13505381
Link 6 11 15 0 -0.05236361
Link 7 11 16 0 -2.08205150
Link 8 11 17 0 1.06755555
Link 9 11 18 0 -1.67526731
Link 1 12 19 0 -2.83999899
Link 4 12 22 0 1.61548363
Link 5 12 23 0 -2.71526207
Link 6 12 24 0 -0.78103415
Link 7 12 25 0 -0.59315053
Link 8 12 26 0 0.24748576
Link 9 12 27 0 0.87166768
Link 1 13 28 0 -3.63086224
Link 3 13 30 0 0.87735501
Link 4 13 31 0 1.08888344
Link 6 13 33 0 1.26966337
Link 8 13 35 0 -0.05910743
Link 9 13 36 0 1.10992406
Link 3 14 39 0 0.22814209
Link 6 14 42 0 -0.37947481
Link 8 14 44 0 -0.96773725
Link 9 14 45 0 -0.72759077
Link 1 15 46 0 -4.39274186
Link 2 15 47 0 0.30011397
Link 3 15 48 0 -0.00920273
Link 4 15 49 0 -6.22499392
Link 5 15 50 0 1.04118384
Link 6 15 51 0 0.32827136
Link 7 15 52 0 2.02177275
Link 8 15 53 0 -0.80362598
Link 9 15 54 0 -1.91147399
Link 1 16 55 0 -1.05671849
Link 2 16 56 0 1.31444251
Link 3 16 57 0 -1.77993530
Link 4 16 58 0 0.49878874
Link 5 16 59 0 -0.45710052
Link 7 16 61 0 1.54442624
Link 8 16 62 0 -1.00600536
Link 9 16 63 0 -1.17753524
Link 4 17 65 0 -0.48102521
Link 6 18 68 0 1.65859469
Link 18 12 69 0 0.05498122
Link 2 19 71 0 -4.42165285
Link 19 10 72 0 1.77535826
Link 6 22 80 0 -0.16512803
Link 22 16 81 0 1.49281481
Link 23 11 84 0 -0.95489334
Link 5 26 93 0 -1.59582759
Link 8 29 102 0 -2.08554775
Link 30 14 106 0 0.07205529
Link 31 13 109 0 -1.95429298
Link 8 32 111 0 0.88648094
Link 32 13 112 0 0.63420494
Link 6 33 115 0 2.32318225
Link 33 13 116 0 5.25866188
Link 34 12 119 0 1.15408502
Link 5 35 121 0 -1.12278627
Link 35 13 122 0 -2.52038938
Link 13 13 124 1 -2.01699379
Link 4 36 126 0 -0.75419212
Link 36 14 127 0 1.63677955
Link 2 38 132 0 -1.46639007
Link 38 12 133 0 -2.37925973
Link 6 39 135 0 1.08707786
Link 39 15 136 0 3.99007730
Link 41 14 142 0 0.56031196
Link 8 42 144 0 0.18695304
Link 42 11 145 0 2.35122565
Link 43 15 148 0 1.82869143
Link 45 16 154 0 1.41366540
Link 5 46 156 0 0.22024283
Link 46 12 157 0 0.61630922
Link 2 48 162 0 -2.08784404
Link 5 50 171 0 4.07524821
Link 7 53 186 0 2.09121118
Link 53 12 187 0 -0.78015267
Link 3 54 189 0 -2.40190273
Link 2 55 193 0 0.27239020
Link 55 11 194 0 0.69741114
Link 7 56 197 0 -2.57857863
Link 56 16 198 0 -0.75968739
Link 5 57 202 0 -0.09911265
Link 6 58 208 0 -0.90619050
Link 58 14 209 0 -0.69453419
Link 4 59 211 0 0.82925569
Link 59 12 212 0 1.11452209
Link 4 60 214 0 1.76858023
Link 60 10 215 0 -1.61372157
Link 7 61 219 0 -0.94976025
Link 61 13 220 0 -1.91135233
Link 14 14 233 1 1.18876678
Link 7 64 237 0 3.33677565
Link 2 23 241 0 3.68133774
Link 23 65 244 0 1.11580489
Link 65 11 245 0 -0.22276453
Link 7 55 249 0 0.97135281
Link 5 55 250 0 -2.40773064
Link 15 38 261 1 0.57287808
Link 7 68 286 0 -3.41444391
Link 68 10 287 0 -0.22071327
Link 1 70 307 0 1.32427034
Link 70 41 308 0 3.37912580
Link 41 72 327 0 1.32798920
Link 72 14 328 0 -0.37877692
Link 1 75 343 0 -0.25742370
Link 75 10 344 0 -0.48932567
Link 76 14 351 0 -0.80003595
Link 38 56 379 0 1.63020572
Link 2 81 399 0 2.58929992
Link 81 13 400 0 -0.37005269
Link 16 85 430 1 1.84197481
Link 88 15 449 0 -1.54188090
Link 3 90 459 0 -0.21818663
Link 4 91 463 0 1.41013930
Link 91 17 464 0 -1.98233551
Link 95 14 500 0 3.08685296
Link 98 23 521 0 2.68934212
Link 8 100 551 0 2.44209976
Link 100 12 552 0 1.34645292
Link 13 55 582 1 1.08034441
Link 8 104 601 0 -0.01595874
Link 113 15 641 0 2.44325884
Link 7 118 682 0 -2.36986019
Link 118 64 683 0 -2.37400426
Link 2 119 693 0 1.02738986
Link 119 12 694 0 0.22880755
Link 2 121 700 0 0.98661288
Link 121 81 701 0 1.65690409
Link 50 129 790 0 1.24415853
Link 129 14 791 0 2.62582075
Link 130 11 796 0 0.16334437
Link 29 131 798 0 -1.04630047
Link 131 88 799 0 -2.12192461
Link 3 132 801 0 1.57943288
Link 132 43 802 0 -0.26716453
Link 44 138 832 0 2.43249537
Link 138 11 833 0 1.56576017
Link 9 38 844 0 -1.90726437
Link 4 145 867 0 3.52059301
Link 19 57 882 0 0.19291680
Link 7 147 884 0 -0.43170075
Link 147 68 885 0 -0.29677855
Link 57 156 931 0 3.29985295
Link 156 15 932 0 1.21649503
Link 32 14 970 0 1.67048060
Link 90 161 986 0 -2.98866255
Link 161 31 987 0 -1.60788015
Link 2 165 1005 0 -1.21972580
Link 165 30 1006 0 -1.02795928
Link 68 68 1084 1 0.29467568
Link 8 175 1110 0 -1.00577784
Link 175 76 1111 0 2.86355110
Link 85 177 1131 1 -0.92229765
Link 177 68 1132 1 0.10643447
Link 2 180 1145 0 1.41435330
Link 29 56 1156 0 3.16306439
Link 19 183 1174 0 -1.49099741
Link 183 10 1175 0 -1.13365741
Link 40 187 1190 0 0.55709687
Link 31 193 1223 0 -2.02345506
Link 193 13 1224 0 -1.98347329
Link 8 38 1271 0 0.93045230
Link 48 207 1299 0 2.67402519
Link 207 16 1300 0 2.51776080
Link 10 32 1308 1 -1.75756715
Link 4 212 1339 0 1.98201320
Link 212 40 1340 0 0.74274057
Link 3 214 1351 0 -1.31069754
Link 214 44 1352 0 -0.54264017
Link 5 71 1358 0 0.43034363
Link 98 221 1402 0 0.19252831
Link 221 23 1403 0 -1.75823035
Link 10 68 1425 1 -3.68600933
Link 3 226 1447 0 -1.15906163
Link 226 34 1448 0 -0.76887577
Link 70 229 1466 0 2.34775828
Link 9 71 1475 0 -0.90170268
Link 231 50 1478 0 0.46157845
Link 58 232 1485 0 0.92032447
Link 232 14 1486 0 -0.98383575
Link 44 56 1490 0 -2.52109545
Link 4 234 1505 0 1.18136548
Link 239 10 1536 0 -0.11537670
Link 5 245 1563 0 -0.65820898
Link 249 70 1589 0 0.33396023
Link 187 251 1600 0 0.26159002
Link 251 13 1601 0 -0.41648049
Link 8 69 1708 0 -2.48722608
Link 61 278 1796 0 -2.83201492
Link 278 13 1797 0 3.51501327
Link 282 55 1814 0 3.89573360
Link 16 48 1827 1 3.69919902
Link 288 11 1845 0 -0.09996324
Link 291 61 1854 0 2.76830819
Link 19 297 1884 0 2.42026736
Link 297 55 1885 0 -0.87604599
Link 310 14 1971 0 0.55613716
Link 3 312 1981 0 -1.11772267
Link 312 12 1982 0 -0.12102563
Link 55 320 2046 0 -0.38100680
Link 320 153 2047 0 -0.19934657
Link 8 338 2165 0 1.53539891
Link 34 340 2176 0 0.61419308
Link 340 12 2177 0 1.06230707
Link 57 342 2186 0 -1.16458382
Link 342 156 2187 0 -0.11899264
Link 1 98 2201 0 1.55391588
Link 351 235 2255 1 -0.86848398
Link 71 31 2288 0 0.68468005
Link 11 50 2323 1 2.63093722
Link 372 12 2425 0 -0.51961841
Link 377 81 2466 0 -0.47460252
Link 54 378 2475 0 2.19179705
Link 378 95 2476 0 2.33777179
Link 12 30 2517 1 -0.42237608
Link 40 19 2520 0 1.82992889
Link 4 282 2538 0 -1.84650629
Link 282 392 2561 0 1.46229611
Link 392 55 2562 0 -2.56933064
Link 129 129 2564 1 0.32202385
Link 393 71 2567 0 0.90809663
Link 6 410 2666 0 0.69738562
Link 410 98 2667 0 -0.98185274
Link 26 413 2685 0 -2.14603342
Link 413 10 2686 0 -0.09915312
Link 44 26 2687 0 2.20642417
Link 34 15 2755 0 -3.06002439
Link 129 422 2777 0 -0.55486532
Link 17 426 2801 0 -0.89979572
Link 426 113 2802 0 2.99223743
Link 129 17 2822 1 2.18240779
Link 429 68 2827 0 0.38968620
Link 8 430 2838 0 -3.32327855
Link 430 40 2839 0 -2.65809562
Link 129 433 2865 1 0.52351040
Link 433 129 2866 1 1.75251043
Link 69 436 2888 0 1.36919965
Link 436 15 2889 0 -3.43844754
Link 64 440 2909 0 1.11391818
Link 440 310 2910 0 -0.14365905
Link 30 68 2927 0 -0.34750366
Link 40 442 2930 0 1.78619330
Link 442 19 2931 0 1.91425370
Link 38 338 2934 1 0.43441129
Link 3 444 2959 0 -1.89442208
Link 435 14 2972 0 0.80245738
Link 4 447 2984 0 2.67929875
Link 447 282 2985 0 -1.62286287
Link 50 11 2990 0 -2.90500269
Link 435 458 3062 0 -0.02498316
Link 34 310 3086 0 -2.23735779
Link 11 338 3108 1 0.44946591
Link 7 466 3131 0 3.09243289
Link 466 291 3132 0 -1.08585628
Link 69 13 3154 0 -1.48848476
Link 310 474 3180 0 -0.66349167
Link 474 14 3181 0 1.81577615
Link 4 476 3191 0 1.00349317
Link 34 477 3196 0 3.11126433
Link 477 15 3197 0 -0.05773035
Link 177 478 3200 1 2.54934973
Link 478 68 3201 1 1.78640673
Link 338 482 3234 0 0.19923248
Link 482 68 3235 0 -3.36670282
Link 129 32 3288 1 -0.05776897
Link 35 48 3291 0 0.52615424
Link 15 494 3341 1 3.28111727
Link 494 15 3342 1 -0.39785352
Link 175 23 3433 0 4.09821874
Link 85 14 3454 0 -1.41261372
Link 5 514 3496 0 1.72002217
Link 514 56 3497 0 1.18719257
Link 494 519 3528 1 -1.83227229
Link 129 524 3565 1 -2.13127817
Link 524 17 3566 1 1.36621964
Link 34 525 3569 0 0.19218054
Link 8 530 3611 0 1.35132921
Link 17 535 3645 0 -0.29994653
Link 535 40 3646 0 0.22337263
Link 35 539 3673 0 1.02099911
Link 539 16 3674 0 -0.51928830
Link 50 540 3684 0 2.26348750
Link 540 129 3685 0 3.09628880
Link 239 544 3734 0 -0.61627204
Link 544 10 3735 0 1.46478471
Link 234 545 3738 0 0.60035829
Link 545 282 3739 0 0.46770592
Link 165 548 3766 0 0.00482632
Link 548 30 3767 0 2.25810743
Link 56 69 3774 0 -3.59183601
Link 30 30 3785 1 -0.02866285
Link 71 549 3793 0 -0.06066705
Link 549 130 3794 0 -0.81185148
Link 393 48 3799 0 1.31008542
Link 38 476 3858 1 -1.47049200
Link 8 558 3866 0 2.53253543
Link 558 15 3867 0 0.13653236
Link 177 70 3881 1 1.67572766
Link 564 435 3897 0 -0.32863969
Link 494 282 3904 1 1.11600482
Link 5 569 3927 0 -0.97399646
Link 98 98 3967 1 0.36658234
Link 575 235 3985 0 0.70236254
Link 578 36 4000 0 0.87880891
Link 584 251 4061 0 1.85891499
Link 589 14 4106 0 -0.88485681
Link 214 598 4168 1 1.77757782
Link 598 214 4169 1 -0.34166875
Link 589 16 4185 0 -0.65080784
Link 251 454 4233 1 1.51447456
Link 605 435 4245 0 0.11025502
Link 85 64 4254 1 -0.38675085
Link 165 609 4286 0 0.56868403
Link 609 426 4287 0 -2.40808936
Link 454 611 4315 0 0.49227677
Link 611 19 4316 0 -0.62986844
Link 245 614 4345 0 -0.32346005
Link 614 55 4346 0 2.47563955
Link 16 619 4415 1 -2.05917559
Link 619 251 4416 1 -0.89524506
Link 5 620 4422 0 0.73819957
Link 620 231 4423 0 0.00251280
Link 71 41 4453 0 -3.74994258
Link 129 64 4460 1 -1.59945774
Link 476 624 4482 0 0.78044630
Link 624 575 4483 0 -3.78052855
Link 4 129 4496 0 -2.33405345
Link 5 630 4532 0 2.32761638
Link 630 494 4533 0 0.59504649
Link 68 631 4544 0 -0.02088251
Link 631 239 4545 0 0.19037150
Link 422 632 4555 0 1.83051215
Link 632 589 4556 0 2.15152602
Link 177 638 4594 1 0.59782304
Link 638 70 4595 1 5.97606611
Link 645 165 4693 0 -3.10136773
Link 129 646 4697 1 0.22819537
Link 575 435 4702 0 1.42365383
Link 76 68 4716 0 -1.74471756
Link 649 377 4727 0 0.41548372
Link 229 657 4772 0 1.12887732
Link 657 41 4773 0 1.22233072
Link 476 659 4813 0 -1.31300129
Link 659 605 4814 0 -1.05561616
Link 530 661 4824 0 -2.76318527
Link 68 130 4837 0 -0.29223154
Link 13 430 4846 1 4.04260345
Link 180 30 4896 0 1.83127655
Link 69 671 4938 0 0.62918576
Link 671 372 4939 0 -0.86607591
Link 32 672 4942 0 0.48035443
Link 672 142 4943 0 0.74702782
Link 113 619 4944 0 -1.66471362
Link 57 282 5002 1 1.91067470
Link 251 681 5026 1 -1.05219870
Link 681 454 5027 1 2.09209271
Link 2 129 5033 0 -0.30253408
Link 2 683 5053 0 -0.41839696
Link 683 30 5054 0 -0.46900132
Link 7 687 5077 0 2.14742721
Link 687 12 5078 0 -4.99923814
Link 694 14 5122 0 -0.32229570
Link 19 619 5133 0 1.00296400
Link 697 430 5140 0 0.82454647
Link 226 113 5143 0 1.43662057
Link 17 251 5167 0 -0.70227569
Link 130 129 5212 0 0.29062790
Link 708 249 5232 0 -1.55143366
Link 98 548 5272 0 0.11395981
Link 249 706 5273 0 1.41151039
Link 611 721 5339 0 -0.63204836
Link 721 19 5340 0 -0.94636992
Link 142 722 5351 0 1.66759991
Link 722 13 5352 0 -1.85007308
Link 235 26 5385 0 -0.38249251
Link 147 733 5412 0 1.57918965
Link 32 736 5456 0 -1.03871840
Link 736 251 5457 0 -0.47014271
Link 530 251 5458 0 -1.79015820
Link 64 739 5479 0 0.68882765
Link 147 31 5497 0 -0.76917764
Link 745 14 5527 0 1.95273677
Link 72 10 5548 0 -1.35511072
Link 11 108 5582 1 -0.11115001
Link 4 754 5611 0 3.59312528
Link 754 14 5612 0 -0.77469624
Link 32 17 5629 0 -0.16082709
Link 130 130 5784 1 -0.28514296
Link 61 235 5787 1 -1.63072295
Link 569 44 5832 0 4.02609014
Link 544 108 5870 1 1.30052385
Link 226 76 5902 0 -2.53367239
Link 5 783 5904 0 2.69335381
Link 783 226 5905 0 0.74170853
Link 444 788 5968 0 -0.74951625
Link 788 226 5969 0 2.11045637
Link 39 796 6036 0 2.03702760
Link 796 61 6037 0 0.41194732
Link 706 798 6052 1 2.57520759
Link 798 619 6053 1 0.96308175
Link 187 804 6092 0 0.23931184
Link 806 706 6111 1 -0.25436340
Link 31 64 6210 0 -0.74991135
Link 31 820 6229 1 -3.00835438
Link 820 351 6230 1 0.55543574
Link 235 826 6282 0 1.29166675
Link 826 564 6283 0 -0.99794535
Link 649 57 6381 0 -1.26774107
Link 34 853 6466 0 0.64382450
Link 853 649 6467 0 -0.49329741
Link 17 57 6566 0 1.78914233
Link 59 98 6592 1 -4.42552028
Link 310 871 6624 1 3.05428338
Link 871 569 6625 1 2.77685799
Link 23 619 6663 0 -3.03745354
Link 4 874 6693 0 -0.04885848
Link 874 578 6694 0 -0.87785283
Link 104 875 6697 0 0.70897603
Link 875 32 6698 0 -1.31312593
Link 1 881 6741 0 -0.36965072
Link 881 708 6742 0 2.19133738
Link 454 882 6747 0 0.57668793
Link 882 113 6748 0 0.02821536
Link 645 38 6765 0 1.52391002
Link 708 888 6830 0 0.54117313
Link 888 429 6831 0 -0.38290002
Link 234 15 6860 0 1.13476936
Link 58 422 6880 0 1.58048835
Link 64 917 7083 0 2.21064637
Link 917 745 7084 0 0.02776767
Link 249 920 7104 0 3.06146641
Link 920 113 7105 0 1.40322232
Link 611 35 7189 0 -1.31962246
Link 569 932 7232 0 2.15820688
Link 932 32 7233 0 1.15937960
Link 564 422 7273 0 -0.14668073
Link 19 239 7292 0 1.93462542
Link 113 539 7310 0 -0.38651527
Link 40 939 7326 1 -0.25244714
Link 939 40 7327 1 -4.66370837
Link 153 948 7401 0 -1.67489199
Link 948 108 7402 0 -1.36947187
Link 951 288 7455 0 -3.98957309
Link 952 584 7462 0 0.65809907
Link 458 957 7506 0 1.00000000
Link 957 393 7507 0 1.19032540
Link 71 687 7517 0 0.37776851
Link 951 614 7646 1 -3.13173497
Link 145 969 7650 0 1.12329658
Link 969 45 7651 0 -0.06966506
Link 972 212 7684 1 0.43436639
Link 16 973 7690 1 -0.16488047
Link 973 806 7691 1 1.58901100
Link 433 61 7758 1 -0.12656356
Link 72 645 7763 1 -0.45513035
Link 22 981 7765 0 1.35334727
Link 981 14 7766 0 0.66236923
Link 291 435 7801 0 -2.37331234
Link 32 985 7809 0 2.00695351
Link 985 602 7810 0 -4.31519029
Link 519 990 7833 1 1.56559924
Link 990 15 7834 1 -0.08626636
Link 31 991 7838 0 1.22790119
Link 991 732 7839 0 -0.82486553
Link 494 996 7910 1 0.89625636
Link 996 796 7911 1 1.97003524
Link 646 999 7949 1 -0.81318437
Link 999 32 7950 1 1.61058684
Link 23 1002 7986 0 -0.83440605
Link 1002 50 7987 0 0.22321441
Link 43 1009 8040 0 -0.85589861
Link 1009 589 8041 0 7.91401958
Link 161 422 8085 0 0.54568291
Link 1021 645 8109 0 2.73304341
Link 602 108 8113 0 -0.24207529
Link 602 1027 8160 0 1.91434239
Link 1027 14 8161 0 0.94631804
Link 65 55 8170 1 -1.14757081
Link 54 187 8212 0 1.18761482
Link 108 19 8215 1 -0.75685128
Link 10 649 8278 1 -0.02067331
Link 40 454 8355 0 0.47703306
Link 58 1043 8362 0 -2.55545260
Link 1043 129 8363 0 2.11684337
Link 30 1058 8534 0 -1.15618518
Link 1058 61 8535 0 -3.58628701
Link 3 525 8556 0 0.72302001
Link 630 48 8617 0 2.59278529
Link 661 1077 8656 0 -1.83949685
Link 1077 697 8657 0 2.04958910
Link 611 372 8689 0 1.36993097
Link 338 535 8744 0 -2.06018856
Link 177 156 8916 0 2.65287207
Link 645 46 8931 0 2.64736590
Link 108 1109 8954 0 -1.84676679
Link 1109 951 8955 0 1.33791982
Link 393 1110 8959 0 0.46190949
Link 1110 377 8960 0 3.61142658
Link 514 15 8984 0 0.33631157
Link 121 193 9004 0 -0.24443903
Link 251 806 9033 0 2.63768122
Link 535 1139 9196 0 -0.07071456
Link 1139 41 9197 0 1.99463351
Link 2 1141 9202 0 0.83907720
Link 1141 1021 9203 0 -0.02335125
Link 540 15 9239 0 0.17731892
Link 22 61 9258 0 -3.09946274
Link 732 1155 9292 0 2.01291223
Link 1155 29 9293 0 -0.32844385
Link 826 33 9437 0 1.07542090
Link 113 952 9455 0 0.36024711
Link 85 1180 9526 0 0.03903131
Link 1180 694 9527 0 0.84229454
Link 71 796 9550 0 0.05355250
Link 619 1188 9597 1 0.54333719
Link 1188 338 9598 1 -0.85875014
Link 6 90 9651 0 0.76953440
Link 539 539 9673 1 -1.46499444
Link 733 1197 9686 0 2.16976146
Link 1197 429 9687 0 0.57311431
Link 121 430 9810 0 -0.76635088
Link 712 1216 9856 1 0.80459820
Link 1216 61 9857 1 -0.11746034
Link 706 706 9866 1 1.04044656
Link 436 11 9868 0 0.88523856
Link 393 88 9889 0 -2.07325285
Link 338 232 9905 0 -0.05401150
Link 739 1220 9922 0 1.79224468
Link 1220 440 9923 0 0.16471157
Link 29 671 9936 0 -1.76408713
Link 351 519 9950 0 -0.69214167
Link 187 43 9975 1 1.01836995
Link 54 113 10017 0 -1.16081674
Link 177 477 10030 0 -2.37480308
Link 1009 558 10069 1 -1.38725591
Link 44 638 10085 1 -0.73099432
Link 187 433 10095 0 0.55769020
Link 1237 712 10101 1 0.88656007
Link 1 232 10156 0 -3.30565992
Link 525 1243 10168 0 0.03536083
Link 41 1252 10243 1 0.02472006
Link 1252 972 10244 1 0.49031787
Link 31 1266 10388 0 3.32128423
Link 1266 817 10389 0 -0.33964608
Link 920 1269 10406 0 0.16479402
Link 1269 16 10407 0 -1.65229298
Link 5 817 10414 0 0.13671818
Link 50 85 10530 0 -1.71830726
Link 68 291 10660 1 0.81976007
Link 804 1300 10736 1 -3.70317408
Link 1300 231 10737 1 0.55805628
Link 530 1077 10915 0 -1.12440148
Link 30 36 11012 0 3.81839214
Link 435 165 11103 1 -3.62640874
Link 156 85 11126 0 1.42244369
Link 430 108 11469 0 3.25319011
Link 605 81 11486 0 -0.90007381
Link 817 1379 11572 0 -0.07071921
Link 1379 454 11573 0 -2.55354878
Link 392 804 11933 0 -1.75768734
Link 410 282 12087 0 -1.69144039
Link 392 138 12438 0 1.76433390
Link 796 871 12500 0 -1.01371963
Link 1243 1491 12643 0 -0.22654153
Link 1491 310 12644 0 -1.37251847
Link 90 435 12667 0 -3.19395001
Link 251 1502 12731 1 0.85966179
Link 1502 1237 12732 1 1.44645144
Link 1266 745 12773 0 4.13641008
Link 145 1519 12898 0 0.88478280
Link 1519 69 12899 0 -1.51394629
Link 108 378 12951 1 0.78780163
Link 649 153 13015 0 -2.06336087
Link 3 1525 13017 0 0.44693182
Link 1525 207 13018 0 -3.00710519
Link 38 1220 13195 0 -0.47524644
Link 951 29 13289 1 -0.10745490
Link 10 874 13523 1 -1.79768895
Link 477 1576 13552 1 1.64114002
Link 1576 477 13553 1 0.20972766
Link 1197 477 13581 0 -1.08069357
Link 214 619 13606 0 0.70531754
Link 6 1592 13741 0 0.01465131
Link 1592 98 13742 0 0.41682830
Link 312 999 13897 0 -1.18555180
Link 70 598 13913 0 2.50919578
Link 142 806 14008 0 1.93591642
Link 671 706 14131 0 0.59113121
Link 56 619 14271 0 0.25130936
Link 229 1300 14306 0 0.34680119
Link 611 23 14358 0 1.19436648
Link 804 132 14563 1 -1.11148086
Link 447 64 14647 0 1.77949880
Link 393 917 14678 0 -0.11498063
Link 1139 1705 14718 1 1.00000000
Link 1705 920 14719 1 -0.50250906
Link 351 1717 14836 0 0.36269574
Link 1717 26 14837 0 -3.14025419
Link 697 42 14912 0 1.35770648
Link 90 1220 14956 0 -0.02789414
Link 1519 187 14978 0 -1.43388097
Link 33 393 15096 1 1.65833218
Link 874 649 15123 0 -0.05149044
Link 4 338 15167 0 0.35616866
GenomeEnd

