GenomeStart 95898
Neuron 1 1 0.00000000 1 0.00000000 0.00000000 0.00000000 0.00000000
Neuron 2 1 0.00000000 1 0.00000000 0.00000000 0.00000000 0.00000000
Neuron 3 1 0.00000000 1 0.00000000 0.00000000 0.00000000 0.00000000
Neuron 4 1 0.00000000 1 0.00000000 0.00000000 0.00000000 0.00000000
Neuron 5 1 0.00000000 1 0.00000000 0.00000000 0.00000000 0.00000000
Neuron 6 1 0.00000000 1 0.00000000 0.00000000 0.00000000 0.00000000
Neuron 7 1 0.00000000 1 0.00000000 0.00000000 0.00000000 0.00000000
Neuron 8 1 0.00000000 1 0.00000000 0.00000000 0.00000000 0.00000000
Neuron 9 2 0.00000000 1 0.00000000 0.00000000 0.00000000 0.00000000
Neuron 10 4 1.00000000 0 1.00000000 0.00000000 0.00000000 0.00000000
Neuron 11 4 1.00000000 0 1.00000000 0.00000000 0.00000000 0.00000000
Neuron 12 4 1.00000000 0 1.00000000 0.00000000 0.00000000 0.00000000
Neuron 13 4 1.00000000 0 1.00000000 0.00000000 0.00000000 0.00000000
Neuron 14 4 1.00000000 0 1.00000000 0.00000000 0.00000000 0.00000000
Neuron 15 4 1.00000000 0 1.00000000 0.00000000 0.00000000 0.00000000
Neuron 16 4 1.00000000 0 1.00000000 0.00000000 0.00000000 0.00000000
Neuron 17 3 0.50000000 1 1.00000000 0.00000000 0.00000000 0.00000000
Neuron 18 3 0.50000000 1 1.00000000 0.00000000 0.00000000 0.00000000
Neuron 19 3 0.50000000 1 1.00000000 0.00000000 0.00000000 0.00000000
Neuron 22 3 0.50000000 1 1.00000000 0.00000000 0.00000000 0.00000000
Neuron 23 3 0.50000000 1 1.00000000 0.00000000 0.00000000 0.00000000
Neuron 26 3 0.50000000 1 1.00000000 0.00000000 0.00000000 0.00000000
Neuron 29 3 0.50000000 1 1.00000000 0.00000000 0.00000000 0.00000000
Neuron 30 3 0.50000000 1 1.00000000 0.00000000 0.00000000 0.00000000
Neuron 31 3 0.50000000 1 1.00000000 0.00000000 0.00000000 0.00000000
Neuron 32 3 0.50000000 1 1.00000000 0.00000000 0.00000000 0.00000000
Neuron 33 3 0.50000000 1 1.00000000 0.00000000 0.00000000 0.00000000
Neuron 34 3 0.50000000 1 1.00000000 0.00000000 0.00000000 0.00000000
Neuron 35 3 0.50000000 1 1.00000000 0.00000000 0.00000000 0.00000000
Neuron 36 3 0.50000000 1 1.00000000 0.00000000 0.00000000 0.00000000
Neuron 38 3 0.50000000 1 1.00000000 0.00000000 0.00000000 0.00000000
Neuron 39 3 0.50000000 1 1.00000000 0.00000000 0.00000000 0.00000000
Neuron 40 3 0.50000000 1 1.00000000 0.00000000 0.00000000 0.00000000
Neuron 41 3 0.50000000 1 1.00000000 0.00000000 0.00000000 0.00000000
Neuron 42 3 0.50000000 1 1.00000000 0.00000000 0.00000000 0.00000000
Neuron 43 3 0.50000000 1 1.00000000 0.00000000 0.00000000 0.00000000
Neuron 44 3 0.50000000 1 1.00000000 0.00000000 0.00000000 0.00000000
Neuron 45 3 0.50000000 1 1.00000000 0.00000000 0.00000000 0.00000000
Neuron 46 3 0.50000000 1 1.00000000 0.00000000 0.00000000 0.00000000
Neuron 48 3 0.50000000 1 1.00000000 0.00000000 0.00000000 0.00000000
Neuron 50 3 0.50000000 1 1.00000000 0.00000000 0.00000000 0.00000000
Neuron 53 3 0.50000000 1 1.00000000 0.00000000 0.00000000 0.00000000
Neuron 54 3 0.50000000 1 1.00000000 0.00000000 0.00000000 0.00000000
Neuron 55 3 0.50000000 1 1.00000000 0.00000000 0.00000000 0.00000000
Neuron 56 3 0.50000000 1 1.00000000 0.00000000 0.00000000 0.00000000
Neuron 57 3 0.50000000 1 1.00000000 0.00000000 0.00000000 0.00000000
Neuron 58 3 0.50000000 1 1.00000000 0.00000000 0.00000000 0.00000000
Neuron 59 3 0.50000000 1 1.00000000 0.00000000 0.00000000 0.00000000
Neuron 60 3 0.50000000 1 1.00000000 0.00000000 0.00000000 0.00000000
Neuron 61 3 0.50000000 1 1.00000000 0.00000000 0.00000000 0.00000000
Neuron 64 3 0.50000000 1 1.00000000 0.00000000 0.00000000 0.00000000
Neuron 65 3 0.75000000 1 1.00000000 0.00000000 0.00000000 0.00000000
Neuron 68 3 0.50000000 1 1.00000000 0.00000000 0.00000000 0.00000000
Neuron 69 3 0.75000000 1 1.00000000 0.00000000 0.00000000 0.00000000
Neuron 70 3 0.25000000 1 1.00000000 0.00000000 0.00000000 0.00000000
Neuron 71 3 0.50000000 1 1.00000000 0.00000000 0.00000000 0.00000000
Neuron 72 3 0.75000000 1 1.00000000 0.00000000 0.00000000 0.00000000
Neuron 75 3 0.50000000 1 1.00000000 0.00000000 0.00000000 0.00000000
Neuron 76 3 0.50000000 1 1.00000000 0.00000000 0.00000000 0.00000000
Neuron 81 3 0.50000000 1 1.00000000 0.00000000 0.00000000 0.00000000
Neuron 85 3 0.75000000 1 1.00000000 0.00000000 0.00000000 0.00000000
Neuron 88 3 0.75000000 1 1.00000000 0.00000000 0.00000000 0.00000000
Neuron 90 3 0.25000000 1 1.00000000 0.00000000 0.00000000 0.00000000
Neuron 91 3 0.25000000 1 1.00000000 0.00000000 0.00000000 0.00000000
Neuron 95 3 0.75000000 1 1.00000000 0.00000000 0.00000000 0.00000000
Neuron 98 3 0.25000000 1 1.00000000 0.00000000 0.00000000 0.00000000
Neuron 100 3 0.50000000 1 1.00000000 0.00000000 0.00000000 0.00000000
Neuron 104 3 0.25000000 1 1.00000000 0.00000000 0.00000000 0.00000000
Neuron 108 3 0.75000000 1 1.00000000 0.00000000 0.00000000 0.00000000
Neuron 113 3 0.75000000 1 1.00000000 0.00000000 0.00000000 0.00000000
Neuron 118 3 0.25000000 1 1.00000000 0.00000000 0.00000000 0.00000000
Neuron 119 3 0.50000000 1 1.00000000 0.00000000 0.00000000 0.00000000
Neuron 121 3 0.25000000 1 1.00000000 0.00000000 0.00000000 0.00000000
Neuron 129 3 0.75000000 1 1.00000000 0.00000000 0.00000000 0.00000000
Neuron 130 3 0.75000000 1 1.00000000 0.00000000 0.00000000 0.00000000
Neuron 131 3 0.62500000 1 1.00000000 0.00000000 0.00000000 0.00000000
Neuron 132 3 0.25000000 1 1.00000000 0.00000000 0.00000000 0.00000000
Neuron 138 3 0.75000000 1 1.00000000 0.00000000 0.00000000 0.00000000
Neuron 142 3 0.75000000 1 1.00000000 0.00000000 0.00000000 0.00000000
Neuron 145 3 0.25000000 1 1.00000000 0.00000000 0.00000000 0.00000000
Neuron 147 3 0.25000000 1 1.00000000 0.00000000 0.00000000 0.00000000
Neuron 153 3 0.62500000 1 1.00000000 0.00000000 0.00000000 0.00000000
Neuron 156 3 0.75000000 1 1.00000000 0.00000000 0.00000000 0.00000000
Neuron 161 3 0.37500000 1 1.00000000 0.00000000 0.00000000 0.00000000
Neuron 165 3 0.25000000 1 1.00000000 0.00000000 0.00000000 0.00000000
Neuron 175 3 0.25000000 1 1.00000000 0.00000000 0.00000000 0.00000000
Neuron 177 3 0.62500000 1 1.00000000 0.00000000 0.00000000 0.00000000
Neuron 180 3 0.50000000 1 1.00000000 0.00000000 0.00000000 0.00000000
Neuron 183 3 0.75000000 1 1.00000000 0.00000000 0.00000000 0.00000000
Neuron 187 3 0.75000000 1 1.00000000 0.00000000 0.00000000 0.00000000
Neuron 193 3 0.75000000 1 1.00000000 0.00000000 0.00000000 0.00000000
Neuron 207 3 0.75000000 1 1.00000000 0.00000000 0.00000000 0.00000000
Neuron 212 3 0.25000000 1 1.00000000 0.00000000 0.00000000 0.00000000
Neuron 214 3 0.25000000 1 1.00000000 0.00000000 0.00000000 0.00000000
Neuron 221 3 0.37500000 1 1.00000000 0.00000000 0.00000000 0.00000000
Neuron 226 3 0.25000000 1 1.00000000 0.00000000 0.00000000 0.00000000
Neuron 229 3 0.37500000 1 1.00000000 0.00000000 0.00000000 0.00000000
Neuron 231 3 0.25000000 1 1.00000000 0.00000000 0.00000000 0.00000000
Neuron 232 3 0.75000000 1 1.00000000 0.00000000 0.00000000 0.00000000
Neuron 234 3 0.25000000 1 1.00000000 0.00000000 0.00000000 0.00000000
Neuron 235 3 0.25000000 1 1.00000000 0.00000000 0.00000000 0.00000000
Neuron 239 3 0.75000000 1 1.00000000 0.00000000 0.00000000 0.00000000
Neuron 245 3 0.25000000 1 1.00000000 0.00000000 0.00000000 0.00000000
Neuron 249 3 0.12500000 1 1.00000000 0.00000000 0.00000000 0.00000000
Neuron 251 3 0.87500000 1 1.00000000 0.00000000 0.00000000 0.00000000
Neuron 278 3 0.75000000 1 1.00000000 0.00000000 0.00000000 0.00000000
Neuron 282 3 0.37500000 1 1.00000000 0.00000000 0.00000000 0.00000000
Neuron 288 3 0.87500000 1 1.00000000 0.00000000 0.00000000 0.00000000
Neuron 291 3 0.25000000 1 1.00000000 0.00000000 0.00000000 0.00000000
Neuron 297 3 0.50000000 1 1.00000000 0.00000000 0.00000000 0.00000000
Neuron 301 3 0.50000000 1 1.00000000 0.00000000 0.00000000 0.00000000
Neuron 310 3 0.75000000 1 1.00000000 0.00000000 0.00000000 0.00000000
Neuron 312 3 0.50000000 1 1.00000000 0.00000000 0.00000000 0.00000000
Neuron 320 3 0.56250000 1 1.00000000 0.00000000 0.00000000 0.00000000
Neuron 338 3 0.25000000 1 1.00000000 0.00000000 0.00000000 0.00000000
Neuron 340 3 0.75000000 1 1.00000000 0.00000000 0.00000000 0.00000000
Neuron 342 3 0.62500000 1 1.00000000 0.00000000 0.00000000 0.00000000
Neuron 351 3 0.37500000 1 1.00000000 0.00000000 0.00000000 0.00000000
Neuron 372 3 0.87500000 1 1.00000000 0.00000000 0.00000000 0.00000000
Neuron 377 3 0.50000000 1 1.00000000 0.00000000 0.00000000 0.00000000
Neuron 378 3 0.62500000 1 1.00000000 0.00000000 0.00000000 0.00000000
Neuron 392 3 0.43750000 1 1.00000000 0.00000000 0.00000000 0.00000000
Neuron 393 3 0.37500000 1 1.00000000 0.00000000 0.00000000 0.00000000
Neuron 410 3 0.12500000 1 1.00000000 0.00000000 0.00000000 0.00000000
Neuron 413 3 0.75000000 1 1.00000000 0.00000000 0.00000000 0.00000000
Neuron 422 3 0.87500000 1 1.00000000 0.00000000 0.00000000 0.00000000
Neuron 426 3 0.62500000 1 1.00000000 0.00000000 0.00000000 0.00000000
Neuron 429 3 0.37500000 1 1.00000000 0.00000000 0.00000000 0.00000000
Neuron 430 3 0.25000000 1 1.00000000 0.00000000 0.00000000 0.00000000
Neuron 433 3 0.75000000 1 1.00000000 0.00000000 0.00000000 0.00000000
Neuron 435 3 0.31250000 1 1.00000000 0.00000000 0.00000000 0.00000000
Neuron 436 3 0.87500000 1 1.00000000 0.00000000 0.00000000 0.00000000
Neuron 440 3 0.62500000 1 1.00000000 0.00000000 0.00000000 0.00000000
Neuron 442 3 0.50000000 1 1.00000000 0.00000000 0.00000000 0.00000000
Neuron 444 3 0.12500000 1 1.00000000 0.00000000 0.00000000 0.00000000
Neuron 447 3 0.18750000 1 1.00000000 0.00000000 0.00000000 0.00000000
Neuron 454 3 0.50000000 1 1.00000000 0.00000000 0.00000000 0.00000000
Neuron 458 3 0.34375000 1 1.00000000 0.00000000 0.00000000 0.00000000
Neuron 466 3 0.12500000 1 1.00000000 0.00000000 0.00000000 0.00000000
Neuron 467 3 0.12500000 1 1.00000000 0.00000000 0.00000000 0.00000000
Neuron 474 3 0.87500000 1 1.00000000 0.00000000 0.00000000 0.00000000
Neuron 476 3 0.12500000 1 1.00000000 0.00000000 0.00000000 0.00000000
Neuron 477 3 0.75000000 1 1.00000000 0.00000000 0.00000000 0.00000000
Neuron 478 3 0.56250000 1 1.00000000 0.00000000 0.00000000 0.00000000
Neuron 482 3 0.37500000 1 1.00000000 0.00000000 0.00000000 0.00000000
Neuron 494 3 1.00000000 1 1.00000000 0.00000000 0.00000000 0.00000000
Neuron 514 3 0.25000000 1 1.00000000 0.00000000 0.00000000 0.00000000
Neuron 519 3 1.00000000 1 1.00000000 0.00000000 0.00000000 0.00000000
Neuron 524 3 0.62500000 1 1.00000000 0.00000000 0.00000000 0.00000000
Neuron 525 3 0.62500000 1 1.00000000 0.00000000 0.00000000 0.00000000
Neuron 530 3 0.12500000 1 1.00000000 0.00000000 0.00000000 0.00000000
Neuron 535 3 0.50000000 1 1.00000000 0.00000000 0.00000000 0.00000000
Neuron 539 3 0.75000000 1 1.00000000 0.00000000 0.00000000 0.00000000
Neuron 540 3 0.62500000 1 1.00000000 0.00000000 0.00000000 0.00000000
Neuron 544 3 0.87500000 1 1.00000000 0.00000000 0.00000000 0.00000000
Neuron 545 3 0.31250000 1 1.00000000 0.00000000 0.00000000 0.00000000
Neuron 548 3 0.37500000 1 1.00000000 0.00000000 0.00000000 0.00000000
Neuron 549 3 0.62500000 1 1.00000000 0.00000000 0.00000000 0.00000000
Neuron 558 3 0.50000000 1 1.00000000 0.00000000 0.00000000 0.00000000
Neuron 564 3 0.28125000 1 1.00000000 0.00000000 0.00000000 0.00000000
Neuron 569 3 0.25000000 1 1.00000000 0.00000000 0.00000000 0.00000000
Neuron 575 3 0.18750000 1 1.00000000 0.00000000 0.00000000 0.00000000
Neuron 578 3 0.25000000 1 1.00000000 0.00000000 0.00000000 0.00000000
Neuron 584 3 0.81250000 1 1.00000000 0.00000000 0.00000000 0.00000000
Neuron 589 3 0.93750000 1 1.00000000 0.00000000 0.00000000 0.00000000
Neuron 598 3 0.25000000 1 1.00000000 0.00000000 0.00000000 0.00000000
Neuron 602 3 0.75000000 1 1.00000000 0.00000000 0.00000000 0.00000000
Neuron 605 3 0.21875000 1 1.00000000 0.00000000 0.00000000 0.00000000
Neuron 609 3 0.43750000 1 1.00000000 0.00000000 0.00000000 0.00000000
Neuron 611 3 0.50000000 1 1.00000000 0.00000000 0.00000000 0.00000000
Neuron 614 3 0.37500000 1 1.00000000 0.00000000 0.00000000 0.00000000
Neuron 619 3 0.93750000 1 1.00000000 0.00000000 0.00000000 0.00000000
Neuron 620 3 0.12500000 1 1.00000000 0.00000000 0.00000000 0.00000000
Neuron 624 3 0.15625000 1 1.00000000 0.00000000 0.00000000 0.00000000
Neuron 630 3 0.50000000 1 1.00000000 0.00000000 0.00000000 0.00000000
Neuron 631 3 0.62500000 1 1.00000000 0.00000000 0.00000000 0.00000000
Neuron 632 3 0.90625000 1 1.00000000 0.00000000 0.00000000 0.00000000
Neuron 638 3 0.43750000 1 1.00000000 0.00000000 0.00000000 0.00000000
Neuron 645 3 0.12500000 1 1.00000000 0.00000000 0.00000000 0.00000000
Neuron 646 3 0.62500000 1 1.00000000 0.00000000 0.00000000 0.00000000
Neuron 649 3 0.50000000 1 1.00000000 0.00000000 0.00000000 0.00000000
Neuron 657 3 0.43750000 1 1.00000000 0.00000000 0.00000000 0.00000000
Neuron 659 3 0.17187500 1 1.00000000 0.00000000 0.00000000 0.00000000
Neuron 661 3 0.18750000 1 1.00000000 0.00000000 0.00000000 0.00000000
Neuron 671 3 0.81250000 1 1.00000000 0.00000000 0.00000000 0.00000000
Neuron 672 3 0.62500000 1 1.00000000 0.00000000 0.00000000 0.00000000
Neuron 681 3 0.68750000 1 1.00000000 0.00000000 0.00000000 0.00000000
Neuron 683 3 0.25000000 1 1.00000000 0.00000000 0.00000000 0.00000000
Neuron 687 3 0.50000000 1 1.00000000 0.00000000 0.00000000 0.00000000
Neuron 694 3 0.87500000 1 1.00000000 0.00000000 0.00000000 0.00000000
Neuron 697 3 0.21875000 1 1.00000000 0.00000000 0.00000000 0.00000000
Neuron 706 3 0.96875000 1 1.00000000 0.00000000 0.00000000 0.00000000
Neuron 708 3 0.06250000 1 1.00000000 0.00000000 0.00000000 0.00000000
Neuron 712 3 0.68750000 1 1.00000000 0.00000000 0.00000000 0.00000000
Neuron 721 3 0.50000000 1 1.00000000 0.00000000 0.00000000 0.00000000
Neuron 722 3 0.87500000 1 1.00000000 0.00000000 0.00000000 0.00000000
Neuron 725 3 0.06250000 1 1.00000000 0.00000000 0.00000000 0.00000000
Neuron 732 3 0.50000000 1 1.00000000 0.00000000 0.00000000 0.00000000
Neuron 733 3 0.31250000 1 1.00000000 0.00000000 0.00000000 0.00000000
Neuron 736 3 0.68750000 1 1.00000000 0.00000000 0.00000000 0.00000000
Neuron 739 3 0.56250000 1 1.00000000 0.00000000 0.00000000 0.00000000
Neuron 745 3 0.75000000 1 1.00000000 0.00000000 0.00000000 0.00000000
Neuron 754 3 0.50000000 1 1.00000000 0.00000000 0.00000000 0.00000000
Neuron 783 3 0.12500000 1 1.00000000 0.00000000 0.00000000 0.00000000
Neuron 788 3 0.18750000 1 1.00000000 0.00000000 0.00000000 0.00000000
Neuron 796 3 0.50000000 1 1.00000000 0.00000000 0.00000000 0.00000000
Neuron 798 3 0.95312500 1 1.00000000 0.00000000 0.00000000 0.00000000
Neuron 804 3 0.78125000 1 1.00000000 0.00000000 0.00000000 0.00000000
Neuron 806 3 0.98437500 1 1.00000000 0.00000000 0.00000000 0.00000000
Neuron 817 3 0.50000000 1 1.00000000 0.00000000 0.00000000 0.00000000
Neuron 820 3 0.43750000 1 1.00000000 0.00000000 0.00000000 0.00000000
Neuron 826 3 0.26562500 1 1.00000000 0.00000000 0.00000000 0.00000000
Neuron 853 3 0.50000000 1 1.00000000 0.00000000 0.00000000 0.00000000
Neuron 871 3 0.50000000 1 1.00000000 0.00000000 0.00000000 0.00000000
Neuron 874 3 0.12500000 1 1.00000000 0.00000000 0.00000000 0.00000000
Neuron 875 3 0.37500000 1 1.00000000 0.00000000 0.00000000 0.00000000
Neuron 881 3 0.03125000 1 1.00000000 0.00000000 0.00000000 0.00000000
Neuron 882 3 0.62500000 1 1.00000000 0.00000000 0.00000000 0.00000000
Neuron 888 3 0.21875000 1 1.00000000 0.00000000 0.00000000 0.00000000
Neuron 917 3 0.62500000 1 1.00000000 0.00000000 0.00000000 0.00000000
Neuron 920 3 0.43750000 1 1.00000000 0.00000000 0.00000000 0.00000000
Neuron 932 3 0.37500000 1 1.00000000 0.00000000 0.00000000 0.00000000
Neuron 939 3 0.50000000 1 1.00000000 0.00000000 0.00000000 0.00000000
Neuron 948 3 0.68750000 1 1.00000000 0.00000000 0.00000000 0.00000000
Neuron 951 3 0.81250000 1 1.00000000 0.00000000 0.00000000 0.00000000
Neuron 952 3 0.79687500 1 1.00000000 0.00000000 0.00000000 0.00000000
Neuron 969 3 0.37500000 1 1.00000000 0.00000000 0.00000000 0.00000000
Neuron 972 3 0.37500000 1 1.00000000 0.00000000 0.00000000 0.00000000
Neuron 973 3 0.99218750 1 1.00000000 0.00000000 0.00000000 0.00000000
Neuron 980 3 0.43750000 1 1.00000000 0.00000000 0.00000000 0.00000000
Neuron 981 3 0.75000000 1 1.00000000 0.00000000 0.00000000 0.00000000
Neuron 985 3 0.62500000 1 1.00000000 0.00000000 0.00000000 0.00000000
Neuron 990 3 1.00000000 1 1.00000000 0.00000000 0.00000000 0.00000000
Neuron 991 3 0.50000000 1 1.00000000 0.00000000 0.00000000 0.00000000
Neuron 996 3 0.75000000 1 1.00000000 0.00000000 0.00000000 0.00000000
Neuron 999 3 0.56250000 1 1.00000000 0.00000000 0.00000000 0.00000000
Neuron 1002 3 0.50000000 1 1.00000000 0.00000000 0.00000000 0.00000000
Neuron 1009 3 0.71875000 1 1.00000000 0.00000000 0.00000000 0.00000000
Neuron 1021 3 0.06250000 1 1.00000000 0.00000000 0.00000000 0.00000000
Neuron 1027 3 0.87500000 1 1.00000000 0.00000000 0.00000000 0.00000000
Neuron 1043 3 0.62500000 1 1.00000000 0.00000000 0.00000000 0.00000000
Neuron 1058 3 0.50000000 1 1.00000000 0.00000000 0.00000000 0.00000000
Neuron 1066 3 0.75000000 1 1.00000000 0.00000000 0.00000000 0.00000000
Neuron 1077 3 0.20312500 1 1.00000000 0.00000000 0.00000000 0.00000000
Neuron 1109 3 0.78125000 1 1.00000000 0.00000000 0.00000000 0.00000000
Neuron 1110 3 0.43750000 1 1.00000000 0.00000000 0.00000000 0.00000000
Neuron 1139 3 0.50000000 1 1.00000000 0.00000000 0.00000000 0.00000000
Neuron 1141 3 0.03125000 1 1.00000000 0.00000000 0.00000000 0.00000000
Neuron 1155 3 0.50000000 1 1.00000000 0.00000000 0.00000000 0.00000000
Neuron 1180 3 0.81250000 1 1.00000000 0.00000000 0.00000000 0.00000000
Neuron 1188 3 0.59375000 1 1.00000000 0.00000000 0.00000000 0.00000000
Neuron 1197 3 0.34375000 1 1.00000000 0.00000000 0.00000000 0.00000000
Neuron 1216 3 0.59375000 1 1.00000000 0.00000000 0.00000000 0.00000000
Neuron 1220 3 0.59375000 1 1.00000000 0.00000000 0.00000000 0.00000000
Neuron 1237 3 0.78125000 1 1.00000000 0.00000000 0.00000000 0.00000000
Neuron 1243 3 0.68750000 1 1.00000000 0.00000000 0.00000000 0.00000000
Neuron 1266 3 0.50000000 1 1.00000000 0.00000000 0.00000000 0.00000000
Neuron 1269 3 0.71875000 1 1.00000000 0.00000000 0.00000000 0.00000000
Neuron 1300 3 0.51562500 1 1.00000000 0.00000000 0.00000000 0.00000000
Neuron 1379 3 0.50000000 1 1.00000000 0.00000000 0.00000000 0.00000000
Neuron 1479 3 0.84375000 1 1.00000000 0.00000000 0.00000000 0.00000000
Neuron 1491 3 0.71875000 1 1.00000000 0.00000000 0.00000000 0.00000000
Neuron 1502 3 0.82812500 1 1.00000000 0.00000000 0.00000000 0.00000000
Neuron 1504 3 0.28125000 1 1.00000000 0.00000000 0.00000000 0.00000000
Neuron 1510 3 0.57812500 1 1.00000000 0.00000000 0.00000000 0.00000000
Neuron 1519 3 0.50000000 1 1.00000000 0.00000000 0.00000000 0.00000000
Neuron 1525 3 0.37500000 1 1.00000000 0.00000000 0.00000000 0.00000000
Neuron 1558 3 0.01562500 1 1.00000000 0.00000000 0.00000000 0.00000000
Neuron 1576 3 0.75000000 1 1.00000000 0.00000000 0.00000000 0.00000000
Neuron 1592 3 0.12500000 1 1.00000000 0.00000000 0.00000000 0.00000000
Neuron 1776 3 0.57031250 1 1.00000000 0.00000000 0.00000000 0.00000000
Neuron 1797 3 0.96875000 1 1.00000000 0.00000000 0.00000000 0.00000000
Link 1 10 1 0 -1.02506866
Link 2 10 2 0 -1.87557620
Link 3 10 3 0 0.66778518
Link 6 10 6 0 -1.56170443
Link 8 10 8 0 -2.83852532
Link 9 10 9 0 2.56091133
Link 1 11 10 0 -3.28867402
Link 2 11 11 0 4.63363117
Link 3 11 12 0 0.29105949
Link 4 11 13 0 3.21424449
Link 5 11 14 0 3.45215685
Link 6 11 15 0 1.98546275
Link 7 11 16 0 -1.88915923
Link 8 11 17 0 1.12964015
Link 9 11 18 0 -0.00671883
Link 1 12 19 0 -3.76407994
Link 4 12 22 0 2.03576276
Link 5 12 23 0 -4.85360341
Link 6 12 24 0 -0.25648395
Link 7 12 25 0 -1.09435141
Link 8 12 26 0 -0.25871766
Link 9 12 27 0 0.38280244
Link 1 13 28 0 -2.81547285
Link 3 13 30 0 1.20319532
Link 4 13 31 0 1.99332354
Link 6 13 33 0 1.11688100
Link 9 13 36 0 1.82331207
Link 3 14 39 0 1.60215820
Link 6 14 42 0 -0.64216647
Link 8 14 44 0 0.14756310
Link 9 14 45 0 -1.21906565
Link 1 15 46 0 -4.62668880
Link 2 15 47 0 -0.44406487
Link 3 15 48 0 -0.35164466
Link 4 15 49 0 -6.38994442
Link 5 15 50 0 1.39126358
Link 6 15 51 0 0.50820276
Link 7 15 52 0 0.83069056
Link 8 15 53 0 -1.03488720
Link 9 15 54 0 -1.38471305
Link 1 16 55 0 -0.44693850
Link 2 16 56 0 1.38841108
Link 3 16 57 0 -2.13621170
Link 4 16 58 0 -0.35323662
Link 5 16 59 0 -1.44369788
Link 7 16 61 0 -0.09779795
Link 8 16 62 0 -0.79036061
Link 9 16 63 0 -2.46186142
Link 4 17 65 0 0.07826869
Link 6 18 68 0 0.46570734
Link 18 12 69 0 -0.39687792
Link 2 19 71 0 -4.05846587
Link 19 10 72 0 1.26675587
Link 6 22 80 0 -0.46279024
Link 22 16 81 0 2.04676054
Link 23 11 84 0 -3.49951389
Link 5 26 93 0 -1.21123800
Link 8 29 102 0 -2.63050687
Link 30 14 106 0 -0.46807409
Link 31 13 109 0 -3.03997904
Link 8 32 111 0 -0.18603560
Link 32 13 112 0 1.90525114
Link 6 33 115 0 4.19330177
Link 33 13 116 0 5.27428479
Link 34 12 119 0 1.54865825
Link 5 35 121 0 0.05292208
Link 35 13 122 0 -1.32671681
Link 13 13 124 1 -1.02993525
Link 4 36 126 0 -3.21916869
Link 36 14 127 0 0.94742849
Link 2 38 132 0 -1.09117541
Link 38 12 133 0 -2.27625607
Link 6 39 135 0 1.52383903
Link 39 15 136 0 5.20258071
Link 41 14 142 0 1.16585760
Link 8 42 144 0 1.64525872
Link 42 11 145 0 2.03438965
Link 43 15 148 0 1.77310367
Link 45 16 154 0 1.04538748
Link 5 46 156 0 0.46335888
Link 46 12 157 0 -0.68338223
Link 2 48 162 0 -1.78642941
Link 5 50 171 0 3.79947860
Link 7 53 186 0 1.94006227
Link 53 12 187 0 -2.92924673
Link 3 54 189 0 -2.30372036
Link 2 55 193 0 0.54474405
Link 55 11 194 0 1.36772148
Link 7 56 197 0 -5.45851617
Link 56 16 198 0 -2.49610542
Link 5 57 202 0 -1.23902482
Link 6 58 208 0 -0.33439047
Link 58 14 209 0 0.03879235
Link 4 59 211 0 1.19884617
Link 59 12 212 0 2.54835184
Link 4 60 214 0 2.54005501
Link 60 10 215 0 -2.54752907
Link 7 61 219 0 -1.24903182
Link 61 13 220 0 -1.33547940
Link 14 14 233 1 0.88259758
Link 7 64 237 0 3.60476525
Link 2 23 241 0 5.07094897
Link 23 65 244 0 2.24114635
Link 65 11 245 0 0.24896733
Link 7 55 249 0 0.85510853
Link 5 55 250 0 -3.64743950
Link 15 38 261 1 -0.03562989
Link 7 68 286 0 -3.94756271
Link 68 10 287 0 0.41317029
Link 1 70 307 0 0.53529721
Link 70 41 308 0 2.24488633
Link 41 72 327 0 1.27887009
Link 72 14 328 0 -0.62449462
Link 1 75 343 0 -0.97891977
Link 75 10 344 0 0.74924471
Link 76 14 351 0 -0.70149980
Link 38 56 379 0 1.38936204
Link 2 81 399 0 3.03726456
Link 81 13 400 0 0.34318091
Link 16 85 430 1 2.31079298
Link 88 15 449 0 -3.45550167
Link 3 90 459 0 0.18754604
Link 4 91 463 0 1.07388774
Link 91 17 464 0 -1.69367988
Link 95 14 500 0 3.34925417
Link 98 23 521 0 1.83976386
Link 8 100 551 0 3.20890442
Link 100 12 552 0 1.28875941
Link 13 55 582 1 0.62169547
Link 8 104 601 0 0.29247445
Link 113 15 641 0 2.40032694
Link 7 118 682 0 -0.71813889
Link 118 64 683 0 -3.91312910
Link 2 119 693 0 1.05844839
Link 119 12 694 0 -0.06739025
Link 2 121 700 0 2.61027510
Link 121 81 701 0 1.88592385
Link 50 129 790 0 1.30726315
Link 129 14 791 0 1.31085964
Link 130 11 796 0 -0.08333313
Link 29 131 798 0 -1.99604392
Link 131 88 799 0 -2.45280689
Link 3 132 801 0 1.66919977
Link 132 43 802 0 -1.05056761
Link 44 138 832 0 2.98756213
Link 138 11 833 0 1.90892860
Link 9 38 844 0 -1.68639763
Link 4 145 867 0 5.86326860
Link 19 57 882 0 0.09849257
Link 7 147 884 0 -0.38027844
Link 147 68 885 0 -0.28763869
Link 57 156 931 0 3.44035133
Link 156 15 932 0 1.65302946
Link 32 14 970 0 2.41738129
Link 90 161 986 0 -3.19143435
Link 161 31 987 0 -0.90782756
Link 2 165 1005 0 -0.12086815
Link 165 30 1006 0 -1.93110494
Link 68 68 1084 1 -0.46410706
Link 175 76 1111 0 4.21206912
Link 85 177 1131 1 -0.21027680
Link 177 68 1132 1 -0.41533000
Link 2 180 1145 0 1.61970566
Link 29 56 1156 0 3.13044598
Link 19 183 1174 0 -2.82325541
Link 183 10 1175 0 -0.70151746
Link 40 187 1190 0 1.07082733
Link 31 193 1223 0 -1.28754963
Link 193 13 1224 0 -3.35805474
Link 8 38 1271 0 2.06614028
Link 48 207 1299 0 3.49905978
Link 207 16 1300 0 2.01771375
Link 10 32 1308 1 -2.12284416
Link 4 212 1339 0 3.56967103
Link 212 40 1340 0 1.36185116
Link 3 214 1351 0 -0.97563991
Link 214 44 1352 0 -1.53900025
Link 5 71 1358 0 2.52040481
Link 98 221 1402 0 0.71881353
Link 221 23 1403 0 -0.74724257
Link 10 68 1425 1 -5.16180100
Link 3 226 1447 0 -0.73914685
Link 226 34 1448 0 0.24321545
Link 70 229 1466 0 3.05084168
Link 9 71 1475 0 -1.74862305
Link 231 50 1478 0 0.79998248
Link 58 232 1485 0 2.51948130
Link 232 14 1486 0 -0.81803646
Link 44 56 1490 0 -3.65820921
Link 4 234 1505 0 1.22853566
Link 239 10 1536 0 -0.93412360
Link 5 245 1563 0 -0.40151174
Link 249 70 1589 0 1.60823119
Link 187 251 1600 0 0.08912489
Link 251 13 1601 0 0.32785954
Link 8 69 1708 0 -0.77244979
Link 61 278 1796 0 -2.33253899
Link 278 13 1797 0 3.66161265
Link 282 55 1814 0 4.66254813
Link 16 48 1827 1 2.84894553
Link 288 11 1845 0 1.09583851
Link 291 61 1854 0 2.55911247
Link 19 297 1884 0 2.46491167
Link 297 55 1885 0 -0.73380931
Link 8 301 1910 0 1.00000000
Link 301 13 1911 0 0.80834321
Link 310 14 1971 0 2.21587711
Link 3 312 1981 0 -0.26031617
Link 312 12 1982 0 -0.01924951
Link 55 320 2046 0 -0.84521783
Link 320 153 2047 0 -0.36584265
Link 8 338 2165 0 3.17754659
Link 34 340 2176 0 -0.27545716
Link 340 12 2177 0 1.12065946
Link 57 342 2186 0 -2.18199319
Link 342 156 2187 0 0.12328590
Link 1 98 2201 0 1.94576523
Link 351 235 2255 1 0.74184378
Link 71 31 2288 0 1.91822304
Link 11 50 2323 1 2.90919118
Link 372 12 2425 0 0.27449018
Link 377 81 2466 0 -1.73886032
Link 54 378 2475 0 0.94953636
Link 378 95 2476 0 2.60766867
Link 12 30 2517 1 0.36338794
Link 40 19 2520 0 2.17753997
Link 4 282 2538 0 -1.84165340
Link 282 392 2561 0 0.58090519
Link 392 55 2562 0 -2.92866171
Link 129 129 2564 1 1.16451850
Link 393 71 2567 0 2.24117419
Link 6 410 2666 0 0.50857429
Link 410 98 2667 0 -0.77240827
Link 26 413 2685 0 -1.92735413
Link 413 10 2686 0 -1.47598850
Link 44 26 2687 0 1.15748230
Link 34 15 2755 0 -2.86445253
Link 129 422 2777 0 -0.94400560
Link 351 26 2780 0 -2.92400680
Link 17 426 2801 0 -0.46182973
Link 426 113 2802 0 2.04231851
Link 129 17 2822 1 1.98535476
Link 429 68 2827 0 -0.13866376
Link 8 430 2838 0 -4.19820506
Link 430 40 2839 0 -2.91957385
Link 129 433 2865 1 -0.66468835
Link 433 129 2866 1 1.15002511
Link 69 436 2888 0 0.78888810
Link 436 15 2889 0 -3.88839567
Link 64 440 2909 0 0.05495658
Link 440 310 2910 0 -0.90058840
Link 30 68 2927 0 -0.27863701
Link 40 442 2930 0 2.98416341
Link 442 19 2931 0 0.60526501
Link 38 338 2934 1 -0.47705223
Link 3 444 2959 0 -3.52495098
Link 435 14 2972 0 -0.42628880
Link 4 447 2984 0 2.20672798
Link 447 282 2985 0 -1.91645482
Link 50 11 2990 0 -3.57551636
Link 435 458 3062 0 0.76718573
Link 458 393 3063 0 1.79747328
Link 34 310 3086 0 -2.18783779
Link 11 338 3108 1 -1.23424617
Link 7 466 3131 0 3.81636779
Link 466 291 3132 0 -0.04335063
Link 8 467 3135 0 1.00000000
Link 467 175 3136 0 -2.21322378
Link 69 13 3154 0 0.43098609
Link 310 474 3180 0 0.06725295
Link 474 14 3181 0 1.92973229
Link 4 476 3191 0 1.40590815
Link 34 477 3196 0 3.53642722
Link 477 15 3197 0 -1.34802315
Link 177 478 3200 1 2.82181215
Link 478 68 3201 1 2.61931984
Link 338 482 3234 0 0.02546835
Link 482 68 3235 0 -2.93050896
Link 129 32 3288 1 -0.88020735
Link 35 48 3291 0 3.00923692
Link 15 494 3341 1 3.26090270
Link 494 15 3342 1 1.14336752
Link 175 23 3433 0 3.65490882
Link 85 14 3454 0 -1.66265940
Link 5 514 3496 0 0.40432752
Link 514 56 3497 0 1.05096676
Link 494 519 3528 1 -1.13725866
Link 129 524 3565 1 -2.64106450
Link 524 17 3566 1 1.43405676
Link 34 525 3569 0 0.77222620
Link 17 535 3645 0 -0.74422262
Link 535 40 3646 0 -0.40822496
Link 35 539 3673 0 2.63990254
Link 539 16 3674 0 0.47518670
Link 50 540 3684 0 2.53631510
Link 540 129 3685 0 3.72436512
Link 239 544 3734 0 -0.21376308
Link 544 10 3735 0 2.61191671
Link 234 545 3738 0 0.60861029
Link 545 282 3739 0 0.35279857
Link 165 548 3766 0 -0.06108732
Link 548 30 3767 0 3.20761761
Link 56 69 3774 0 -3.51106644
Link 30 30 3785 1 -1.03588073
Link 71 549 3793 0 -0.74309279
Link 549 130 3794 0 0.30599824
Link 393 48 3799 0 2.71635736
Link 38 476 3858 1 -1.75194727
Link 8 558 3866 0 1.98405971
Link 558 15 3867 0 -0.29099834
Link 177 70 3881 1 1.66037984
Link 564 435 3897 0 -1.54949501
Link 494 282 3904 1 1.43554397
Link 5 569 3927 0 -2.05108709
Link 98 98 3967 1 -0.43876568
Link 575 235 3985 0 0.92175045
Link 578 36 4000 0 1.31637861
Link 584 251 4061 0 2.34691753
Link 589 14 4106 0 0.05547258
Link 214 598 4168 1 2.95812746
Link 598 214 4169 1 0.96581046
Link 589 16 4185 0 0.11164224
Link 251 454 4233 1 1.29219815
Link 605 435 4245 0 -0.57267619
Link 85 64 4254 1 0.27792296
Link 165 609 4286 0 2.12253701
Link 609 426 4287 0 -2.01386079
Link 454 611 4315 0 -0.73963922
Link 611 19 4316 0 -0.32922574
Link 245 614 4345 0 0.57678680
Link 16 619 4415 1 -1.82198333
Link 619 251 4416 1 -0.24317262
Link 5 620 4422 0 1.22463710
Link 620 231 4423 0 -0.62821700
Link 71 41 4453 0 -3.46715263
Link 129 64 4460 1 -1.69385427
Link 476 624 4482 0 0.58934261
Link 624 575 4483 0 -4.44069883
Link 430 54 4492 0 -1.51187967
Link 4 129 4496 0 -1.68864029
Link 5 630 4532 0 1.70245832
Link 630 494 4533 0 1.22651068
Link 68 631 4544 0 -2.19137019
Link 631 239 4545 0 -0.30852154
Link 422 632 4555 0 3.33682158
Link 632 589 4556 0 2.13482274
Link 177 638 4594 1 1.28606931
Link 638 70 4595 1 5.94281713
Link 645 165 4693 0 -1.84690679
Link 129 646 4697 1 0.80542672
Link 575 435 4702 0 1.15939734
Link 76 68 4716 0 -1.67876988
Link 649 377 4727 0 -1.02426410
Link 229 657 4772 0 0.61083238
Link 657 41 4773 0 1.33081185
Link 476 659 4813 0 -2.23570094
Link 659 605 4814 0 0.29052748
Link 530 661 4824 0 -3.04294870
Link 68 130 4837 0 -0.62689188
Link 13 430 4846 1 2.96268656
Link 180 30 4896 0 3.00495107
Link 671 372 4939 0 -1.09232845
Link 32 672 4942 0 -1.41271675
Link 672 142 4943 0 1.82077066
Link 113 619 4944 0 -0.52930802
Link 57 282 5002 1 0.36099731
Link 251 681 5026 1 0.26856095
Link 681 454 5027 1 2.66456647
Link 2 129 5033 0 -1.10392289
Link 2 683 5053 0 -0.14305426
Link 683 30 5054 0 -0.05151739
Link 7 687 5077 0 2.41444115
Link 687 12 5078 0 -4.53018076
Link 694 14 5122 0 -0.73649942
Link 19 619 5133 0 0.38309506
Link 697 430 5140 0 -0.62562979
Link 226 113 5143 0 0.85588910
Link 17 251 5167 0 -1.73181268
Link 130 129 5212 0 -0.94371908
Link 708 249 5232 0 -1.75558290
Link 98 548 5272 0 -2.23390424
Link 249 706 5273 0 0.51703964
Link 611 721 5339 0 -0.41563380
Link 721 19 5340 0 -0.92491154
Link 142 722 5351 0 1.14179318
Link 722 13 5352 0 -2.15210587
Link 8 725 5374 0 1.00000000
Link 725 530 5375 0 0.88865367
Link 235 26 5385 0 0.14658052
Link 147 733 5412 0 2.84062532
Link 32 736 5456 0 -0.30096573
Link 736 251 5457 0 0.90557051
Link 530 251 5458 0 -2.47886245
Link 64 739 5479 0 -0.17503727
Link 147 31 5497 0 -0.61265890
Link 745 14 5527 0 3.15833379
Link 72 10 5548 0 -1.77866836
Link 11 108 5582 1 -0.44848124
Link 4 754 5611 0 2.15192751
Link 754 14 5612 0 -0.92038138
Link 32 17 5629 0 -0.98398072
Link 130 130 5784 1 -1.33285231
Link 61 235 5787 1 -3.58708642
Link 569 44 5832 0 4.15881380
Link 544 108 5870 1 1.98490334
Link 226 76 5902 0 -3.36867635
Link 5 783 5904 0 2.78859944
Link 783 226 5905 0 0.08746523
Link 444 788 5968 0 -0.17487849
Link 788 226 5969 0 2.81843202
Link 39 796 6036 0 1.48724089
Link 796 61 6037 0 -0.07909087
Link 706 798 6052 1 2.63271312
Link 798 619 6053 1 0.28559031
Link 187 804 6092 0 -0.03731158
Link 806 706 6111 1 -0.61292101
Link 31 64 6210 0 -2.38995220
Link 31 820 6229 1 -3.00904943
Link 820 351 6230 1 1.47145625
Link 235 826 6282 0 2.82589217
Link 826 564 6283 0 -2.08628430
Link 649 57 6381 0 -3.39810714
Link 34 853 6466 0 1.45447714
Link 853 649 6467 0 -0.11660756
Link 17 57 6566 0 2.99663446
Link 59 98 6592 1 -5.05504414
Link 310 871 6624 1 2.79638657
Link 871 569 6625 1 2.57448305
Link 23 619 6663 0 -2.56105338
Link 4 874 6693 0 2.08762002
Link 874 578 6694 0 0.57986548
Link 104 875 6697 0 0.41866869
Link 875 32 6698 0 -1.07550436
Link 881 708 6742 0 1.54344280
Link 454 882 6747 0 0.66992895
Link 882 113 6748 0 0.66383943
Link 645 38 6765 0 0.54400876
Link 708 888 6830 0 1.16190205
Link 888 429 6831 0 0.70698020
Link 234 15 6860 0 0.51719654
Link 58 422 6880 0 1.51807317
Link 64 917 7083 0 1.37028548
Link 917 745 7084 0 -0.42411686
Link 249 920 7104 0 1.91645422
Link 920 113 7105 0 1.35980652
Link 611 35 7189 0 -2.20320152
Link 569 932 7232 0 0.22656144
Link 932 32 7233 0 0.89069283
Link 564 422 7273 0 -0.86612191
Link 19 239 7292 0 -0.46412731
Link 113 539 7310 0 -0.22657573
Link 40 939 7326 1 2.07389528
Link 939 40 7327 1 -4.61157903
Link 153 948 7401 0 -1.88477034
Link 948 108 7402 0 -0.57958597
Link 952 584 7462 0 -0.89761992
Link 71 687 7517 0 -0.84159845
Link 951 614 7646 1 -2.75744240
Link 145 969 7650 0 0.62982673
Link 969 45 7651 0 1.10113835
Link 41 972 7683 1 1.00218491
Link 972 212 7684 1 0.44876241
Link 16 973 7690 1 1.24015658
Link 973 806 7691 1 1.94384333
Link 614 980 7753 0 1.12658960
Link 980 55 7754 0 2.03910758
Link 433 61 7758 1 0.81971315
Link 72 645 7763 1 -1.53667681
Link 22 981 7765 0 1.97964941
Link 981 14 7766 0 0.63633798
Link 291 435 7801 0 -2.42193060
Link 32 985 7809 0 0.79026609
Link 985 602 7810 0 -3.99083380
Link 519 990 7833 1 2.63347255
Link 990 15 7834 1 0.18751448
Link 31 991 7838 0 3.21925514
Link 991 732 7839 0 -2.41541546
Link 494 996 7910 1 0.19784652
Link 996 796 7911 1 0.72809287
Link 646 999 7949 1 1.08925139
Link 999 32 7950 1 1.29790591
Link 23 1002 7986 0 -0.43872938
Link 1002 50 7987 0 0.63235365
Link 43 1009 8040 0 -2.45817741
Link 1009 589 8041 0 8.14812090
Link 161 422 8085 0 0.61080362
Link 1021 645 8109 0 2.93285296
Link 602 108 8113 0 1.09137112
Link 602 1027 8160 0 -0.46760881
Link 1027 14 8161 0 1.39580150
Link 65 55 8170 1 -1.66132141
Link 54 187 8212 0 1.97025946
Link 108 19 8215 1 -0.35245260
Link 40 454 8355 0 1.46935944
Link 58 1043 8362 0 -1.32135141
Link 1043 129 8363 0 4.15871879
Link 30 1058 8534 0 -0.97227666
Link 1058 61 8535 0 -3.19216784
Link 3 525 8556 0 -0.25858514
Link 10 1066 8585 1 0.71416460
Link 1066 649 8586 1 1.43540188
Link 630 48 8617 0 2.85126041
Link 661 1077 8656 0 -1.69520897
Link 1077 697 8657 0 2.09475814
Link 611 372 8689 0 1.94778923
Link 338 535 8744 0 -1.16465023
Link 177 156 8916 0 0.32353009
Link 645 46 8931 0 2.03245166
Link 108 1109 8954 0 -0.73413430
Link 1109 951 8955 0 1.16979608
Link 393 1110 8959 0 -0.22481632
Link 1110 377 8960 0 4.21452161
Link 514 15 8984 0 -0.55332615
Link 121 193 9004 0 -0.10907903
Link 251 806 9033 0 1.90244757
Link 535 1139 9196 0 -1.87350528
Link 1139 41 9197 0 2.38380144
Link 2 1141 9202 0 1.09075502
Link 1141 1021 9203 0 -0.03328197
Link 540 15 9239 0 -0.12601916
Link 22 61 9258 0 -2.82797470
Link 732 1155 9292 0 1.55173981
Link 1155 29 9293 0 -1.73078701
Link 826 33 9437 0 -0.39130221
Link 113 952 9455 0 0.14949479
Link 85 1180 9526 0 1.27731503
Link 1180 694 9527 0 1.75038009
Link 71 796 9550 0 0.75461516
Link 619 1188 9597 1 1.08315304
Link 1188 338 9598 1 -0.28304918
Link 6 90 9651 0 1.11221603
Link 539 539 9673 1 -1.24456490
Link 733 1197 9686 0 3.96693967
Link 1197 429 9687 0 -1.34595983
Link 121 430 9810 0 -1.96291155
Link 712 1216 9856 1 0.88543038
Link 1216 61 9857 1 -0.92365667
Link 436 11 9868 0 1.08563777
Link 393 88 9889 0 -0.51726915
Link 338 232 9905 0 0.90875237
Link 1139 920 9913 1 -2.07392426
Link 1220 440 9923 0 -1.17869219
Link 29 671 9936 0 -1.37253994
Link 351 519 9950 0 -1.73817162
Link 187 43 9975 1 0.37517757
Link 54 113 10017 0 -1.42542000
Link 177 477 10030 0 -1.76028092
Link 1009 558 10069 1 -2.35035267
Link 44 638 10085 1 -0.04598334
Link 187 433 10095 0 -0.18886590
Link 1237 712 10101 1 1.66293694
Link 1 232 10156 0 -6.05818999
Link 525 1243 10168 0 0.17024632
Link 31 1266 10388 0 2.57443554
Link 1266 817 10389 0 -0.73093766
Link 920 1269 10406 0 -0.40232490
Link 1269 16 10407 0 -1.21047328
Link 5 817 10414 0 -1.29345635
Link 50 85 10530 0 -2.00208861
Link 8 539 10589 0 1.06076224
Link 68 291 10660 1 2.14472445
Link 804 1300 10736 1 -2.72160930
Link 1300 231 10737 1 1.13199753
Link 530 1077 10915 0 -1.55026566
Link 30 36 11012 0 3.15918459
Link 156 85 11126 0 1.12594703
Link 430 108 11469 0 4.35961966
Link 605 81 11486 0 -0.34526446
Link 817 1379 11572 0 0.26490277
Link 1379 454 11573 0 -1.97848704
Link 57 46 11588 0 0.25527562
Link 392 804 11933 0 -1.91640225
Link 410 282 12087 0 -3.78264200
Link 392 138 12438 0 1.31621605
Link 796 871 12500 0 -0.20198426
Link 951 1479 12503 0 1.04187117
Link 1479 288 12504 0 -5.49303550
Link 681 239 12585 0 0.09240336
Link 1243 1491 12643 0 -0.32474720
Link 1491 310 12644 0 -1.93906283
Link 90 435 12667 0 -3.42939821
Link 251 1502 12731 1 -0.64357260
Link 1502 1237 12732 1 1.59833957
Link 435 1504 12740 1 1.94144599
Link 1504 165 12741 1 -4.45207681
Link 1266 745 12773 0 4.00470043
Link 1510 1220 12801 0 1.65348900
Link 145 1519 12898 0 0.71131481
Link 1519 69 12899 0 -1.97598194
Link 108 378 12951 1 1.08856305
Link 649 153 13015 0 -2.37930778
Link 3 1525 13017 0 0.41019865
Link 1525 207 13018 0 -3.60350737
Link 38 1220 13195 0 1.17563017
Link 951 29 13289 1 -0.36023331
Link 1 1558 13401 0 0.45634031
Link 1558 881 13402 0 -2.44607182
Link 10 874 13523 1 -1.37291123
Link 477 1576 13552 1 0.39930694
Link 1576 477 13553 1 0.82901054
Link 1197 477 13581 0 -1.64883329
Link 214 619 13606 0 -0.17548105
Link 6 1592 13741 0 0.48271325
Link 1592 98 13742 0 -0.53435133
Link 312 999 13897 0 -1.59100257
Link 70 598 13913 0 4.30913380
Link 142 806 14008 0 3.20296245
Link 671 706 14131 0 -0.73914013
Link 56 619 14271 0 -0.39654206
Link 229 1300 14306 0 0.38942631
Link 611 23 14358 0 3.59461231
Link 804 132 14563 1 -1.05370810
Link 447 64 14647 0 2.49989957
Link 1197 706 14735 0 -1.57333757
Link 458 632 14930 0 -2.10860828
Link 732 231 14985 1 0.38807766
Link 624 161 15080 0 -1.19266836
Link 440 138 15198 0 0.35894359
Link 980 59 15238 0 -0.08511103
Link 739 1776 15444 0 1.00000000
Link 1776 1510 15445 0 0.94583729
Link 59 951 15464 0 -1.24400315
Link 119 611 15639 0 -1.85397038
Link 706 1797 15703 1 1.00000000
Link 1797 706 15704 1 0.33566478
Link 100 108 15757 0 0.35162299
GenomeEnd

