GenomeStart 38886
Neuron 1 1 0.00000000 1 0.00000000 0.00000000 0.00000000 0.00000000
Neuron 2 1 0.00000000 1 0.00000000 0.00000000 0.00000000 0.00000000
Neuron 3 1 0.00000000 1 0.00000000 0.00000000 0.00000000 0.00000000
Neuron 4 1 0.00000000 1 0.00000000 0.00000000 0.00000000 0.00000000
Neuron 5 1 0.00000000 1 0.00000000 0.00000000 0.00000000 0.00000000
Neuron 6 1 0.00000000 1 0.00000000 0.00000000 0.00000000 0.00000000
Neuron 7 1 0.00000000 1 0.00000000 0.00000000 0.00000000 0.00000000
Neuron 8 1 0.00000000 1 0.00000000 0.00000000 0.00000000 0.00000000
Neuron 9 2 0.00000000 1 0.00000000 0.00000000 0.00000000 0.00000000
Neuron 10 4 1.00000000 0 1.00000000 0.00000000 0.00000000 0.00000000
Neuron 11 4 1.00000000 0 1.00000000 0.00000000 0.00000000 0.00000000
Neuron 12 4 1.00000000 0 1.00000000 0.00000000 0.00000000 0.00000000
Neuron 13 4 1.00000000 0 1.00000000 0.00000000 0.00000000 0.00000000
Neuron 14 4 1.00000000 0 1.00000000 0.00000000 0.00000000 0.00000000
Neuron 15 4 1.00000000 0 1.00000000 0.00000000 0.00000000 0.00000000
Neuron 16 4 1.00000000 0 1.00000000 0.00000000 0.00000000 0.00000000
Neuron 17 3 0.50000000 1 1.00000000 0.00000000 0.00000000 0.00000000
Neuron 19 3 0.50000000 1 1.00000000 0.00000000 0.00000000 0.00000000
Neuron 22 3 0.50000000 1 1.00000000 0.00000000 0.00000000 0.00000000
Neuron 23 3 0.50000000 1 1.00000000 0.00000000 0.00000000 0.00000000
Neuron 30 3 0.50000000 1 1.00000000 0.00000000 0.00000000 0.00000000
Neuron 32 3 0.50000000 1 1.00000000 0.00000000 0.00000000 0.00000000
Neuron 34 3 0.50000000 1 1.00000000 0.00000000 0.00000000 0.00000000
Neuron 39 3 0.50000000 1 1.00000000 0.00000000 0.00000000 0.00000000
Neuron 40 3 0.50000000 1 1.00000000 0.00000000 0.00000000 0.00000000
Neuron 41 3 0.50000000 1 1.00000000 0.00000000 0.00000000 0.00000000
Neuron 43 3 0.50000000 1 1.00000000 0.00000000 0.00000000 0.00000000
Neuron 50 3 0.50000000 1 1.00000000 0.00000000 0.00000000 0.00000000
Neuron 55 3 0.50000000 1 1.00000000 0.00000000 0.00000000 0.00000000
Neuron 57 3 0.50000000 1 1.00000000 0.00000000 0.00000000 0.00000000
Neuron 58 3 0.50000000 1 1.00000000 0.00000000 0.00000000 0.00000000
Neuron 61 3 0.50000000 1 1.00000000 0.00000000 0.00000000 0.00000000
Neuron 62 3 0.50000000 1 1.00000000 0.00000000 0.00000000 0.00000000
Neuron 64 3 0.50000000 1 1.00000000 0.00000000 0.00000000 0.00000000
Neuron 68 3 0.50000000 1 1.00000000 0.00000000 0.00000000 0.00000000
Neuron 70 3 0.25000000 1 1.00000000 0.00000000 0.00000000 0.00000000
Neuron 81 3 0.50000000 1 1.00000000 0.00000000 0.00000000 0.00000000
Neuron 85 3 0.75000000 1 1.00000000 0.00000000 0.00000000 0.00000000
Neuron 98 3 0.25000000 1 1.00000000 0.00000000 0.00000000 0.00000000
Neuron 113 3 0.75000000 1 1.00000000 0.00000000 0.00000000 0.00000000
Neuron 129 3 0.75000000 1 1.00000000 0.00000000 0.00000000 0.00000000
Neuron 132 3 0.25000000 1 1.00000000 0.00000000 0.00000000 0.00000000
Neuron 147 3 0.25000000 1 1.00000000 0.00000000 0.00000000 0.00000000
Neuron 156 3 0.75000000 1 1.00000000 0.00000000 0.00000000 0.00000000
Neuron 165 3 0.25000000 1 1.00000000 0.00000000 0.00000000 0.00000000
Neuron 177 3 0.62500000 1 1.00000000 0.00000000 0.00000000 0.00000000
Neuron 180 3 0.50000000 1 1.00000000 0.00000000 0.00000000 0.00000000
Neuron 187 3 0.75000000 1 1.00000000 0.00000000 0.00000000 0.00000000
Neuron 226 3 0.25000000 1 1.00000000 0.00000000 0.00000000 0.00000000
Neuron 234 3 0.25000000 1 1.00000000 0.00000000 0.00000000 0.00000000
Neuron 239 3 0.75000000 1 1.00000000 0.00000000 0.00000000 0.00000000
Neuron 251 3 0.87500000 1 1.00000000 0.00000000 0.00000000 0.00000000
Neuron 282 3 0.37500000 1 1.00000000 0.00000000 0.00000000 0.00000000
Neuron 310 3 0.75000000 1 1.00000000 0.00000000 0.00000000 0.00000000
Neuron 377 3 0.50000000 1 1.00000000 0.00000000 0.00000000 0.00000000
Neuron 426 3 0.62500000 1 1.00000000 0.00000000 0.00000000 0.00000000
Neuron 430 3 0.25000000 1 1.00000000 0.00000000 0.00000000 0.00000000
Neuron 440 3 0.62500000 1 1.00000000 0.00000000 0.00000000 0.00000000
Neuron 454 3 0.50000000 1 1.00000000 0.00000000 0.00000000 0.00000000
Neuron 494 3 1.00000000 1 1.00000000 0.00000000 0.00000000 0.00000000
Neuron 611 3 0.50000000 1 1.00000000 0.00000000 0.00000000 0.00000000
Neuron 630 3 0.50000000 1 1.00000000 0.00000000 0.00000000 0.00000000
Neuron 649 3 0.50000000 1 1.00000000 0.00000000 0.00000000 0.00000000
Neuron 763 3 0.50000000 1 1.00000000 0.00000000 0.00000000 0.00000000
Neuron 777 3 0.62500000 1 1.00000000 0.00000000 0.00000000 0.00000000
Link 1 10 1 0 -1.32322204
Link 6 10 6 0 2.71090731
Link 1 11 10 0 -0.96086318
Link 3 11 12 0 -1.13858179
Link 4 11 13 0 0.23070867
Link 5 11 14 0 -1.12053426
Link 7 11 16 0 0.51719437
Link 8 11 17 0 1.97238637
Link 9 11 18 0 -1.14821643
Link 1 12 19 0 -2.03656225
Link 2 12 20 0 -0.14120874
Link 4 12 22 0 3.97997019
Link 5 12 23 0 1.32451523
Link 6 12 24 0 0.21451884
Link 7 12 25 0 -2.01194519
Link 8 12 26 0 1.64586711
Link 9 12 27 0 -1.95203749
Link 1 13 28 0 -2.62323877
Link 3 13 30 0 -2.10233313
Link 6 13 33 0 0.11924467
Link 3 14 39 0 1.73202862
Link 4 14 40 0 0.02571910
Link 8 14 44 0 -2.11818203
Link 9 14 45 0 0.70141958
Link 2 15 47 0 2.13301779
Link 7 15 52 0 0.91326615
Link 8 15 53 0 0.44566153
Link 9 15 54 0 0.82830831
Link 1 16 55 0 1.27474404
Link 2 16 56 0 2.15031418
Link 3 16 57 0 0.49837174
Link 4 16 58 0 3.54722718
Link 5 16 59 0 2.20519900
Link 7 16 61 0 1.37146759
Link 8 16 62 0 -2.00342471
Link 9 16 63 0 -1.40586770
Link 4 17 65 0 4.57907126
Link 2 19 71 0 2.00177269
Link 19 10 72 0 -1.08157863
Link 6 22 80 0 -0.61366677
Link 22 16 81 0 0.02776026
Link 23 11 84 0 5.41311446
Link 30 14 106 0 1.16231381
Link 8 32 111 0 0.10040867
Link 32 13 112 0 0.06266381
Link 34 12 119 0 2.17089031
Link 6 39 135 0 1.60502293
Link 39 15 136 0 -1.55605459
Link 4 40 138 0 -0.58760850
Link 41 14 142 0 0.41846408
Link 43 15 148 0 0.88611922
Link 5 50 171 0 -0.67995257
Link 2 55 193 0 -3.05023743
Link 55 11 194 0 -3.84597320
Link 5 57 202 0 1.90953422
Link 6 58 208 0 -0.35148182
Link 58 14 209 0 -0.30929697
Link 7 61 219 0 -2.90289535
Link 61 13 220 0 -0.60168897
Link 1 62 225 0 0.78683246
Link 62 15 226 0 2.01008194
Link 7 64 237 0 3.91666203
Link 7 55 249 0 -2.16046971
Link 5 55 250 0 -0.08031104
Link 1 70 307 0 4.01404481
Link 70 41 308 0 0.16004332
Link 2 81 399 0 1.34993906
Link 81 13 400 0 6.24657098
Link 16 85 430 1 1.19670706
Link 98 23 521 0 -0.79545665
Link 13 55 582 1 -0.42860174
Link 113 15 641 0 3.52208630
Link 50 129 790 0 -0.39112476
Link 129 14 791 0 -3.64162093
Link 3 132 801 0 -3.15168276
Link 132 43 802 0 -1.23227199
Link 19 57 882 0 -2.67554268
Link 7 147 884 0 0.45566939
Link 147 68 885 0 1.96457737
Link 57 156 931 0 1.06019195
Link 156 15 932 0 -2.10253318
Link 32 14 970 0 3.35689707
Link 2 165 1005 0 1.32563236
Link 165 30 1006 0 -2.89767595
Link 85 177 1131 1 -0.53611723
Link 177 68 1132 1 -1.88128623
Link 2 180 1145 0 0.81563660
Link 180 11 1146 0 1.46991266
Link 40 187 1190 0 -4.14405372
Link 3 226 1447 0 -3.62913030
Link 226 34 1448 0 0.39300749
Link 4 234 1505 0 2.60165689
Link 68 239 1535 0 0.63588617
Link 239 10 1536 0 0.66857240
Link 187 251 1600 0 -0.14709189
Link 251 13 1601 0 2.89588224
Link 19 55 1661 0 -3.18852512
Link 234 282 1813 0 0.33023233
Link 282 55 1814 0 -2.99984063
Link 310 14 1971 0 -1.83891534
Link 1 98 2201 0 -3.29372412
Link 377 81 2466 0 -3.20623587
Link 40 19 2520 0 -3.83115206
Link 4 282 2538 0 0.66326916
Link 129 129 2564 1 0.04318757
Link 17 40 2643 0 2.62740442
Link 34 15 2755 0 3.76289294
Link 17 426 2801 0 -2.12508498
Link 426 113 2802 0 -3.56115262
Link 129 17 2822 1 0.29465470
Link 8 430 2838 0 -0.91771597
Link 430 40 2839 0 0.00877486
Link 64 440 2909 0 0.49161513
Link 440 310 2910 0 -2.19905622
Link 9 177 2948 0 -3.76398107
Link 32 454 3037 0 -2.06532529
Link 34 310 3086 0 1.70819467
Link 129 32 3288 1 -4.98672495
Link 15 494 3341 1 2.02941196
Link 494 15 3342 1 1.09455923
Link 85 14 3454 0 -1.03804648
Link 2 494 3588 0 0.60226633
Link 30 30 3785 1 -2.07030014
Link 165 426 3842 0 -1.29729678
Link 177 70 3881 1 -0.43756057
Link 494 282 3904 1 -0.82024970
Link 16 251 3932 1 2.55785657
Link 251 454 4233 1 3.79831847
Link 85 64 4254 1 2.83814111
Link 611 19 4316 0 0.10228211
Link 226 30 4385 0 -1.01596471
Link 5 630 4532 0 -1.68001116
Link 630 494 4533 0 1.20049990
Link 32 251 4549 0 -0.35699787
Link 17 282 4662 1 -3.41154788
Link 34 649 4726 0 1.43494018
Link 649 377 4727 0 1.58009732
Link 282 239 4932 0 -3.94477472
Link 98 430 5366 0 5.18445062
Link 239 239 5387 1 -0.80594555
Link 180 132 5595 1 0.49047727
Link 430 494 5638 0 -0.05816382
Link 454 763 5696 0 1.35337929
Link 763 611 5697 0 1.04794231
Link 129 777 5822 1 1.39722278
Link 777 377 5823 1 3.69868864
Link 165 40 5918 0 -1.38685587
GenomeEnd

