GenomeStart 119046
Neuron 1 1 0.00000000 1 0.00000000 0.00000000 0.00000000 0.00000000
Neuron 2 1 0.00000000 1 0.00000000 0.00000000 0.00000000 0.00000000
Neuron 3 1 0.00000000 1 0.00000000 0.00000000 0.00000000 0.00000000
Neuron 4 1 0.00000000 1 0.00000000 0.00000000 0.00000000 0.00000000
Neuron 5 1 0.00000000 1 0.00000000 0.00000000 0.00000000 0.00000000
Neuron 6 1 0.00000000 1 0.00000000 0.00000000 0.00000000 0.00000000
Neuron 7 1 0.00000000 1 0.00000000 0.00000000 0.00000000 0.00000000
Neuron 8 1 0.00000000 1 0.00000000 0.00000000 0.00000000 0.00000000
Neuron 9 2 0.00000000 1 0.00000000 0.00000000 0.00000000 0.00000000
Neuron 10 4 1.00000000 0 1.00000000 0.00000000 0.00000000 0.00000000
Neuron 11 4 1.00000000 0 1.00000000 0.00000000 0.00000000 0.00000000
Neuron 12 4 1.00000000 0 1.00000000 0.00000000 0.00000000 0.00000000
Neuron 13 4 1.00000000 0 1.00000000 0.00000000 0.00000000 0.00000000
Neuron 14 4 1.00000000 0 1.00000000 0.00000000 0.00000000 0.00000000
Neuron 15 4 1.00000000 0 1.00000000 0.00000000 0.00000000 0.00000000
Neuron 16 4 1.00000000 0 1.00000000 0.00000000 0.00000000 0.00000000
Neuron 17 3 0.50000000 1 1.00000000 0.00000000 0.00000000 0.00000000
Neuron 18 3 0.50000000 1 1.00000000 0.00000000 0.00000000 0.00000000
Neuron 19 3 0.50000000 1 1.00000000 0.00000000 0.00000000 0.00000000
Neuron 22 3 0.50000000 1 1.00000000 0.00000000 0.00000000 0.00000000
Neuron 23 3 0.50000000 1 1.00000000 0.00000000 0.00000000 0.00000000
Neuron 26 3 0.50000000 1 1.00000000 0.00000000 0.00000000 0.00000000
Neuron 28 3 0.50000000 1 1.00000000 0.00000000 0.00000000 0.00000000
Neuron 29 3 0.50000000 1 1.00000000 0.00000000 0.00000000 0.00000000
Neuron 30 3 0.50000000 1 1.00000000 0.00000000 0.00000000 0.00000000
Neuron 31 3 0.50000000 1 1.00000000 0.00000000 0.00000000 0.00000000
Neuron 32 3 0.50000000 1 1.00000000 0.00000000 0.00000000 0.00000000
Neuron 33 3 0.50000000 1 1.00000000 0.00000000 0.00000000 0.00000000
Neuron 34 3 0.50000000 1 1.00000000 0.00000000 0.00000000 0.00000000
Neuron 35 3 0.50000000 1 1.00000000 0.00000000 0.00000000 0.00000000
Neuron 36 3 0.50000000 1 1.00000000 0.00000000 0.00000000 0.00000000
Neuron 38 3 0.50000000 1 1.00000000 0.00000000 0.00000000 0.00000000
Neuron 39 3 0.50000000 1 1.00000000 0.00000000 0.00000000 0.00000000
Neuron 40 3 0.50000000 1 1.00000000 0.00000000 0.00000000 0.00000000
Neuron 41 3 0.50000000 1 1.00000000 0.00000000 0.00000000 0.00000000
Neuron 42 3 0.50000000 1 1.00000000 0.00000000 0.00000000 0.00000000
Neuron 43 3 0.50000000 1 1.00000000 0.00000000 0.00000000 0.00000000
Neuron 44 3 0.50000000 1 1.00000000 0.00000000 0.00000000 0.00000000
Neuron 45 3 0.50000000 1 1.00000000 0.00000000 0.00000000 0.00000000
Neuron 46 3 0.50000000 1 1.00000000 0.00000000 0.00000000 0.00000000
Neuron 48 3 0.50000000 1 1.00000000 0.00000000 0.00000000 0.00000000
Neuron 50 3 0.50000000 1 1.00000000 0.00000000 0.00000000 0.00000000
Neuron 52 3 0.50000000 1 1.00000000 0.00000000 0.00000000 0.00000000
Neuron 53 3 0.50000000 1 1.00000000 0.00000000 0.00000000 0.00000000
Neuron 54 3 0.50000000 1 1.00000000 0.00000000 0.00000000 0.00000000
Neuron 55 3 0.50000000 1 1.00000000 0.00000000 0.00000000 0.00000000
Neuron 56 3 0.50000000 1 1.00000000 0.00000000 0.00000000 0.00000000
Neuron 57 3 0.50000000 1 1.00000000 0.00000000 0.00000000 0.00000000
Neuron 58 3 0.50000000 1 1.00000000 0.00000000 0.00000000 0.00000000
Neuron 59 3 0.50000000 1 1.00000000 0.00000000 0.00000000 0.00000000
Neuron 60 3 0.50000000 1 1.00000000 0.00000000 0.00000000 0.00000000
Neuron 61 3 0.50000000 1 1.00000000 0.00000000 0.00000000 0.00000000
Neuron 63 3 0.50000000 1 1.00000000 0.00000000 0.00000000 0.00000000
Neuron 64 3 0.50000000 1 1.00000000 0.00000000 0.00000000 0.00000000
Neuron 65 3 0.75000000 1 1.00000000 0.00000000 0.00000000 0.00000000
Neuron 68 3 0.50000000 1 1.00000000 0.00000000 0.00000000 0.00000000
Neuron 69 3 0.75000000 1 1.00000000 0.00000000 0.00000000 0.00000000
Neuron 70 3 0.25000000 1 1.00000000 0.00000000 0.00000000 0.00000000
Neuron 71 3 0.50000000 1 1.00000000 0.00000000 0.00000000 0.00000000
Neuron 72 3 0.75000000 1 1.00000000 0.00000000 0.00000000 0.00000000
Neuron 75 3 0.50000000 1 1.00000000 0.00000000 0.00000000 0.00000000
Neuron 76 3 0.50000000 1 1.00000000 0.00000000 0.00000000 0.00000000
Neuron 77 3 0.75000000 1 1.00000000 0.00000000 0.00000000 0.00000000
Neuron 80 3 0.75000000 1 1.00000000 0.00000000 0.00000000 0.00000000
Neuron 81 3 0.50000000 1 1.00000000 0.00000000 0.00000000 0.00000000
Neuron 85 3 0.75000000 1 1.00000000 0.00000000 0.00000000 0.00000000
Neuron 87 3 0.75000000 1 1.00000000 0.00000000 0.00000000 0.00000000
Neuron 88 3 0.75000000 1 1.00000000 0.00000000 0.00000000 0.00000000
Neuron 90 3 0.25000000 1 1.00000000 0.00000000 0.00000000 0.00000000
Neuron 91 3 0.25000000 1 1.00000000 0.00000000 0.00000000 0.00000000
Neuron 95 3 0.75000000 1 1.00000000 0.00000000 0.00000000 0.00000000
Neuron 98 3 0.25000000 1 1.00000000 0.00000000 0.00000000 0.00000000
Neuron 99 3 0.25000000 1 1.00000000 0.00000000 0.00000000 0.00000000
Neuron 100 3 0.50000000 1 1.00000000 0.00000000 0.00000000 0.00000000
Neuron 101 3 0.25000000 1 1.00000000 0.00000000 0.00000000 0.00000000
Neuron 104 3 0.25000000 1 1.00000000 0.00000000 0.00000000 0.00000000
Neuron 108 3 0.75000000 1 1.00000000 0.00000000 0.00000000 0.00000000
Neuron 113 3 0.75000000 1 1.00000000 0.00000000 0.00000000 0.00000000
Neuron 118 3 0.25000000 1 1.00000000 0.00000000 0.00000000 0.00000000
Neuron 119 3 0.50000000 1 1.00000000 0.00000000 0.00000000 0.00000000
Neuron 121 3 0.25000000 1 1.00000000 0.00000000 0.00000000 0.00000000
Neuron 123 3 0.25000000 1 1.00000000 0.00000000 0.00000000 0.00000000
Neuron 124 3 0.25000000 1 1.00000000 0.00000000 0.00000000 0.00000000
Neuron 127 3 0.25000000 1 1.00000000 0.00000000 0.00000000 0.00000000
Neuron 129 3 0.75000000 1 1.00000000 0.00000000 0.00000000 0.00000000
Neuron 130 3 0.75000000 1 1.00000000 0.00000000 0.00000000 0.00000000
Neuron 131 3 0.62500000 1 1.00000000 0.00000000 0.00000000 0.00000000
Neuron 132 3 0.25000000 1 1.00000000 0.00000000 0.00000000 0.00000000
Neuron 134 3 0.75000000 1 1.00000000 0.00000000 0.00000000 0.00000000
Neuron 138 3 0.75000000 1 1.00000000 0.00000000 0.00000000 0.00000000
Neuron 139 3 0.25000000 1 1.00000000 0.00000000 0.00000000 0.00000000
Neuron 142 3 0.75000000 1 1.00000000 0.00000000 0.00000000 0.00000000
Neuron 145 3 0.25000000 1 1.00000000 0.00000000 0.00000000 0.00000000
Neuron 147 3 0.25000000 1 1.00000000 0.00000000 0.00000000 0.00000000
Neuron 153 3 0.62500000 1 1.00000000 0.00000000 0.00000000 0.00000000
Neuron 156 3 0.75000000 1 1.00000000 0.00000000 0.00000000 0.00000000
Neuron 158 3 0.25000000 1 1.00000000 0.00000000 0.00000000 0.00000000
Neuron 161 3 0.37500000 1 1.00000000 0.00000000 0.00000000 0.00000000
Neuron 165 3 0.25000000 1 1.00000000 0.00000000 0.00000000 0.00000000
Neuron 168 3 0.75000000 1 1.00000000 0.00000000 0.00000000 0.00000000
Neuron 175 3 0.25000000 1 1.00000000 0.00000000 0.00000000 0.00000000
Neuron 177 3 0.62500000 1 1.00000000 0.00000000 0.00000000 0.00000000
Neuron 178 3 0.75000000 1 1.00000000 0.00000000 0.00000000 0.00000000
Neuron 180 3 0.50000000 1 1.00000000 0.00000000 0.00000000 0.00000000
Neuron 183 3 0.75000000 1 1.00000000 0.00000000 0.00000000 0.00000000
Neuron 187 3 0.75000000 1 1.00000000 0.00000000 0.00000000 0.00000000
Neuron 193 3 0.75000000 1 1.00000000 0.00000000 0.00000000 0.00000000
Neuron 207 3 0.75000000 1 1.00000000 0.00000000 0.00000000 0.00000000
Neuron 211 3 0.25000000 1 1.00000000 0.00000000 0.00000000 0.00000000
Neuron 212 3 0.25000000 1 1.00000000 0.00000000 0.00000000 0.00000000
Neuron 214 3 0.25000000 1 1.00000000 0.00000000 0.00000000 0.00000000
Neuron 221 3 0.37500000 1 1.00000000 0.00000000 0.00000000 0.00000000
Neuron 226 3 0.25000000 1 1.00000000 0.00000000 0.00000000 0.00000000
Neuron 229 3 0.37500000 1 1.00000000 0.00000000 0.00000000 0.00000000
Neuron 231 3 0.25000000 1 1.00000000 0.00000000 0.00000000 0.00000000
Neuron 232 3 0.75000000 1 1.00000000 0.00000000 0.00000000 0.00000000
Neuron 234 3 0.25000000 1 1.00000000 0.00000000 0.00000000 0.00000000
Neuron 235 3 0.25000000 1 1.00000000 0.00000000 0.00000000 0.00000000
Neuron 239 3 0.75000000 1 1.00000000 0.00000000 0.00000000 0.00000000
Neuron 245 3 0.25000000 1 1.00000000 0.00000000 0.00000000 0.00000000
Neuron 249 3 0.12500000 1 1.00000000 0.00000000 0.00000000 0.00000000
Neuron 251 3 0.87500000 1 1.00000000 0.00000000 0.00000000 0.00000000
Neuron 252 3 0.75000000 1 1.00000000 0.00000000 0.00000000 0.00000000
Neuron 278 3 0.75000000 1 1.00000000 0.00000000 0.00000000 0.00000000
Neuron 282 3 0.37500000 1 1.00000000 0.00000000 0.00000000 0.00000000
Neuron 288 3 0.87500000 1 1.00000000 0.00000000 0.00000000 0.00000000
Neuron 291 3 0.25000000 1 1.00000000 0.00000000 0.00000000 0.00000000
Neuron 297 3 0.50000000 1 1.00000000 0.00000000 0.00000000 0.00000000
Neuron 301 3 0.50000000 1 1.00000000 0.00000000 0.00000000 0.00000000
Neuron 310 3 0.75000000 1 1.00000000 0.00000000 0.00000000 0.00000000
Neuron 312 3 0.50000000 1 1.00000000 0.00000000 0.00000000 0.00000000
Neuron 316 3 0.75000000 1 1.00000000 0.00000000 0.00000000 0.00000000
Neuron 320 3 0.56250000 1 1.00000000 0.00000000 0.00000000 0.00000000
Neuron 338 3 0.25000000 1 1.00000000 0.00000000 0.00000000 0.00000000
Neuron 340 3 0.75000000 1 1.00000000 0.00000000 0.00000000 0.00000000
Neuron 342 3 0.62500000 1 1.00000000 0.00000000 0.00000000 0.00000000
Neuron 351 3 0.37500000 1 1.00000000 0.00000000 0.00000000 0.00000000
Neuron 365 3 0.50000000 1 1.00000000 0.00000000 0.00000000 0.00000000
Neuron 372 3 0.87500000 1 1.00000000 0.00000000 0.00000000 0.00000000
Neuron 376 3 0.68750000 1 1.00000000 0.00000000 0.00000000 0.00000000
Neuron 377 3 0.50000000 1 1.00000000 0.00000000 0.00000000 0.00000000
Neuron 378 3 0.62500000 1 1.00000000 0.00000000 0.00000000 0.00000000
Neuron 392 3 0.43750000 1 1.00000000 0.00000000 0.00000000 0.00000000
Neuron 393 3 0.37500000 1 1.00000000 0.00000000 0.00000000 0.00000000
Neuron 410 3 0.12500000 1 1.00000000 0.00000000 0.00000000 0.00000000
Neuron 413 3 0.75000000 1 1.00000000 0.00000000 0.00000000 0.00000000
Neuron 419 3 0.50000000 1 1.00000000 0.00000000 0.00000000 0.00000000
Neuron 421 3 0.50000000 1 1.00000000 0.00000000 0.00000000 0.00000000
Neuron 422 3 0.87500000 1 1.00000000 0.00000000 0.00000000 0.00000000
Neuron 426 3 0.62500000 1 1.00000000 0.00000000 0.00000000 0.00000000
Neuron 429 3 0.37500000 1 1.00000000 0.00000000 0.00000000 0.00000000
Neuron 430 3 0.25000000 1 1.00000000 0.00000000 0.00000000 0.00000000
Neuron 433 3 0.75000000 1 1.00000000 0.00000000 0.00000000 0.00000000
Neuron 435 3 0.31250000 1 1.00000000 0.00000000 0.00000000 0.00000000
Neuron 436 3 0.87500000 1 1.00000000 0.00000000 0.00000000 0.00000000
Neuron 440 3 0.62500000 1 1.00000000 0.00000000 0.00000000 0.00000000
Neuron 442 3 0.50000000 1 1.00000000 0.00000000 0.00000000 0.00000000
Neuron 444 3 0.12500000 1 1.00000000 0.00000000 0.00000000 0.00000000
Neuron 447 3 0.18750000 1 1.00000000 0.00000000 0.00000000 0.00000000
Neuron 454 3 0.50000000 1 1.00000000 0.00000000 0.00000000 0.00000000
Neuron 458 3 0.34375000 1 1.00000000 0.00000000 0.00000000 0.00000000
Neuron 462 3 1.00000000 1 1.00000000 0.00000000 0.00000000 0.00000000
Neuron 466 3 0.12500000 1 1.00000000 0.00000000 0.00000000 0.00000000
Neuron 474 3 0.87500000 1 1.00000000 0.00000000 0.00000000 0.00000000
Neuron 476 3 0.12500000 1 1.00000000 0.00000000 0.00000000 0.00000000
Neuron 477 3 0.75000000 1 1.00000000 0.00000000 0.00000000 0.00000000
Neuron 478 3 0.56250000 1 1.00000000 0.00000000 0.00000000 0.00000000
Neuron 479 3 0.43750000 1 1.00000000 0.00000000 0.00000000 0.00000000
Neuron 482 3 0.37500000 1 1.00000000 0.00000000 0.00000000 0.00000000
Neuron 491 3 0.50000000 1 1.00000000 0.00000000 0.00000000 0.00000000
Neuron 494 3 1.00000000 1 1.00000000 0.00000000 0.00000000 0.00000000
Neuron 510 3 0.50000000 1 1.00000000 0.00000000 0.00000000 0.00000000
Neuron 514 3 0.25000000 1 1.00000000 0.00000000 0.00000000 0.00000000
Neuron 519 3 1.00000000 1 1.00000000 0.00000000 0.00000000 0.00000000
Neuron 524 3 0.62500000 1 1.00000000 0.00000000 0.00000000 0.00000000
Neuron 525 3 0.62500000 1 1.00000000 0.00000000 0.00000000 0.00000000
Neuron 530 3 0.12500000 1 1.00000000 0.00000000 0.00000000 0.00000000
Neuron 535 3 0.50000000 1 1.00000000 0.00000000 0.00000000 0.00000000
Neuron 539 3 0.75000000 1 1.00000000 0.00000000 0.00000000 0.00000000
Neuron 540 3 0.62500000 1 1.00000000 0.00000000 0.00000000 0.00000000
Neuron 544 3 0.87500000 1 1.00000000 0.00000000 0.00000000 0.00000000
Neuron 545 3 0.31250000 1 1.00000000 0.00000000 0.00000000 0.00000000
Neuron 548 3 0.37500000 1 1.00000000 0.00000000 0.00000000 0.00000000
Neuron 549 3 0.62500000 1 1.00000000 0.00000000 0.00000000 0.00000000
Neuron 550 3 0.12500000 1 1.00000000 0.00000000 0.00000000 0.00000000
Neuron 555 3 0.37500000 1 1.00000000 0.00000000 0.00000000 0.00000000
Neuron 558 3 0.50000000 1 1.00000000 0.00000000 0.00000000 0.00000000
Neuron 564 3 0.28125000 1 1.00000000 0.00000000 0.00000000 0.00000000
Neuron 569 3 0.25000000 1 1.00000000 0.00000000 0.00000000 0.00000000
Neuron 575 3 0.18750000 1 1.00000000 0.00000000 0.00000000 0.00000000
Neuron 578 3 0.25000000 1 1.00000000 0.00000000 0.00000000 0.00000000
Neuron 584 3 0.81250000 1 1.00000000 0.00000000 0.00000000 0.00000000
Neuron 589 3 0.93750000 1 1.00000000 0.00000000 0.00000000 0.00000000
Neuron 593 3 0.81250000 1 1.00000000 0.00000000 0.00000000 0.00000000
Neuron 598 3 0.25000000 1 1.00000000 0.00000000 0.00000000 0.00000000
Neuron 602 3 0.75000000 1 1.00000000 0.00000000 0.00000000 0.00000000
Neuron 605 3 0.21875000 1 1.00000000 0.00000000 0.00000000 0.00000000
Neuron 609 3 0.43750000 1 1.00000000 0.00000000 0.00000000 0.00000000
Neuron 611 3 0.50000000 1 1.00000000 0.00000000 0.00000000 0.00000000
Neuron 614 3 0.37500000 1 1.00000000 0.00000000 0.00000000 0.00000000
Neuron 619 3 0.93750000 1 1.00000000 0.00000000 0.00000000 0.00000000
Neuron 620 3 0.12500000 1 1.00000000 0.00000000 0.00000000 0.00000000
Neuron 624 3 0.15625000 1 1.00000000 0.00000000 0.00000000 0.00000000
Neuron 625 3 0.62500000 1 1.00000000 0.00000000 0.00000000 0.00000000
Neuron 630 3 0.50000000 1 1.00000000 0.00000000 0.00000000 0.00000000
Neuron 631 3 0.62500000 1 1.00000000 0.00000000 0.00000000 0.00000000
Neuron 632 3 0.90625000 1 1.00000000 0.00000000 0.00000000 0.00000000
Neuron 637 3 0.50000000 1 1.00000000 0.00000000 0.00000000 0.00000000
Neuron 638 3 0.43750000 1 1.00000000 0.00000000 0.00000000 0.00000000
Neuron 643 3 0.43750000 1 1.00000000 0.00000000 0.00000000 0.00000000
Neuron 645 3 0.12500000 1 1.00000000 0.00000000 0.00000000 0.00000000
Neuron 646 3 0.62500000 1 1.00000000 0.00000000 0.00000000 0.00000000
Neuron 649 3 0.50000000 1 1.00000000 0.00000000 0.00000000 0.00000000
Neuron 651 3 0.68750000 1 1.00000000 0.00000000 0.00000000 0.00000000
Neuron 657 3 0.43750000 1 1.00000000 0.00000000 0.00000000 0.00000000
Neuron 659 3 0.17187500 1 1.00000000 0.00000000 0.00000000 0.00000000
Neuron 661 3 0.18750000 1 1.00000000 0.00000000 0.00000000 0.00000000
Neuron 671 3 0.81250000 1 1.00000000 0.00000000 0.00000000 0.00000000
Neuron 672 3 0.62500000 1 1.00000000 0.00000000 0.00000000 0.00000000
Neuron 680 3 0.50000000 1 1.00000000 0.00000000 0.00000000 0.00000000
Neuron 681 3 0.68750000 1 1.00000000 0.00000000 0.00000000 0.00000000
Neuron 682 3 0.25000000 1 1.00000000 0.00000000 0.00000000 0.00000000
Neuron 683 3 0.25000000 1 1.00000000 0.00000000 0.00000000 0.00000000
Neuron 687 3 0.50000000 1 1.00000000 0.00000000 0.00000000 0.00000000
Neuron 688 3 0.62500000 1 1.00000000 0.00000000 0.00000000 0.00000000
Neuron 689 3 0.87500000 1 1.00000000 0.00000000 0.00000000 0.00000000
Neuron 694 3 0.87500000 1 1.00000000 0.00000000 0.00000000 0.00000000
Neuron 697 3 0.21875000 1 1.00000000 0.00000000 0.00000000 0.00000000
Neuron 698 3 0.25000000 1 1.00000000 0.00000000 0.00000000 0.00000000
Neuron 706 3 0.96875000 1 1.00000000 0.00000000 0.00000000 0.00000000
Neuron 708 3 0.06250000 1 1.00000000 0.00000000 0.00000000 0.00000000
Neuron 712 3 0.68750000 1 1.00000000 0.00000000 0.00000000 0.00000000
Neuron 715 3 0.75000000 1 1.00000000 0.00000000 0.00000000 0.00000000
Neuron 721 3 0.50000000 1 1.00000000 0.00000000 0.00000000 0.00000000
Neuron 722 3 0.87500000 1 1.00000000 0.00000000 0.00000000 0.00000000
Neuron 723 3 0.68750000 1 1.00000000 0.00000000 0.00000000 0.00000000
Neuron 724 3 0.12500000 1 1.00000000 0.00000000 0.00000000 0.00000000
Neuron 732 3 0.50000000 1 1.00000000 0.00000000 0.00000000 0.00000000
Neuron 733 3 0.31250000 1 1.00000000 0.00000000 0.00000000 0.00000000
Neuron 736 3 0.68750000 1 1.00000000 0.00000000 0.00000000 0.00000000
Neuron 739 3 0.56250000 1 1.00000000 0.00000000 0.00000000 0.00000000
Neuron 745 3 0.75000000 1 1.00000000 0.00000000 0.00000000 0.00000000
Neuron 752 3 0.50000000 1 1.00000000 0.00000000 0.00000000 0.00000000
Neuron 754 3 0.50000000 1 1.00000000 0.00000000 0.00000000 0.00000000
Neuron 760 3 0.25000000 1 1.00000000 0.00000000 0.00000000 0.00000000
Neuron 783 3 0.12500000 1 1.00000000 0.00000000 0.00000000 0.00000000
Neuron 788 3 0.18750000 1 1.00000000 0.00000000 0.00000000 0.00000000
Neuron 796 3 0.50000000 1 1.00000000 0.00000000 0.00000000 0.00000000
Neuron 798 3 0.95312500 1 1.00000000 0.00000000 0.00000000 0.00000000
Neuron 804 3 0.78125000 1 1.00000000 0.00000000 0.00000000 0.00000000
Neuron 806 3 0.98437500 1 1.00000000 0.00000000 0.00000000 0.00000000
Neuron 817 3 0.50000000 1 1.00000000 0.00000000 0.00000000 0.00000000
Neuron 820 3 0.43750000 1 1.00000000 0.00000000 0.00000000 0.00000000
Neuron 826 3 0.26562500 1 1.00000000 0.00000000 0.00000000 0.00000000
Neuron 837 3 0.81250000 1 1.00000000 0.00000000 0.00000000 0.00000000
Neuron 844 3 0.59375000 1 1.00000000 0.00000000 0.00000000 0.00000000
Neuron 853 3 0.50000000 1 1.00000000 0.00000000 0.00000000 0.00000000
Neuron 871 3 0.50000000 1 1.00000000 0.00000000 0.00000000 0.00000000
Neuron 874 3 0.12500000 1 1.00000000 0.00000000 0.00000000 0.00000000
Neuron 875 3 0.37500000 1 1.00000000 0.00000000 0.00000000 0.00000000
Neuron 881 3 0.03125000 1 1.00000000 0.00000000 0.00000000 0.00000000
Neuron 882 3 0.62500000 1 1.00000000 0.00000000 0.00000000 0.00000000
Neuron 888 3 0.21875000 1 1.00000000 0.00000000 0.00000000 0.00000000
Neuron 889 3 0.78125000 1 1.00000000 0.00000000 0.00000000 0.00000000
Neuron 896 3 0.12500000 1 1.00000000 0.00000000 0.00000000 0.00000000
Neuron 898 3 0.68750000 1 1.00000000 0.00000000 0.00000000 0.00000000
Neuron 903 3 0.62500000 1 1.00000000 0.00000000 0.00000000 0.00000000
Neuron 917 3 0.62500000 1 1.00000000 0.00000000 0.00000000 0.00000000
Neuron 920 3 0.43750000 1 1.00000000 0.00000000 0.00000000 0.00000000
Neuron 932 3 0.37500000 1 1.00000000 0.00000000 0.00000000 0.00000000
Neuron 939 3 0.50000000 1 1.00000000 0.00000000 0.00000000 0.00000000
Neuron 948 3 0.68750000 1 1.00000000 0.00000000 0.00000000 0.00000000
Neuron 951 3 0.81250000 1 1.00000000 0.00000000 0.00000000 0.00000000
Neuron 952 3 0.79687500 1 1.00000000 0.00000000 0.00000000 0.00000000
Neuron 957 3 0.35937500 1 1.00000000 0.00000000 0.00000000 0.00000000
Neuron 963 3 0.62500000 1 1.00000000 0.00000000 0.00000000 0.00000000
Neuron 969 3 0.37500000 1 1.00000000 0.00000000 0.00000000 0.00000000
Neuron 972 3 0.37500000 1 1.00000000 0.00000000 0.00000000 0.00000000
Neuron 973 3 0.99218750 1 1.00000000 0.00000000 0.00000000 0.00000000
Neuron 977 3 0.53125000 1 1.00000000 0.00000000 0.00000000 0.00000000
Neuron 981 3 0.75000000 1 1.00000000 0.00000000 0.00000000 0.00000000
Neuron 985 3 0.62500000 1 1.00000000 0.00000000 0.00000000 0.00000000
Neuron 990 3 1.00000000 1 1.00000000 0.00000000 0.00000000 0.00000000
Neuron 991 3 0.50000000 1 1.00000000 0.00000000 0.00000000 0.00000000
Neuron 993 3 0.56250000 1 1.00000000 0.00000000 0.00000000 0.00000000
Neuron 996 3 0.75000000 1 1.00000000 0.00000000 0.00000000 0.00000000
Neuron 999 3 0.56250000 1 1.00000000 0.00000000 0.00000000 0.00000000
Neuron 1002 3 0.50000000 1 1.00000000 0.00000000 0.00000000 0.00000000
Neuron 1009 3 0.71875000 1 1.00000000 0.00000000 0.00000000 0.00000000
Neuron 1021 3 0.06250000 1 1.00000000 0.00000000 0.00000000 0.00000000
Neuron 1027 3 0.87500000 1 1.00000000 0.00000000 0.00000000 0.00000000
Neuron 1036 3 0.53125000 1 1.00000000 0.00000000 0.00000000 0.00000000
Neuron 1043 3 0.62500000 1 1.00000000 0.00000000 0.00000000 0.00000000
Neuron 1055 3 0.25781250 1 1.00000000 0.00000000 0.00000000 0.00000000
Neuron 1058 3 0.50000000 1 1.00000000 0.00000000 0.00000000 0.00000000
Neuron 1061 3 0.68750000 1 1.00000000 0.00000000 0.00000000 0.00000000
Neuron 1062 3 0.37500000 1 1.00000000 0.00000000 0.00000000 0.00000000
Neuron 1077 3 0.20312500 1 1.00000000 0.00000000 0.00000000 0.00000000
Neuron 1093 3 0.56250000 1 1.00000000 0.00000000 0.00000000 0.00000000
Neuron 1109 3 0.78125000 1 1.00000000 0.00000000 0.00000000 0.00000000
Neuron 1110 3 0.43750000 1 1.00000000 0.00000000 0.00000000 0.00000000
Neuron 1138 3 0.37500000 1 1.00000000 0.00000000 0.00000000 0.00000000
Neuron 1139 3 0.50000000 1 1.00000000 0.00000000 0.00000000 0.00000000
Neuron 1140 3 0.28125000 1 1.00000000 0.00000000 0.00000000 0.00000000
Neuron 1141 3 0.03125000 1 1.00000000 0.00000000 0.00000000 0.00000000
Neuron 1150 3 0.68750000 1 1.00000000 0.00000000 0.00000000 0.00000000
Neuron 1154 3 0.31250000 1 1.00000000 0.00000000 0.00000000 0.00000000
Neuron 1155 3 0.50000000 1 1.00000000 0.00000000 0.00000000 0.00000000
Neuron 1170 3 0.14843750 1 1.00000000 0.00000000 0.00000000 0.00000000
Neuron 1180 3 0.81250000 1 1.00000000 0.00000000 0.00000000 0.00000000
Neuron 1188 3 0.59375000 1 1.00000000 0.00000000 0.00000000 0.00000000
Neuron 1194 3 0.62500000 1 1.00000000 0.00000000 0.00000000 0.00000000
Neuron 1197 3 0.34375000 1 1.00000000 0.00000000 0.00000000 0.00000000
Neuron 1198 3 0.25000000 1 1.00000000 0.00000000 0.00000000 0.00000000
Neuron 1205 3 0.68750000 1 1.00000000 0.00000000 0.00000000 0.00000000
Neuron 1211 3 0.71875000 1 1.00000000 0.00000000 0.00000000 0.00000000
Neuron 1216 3 0.59375000 1 1.00000000 0.00000000 0.00000000 0.00000000
Neuron 1220 3 0.59375000 1 1.00000000 0.00000000 0.00000000 0.00000000
Neuron 1228 3 0.75000000 1 1.00000000 0.00000000 0.00000000 0.00000000
Neuron 1236 3 0.37500000 1 1.00000000 0.00000000 0.00000000 0.00000000
Neuron 1237 3 0.78125000 1 1.00000000 0.00000000 0.00000000 0.00000000
Neuron 1243 3 0.68750000 1 1.00000000 0.00000000 0.00000000 0.00000000
Neuron 1247 3 0.50000000 1 1.00000000 0.00000000 0.00000000 0.00000000
Neuron 1252 3 0.43750000 1 1.00000000 0.00000000 0.00000000 0.00000000
Neuron 1261 3 0.73437500 1 1.00000000 0.00000000 0.00000000 0.00000000
Neuron 1266 3 0.50000000 1 1.00000000 0.00000000 0.00000000 0.00000000
Neuron 1269 3 0.71875000 1 1.00000000 0.00000000 0.00000000 0.00000000
Neuron 1278 3 0.18750000 1 1.00000000 0.00000000 0.00000000 0.00000000
Neuron 1281 3 0.87500000 1 1.00000000 0.00000000 0.00000000 0.00000000
Neuron 1290 3 0.50000000 1 1.00000000 0.00000000 0.00000000 0.00000000
Neuron 1300 3 0.51562500 1 1.00000000 0.00000000 0.00000000 0.00000000
Neuron 1322 3 0.68750000 1 1.00000000 0.00000000 0.00000000 0.00000000
Neuron 1366 3 0.50000000 1 1.00000000 0.00000000 0.00000000 0.00000000
Neuron 1372 3 0.62500000 1 1.00000000 0.00000000 0.00000000 0.00000000
Neuron 1379 3 0.50000000 1 1.00000000 0.00000000 0.00000000 0.00000000
Neuron 1417 3 0.50000000 1 1.00000000 0.00000000 0.00000000 0.00000000
Neuron 1434 3 0.50000000 1 1.00000000 0.00000000 0.00000000 0.00000000
Neuron 1449 3 0.25000000 1 1.00000000 0.00000000 0.00000000 0.00000000
Neuron 1486 3 0.50000000 1 1.00000000 0.00000000 0.00000000 0.00000000
Neuron 1491 3 0.71875000 1 1.00000000 0.00000000 0.00000000 0.00000000
Neuron 1497 3 0.56250000 1 1.00000000 0.00000000 0.00000000 0.00000000
Neuron 1502 3 0.82812500 1 1.00000000 0.00000000 0.00000000 0.00000000
Neuron 1519 3 0.50000000 1 1.00000000 0.00000000 0.00000000 0.00000000
Neuron 1525 3 0.37500000 1 1.00000000 0.00000000 0.00000000 0.00000000
Neuron 1528 3 0.50000000 1 1.00000000 0.00000000 0.00000000 0.00000000
Neuron 1539 3 0.62500000 1 1.00000000 0.00000000 0.00000000 0.00000000
Neuron 1552 3 0.62500000 1 1.00000000 0.00000000 0.00000000 0.00000000
Neuron 1559 3 0.37500000 1 1.00000000 0.00000000 0.00000000 0.00000000
Neuron 1562 3 0.50000000 1 1.00000000 0.00000000 0.00000000 0.00000000
Neuron 1576 3 0.75000000 1 1.00000000 0.00000000 0.00000000 0.00000000
Neuron 1592 3 0.12500000 1 1.00000000 0.00000000 0.00000000 0.00000000
Neuron 1613 3 0.68750000 1 1.00000000 0.00000000 0.00000000 0.00000000
Neuron 1615 3 0.25000000 1 1.00000000 0.00000000 0.00000000 0.00000000
Neuron 1620 3 0.56250000 1 1.00000000 0.00000000 0.00000000 0.00000000
Neuron 1651 3 0.56250000 1 1.00000000 0.00000000 0.00000000 0.00000000
Neuron 1702 3 0.25000000 1 1.00000000 0.00000000 0.00000000 0.00000000
Neuron 1705 3 0.46875000 1 1.00000000 0.00000000 0.00000000 0.00000000
Neuron 1717 3 0.43750000 1 1.00000000 0.00000000 0.00000000 0.00000000
Neuron 1726 3 0.34375000 1 1.00000000 0.00000000 0.00000000 0.00000000
Neuron 1727 3 0.68750000 1 1.00000000 0.00000000 0.00000000 0.00000000
Neuron 1743 3 0.31250000 1 1.00000000 0.00000000 0.00000000 0.00000000
Neuron 1784 3 0.34375000 1 1.00000000 0.00000000 0.00000000 0.00000000
Neuron 1790 3 0.59375000 1 1.00000000 0.00000000 0.00000000 0.00000000
Neuron 1797 3 0.96875000 1 1.00000000 0.00000000 0.00000000 0.00000000
Neuron 1798 3 0.62500000 1 1.00000000 0.00000000 0.00000000 0.00000000
Neuron 1799 3 1.00000000 1 1.00000000 0.00000000 0.00000000 0.00000000
Neuron 1826 3 0.80468750 1 1.00000000 0.00000000 0.00000000 0.00000000
Neuron 1837 3 0.35156250 1 1.00000000 0.00000000 0.00000000 0.00000000
Neuron 1906 3 0.43750000 1 1.00000000 0.00000000 0.00000000 0.00000000
Neuron 1924 3 0.84375000 1 1.00000000 0.00000000 0.00000000 0.00000000
Neuron 1962 3 0.43750000 1 1.00000000 0.00000000 0.00000000 0.00000000
Neuron 2051 3 0.43750000 1 1.00000000 0.00000000 0.00000000 0.00000000
Neuron 2085 3 0.50000000 1 1.00000000 0.00000000 0.00000000 0.00000000
Neuron 2104 3 0.25000000 1 1.00000000 0.00000000 0.00000000 0.00000000
Link 1 10 1 0 -3.55510328
Link 2 10 2 0 0.83979502
Link 3 10 3 0 1.23990743
Link 4 10 4 0 0.93535026
Link 6 10 6 0 -1.72548295
Link 8 10 8 0 3.13714460
Link 9 10 9 0 -1.85166591
Link 1 11 10 0 -4.14177114
Link 2 11 11 0 0.79820431
Link 3 11 12 0 -2.74780326
Link 4 11 13 0 0.05047088
Link 5 11 14 0 -0.47352303
Link 6 11 15 0 -2.75351770
Link 7 11 16 0 1.37766500
Link 8 11 17 0 -0.39682902
Link 9 11 18 0 -0.80349942
Link 1 12 19 0 0.76710532
Link 3 12 21 0 0.39658544
Link 4 12 22 0 -0.13003707
Link 5 12 23 0 -0.31303656
Link 6 12 24 0 -0.51542916
Link 7 12 25 0 -0.33705298
Link 8 12 26 0 1.37350420
Link 9 12 27 0 0.59891132
Link 1 13 28 0 -3.13438844
Link 3 13 30 0 1.67649551
Link 4 13 31 0 -2.10819648
Link 6 13 33 0 -1.29565274
Link 9 13 36 0 0.41313601
Link 3 14 39 0 -2.68826392
Link 4 14 40 0 1.73490336
Link 6 14 42 0 2.93035949
Link 8 14 44 0 3.00014754
Link 9 14 45 0 1.19488403
Link 1 15 46 0 -2.15756561
Link 2 15 47 0 0.07442602
Link 3 15 48 0 0.42179807
Link 4 15 49 0 0.48113971
Link 5 15 50 0 -1.51158657
Link 6 15 51 0 -0.52838388
Link 8 15 53 0 1.58728077
Link 9 15 54 0 -1.01103202
Link 1 16 55 0 -2.74812393
Link 2 16 56 0 -2.05843146
Link 3 16 57 0 -0.56023771
Link 4 16 58 0 0.43360642
Link 5 16 59 0 -0.68606559
Link 7 16 61 0 -0.56687369
Link 8 16 62 0 0.17041275
Link 9 16 63 0 -0.09045869
Link 4 17 65 0 -2.16654351
Link 6 18 68 0 -1.00762982
Link 18 12 69 0 0.98682023
Link 2 19 71 0 2.02556842
Link 19 10 72 0 -0.22437676
Link 6 22 80 0 1.41816233
Link 22 16 81 0 0.40210504
Link 23 11 84 0 1.39541381
Link 5 26 93 0 0.89398330
Link 6 28 99 0 2.52853654
Link 28 10 100 0 -1.97540394
Link 8 29 102 0 0.50321342
Link 2 30 105 0 -0.37240287
Link 30 14 106 0 -2.10782873
Link 31 13 109 0 2.17220602
Link 8 32 111 0 -0.14818567
Link 32 13 112 0 -0.15732123
Link 6 33 115 0 1.74660902
Link 33 13 116 0 0.64345879
Link 34 12 119 0 0.07404941
Link 5 35 121 0 0.20944472
Link 35 13 122 0 1.72084378
Link 13 13 124 1 -0.40743520
Link 4 36 126 0 -0.26309110
Link 36 14 127 0 -2.14954291
Link 2 38 132 0 -3.40800386
Link 38 12 133 0 -1.43918195
Link 6 39 135 0 1.13597473
Link 39 15 136 0 4.40989653
Link 41 14 142 0 -0.12724376
Link 8 42 144 0 -0.44007472
Link 42 11 145 0 -0.30488574
Link 43 15 148 0 -3.62287396
Link 45 16 154 0 -1.36939247
Link 5 46 156 0 0.30335594
Link 46 12 157 0 1.82399483
Link 2 48 162 0 1.14284297
Link 5 50 171 0 0.99496543
Link 1 52 181 0 -1.52510402
Link 52 13 182 0 1.77881574
Link 53 12 187 0 1.66893867
Link 3 54 189 0 1.38663403
Link 2 55 193 0 -2.68884941
Link 55 11 194 0 -0.98116698
Link 7 56 197 0 1.11990971
Link 56 16 198 0 -1.23718786
Link 5 57 202 0 0.12779456
Link 6 58 208 0 0.42458960
Link 58 14 209 0 -0.47791693
Link 4 59 211 0 3.19806219
Link 59 12 212 0 1.83030311
Link 4 60 214 0 -1.40159608
Link 60 10 215 0 -3.68242747
Link 7 61 219 0 -1.43304440
Link 61 13 220 0 0.57013291
Link 7 63 231 0 0.84742691
Link 63 15 232 0 -2.00649896
Link 7 64 237 0 -2.92413265
Link 2 23 241 0 -1.93126519
Link 23 65 244 0 1.12832621
Link 65 11 245 0 0.33348310
Link 7 55 249 0 -2.16782433
Link 5 55 250 0 1.44115729
Link 15 38 261 1 -1.25418537
Link 7 68 286 0 1.58466551
Link 68 10 287 0 -1.72861034
Link 38 69 290 0 -1.80783740
Link 1 70 307 0 -0.02217255
Link 70 41 308 0 -1.76148037
Link 41 72 327 0 1.54083188
Link 72 14 328 0 -2.18243586
Link 75 10 344 0 1.56111684
Link 15 77 354 1 0.46412225
Link 77 38 355 1 1.14099125
Link 38 56 379 0 0.79414019
Link 43 80 390 0 0.85817805
Link 80 15 391 0 1.02804801
Link 2 81 399 0 1.10524474
Link 81 13 400 0 -0.74988386
Link 16 85 430 1 1.85436626
Link 76 87 445 0 0.90794464
Link 87 14 446 0 -1.55095264
Link 29 88 448 0 -0.17632042
Link 88 15 449 0 0.33796777
Link 3 90 459 0 4.64433147
Link 4 91 463 0 -1.03423015
Link 91 17 464 0 -1.68923794
Link 95 14 500 0 0.78761303
Link 6 98 520 0 -1.07411262
Link 98 23 521 0 0.53852981
Link 5 99 541 0 2.11165081
Link 99 57 542 0 1.95403011
Link 8 100 551 0 -0.93357899
Link 100 12 552 0 3.06221038
Link 5 101 567 0 -1.56920164
Link 101 46 568 0 -3.49810564
Link 13 55 582 1 -1.63020626
Link 8 104 601 0 0.29142289
Link 113 15 641 0 -1.41041645
Link 118 64 683 0 0.82648210
Link 2 119 693 0 1.36828134
Link 119 12 694 0 0.07098452
Link 2 121 700 0 1.19188709
Link 8 123 722 0 2.09219689
Link 123 42 723 0 -1.17045476
Link 2 124 738 0 0.26698920
Link 124 48 739 0 -1.46347595
Link 2 127 783 0 -1.23587911
Link 127 38 784 0 0.31418147
Link 50 129 790 0 2.68038258
Link 129 14 791 0 0.82298270
Link 130 11 796 0 -1.68678430
Link 29 131 798 0 -2.58125006
Link 132 43 802 0 0.97968038
Link 81 134 812 0 0.76340882
Link 134 13 813 0 -0.21400728
Link 44 138 832 0 -4.15737346
Link 138 11 833 0 1.62114442
Link 2 139 835 0 1.94168788
Link 139 19 836 0 -1.34079436
Link 9 38 844 0 0.63005408
Link 4 145 867 0 -1.64052032
Link 145 45 868 0 0.86267741
Link 19 57 882 0 1.10925175
Link 7 147 884 0 -1.66571768
Link 147 68 885 0 2.04277669
Link 57 156 931 0 -0.63165618
Link 156 15 932 0 2.68583122
Link 1 158 946 0 -0.57522660
Link 158 75 947 0 -0.45734551
Link 32 14 970 0 0.07264237
Link 161 31 987 0 -0.35096171
Link 2 165 1005 0 -1.09466141
Link 165 30 1006 0 0.65156190
Link 119 168 1037 0 0.56098861
Link 168 12 1038 0 -0.21250837
Link 8 175 1110 0 0.67477607
Link 175 76 1111 0 0.26013678
Link 85 177 1131 1 -0.73783813
Link 177 68 1132 1 1.46046189
Link 53 178 1135 0 1.71417573
Link 178 12 1136 0 -1.91781628
Link 2 180 1145 0 -0.66949086
Link 180 11 1146 0 3.07973178
Link 29 56 1156 0 -1.14219034
Link 19 183 1174 0 -1.49159055
Link 183 10 1175 0 2.22848419
Link 40 187 1190 0 1.61968990
Link 31 193 1223 0 1.53442556
Link 193 13 1224 0 1.34383595
Link 48 207 1299 0 -0.62757470
Link 207 16 1300 0 -0.44183875
Link 10 32 1308 1 -0.29335261
Link 138 138 1322 1 -3.59455118
Link 8 211 1335 0 -0.32144383
Link 211 48 1336 0 3.46771640
Link 4 212 1339 0 1.51046035
Link 212 40 1340 0 1.30328017
Link 3 214 1351 0 0.64168331
Link 214 44 1352 0 -0.47896747
Link 5 71 1358 0 0.00227517
Link 8 64 1370 0 0.18914622
Link 98 221 1402 0 -0.72146450
Link 221 23 1403 0 -1.40380948
Link 10 68 1425 1 0.27878068
Link 3 226 1447 0 -0.09994962
Link 226 34 1448 0 -2.13041613
Link 70 229 1466 0 -0.71693820
Link 229 41 1467 0 1.25181843
Link 9 71 1475 0 -1.34421412
Link 5 231 1477 0 2.66549525
Link 231 50 1478 0 0.05851847
Link 58 232 1485 0 -0.97730408
Link 232 14 1486 0 0.16871579
Link 44 56 1490 0 -1.72062109
Link 4 234 1505 0 -1.76642397
Link 239 10 1536 0 0.40188391
Link 5 245 1563 0 -1.72820244
Link 1 249 1588 0 1.19773750
Link 249 70 1589 0 1.17400570
Link 187 251 1600 0 -1.22301420
Link 251 13 1601 0 -3.25634734
Link 45 252 1612 0 2.64001434
Link 252 16 1613 0 -3.62445594
Link 8 69 1708 0 0.97418411
Link 61 278 1796 0 0.87107861
Link 278 13 1797 0 -0.93090380
Link 234 282 1813 0 -0.95016010
Link 282 55 1814 0 0.39604128
Link 16 48 1827 1 -0.36557319
Link 288 11 1845 0 -0.08248590
Link 7 291 1853 0 -1.19744910
Link 291 61 1854 0 -0.46730330
Link 19 297 1884 0 -1.69443439
Link 297 55 1885 0 -3.24296351
Link 8 301 1910 0 0.86649869
Link 301 13 1911 0 0.38652155
Link 310 14 1971 0 -0.16983856
Link 3 312 1981 0 0.07528237
Link 312 12 1982 0 -0.77628348
Link 10 98 2009 1 1.46628165
Link 33 316 2017 0 0.82787401
Link 316 13 2018 0 -0.56658611
Link 55 320 2046 0 -0.78708678
Link 320 153 2047 0 1.24633114
Link 8 338 2165 0 0.01538663
Link 338 68 2166 0 -1.82581276
Link 34 340 2176 0 2.31165316
Link 340 12 2177 0 -0.16722976
Link 57 342 2186 0 2.81220371
Link 342 156 2187 0 0.04444477
Link 1 98 2201 0 -0.84548239
Link 31 351 2254 1 2.68070225
Link 351 235 2255 1 -0.07592830
Link 71 31 2288 0 2.53802110
Link 11 50 2323 1 1.59432818
Link 4 365 2352 0 0.12350299
Link 365 16 2353 0 1.55392211
Link 69 372 2424 0 0.60338826
Link 372 12 2425 0 2.01333893
Link 85 376 2461 1 0.89265484
Link 376 177 2462 1 0.18031544
Link 377 81 2466 0 2.17683708
Link 378 95 2476 0 -1.46851541
Link 12 30 2517 1 0.33228913
Link 40 19 2520 0 -1.39547144
Link 282 392 2561 0 -1.65921474
Link 392 55 2562 0 -1.37086667
Link 129 129 2564 1 -0.90545611
Link 393 71 2567 0 -6.31294941
Link 6 410 2666 0 1.10183647
Link 410 98 2667 0 2.83234738
Link 26 413 2685 0 -2.67883866
Link 413 10 2686 0 3.97897856
Link 44 26 2687 0 0.21792867
Link 5 419 2753 0 0.33586282
Link 419 15 2754 0 0.15901210
Link 34 15 2755 0 -0.15937933
Link 38 421 2765 0 0.83069215
Link 421 56 2766 0 -1.02256102
Link 129 422 2777 0 -0.63643284
Link 17 426 2801 0 1.12890378
Link 426 113 2802 0 -2.02977556
Link 129 17 2822 1 1.70917304
Link 429 68 2827 0 -0.71234229
Link 282 14 2835 0 0.14352752
Link 8 430 2838 0 -2.25024251
Link 430 40 2839 0 -0.87744819
Link 129 433 2865 1 -0.24134196
Link 433 129 2866 1 -2.18238844
Link 69 436 2888 0 0.39558907
Link 436 15 2889 0 -2.01216636
Link 64 440 2909 0 -1.19862919
Link 440 310 2910 0 0.27912123
Link 30 68 2927 0 0.90951162
Link 40 442 2930 0 1.33323663
Link 442 19 2931 0 -2.53493567
Link 38 338 2934 1 -0.39045227
Link 3 444 2959 0 0.37214775
Link 444 226 2960 0 3.82486538
Link 435 14 2972 0 -2.11576645
Link 4 447 2984 0 1.88691344
Link 447 282 2985 0 1.89049247
Link 50 11 2990 0 0.22751619
Link 214 214 3012 1 2.02602367
Link 435 458 3062 0 1.35927670
Link 458 393 3063 0 1.25377859
Link 34 310 3086 0 -0.43272291
Link 14 462 3089 1 -0.05551655
Link 462 14 3090 1 -1.40222273
Link 11 338 3108 1 -2.56394103
Link 7 466 3131 0 -0.31419784
Link 466 291 3132 0 2.70990055
Link 69 13 3154 0 0.60932044
Link 310 474 3180 0 1.54139781
Link 474 14 3181 0 1.73756566
Link 4 476 3191 0 -0.33976964
Link 34 477 3196 0 2.49477200
Link 477 15 3197 0 -0.69709649
Link 177 478 3200 1 -3.06947621
Link 478 68 3201 1 -0.16539881
Link 393 479 3203 0 3.81549415
Link 479 71 3204 0 -1.45515825
Link 338 482 3234 0 -0.36525528
Link 482 68 3235 0 -0.38239058
Link 15 69 3259 1 -1.83236751
Link 129 32 3288 1 0.62409323
Link 35 48 3291 0 1.43353255
Link 44 491 3321 0 -0.58784792
Link 491 26 3322 0 1.90941248
Link 15 494 3341 1 -0.86383076
Link 494 15 3342 1 -1.09078435
Link 175 23 3433 0 0.29481100
Link 85 14 3454 0 -1.13681390
Link 68 510 3465 1 -1.03841523
Link 510 68 3466 1 -1.57792070
Link 5 514 3496 0 1.25254805
Link 514 56 3497 0 -1.65498315
Link 494 519 3528 1 0.26100297
Link 519 15 3529 1 0.45415785
Link 129 524 3565 1 1.21292701
Link 524 17 3566 1 -0.21574482
Link 34 525 3569 0 2.46735124
Link 8 530 3611 0 -1.47390938
Link 17 535 3645 0 1.73427955
Link 535 40 3646 0 -1.17957731
Link 35 539 3673 0 0.96732445
Link 539 16 3674 0 0.14639292
Link 50 540 3684 0 0.58206177
Link 540 129 3685 0 0.25432200
Link 17 22 3706 0 -1.59748494
Link 239 544 3734 0 -0.28384655
Link 544 10 3735 0 -0.76149751
Link 234 545 3738 0 2.69355692
Link 165 548 3766 0 1.89302295
Link 548 30 3767 0 1.17978673
Link 56 69 3774 0 0.47554169
Link 30 30 3785 1 0.22439119
Link 71 549 3793 0 1.36459623
Link 549 130 3794 0 0.38912770
Link 7 550 3796 0 1.10801392
Link 550 118 3797 0 0.86394184
Link 393 48 3799 0 2.31050538
Link 38 555 3839 1 0.76293887
Link 555 338 3840 1 -0.84861470
Link 38 476 3858 1 -1.08747135
Link 8 558 3866 0 -3.06545609
Link 558 15 3867 0 0.62489130
Link 177 70 3881 1 1.33370212
Link 564 435 3897 0 2.28967175
Link 494 282 3904 1 0.67918758
Link 5 569 3927 0 0.96921351
Link 569 32 3928 0 -0.17120982
Link 98 98 3967 1 3.72213842
Link 476 575 3984 0 -2.19249754
Link 575 235 3985 0 -0.02890643
Link 4 578 3999 0 -2.85684230
Link 578 36 4000 0 1.53064942
Link 187 584 4060 0 2.47255531
Link 584 251 4061 0 1.01494868
Link 589 14 4106 0 -0.29426118
Link 129 593 4133 0 3.13146307
Link 593 422 4134 0 1.18414162
Link 214 598 4168 1 -1.19653138
Link 598 214 4169 1 0.47863487
Link 589 16 4185 0 -1.24906945
Link 251 454 4233 1 -0.60272416
Link 605 435 4245 0 0.14335863
Link 85 64 4254 1 2.59022340
Link 165 609 4286 0 0.78876220
Link 609 426 4287 0 -2.92653413
Link 454 611 4315 0 1.95365416
Link 611 19 4316 0 -1.54473825
Link 245 614 4345 0 -0.96597036
Link 614 55 4346 0 1.96611229
Link 234 41 4363 0 -1.53678764
Link 16 619 4415 1 0.33975104
Link 619 251 4416 1 1.04951922
Link 5 620 4422 0 0.31662793
Link 620 231 4423 0 -2.76627284
Link 71 41 4453 0 1.21175154
Link 129 64 4460 1 -1.26442834
Link 476 624 4482 0 -0.33863124
Link 624 575 4483 0 1.78420105
Link 4 129 4496 0 -1.91510755
Link 5 630 4532 0 -1.44630222
Link 630 494 4533 0 -1.59473545
Link 68 631 4544 0 -0.85881891
Link 631 239 4545 0 0.81968344
Link 422 632 4555 0 1.19697153
Link 632 589 4556 0 1.08334429
Link 637 454 4588 0 -1.19618359
Link 638 70 4595 1 2.81620881
Link 393 643 4639 0 2.00751180
Link 643 48 4640 0 5.39714833
Link 645 165 4693 0 1.35501069
Link 129 646 4697 1 1.92254696
Link 575 435 4702 0 -0.93646035
Link 76 68 4716 0 2.96363865
Link 40 40 4724 1 1.20746196
Link 649 377 4727 0 -1.40210742
Link 494 651 4738 1 -0.29286225
Link 651 282 4739 1 0.82714870
Link 229 657 4772 0 0.79460611
Link 657 41 4773 0 1.78002600
Link 476 659 4813 0 1.59037874
Link 659 605 4814 0 -1.98659653
Link 530 661 4824 0 -1.88433118
Link 68 130 4837 0 -1.52963092
Link 430 19 4841 0 2.17252886
Link 13 430 4846 1 3.46702198
Link 180 30 4896 0 -1.12781822
Link 69 671 4938 0 -0.33026377
Link 671 372 4939 0 0.23464858
Link 32 672 4942 0 -2.82184171
Link 672 142 4943 0 -1.29264639
Link 113 619 4944 0 1.58606536
Link 57 282 5002 1 0.82093519
Link 76 680 5021 0 1.08891393
Link 680 68 5022 0 0.32247985
Link 251 681 5026 1 -1.55908057
Link 2 129 5033 0 2.41047876
Link 7 682 5049 0 -0.29654955
Link 682 53 5050 0 1.35041769
Link 2 683 5053 0 0.59776997
Link 683 30 5054 0 -1.53429045
Link 7 687 5077 0 -1.16368000
Link 687 12 5078 0 1.14585263
Link 68 688 5080 0 0.71154462
Link 688 130 5081 0 -1.25467154
Link 689 11 5098 0 -1.80668217
Link 694 14 5122 0 1.40307033
Link 19 619 5133 0 -0.64996791
Link 697 430 5140 0 0.62353671
Link 226 113 5143 0 -0.46562897
Link 698 55 5146 0 -0.37753090
Link 17 251 5167 0 -0.06399511
Link 130 129 5212 0 1.06156705
Link 708 249 5232 0 -1.26616142
Link 251 712 5268 1 -0.38993863
Link 712 61 5269 1 1.29638438
Link 98 548 5272 0 -0.74026927
Link 249 706 5273 0 4.11577601
Link 68 715 5284 0 -0.97275122
Link 715 10 5285 0 3.03769097
Link 611 721 5339 0 -1.03856573
Link 721 19 5340 0 -0.80253114
Link 142 722 5351 0 -0.89910170
Link 722 13 5352 0 0.01938389
Link 631 723 5356 0 0.35744208
Link 723 239 5357 0 2.26225943
Link 3 724 5370 0 -1.28147009
Link 724 132 5371 0 1.71295050
Link 235 26 5385 0 -0.25828418
Link 147 733 5412 0 -0.90436140
Link 32 736 5456 0 -1.23018476
Link 736 251 5457 0 -1.98728367
Link 530 251 5458 0 0.09330124
Link 64 739 5479 0 1.43319514
Link 147 31 5497 0 0.26871634
Link 745 14 5527 0 0.35377948
Link 72 10 5548 0 1.19068949
Link 11 108 5582 1 0.25913200
Link 32 752 5590 0 0.38936514
Link 752 637 5591 0 3.10681567
Link 754 14 5612 0 -1.07788638
Link 32 17 5629 0 1.01703709
Link 575 760 5680 0 2.33965444
Link 760 435 5681 0 2.33181353
Link 130 130 5784 1 0.25803784
Link 61 235 5787 1 0.55754262
Link 569 44 5832 0 0.14240005
Link 544 108 5870 1 0.66223364
Link 226 76 5902 0 -1.15085180
Link 5 783 5904 0 3.22645967
Link 783 226 5905 0 -1.06580355
Link 444 788 5968 0 1.02069188
Link 788 226 5969 0 2.06251980
Link 310 569 5975 1 2.20870683
Link 39 796 6036 0 0.14201704
Link 796 61 6037 0 0.83251145
Link 706 798 6052 1 0.66069478
Link 798 619 6053 1 3.74908684
Link 187 804 6092 0 0.68333085
Link 806 706 6111 1 0.11119963
Link 31 64 6210 0 -0.64306523
Link 31 820 6229 1 -1.33958705
Link 820 351 6230 1 0.63425241
Link 235 826 6282 0 2.31108183
Link 826 564 6283 0 0.43763555
Link 130 837 6342 0 -0.19564470
Link 837 689 6343 0 0.55452543
Link 649 57 6381 0 0.01729005
Link 681 844 6399 1 0.88503843
Link 844 454 6400 1 -2.19108175
Link 34 853 6466 0 0.08501493
Link 853 649 6467 0 1.85119460
Link 494 796 6517 1 0.76929013
Link 59 98 6592 1 -1.78091882
Link 310 871 6624 1 -1.04211196
Link 871 569 6625 1 0.31603968
Link 23 619 6663 0 -0.61508942
Link 4 874 6693 0 -2.45692796
Link 874 578 6694 0 3.04967319
Link 875 32 6698 0 0.90430849
Link 1 881 6741 0 1.19455916
Link 881 708 6742 0 -2.03236467
Link 454 882 6747 0 -0.19799590
Link 882 113 6748 0 -0.61023262
Link 645 38 6765 0 0.56396384
Link 708 888 6830 0 0.37243804
Link 888 429 6831 0 2.52628236
Link 736 889 6841 0 2.82746173
Link 889 251 6842 0 -0.39745459
Link 234 15 6860 0 0.06586825
Link 58 422 6880 0 0.37631187
Link 7 896 6915 0 1.64282909
Link 896 698 6916 0 0.81586325
Link 540 898 6924 0 -0.23215461
Link 898 129 6925 0 0.57788786
Link 44 903 6991 0 2.41439188
Link 903 138 6992 0 0.52548833
Link 64 917 7083 0 1.31849559
Link 917 745 7084 0 0.12638141
Link 249 920 7104 0 -0.07916127
Link 920 113 7105 0 2.07175595
Link 611 35 7189 0 -0.28973311
Link 569 932 7232 0 -4.01053500
Link 932 32 7233 0 2.04958310
Link 564 422 7273 0 -0.76315347
Link 19 239 7292 0 2.13063259
Link 113 539 7310 0 -0.43964600
Link 40 939 7326 1 4.18925666
Link 939 40 7327 1 -1.08808658
Link 153 948 7401 0 1.35737154
Link 948 108 7402 0 1.00041608
Link 951 288 7455 0 -0.88561145
Link 952 584 7462 0 -4.56209134
Link 177 494 7470 0 3.15567626
Link 957 393 7507 0 -3.97753688
Link 71 687 7517 0 1.67515742
Link 35 963 7575 0 2.56928092
Link 963 539 7576 0 0.62216843
Link 951 614 7646 1 -0.12915669
Link 145 969 7650 0 2.58807884
Link 969 45 7651 0 0.87455174
Link 972 212 7684 1 0.06397376
Link 16 973 7690 1 -2.15514484
Link 973 806 7691 1 -1.81514094
Link 177 977 7727 1 1.40452625
Link 977 638 7728 1 -2.00141140
Link 433 61 7758 1 0.78632340
Link 72 645 7763 1 -0.06637344
Link 22 981 7765 0 -1.76044780
Link 981 14 7766 0 0.64410084
Link 291 435 7801 0 1.51664292
Link 430 165 7806 0 -0.15771537
Link 32 985 7809 0 -1.10411193
Link 985 602 7810 0 -1.12142365
Link 990 15 7834 1 0.18971854
Link 31 991 7838 0 1.95222552
Link 991 732 7839 0 1.22526223
Link 993 631 7852 0 -2.00165150
Link 494 996 7910 1 2.65320036
Link 996 796 7911 1 -0.84290905
Link 646 999 7949 1 0.83993621
Link 999 32 7950 1 0.50464854
Link 23 1002 7986 0 2.26258378
Link 1002 50 7987 0 -0.05561343
Link 43 1009 8040 0 -0.94135421
Link 1009 589 8041 0 3.01110134
Link 161 422 8085 0 -1.57116942
Link 2 1021 8108 0 2.10378619
Link 1021 645 8109 0 -0.01723111
Link 602 1027 8160 0 0.96478401
Link 1027 14 8161 0 -1.17377566
Link 54 187 8212 0 -4.79414495
Link 108 19 8215 1 -1.02635184
Link 68 1036 8266 0 1.00955022
Link 1036 993 8267 0 1.30092353
Link 10 649 8278 1 -3.79929151
Link 40 454 8355 0 1.10528626
Link 58 1043 8362 0 -1.47427653
Link 1043 129 8363 0 -0.01039124
Link 235 1055 8518 0 3.60394565
Link 1055 826 8519 0 1.71842688
Link 30 1058 8534 0 2.78959344
Link 1058 61 8535 0 0.53660204
Link 1043 1061 8554 0 -0.42309196
Link 1061 129 8555 0 -0.63657321
Link 3 525 8556 0 0.38025196
Link 61 1062 8558 1 -0.59832058
Link 1062 235 8559 1 3.03920261
Link 630 48 8617 0 -0.65069183
Link 661 1077 8656 0 0.81484313
Link 1077 697 8657 0 -1.29424723
Link 611 372 8689 0 -0.87870884
Link 991 36 8705 0 0.76566200
Link 619 338 8725 1 -2.15171408
Link 338 535 8744 0 0.56628594
Link 50 1093 8807 0 0.39974628
Link 1093 540 8808 0 -2.96978397
Link 177 156 8916 0 -2.09922267
Link 645 46 8931 0 0.99288017
Link 108 1109 8954 0 -0.49845623
Link 1109 951 8955 0 1.11753507
Link 393 1110 8959 0 -1.59341683
Link 1110 377 8960 0 1.09064741
Link 514 15 8984 0 1.37244526
Link 121 193 9004 0 -0.43142276
Link 589 36 9008 1 4.05379349
Link 251 806 9033 0 1.14509720
Link 147 1138 9189 0 0.38137765
Link 1138 68 9190 0 -1.03485726
Link 535 1139 9196 0 0.01415936
Link 1139 41 9197 0 0.40989905
Link 291 1140 9199 0 -1.48969788
Link 1140 435 9200 0 0.57392506
Link 2 1141 9202 0 1.22142785
Link 1141 1021 9203 0 -3.05087384
Link 540 15 9239 0 0.56544710
Link 22 61 9258 0 1.81291998
Link 177 1150 9260 0 -0.52926132
Link 1150 156 9261 0 5.11940297
Link 351 1154 9285 1 -0.94047169
Link 1154 235 9286 1 -0.81168143
Link 732 1155 9292 0 0.60092902
Link 1155 29 9293 0 1.10103349
Link 826 33 9437 0 -0.27161217
Link 476 1170 9440 0 0.06558978
Link 1170 659 9441 0 -0.27516312
Link 113 952 9455 0 -0.08922307
Link 85 1180 9526 0 -3.01124964
Link 1180 694 9527 0 -0.05476521
Link 71 796 9550 0 1.22011553
Link 619 1188 9597 1 0.37463046
Link 1188 338 9598 1 0.94397305
Link 6 90 9651 0 0.20351254
Link 58 1194 9664 0 -0.19175293
Link 1194 232 9665 0 1.52881750
Link 539 539 9673 1 0.75701462
Link 733 1197 9686 0 3.97805661
Link 1197 429 9687 0 1.05174443
Link 8 1198 9693 0 0.48496395
Link 1198 558 9694 0 0.99624944
Link 131 1205 9780 0 1.21868987
Link 1205 88 9781 0 -0.78678690
Link 121 430 9810 0 -1.58565912
Link 712 1211 9824 0 2.54581708
Link 1211 129 9825 0 -2.34566447
Link 712 1216 9856 1 -1.31855205
Link 1216 61 9857 1 -0.23324568
Link 436 11 9868 0 0.27589280
Link 393 88 9889 0 -1.20861577
Link 44 249 9890 1 -1.71435840
Link 739 1220 9922 0 2.13760616
Link 1220 440 9923 0 3.42012449
Link 29 671 9936 0 1.40598359
Link 187 43 9975 1 -0.69304363
Link 602 1228 9997 0 1.28506473
Link 1228 108 9998 0 0.11064136
Link 54 113 10017 0 -2.62088602
Link 177 477 10030 0 -1.38614198
Link 1009 558 10069 1 0.11113531
Link 44 638 10085 1 -3.44719004
Link 147 1236 10089 0 0.82633874
Link 187 433 10095 0 1.53284165
Link 39 1155 10155 0 -0.57744467
Link 1 232 10156 0 -0.61356510
Link 525 1243 10168 0 2.42356248
Link 1247 297 10195 0 -1.60161341
Link 41 1252 10243 1 -3.28432039
Link 1252 972 10244 1 -0.80347765
Link 1237 1261 10352 1 0.76729291
Link 1261 712 10353 1 -0.33781332
Link 31 1266 10388 0 2.84278811
Link 1266 817 10389 0 -1.43147496
Link 920 1269 10406 0 -2.12405991
Link 1269 16 10407 0 -0.40852603
Link 5 817 10414 0 -1.63613235
Link 147 168 10422 0 -0.96781371
Link 4 1278 10500 0 -3.63166965
Link 1278 282 10501 0 -4.21786143
Link 71 991 10513 0 0.24876535
Link 413 1281 10522 0 0.46472004
Link 1281 10 10523 0 -0.13171894
Link 50 85 10530 0 -0.56762109
Link 71 1290 10587 0 1.98448962
Link 1290 687 10588 0 0.01762711
Link 68 291 10660 1 -1.50698557
Link 514 130 10685 0 -1.58765757
Link 804 1300 10736 1 1.27077276
Link 1300 231 10737 1 0.77465465
Link 530 1077 10915 0 -1.84554958
Link 1 477 10960 0 0.18680174
Link 351 1322 10989 0 -0.90140953
Link 1322 519 10990 0 -1.47565789
Link 30 36 11012 0 3.11631283
Link 435 165 11103 1 -0.10502134
Link 156 85 11126 0 -0.20494663
Link 435 48 11379 0 3.94739940
Link 1043 1093 11428 1 -0.51243850
Link 611 1366 11452 0 -0.72620358
Link 1366 721 11453 0 -2.31587916
Link 430 108 11469 0 -0.19440756
Link 605 81 11486 0 -0.65006967
Link 817 1379 11572 0 -3.08129981
Link 1379 454 11573 0 4.77603092
Link 38 569 11623 1 1.32312589
Link 4 454 11695 0 0.22187237
Link 88 214 11714 1 -0.12319144
Link 351 113 11734 0 3.33759622
Link 183 659 11754 1 0.46597338
Link 19 72 11796 0 3.12711579
Link 58 1417 11929 0 1.75451873
Link 1417 732 11930 0 0.53446704
Link 392 804 11933 0 -3.21026685
Link 129 187 12032 0 0.80092867
Link 71 30 12062 0 2.43217512
Link 19 1434 12080 0 -0.10166763
Link 1434 1247 12081 0 1.16786319
Link 410 282 12087 0 1.90837238
Link 435 35 12090 0 0.82224439
Link 43 625 12093 0 -1.22187412
Link 4 1449 12226 0 3.29790058
Link 1449 754 12227 0 1.69887685
Link 221 430 12237 1 -0.79502234
Link 1021 13 12325 0 -1.07555953
Link 392 138 12438 0 1.12634305
Link 447 826 12478 0 2.05140335
Link 796 871 12500 0 0.29927665
Link 645 212 12587 0 0.27592054
Link 338 1486 12590 0 -2.21901962
Link 1486 232 12591 0 -0.67720010
Link 1243 1491 12643 0 2.98000991
Link 1491 310 12644 0 2.13138268
Link 5 235 12656 0 -3.34955060
Link 90 435 12667 0 -0.42988676
Link 1372 1497 12691 1 -0.33123677
Link 1497 301 12692 1 0.83150370
Link 251 1502 12731 1 1.70496701
Link 1266 745 12773 0 2.49704667
Link 249 161 12839 0 2.07237821
Link 145 1519 12898 0 -1.91581768
Link 519 46 12910 1 2.54066815
Link 649 153 13015 0 0.10287682
Link 3 1525 13017 0 -3.74099568
Link 1525 207 13018 0 3.12473857
Link 896 214 13067 0 -1.41329402
Link 1528 252 13086 0 -1.24594132
Link 34 1539 13179 0 -1.45351607
Link 1539 310 13180 0 0.76097859
Link 38 1220 13195 0 2.32974859
Link 69 41 13255 1 -0.04653942
Link 951 29 13289 1 -0.74186760
Link 796 1552 13348 0 -0.43002715
Link 1552 129 13349 0 2.57437984
Link 90 1559 13411 0 0.52745015
Link 1559 1528 13412 0 1.87421703
Link 1562 12 13428 0 -3.82457645
Link 212 609 13498 0 -0.33622371
Link 10 874 13523 1 1.29890390
Link 477 1576 13552 1 -2.33380381
Link 1576 477 13553 1 0.27197035
Link 65 436 13572 0 1.15540616
Link 1197 477 13581 0 2.70556282
Link 71 1194 13591 0 0.92512036
Link 214 619 13606 0 -1.21111249
Link 638 638 13714 1 -3.33186129
Link 589 297 13730 1 0.05392681
Link 6 1592 13741 0 -1.87110691
Link 1592 98 13742 0 -4.91634734
Link 625 1154 13896 1 -1.05630384
Link 312 999 13897 0 0.03335209
Link 70 598 13913 0 -2.07918027
Link 539 1613 13932 1 1.59783909
Link 1613 1372 13933 1 -0.30369685
Link 145 1615 13948 1 -1.13586334
Link 1615 145 13949 1 -0.59408309
Link 1620 119 13974 1 0.78311288
Link 35 45 14005 0 -1.36716459
Link 142 806 14008 0 -1.52648273
Link 671 706 14131 0 -1.21439835
Link 56 619 14271 0 0.10856760
Link 177 1528 14280 1 0.58671191
Link 54 1651 14284 0 1.00000000
Link 1651 378 14285 0 -2.83010717
Link 229 1300 14306 0 0.29035000
Link 119 301 14317 0 3.07852584
Link 611 23 14358 0 0.08618529
Link 57 882 14549 0 -0.34741032
Link 804 132 14563 1 2.21956273
Link 64 45 14662 0 -0.50295707
Link 393 917 14678 0 -0.53762271
Link 7 1702 14689 0 0.64965977
Link 1702 53 14690 0 0.23907389
Link 1139 1705 14718 1 -1.58258602
Link 1705 920 14719 1 -0.98452151
Link 351 1717 14836 0 1.50387976
Link 1717 26 14837 0 0.41566714
Link 447 1726 14906 0 1.94795335
Link 1726 64 14907 0 0.72914098
Link 108 1727 14910 1 2.42032898
Link 1727 378 14911 1 3.82786196
Link 697 42 14912 0 -0.07564964
Link 90 1220 14956 0 0.17722957
Link 1519 187 14978 0 0.50200709
Link 104 1743 15058 0 0.55747522
Link 1743 875 15059 0 1.48649477
Link 896 651 15089 0 -1.09380918
Link 33 393 15096 1 1.40082054
Link 874 649 15123 0 2.37832441
Link 4 338 15167 0 -1.18037630
Link 589 440 15233 1 2.73454912
Link 990 564 15269 1 -1.94022631
Link 68 207 15353 0 4.57609130
Link 165 1491 15414 0 0.04972370
Link 214 235 15484 0 -0.22026895
Link 545 1784 15543 0 2.14995162
Link 1784 282 15544 0 -0.33671776
Link 631 736 15567 0 1.23260216
Link 540 1790 15606 1 0.54310746
Link 1790 1620 15607 1 -1.34153897
Link 98 589 15633 0 -0.53325064
Link 706 1797 15703 1 -0.46834306
Link 1797 706 15704 1 -2.58877974
Link 1519 1798 15711 0 -1.40969905
Link 1798 69 15712 0 2.36716774
Link 519 1799 15726 1 1.04787971
Link 1799 990 15727 1 0.95336957
Link 555 70 15807 1 0.74828641
Link 178 252 15870 0 0.71949539
Link 605 10 15938 0 -1.34462935
Link 454 161 15989 1 -0.39266029
Link 1502 1826 16002 1 1.00000000
Link 1826 1237 16003 1 -0.82676114
Link 458 1837 16081 0 -0.66237911
Link 1837 957 16082 0 -1.03593190
Link 38 1417 16100 0 1.29841028
Link 127 1093 16243 0 -3.57176303
Link 683 231 16295 0 -0.88626874
Link 301 681 16333 0 -0.47971278
Link 297 1243 16347 0 3.27995861
Link 433 745 16452 0 -0.07337769
Link 44 1150 16562 0 0.22574045
Link 985 10 16655 0 0.70743071
Link 61 56 16673 0 0.77263899
Link 1252 969 16769 1 -0.02519763
Link 59 187 16861 0 -2.38202085
Link 419 1906 16868 1 -0.16377430
Link 1906 161 16869 1 2.21059472
Link 657 589 16898 0 -0.82453499
Link 207 207 16962 1 1.37847555
Link 1717 35 16968 0 -1.83090002
Link 419 156 17005 0 -1.19132745
Link 212 35 17043 0 0.36139512
Link 147 1717 17059 0 -1.26458139
Link 948 1924 17088 0 -0.86567227
Link 1924 519 17089 0 1.19024411
Link 1434 637 17097 0 -2.53114997
Link 514 39 17335 0 2.91712989
Link 312 1449 17356 1 4.05366611
Link 229 183 17470 0 5.21990598
Link 340 545 17504 1 -0.10064853
Link 1093 826 17532 1 1.25776740
Link 1236 1962 17534 0 2.56021230
Link 1962 31 17535 0 -1.59058477
Link 1140 545 17601 0 -0.25030007
Link 175 235 17644 0 1.35701713
Link 147 178 17751 0 2.27757017
Link 630 207 17880 0 -3.36053253
Link 19 681 18086 0 1.56091436
Link 226 297 18179 0 -1.86358667
Link 649 13 18200 0 -0.12915804
Link 444 643 18266 0 0.99533571
Link 60 113 18287 0 -0.55803278
Link 1027 1058 18336 1 0.08224551
Link 291 2051 18339 0 1.00000000
Link 2051 882 18340 0 -1.21876477
Link 798 697 18356 1 3.27429835
Link 871 687 18416 0 -0.99183746
Link 991 187 18437 0 3.30483813
Link 733 1924 18455 0 2.09374722
Link 525 549 18500 0 1.54853378
Link 11 252 18567 1 -3.39995699
Link 22 2085 18640 0 0.66497148
Link 2085 33 18641 0 1.17873228
Link 454 127 18648 1 -0.67943717
Link 1197 721 18760 0 2.18548158
Link 8 2104 18965 0 0.51892825
Link 2104 1562 18966 0 2.46215039
Link 71 1366 19033 0 4.24810873
Link 605 1924 19076 0 -2.17015113
Link 991 232 19618 0 3.59671312
Link 1266 207 19852 0 -3.39705401
GenomeEnd

