GenomeStart 112297
Neuron 1 1 0.00000000 1 0.00000000 0.00000000 0.00000000 0.00000000
Neuron 2 1 0.00000000 1 0.00000000 0.00000000 0.00000000 0.00000000
Neuron 3 1 0.00000000 1 0.00000000 0.00000000 0.00000000 0.00000000
Neuron 4 1 0.00000000 1 0.00000000 0.00000000 0.00000000 0.00000000
Neuron 5 1 0.00000000 1 0.00000000 0.00000000 0.00000000 0.00000000
Neuron 6 1 0.00000000 1 0.00000000 0.00000000 0.00000000 0.00000000
Neuron 7 1 0.00000000 1 0.00000000 0.00000000 0.00000000 0.00000000
Neuron 8 1 0.00000000 1 0.00000000 0.00000000 0.00000000 0.00000000
Neuron 9 2 0.00000000 1 0.00000000 0.00000000 0.00000000 0.00000000
Neuron 10 4 1.00000000 0 1.00000000 0.00000000 0.00000000 0.00000000
Neuron 11 4 1.00000000 0 1.00000000 0.00000000 0.00000000 0.00000000
Neuron 12 4 1.00000000 0 1.00000000 0.00000000 0.00000000 0.00000000
Neuron 13 4 1.00000000 0 1.00000000 0.00000000 0.00000000 0.00000000
Neuron 14 4 1.00000000 0 1.00000000 0.00000000 0.00000000 0.00000000
Neuron 15 4 1.00000000 0 1.00000000 0.00000000 0.00000000 0.00000000
Neuron 16 4 1.00000000 0 1.00000000 0.00000000 0.00000000 0.00000000
Neuron 17 3 0.50000000 1 1.00000000 0.00000000 0.00000000 0.00000000
Neuron 19 3 0.50000000 1 1.00000000 0.00000000 0.00000000 0.00000000
Neuron 22 3 0.50000000 1 1.00000000 0.00000000 0.00000000 0.00000000
Neuron 23 3 0.50000000 1 1.00000000 0.00000000 0.00000000 0.00000000
Neuron 26 3 0.50000000 1 1.00000000 0.00000000 0.00000000 0.00000000
Neuron 28 3 0.50000000 1 1.00000000 0.00000000 0.00000000 0.00000000
Neuron 29 3 0.50000000 1 1.00000000 0.00000000 0.00000000 0.00000000
Neuron 30 3 0.50000000 1 1.00000000 0.00000000 0.00000000 0.00000000
Neuron 31 3 0.50000000 1 1.00000000 0.00000000 0.00000000 0.00000000
Neuron 32 3 0.50000000 1 1.00000000 0.00000000 0.00000000 0.00000000
Neuron 33 3 0.50000000 1 1.00000000 0.00000000 0.00000000 0.00000000
Neuron 34 3 0.50000000 1 1.00000000 0.00000000 0.00000000 0.00000000
Neuron 35 3 0.50000000 1 1.00000000 0.00000000 0.00000000 0.00000000
Neuron 36 3 0.50000000 1 1.00000000 0.00000000 0.00000000 0.00000000
Neuron 38 3 0.50000000 1 1.00000000 0.00000000 0.00000000 0.00000000
Neuron 39 3 0.50000000 1 1.00000000 0.00000000 0.00000000 0.00000000
Neuron 40 3 0.50000000 1 1.00000000 0.00000000 0.00000000 0.00000000
Neuron 41 3 0.50000000 1 1.00000000 0.00000000 0.00000000 0.00000000
Neuron 42 3 0.50000000 1 1.00000000 0.00000000 0.00000000 0.00000000
Neuron 43 3 0.50000000 1 1.00000000 0.00000000 0.00000000 0.00000000
Neuron 44 3 0.50000000 1 1.00000000 0.00000000 0.00000000 0.00000000
Neuron 45 3 0.50000000 1 1.00000000 0.00000000 0.00000000 0.00000000
Neuron 46 3 0.50000000 1 1.00000000 0.00000000 0.00000000 0.00000000
Neuron 48 3 0.50000000 1 1.00000000 0.00000000 0.00000000 0.00000000
Neuron 50 3 0.50000000 1 1.00000000 0.00000000 0.00000000 0.00000000
Neuron 53 3 0.50000000 1 1.00000000 0.00000000 0.00000000 0.00000000
Neuron 55 3 0.50000000 1 1.00000000 0.00000000 0.00000000 0.00000000
Neuron 56 3 0.50000000 1 1.00000000 0.00000000 0.00000000 0.00000000
Neuron 57 3 0.50000000 1 1.00000000 0.00000000 0.00000000 0.00000000
Neuron 58 3 0.50000000 1 1.00000000 0.00000000 0.00000000 0.00000000
Neuron 61 3 0.50000000 1 1.00000000 0.00000000 0.00000000 0.00000000
Neuron 64 3 0.50000000 1 1.00000000 0.00000000 0.00000000 0.00000000
Neuron 65 3 0.75000000 1 1.00000000 0.00000000 0.00000000 0.00000000
Neuron 68 3 0.50000000 1 1.00000000 0.00000000 0.00000000 0.00000000
Neuron 69 3 0.75000000 1 1.00000000 0.00000000 0.00000000 0.00000000
Neuron 70 3 0.25000000 1 1.00000000 0.00000000 0.00000000 0.00000000
Neuron 71 3 0.50000000 1 1.00000000 0.00000000 0.00000000 0.00000000
Neuron 72 3 0.75000000 1 1.00000000 0.00000000 0.00000000 0.00000000
Neuron 76 3 0.50000000 1 1.00000000 0.00000000 0.00000000 0.00000000
Neuron 77 3 0.75000000 1 1.00000000 0.00000000 0.00000000 0.00000000
Neuron 80 3 0.75000000 1 1.00000000 0.00000000 0.00000000 0.00000000
Neuron 81 3 0.50000000 1 1.00000000 0.00000000 0.00000000 0.00000000
Neuron 85 3 0.75000000 1 1.00000000 0.00000000 0.00000000 0.00000000
Neuron 88 3 0.75000000 1 1.00000000 0.00000000 0.00000000 0.00000000
Neuron 90 3 0.25000000 1 1.00000000 0.00000000 0.00000000 0.00000000
Neuron 91 3 0.25000000 1 1.00000000 0.00000000 0.00000000 0.00000000
Neuron 98 3 0.25000000 1 1.00000000 0.00000000 0.00000000 0.00000000
Neuron 113 3 0.75000000 1 1.00000000 0.00000000 0.00000000 0.00000000
Neuron 119 3 0.50000000 1 1.00000000 0.00000000 0.00000000 0.00000000
Neuron 123 3 0.25000000 1 1.00000000 0.00000000 0.00000000 0.00000000
Neuron 124 3 0.25000000 1 1.00000000 0.00000000 0.00000000 0.00000000
Neuron 127 3 0.25000000 1 1.00000000 0.00000000 0.00000000 0.00000000
Neuron 129 3 0.75000000 1 1.00000000 0.00000000 0.00000000 0.00000000
Neuron 130 3 0.75000000 1 1.00000000 0.00000000 0.00000000 0.00000000
Neuron 132 3 0.25000000 1 1.00000000 0.00000000 0.00000000 0.00000000
Neuron 138 3 0.75000000 1 1.00000000 0.00000000 0.00000000 0.00000000
Neuron 139 3 0.25000000 1 1.00000000 0.00000000 0.00000000 0.00000000
Neuron 145 3 0.25000000 1 1.00000000 0.00000000 0.00000000 0.00000000
Neuron 147 3 0.25000000 1 1.00000000 0.00000000 0.00000000 0.00000000
Neuron 156 3 0.75000000 1 1.00000000 0.00000000 0.00000000 0.00000000
Neuron 161 3 0.37500000 1 1.00000000 0.00000000 0.00000000 0.00000000
Neuron 165 3 0.25000000 1 1.00000000 0.00000000 0.00000000 0.00000000
Neuron 168 3 0.75000000 1 1.00000000 0.00000000 0.00000000 0.00000000
Neuron 175 3 0.25000000 1 1.00000000 0.00000000 0.00000000 0.00000000
Neuron 177 3 0.62500000 1 1.00000000 0.00000000 0.00000000 0.00000000
Neuron 178 3 0.75000000 1 1.00000000 0.00000000 0.00000000 0.00000000
Neuron 180 3 0.50000000 1 1.00000000 0.00000000 0.00000000 0.00000000
Neuron 183 3 0.75000000 1 1.00000000 0.00000000 0.00000000 0.00000000
Neuron 187 3 0.75000000 1 1.00000000 0.00000000 0.00000000 0.00000000
Neuron 193 3 0.75000000 1 1.00000000 0.00000000 0.00000000 0.00000000
Neuron 207 3 0.75000000 1 1.00000000 0.00000000 0.00000000 0.00000000
Neuron 211 3 0.25000000 1 1.00000000 0.00000000 0.00000000 0.00000000
Neuron 212 3 0.25000000 1 1.00000000 0.00000000 0.00000000 0.00000000
Neuron 214 3 0.25000000 1 1.00000000 0.00000000 0.00000000 0.00000000
Neuron 221 3 0.37500000 1 1.00000000 0.00000000 0.00000000 0.00000000
Neuron 226 3 0.25000000 1 1.00000000 0.00000000 0.00000000 0.00000000
Neuron 229 3 0.37500000 1 1.00000000 0.00000000 0.00000000 0.00000000
Neuron 231 3 0.25000000 1 1.00000000 0.00000000 0.00000000 0.00000000
Neuron 232 3 0.75000000 1 1.00000000 0.00000000 0.00000000 0.00000000
Neuron 234 3 0.25000000 1 1.00000000 0.00000000 0.00000000 0.00000000
Neuron 235 3 0.25000000 1 1.00000000 0.00000000 0.00000000 0.00000000
Neuron 239 3 0.75000000 1 1.00000000 0.00000000 0.00000000 0.00000000
Neuron 249 3 0.12500000 1 1.00000000 0.00000000 0.00000000 0.00000000
Neuron 251 3 0.87500000 1 1.00000000 0.00000000 0.00000000 0.00000000
Neuron 252 3 0.75000000 1 1.00000000 0.00000000 0.00000000 0.00000000
Neuron 282 3 0.37500000 1 1.00000000 0.00000000 0.00000000 0.00000000
Neuron 291 3 0.25000000 1 1.00000000 0.00000000 0.00000000 0.00000000
Neuron 297 3 0.50000000 1 1.00000000 0.00000000 0.00000000 0.00000000
Neuron 301 3 0.50000000 1 1.00000000 0.00000000 0.00000000 0.00000000
Neuron 310 3 0.75000000 1 1.00000000 0.00000000 0.00000000 0.00000000
Neuron 316 3 0.75000000 1 1.00000000 0.00000000 0.00000000 0.00000000
Neuron 338 3 0.25000000 1 1.00000000 0.00000000 0.00000000 0.00000000
Neuron 351 3 0.37500000 1 1.00000000 0.00000000 0.00000000 0.00000000
Neuron 372 3 0.87500000 1 1.00000000 0.00000000 0.00000000 0.00000000
Neuron 376 3 0.68750000 1 1.00000000 0.00000000 0.00000000 0.00000000
Neuron 377 3 0.50000000 1 1.00000000 0.00000000 0.00000000 0.00000000
Neuron 393 3 0.37500000 1 1.00000000 0.00000000 0.00000000 0.00000000
Neuron 413 3 0.75000000 1 1.00000000 0.00000000 0.00000000 0.00000000
Neuron 419 3 0.50000000 1 1.00000000 0.00000000 0.00000000 0.00000000
Neuron 422 3 0.87500000 1 1.00000000 0.00000000 0.00000000 0.00000000
Neuron 426 3 0.62500000 1 1.00000000 0.00000000 0.00000000 0.00000000
Neuron 430 3 0.25000000 1 1.00000000 0.00000000 0.00000000 0.00000000
Neuron 433 3 0.75000000 1 1.00000000 0.00000000 0.00000000 0.00000000
Neuron 435 3 0.31250000 1 1.00000000 0.00000000 0.00000000 0.00000000
Neuron 436 3 0.87500000 1 1.00000000 0.00000000 0.00000000 0.00000000
Neuron 440 3 0.62500000 1 1.00000000 0.00000000 0.00000000 0.00000000
Neuron 444 3 0.12500000 1 1.00000000 0.00000000 0.00000000 0.00000000
Neuron 447 3 0.18750000 1 1.00000000 0.00000000 0.00000000 0.00000000
Neuron 454 3 0.50000000 1 1.00000000 0.00000000 0.00000000 0.00000000
Neuron 458 3 0.34375000 1 1.00000000 0.00000000 0.00000000 0.00000000
Neuron 462 3 1.00000000 1 1.00000000 0.00000000 0.00000000 0.00000000
Neuron 476 3 0.12500000 1 1.00000000 0.00000000 0.00000000 0.00000000
Neuron 477 3 0.75000000 1 1.00000000 0.00000000 0.00000000 0.00000000
Neuron 479 3 0.43750000 1 1.00000000 0.00000000 0.00000000 0.00000000
Neuron 491 3 0.50000000 1 1.00000000 0.00000000 0.00000000 0.00000000
Neuron 494 3 1.00000000 1 1.00000000 0.00000000 0.00000000 0.00000000
Neuron 514 3 0.25000000 1 1.00000000 0.00000000 0.00000000 0.00000000
Neuron 519 3 1.00000000 1 1.00000000 0.00000000 0.00000000 0.00000000
Neuron 524 3 0.62500000 1 1.00000000 0.00000000 0.00000000 0.00000000
Neuron 535 3 0.50000000 1 1.00000000 0.00000000 0.00000000 0.00000000
Neuron 539 3 0.75000000 1 1.00000000 0.00000000 0.00000000 0.00000000
Neuron 540 3 0.62500000 1 1.00000000 0.00000000 0.00000000 0.00000000
Neuron 549 3 0.62500000 1 1.00000000 0.00000000 0.00000000 0.00000000
Neuron 553 3 1.00000000 1 1.00000000 0.00000000 0.00000000 0.00000000
Neuron 555 3 0.37500000 1 1.00000000 0.00000000 0.00000000 0.00000000
Neuron 558 3 0.50000000 1 1.00000000 0.00000000 0.00000000 0.00000000
Neuron 564 3 0.28125000 1 1.00000000 0.00000000 0.00000000 0.00000000
Neuron 569 3 0.25000000 1 1.00000000 0.00000000 0.00000000 0.00000000
Neuron 575 3 0.18750000 1 1.00000000 0.00000000 0.00000000 0.00000000
Neuron 578 3 0.25000000 1 1.00000000 0.00000000 0.00000000 0.00000000
Neuron 584 3 0.81250000 1 1.00000000 0.00000000 0.00000000 0.00000000
Neuron 589 3 0.93750000 1 1.00000000 0.00000000 0.00000000 0.00000000
Neuron 593 3 0.81250000 1 1.00000000 0.00000000 0.00000000 0.00000000
Neuron 605 3 0.21875000 1 1.00000000 0.00000000 0.00000000 0.00000000
Neuron 609 3 0.43750000 1 1.00000000 0.00000000 0.00000000 0.00000000
Neuron 611 3 0.50000000 1 1.00000000 0.00000000 0.00000000 0.00000000
Neuron 619 3 0.93750000 1 1.00000000 0.00000000 0.00000000 0.00000000
Neuron 625 3 0.62500000 1 1.00000000 0.00000000 0.00000000 0.00000000
Neuron 630 3 0.50000000 1 1.00000000 0.00000000 0.00000000 0.00000000
Neuron 631 3 0.62500000 1 1.00000000 0.00000000 0.00000000 0.00000000
Neuron 632 3 0.90625000 1 1.00000000 0.00000000 0.00000000 0.00000000
Neuron 637 3 0.50000000 1 1.00000000 0.00000000 0.00000000 0.00000000
Neuron 638 3 0.43750000 1 1.00000000 0.00000000 0.00000000 0.00000000
Neuron 643 3 0.43750000 1 1.00000000 0.00000000 0.00000000 0.00000000
Neuron 645 3 0.12500000 1 1.00000000 0.00000000 0.00000000 0.00000000
Neuron 651 3 0.68750000 1 1.00000000 0.00000000 0.00000000 0.00000000
Neuron 659 3 0.17187500 1 1.00000000 0.00000000 0.00000000 0.00000000
Neuron 680 3 0.50000000 1 1.00000000 0.00000000 0.00000000 0.00000000
Neuron 681 3 0.68750000 1 1.00000000 0.00000000 0.00000000 0.00000000
Neuron 682 3 0.25000000 1 1.00000000 0.00000000 0.00000000 0.00000000
Neuron 687 3 0.50000000 1 1.00000000 0.00000000 0.00000000 0.00000000
Neuron 688 3 0.62500000 1 1.00000000 0.00000000 0.00000000 0.00000000
Neuron 689 3 0.87500000 1 1.00000000 0.00000000 0.00000000 0.00000000
Neuron 698 3 0.25000000 1 1.00000000 0.00000000 0.00000000 0.00000000
Neuron 712 3 0.68750000 1 1.00000000 0.00000000 0.00000000 0.00000000
Neuron 715 3 0.75000000 1 1.00000000 0.00000000 0.00000000 0.00000000
Neuron 721 3 0.50000000 1 1.00000000 0.00000000 0.00000000 0.00000000
Neuron 723 3 0.68750000 1 1.00000000 0.00000000 0.00000000 0.00000000
Neuron 724 3 0.12500000 1 1.00000000 0.00000000 0.00000000 0.00000000
Neuron 732 3 0.50000000 1 1.00000000 0.00000000 0.00000000 0.00000000
Neuron 736 3 0.68750000 1 1.00000000 0.00000000 0.00000000 0.00000000
Neuron 745 3 0.75000000 1 1.00000000 0.00000000 0.00000000 0.00000000
Neuron 752 3 0.50000000 1 1.00000000 0.00000000 0.00000000 0.00000000
Neuron 760 3 0.25000000 1 1.00000000 0.00000000 0.00000000 0.00000000
Neuron 796 3 0.50000000 1 1.00000000 0.00000000 0.00000000 0.00000000
Neuron 826 3 0.26562500 1 1.00000000 0.00000000 0.00000000 0.00000000
Neuron 837 3 0.81250000 1 1.00000000 0.00000000 0.00000000 0.00000000
Neuron 882 3 0.62500000 1 1.00000000 0.00000000 0.00000000 0.00000000
Neuron 896 3 0.12500000 1 1.00000000 0.00000000 0.00000000 0.00000000
Neuron 903 3 0.62500000 1 1.00000000 0.00000000 0.00000000 0.00000000
Neuron 917 3 0.62500000 1 1.00000000 0.00000000 0.00000000 0.00000000
Neuron 991 3 0.50000000 1 1.00000000 0.00000000 0.00000000 0.00000000
Neuron 993 3 0.56250000 1 1.00000000 0.00000000 0.00000000 0.00000000
Neuron 1009 3 0.71875000 1 1.00000000 0.00000000 0.00000000 0.00000000
Neuron 1021 3 0.06250000 1 1.00000000 0.00000000 0.00000000 0.00000000
Neuron 1043 3 0.62500000 1 1.00000000 0.00000000 0.00000000 0.00000000
Neuron 1055 3 0.25781250 1 1.00000000 0.00000000 0.00000000 0.00000000
Neuron 1061 3 0.68750000 1 1.00000000 0.00000000 0.00000000 0.00000000
Neuron 1093 3 0.56250000 1 1.00000000 0.00000000 0.00000000 0.00000000
Neuron 1110 3 0.43750000 1 1.00000000 0.00000000 0.00000000 0.00000000
Neuron 1150 3 0.68750000 1 1.00000000 0.00000000 0.00000000 0.00000000
Neuron 1154 3 0.31250000 1 1.00000000 0.00000000 0.00000000 0.00000000
Neuron 1155 3 0.50000000 1 1.00000000 0.00000000 0.00000000 0.00000000
Neuron 1170 3 0.14843750 1 1.00000000 0.00000000 0.00000000 0.00000000
Neuron 1188 3 0.59375000 1 1.00000000 0.00000000 0.00000000 0.00000000
Neuron 1194 3 0.62500000 1 1.00000000 0.00000000 0.00000000 0.00000000
Neuron 1198 3 0.25000000 1 1.00000000 0.00000000 0.00000000 0.00000000
Neuron 1211 3 0.71875000 1 1.00000000 0.00000000 0.00000000 0.00000000
Neuron 1236 3 0.37500000 1 1.00000000 0.00000000 0.00000000 0.00000000
Neuron 1247 3 0.50000000 1 1.00000000 0.00000000 0.00000000 0.00000000
Neuron 1281 3 0.87500000 1 1.00000000 0.00000000 0.00000000 0.00000000
Neuron 1372 3 0.62500000 1 1.00000000 0.00000000 0.00000000 0.00000000
Neuron 1417 3 0.50000000 1 1.00000000 0.00000000 0.00000000 0.00000000
Neuron 1434 3 0.50000000 1 1.00000000 0.00000000 0.00000000 0.00000000
Neuron 1497 3 0.56250000 1 1.00000000 0.00000000 0.00000000 0.00000000
Neuron 1528 3 0.50000000 1 1.00000000 0.00000000 0.00000000 0.00000000
Neuron 1552 3 0.62500000 1 1.00000000 0.00000000 0.00000000 0.00000000
Neuron 1559 3 0.37500000 1 1.00000000 0.00000000 0.00000000 0.00000000
Neuron 1615 3 0.25000000 1 1.00000000 0.00000000 0.00000000 0.00000000
Neuron 1620 3 0.56250000 1 1.00000000 0.00000000 0.00000000 0.00000000
Neuron 1790 3 0.59375000 1 1.00000000 0.00000000 0.00000000 0.00000000
Neuron 1886 3 0.75000000 1 1.00000000 0.00000000 0.00000000 0.00000000
Neuron 1906 3 0.43750000 1 1.00000000 0.00000000 0.00000000 0.00000000
Neuron 1962 3 0.43750000 1 1.00000000 0.00000000 0.00000000 0.00000000
Link 1 10 1 0 -2.37052055
Link 2 10 2 0 1.93373097
Link 3 10 3 0 4.01741430
Link 4 10 4 0 1.13018550
Link 8 10 8 0 -1.11257775
Link 1 11 10 0 -3.64335035
Link 2 11 11 0 1.40997260
Link 3 11 12 0 -1.71761045
Link 4 11 13 0 1.12843732
Link 5 11 14 0 -0.57771017
Link 6 11 15 0 -0.48558754
Link 7 11 16 0 2.24554703
Link 9 11 18 0 -0.84180106
Link 1 12 19 0 -0.78597365
Link 3 12 21 0 0.22571044
Link 4 12 22 0 1.91372415
Link 5 12 23 0 -2.42054177
Link 6 12 24 0 0.86639813
Link 8 12 26 0 1.66861663
Link 9 12 27 0 -3.31878345
Link 1 13 28 0 -2.05366730
Link 3 13 30 0 0.50223014
Link 4 13 31 0 -0.78694538
Link 6 13 33 0 -3.13781261
Link 9 13 36 0 1.76177657
Link 3 14 39 0 -1.39919529
Link 4 14 40 0 1.41194013
Link 6 14 42 0 3.07251021
Link 8 14 44 0 1.48054494
Link 9 14 45 0 2.61285687
Link 1 15 46 0 -1.97883828
Link 2 15 47 0 0.81546550
Link 4 15 49 0 -2.16528926
Link 7 15 52 0 -0.71895434
Link 9 15 54 0 -0.08098045
Link 1 16 55 0 -3.20216042
Link 2 16 56 0 -1.95284727
Link 3 16 57 0 -0.67816328
Link 4 16 58 0 -1.41132727
Link 5 16 59 0 0.69772353
Link 7 16 61 0 -3.98113338
Link 8 16 62 0 0.53887650
Link 9 16 63 0 2.24194085
Link 6 22 80 0 -0.04492738
Link 22 16 81 0 -1.12577736
Link 6 28 99 0 1.52527631
Link 8 29 102 0 3.69230255
Link 2 30 105 0 -0.12839284
Link 30 14 106 0 -2.85481225
Link 8 32 111 0 0.10194694
Link 32 13 112 0 1.64825743
Link 6 33 115 0 4.36716495
Link 34 12 119 0 2.33312828
Link 5 35 121 0 1.91171903
Link 35 13 122 0 2.80917009
Link 36 14 127 0 -1.94709551
Link 6 39 135 0 0.83045521
Link 41 14 142 0 -1.58936760
Link 42 11 145 0 1.20581143
Link 5 46 156 0 -0.29564280
Link 46 12 157 0 3.14618489
Link 2 55 193 0 0.26200978
Link 55 11 194 0 -2.39685120
Link 7 56 197 0 0.13420793
Link 56 16 198 0 0.47901619
Link 5 57 202 0 1.10960603
Link 6 58 208 0 1.16570637
Link 61 13 220 0 3.80132340
Link 7 64 237 0 -1.43184065
Link 23 65 244 0 0.43782573
Link 65 11 245 0 -0.44996971
Link 5 55 250 0 0.24541621
Link 7 68 286 0 1.40555483
Link 38 69 290 0 -1.10583554
Link 70 41 308 0 2.54679851
Link 41 72 327 0 0.15823923
Link 76 14 351 0 -0.14806064
Link 15 77 354 1 0.15227599
Link 77 38 355 1 3.32174350
Link 38 56 379 0 0.81346981
Link 43 80 390 0 0.26780542
Link 80 15 391 0 2.94262530
Link 2 81 399 0 -0.39513301
Link 81 13 400 0 -0.32509292
Link 16 85 430 1 1.11047521
Link 29 88 448 0 -0.16555975
Link 88 15 449 0 1.23503329
Link 3 90 459 0 3.37676958
Link 4 91 463 0 1.25373938
Link 91 17 464 0 -1.98122916
Link 6 98 520 0 -0.40359945
Link 13 55 582 1 -0.16992710
Link 113 15 641 0 -2.87098561
Link 2 119 693 0 1.80608153
Link 8 123 722 0 2.21416303
Link 123 42 723 0 -1.46874379
Link 2 124 738 0 1.23681079
Link 124 48 739 0 -2.08969005
Link 2 127 783 0 -0.41031470
Link 127 38 784 0 -0.26946080
Link 129 14 791 0 2.64016531
Link 132 43 802 0 0.04770539
Link 138 11 833 0 -0.10605667
Link 2 139 835 0 0.70678067
Link 139 19 836 0 -0.77609089
Link 9 38 844 0 0.17648077
Link 4 145 867 0 -0.31348459
Link 145 45 868 0 1.19680714
Link 19 57 882 0 1.04606051
Link 7 147 884 0 -1.67714089
Link 147 68 885 0 1.72221101
Link 57 156 931 0 1.10909416
Link 156 15 932 0 0.34259971
Link 32 14 970 0 2.32404261
Link 90 161 986 0 -0.23947124
Link 161 31 987 0 -1.40128667
Link 165 30 1006 0 -1.06108101
Link 119 168 1037 0 -0.81445256
Link 168 12 1038 0 -0.27525192
Link 8 175 1110 0 -0.05069731
Link 175 76 1111 0 2.64532803
Link 177 68 1132 1 1.78529558
Link 53 178 1135 0 1.71205285
Link 178 12 1136 0 -2.08946085
Link 2 180 1145 0 2.06584623
Link 180 11 1146 0 2.80784262
Link 29 56 1156 0 0.87021859
Link 19 183 1174 0 -2.80491309
Link 183 10 1175 0 0.90773310
Link 40 187 1190 0 1.67141702
Link 31 193 1223 0 1.32287114
Link 193 13 1224 0 0.07659131
Link 8 38 1271 0 0.79525281
Link 48 207 1299 0 -0.55084138
Link 207 16 1300 0 -0.35925157
Link 10 32 1308 1 -0.29975827
Link 138 138 1322 1 -5.12147620
Link 8 211 1335 0 -1.01042902
Link 211 48 1336 0 0.22326216
Link 4 212 1339 0 -0.02131897
Link 212 40 1340 0 -0.55713895
Link 3 214 1351 0 -1.57989486
Link 214 44 1352 0 2.35714971
Link 5 71 1358 0 1.77949342
Link 98 221 1402 0 -0.77401986
Link 221 23 1403 0 1.33571540
Link 10 68 1425 1 -3.44795667
Link 226 34 1448 0 0.81480949
Link 70 229 1466 0 0.32883142
Link 229 41 1467 0 -0.53471353
Link 9 71 1475 0 0.51815258
Link 5 231 1477 0 0.64239347
Link 231 50 1478 0 1.04384496
Link 232 14 1486 0 0.97222143
Link 44 56 1490 0 -0.02436654
Link 4 234 1505 0 -4.31755582
Link 239 10 1536 0 -1.01381541
Link 1 249 1588 0 0.30415574
Link 249 70 1589 0 3.49648302
Link 251 13 1601 0 -3.19861320
Link 45 252 1612 0 3.43674962
Link 252 16 1613 0 -1.87042955
Link 8 69 1708 0 0.42272103
Link 234 282 1813 0 -1.21273291
Link 282 55 1814 0 2.50637290
Link 16 48 1827 1 0.69175905
Link 7 291 1853 0 0.98162513
Link 291 61 1854 0 -0.40397888
Link 297 55 1885 0 -3.76937935
Link 8 301 1910 0 1.95109269
Link 301 13 1911 0 1.20551289
Link 310 14 1971 0 -2.25794182
Link 10 98 2009 1 2.17928154
Link 33 316 2017 0 2.16580090
Link 316 13 2018 0 -1.50232127
Link 8 338 2165 0 -1.27603657
Link 338 68 2166 0 -2.12606549
Link 1 98 2201 0 -2.58752662
Link 31 351 2254 1 2.56551897
Link 71 31 2288 0 1.87565128
Link 11 50 2323 1 1.20150989
Link 69 372 2424 0 1.50347082
Link 372 12 2425 0 0.40799661
Link 85 376 2461 1 0.90847825
Link 376 177 2462 1 0.31384553
Link 377 81 2466 0 1.39902310
Link 12 30 2517 1 -0.98926127
Link 40 19 2520 0 -1.01698247
Link 26 413 2685 0 -1.22864589
Link 5 419 2753 0 0.96036558
Link 419 15 2754 0 -2.45155271
Link 17 426 2801 0 -0.67066073
Link 426 113 2802 0 -2.02700754
Link 282 14 2835 0 1.72557807
Link 8 430 2838 0 -4.48692133
Link 430 40 2839 0 -0.47494332
Link 129 433 2865 1 -0.81251812
Link 433 129 2866 1 0.27970935
Link 69 436 2888 0 1.73425814
Link 436 15 2889 0 -0.23529505
Link 64 440 2909 0 0.14062312
Link 440 310 2910 0 0.73839151
Link 30 68 2927 0 2.90837923
Link 3 444 2959 0 0.20113953
Link 444 226 2960 0 1.53049025
Link 435 14 2972 0 -1.80555367
Link 4 447 2984 0 1.14515594
Link 50 11 2990 0 1.20553092
Link 214 214 3012 1 3.34587094
Link 435 458 3062 0 0.33081492
Link 458 393 3063 0 0.94013330
Link 34 310 3086 0 0.41542487
Link 14 462 3089 1 -0.25865132
Link 462 14 3090 1 -1.94037351
Link 11 338 3108 1 -1.51476122
Link 69 13 3154 0 -1.10539938
Link 4 476 3191 0 -1.01773704
Link 34 477 3196 0 3.43909847
Link 477 15 3197 0 -2.79705395
Link 393 479 3203 0 4.56171578
Link 479 71 3204 0 0.55730905
Link 15 69 3259 1 -0.94259646
Link 129 32 3288 1 0.85992564
Link 44 491 3321 0 1.00000000
Link 491 26 3322 0 0.55559657
Link 175 23 3433 0 1.51539707
Link 85 14 3454 0 -0.12306737
Link 5 514 3496 0 2.52597200
Link 494 519 3528 1 0.48262448
Link 519 15 3529 1 0.56241475
Link 129 524 3565 1 -0.36388357
Link 524 17 3566 1 -0.43616336
Link 17 535 3645 0 0.26293402
Link 535 40 3646 0 -2.53653548
Link 35 539 3673 0 0.76862288
Link 540 129 3685 0 -0.68308801
Link 17 22 3706 0 -1.64523986
Link 56 69 3774 0 0.00517433
Link 30 30 3785 1 1.68441204
Link 71 549 3793 0 -0.49377468
Link 549 130 3794 0 0.88772149
Link 15 553 3817 1 1.00000000
Link 553 494 3818 1 -1.36335564
Link 38 555 3839 1 0.88965619
Link 555 338 3840 1 0.96218065
Link 38 476 3858 1 -1.99702630
Link 558 15 3867 0 2.18536446
Link 564 435 3897 0 1.71819582
Link 5 569 3927 0 -1.01487192
Link 569 32 3928 0 -0.62804642
Link 476 575 3984 0 -3.15019296
Link 575 235 3985 0 1.04473814
Link 4 578 3999 0 -2.10849534
Link 578 36 4000 0 -0.68094625
Link 187 584 4060 0 0.60307640
Link 584 251 4061 0 -0.09591063
Link 589 14 4106 0 -0.97940036
Link 129 593 4133 0 2.81886709
Link 593 422 4134 0 0.96998290
Link 589 16 4185 0 -0.12788990
Link 605 435 4245 0 2.57426993
Link 165 609 4286 0 0.30052230
Link 609 426 4287 0 -0.60690586
Link 454 611 4315 0 1.12113413
Link 234 41 4363 0 -0.99197273
Link 16 619 4415 1 1.59403709
Link 619 251 4416 1 2.46868845
Link 71 41 4453 0 -0.06561131
Link 4 129 4496 0 -0.54870331
Link 5 630 4532 0 -0.95993221
Link 630 494 4533 0 2.59098914
Link 422 632 4555 0 1.38014679
Link 632 589 4556 0 -0.27891601
Link 637 454 4588 0 -1.94606701
Link 177 638 4594 1 -2.71352225
Link 638 70 4595 1 1.63022130
Link 393 643 4639 0 0.72109407
Link 643 48 4640 0 5.36902760
Link 645 165 4693 0 2.45090197
Link 40 40 4724 1 1.63864021
Link 494 651 4738 1 -0.79511804
Link 651 282 4739 1 0.46816631
Link 659 605 4814 0 -2.06504838
Link 430 19 4841 0 2.09973228
Link 76 680 5021 0 0.33283931
Link 680 68 5022 0 0.17696540
Link 251 681 5026 1 -0.91938862
Link 681 454 5027 1 -1.69370375
Link 7 682 5049 0 1.30359973
Link 682 53 5050 0 -0.36110329
Link 7 687 5077 0 1.87167099
Link 687 12 5078 0 -0.27795963
Link 68 688 5080 0 2.01230463
Link 688 130 5081 0 -1.98614529
Link 689 11 5098 0 -2.64680580
Link 698 55 5146 0 0.00722802
Link 130 129 5212 0 1.15722894
Link 251 712 5268 1 0.56816245
Link 712 61 5269 1 0.33413940
Link 68 715 5284 0 0.16340864
Link 715 10 5285 0 3.49182044
Link 611 721 5339 0 -1.48511376
Link 721 19 5340 0 0.51215277
Link 631 723 5356 0 -0.17811227
Link 723 239 5357 0 2.17216407
Link 3 724 5370 0 -0.92588747
Link 724 132 5371 0 2.45092752
Link 235 26 5385 0 -0.94376521
Link 32 736 5456 0 0.20306787
Link 736 251 5457 0 -2.11261145
Link 745 14 5527 0 1.70873420
Link 72 10 5548 0 2.64386281
Link 32 752 5590 0 0.23393754
Link 752 637 5591 0 2.72834834
Link 575 760 5680 0 1.41030316
Link 760 435 5681 0 0.65978860
Link 130 130 5784 1 1.34855039
Link 61 235 5787 1 -0.63345501
Link 569 44 5832 0 1.39942386
Link 226 76 5902 0 -3.32471810
Link 310 569 5975 1 2.85849262
Link 39 796 6036 0 -0.20151515
Link 796 61 6037 0 0.12113170
Link 31 64 6210 0 -1.06425374
Link 826 564 6283 0 -1.83753382
Link 130 837 6342 0 1.04453960
Link 837 689 6343 0 0.02256439
Link 494 796 6517 1 -1.66835132
Link 454 882 6747 0 0.33966390
Link 882 113 6748 0 -1.08157335
Link 645 38 6765 0 -1.19942050
Link 234 15 6860 0 -0.53641923
Link 58 422 6880 0 -0.80188596
Link 7 896 6915 0 1.38558206
Link 896 698 6916 0 0.85622358
Link 44 903 6991 0 1.66293905
Link 903 138 6992 0 -0.85582568
Link 64 917 7083 0 1.24761113
Link 917 745 7084 0 1.19380250
Link 611 35 7189 0 -0.04791590
Link 564 422 7273 0 0.91773431
Link 19 239 7292 0 2.40401520
Link 113 539 7310 0 -1.81802504
Link 177 494 7470 0 2.99545932
Link 71 687 7517 0 0.11540836
Link 72 645 7763 1 0.45686869
Link 291 435 7801 0 0.00479458
Link 430 165 7806 0 1.77949631
Link 31 991 7838 0 2.51183538
Link 991 732 7839 0 0.67007563
Link 68 993 7851 0 1.36761410
Link 993 631 7852 0 -1.95408312
Link 43 1009 8040 0 1.90365998
Link 1009 589 8041 0 3.44013116
Link 161 422 8085 0 -0.08006854
Link 2 1021 8108 0 2.06334278
Link 1021 645 8109 0 1.16985723
Link 58 1043 8362 0 -1.29988513
Link 235 1055 8518 0 0.75545842
Link 1055 826 8519 0 2.35427294
Link 1043 1061 8554 0 -0.16009819
Link 1061 129 8555 0 1.14343275
Link 630 48 8617 0 1.98381250
Link 611 372 8689 0 -1.97307456
Link 991 36 8705 0 0.87044476
Link 338 535 8744 0 0.71184313
Link 50 1093 8807 0 -0.33811383
Link 1093 540 8808 0 -2.01710835
Link 645 46 8931 0 1.67713809
Link 393 1110 8959 0 0.41606811
Link 1110 377 8960 0 -0.21138835
Link 514 15 8984 0 2.29128326
Link 589 36 9008 1 1.97282696
Link 540 15 9239 0 -0.57697972
Link 177 1150 9260 0 -0.50240912
Link 1150 156 9261 0 4.99391222
Link 351 1154 9285 1 -1.19691908
Link 1154 235 9286 1 -0.57723319
Link 732 1155 9292 0 0.66730698
Link 1155 29 9293 0 -1.15715388
Link 826 33 9437 0 -1.53682808
Link 476 1170 9440 0 -1.81125290
Link 1170 659 9441 0 -0.39561417
Link 71 796 9550 0 1.93624251
Link 619 1188 9597 1 1.00000000
Link 1188 338 9598 1 -1.25841102
Link 58 1194 9664 0 0.02733826
Link 1194 232 9665 0 1.19798452
Link 8 1198 9693 0 -0.11479575
Link 1198 558 9694 0 0.65319664
Link 712 1211 9824 0 1.38025786
Link 1211 129 9825 0 -1.52883334
Link 44 249 9890 1 -2.56504151
Link 147 1236 10089 0 1.13597123
Link 39 1155 10155 0 -0.87412206
Link 1247 297 10195 0 -0.21507677
Link 147 168 10422 0 -1.60276166
Link 71 991 10513 0 0.78609448
Link 413 1281 10522 0 1.00664310
Link 1281 10 10523 0 -0.70470371
Link 514 130 10685 0 0.07207150
Link 1 477 10960 0 -0.20696398
Link 435 48 11379 0 1.75289326
Link 1043 1093 11428 1 -2.02997509
Link 539 1372 11502 1 0.58562917
Link 38 569 11623 1 1.42905588
Link 4 454 11695 0 -0.17153651
Link 88 214 11714 1 -1.38519099
Link 351 113 11734 0 2.50590280
Link 183 659 11754 1 0.80668294
Link 19 72 11796 0 1.37424888
Link 58 1417 11929 0 3.09972357
Link 1417 732 11930 0 -1.29765669
Link 129 187 12032 0 -0.10581836
Link 71 30 12062 0 3.48960832
Link 19 1434 12080 0 0.18358653
Link 1434 1247 12081 0 0.71670021
Link 435 35 12090 0 1.66499307
Link 43 625 12093 0 -1.02607989
Link 221 430 12237 1 -2.09601286
Link 1021 13 12325 0 -0.89413047
Link 447 826 12478 0 2.23304697
Link 645 212 12587 0 1.76878994
Link 5 235 12656 0 -3.12352038
Link 1372 1497 12691 1 -1.18572281
Link 1497 301 12692 1 0.12304273
Link 249 161 12839 0 0.84981701
Link 519 46 12910 1 2.10497795
Link 896 214 13067 0 -1.27917204
Link 1528 252 13086 0 -0.94128473
Link 69 41 13255 1 1.21764595
Link 796 1552 13348 0 -1.68801411
Link 1552 129 13349 0 2.75475544
Link 90 1559 13411 0 0.40204613
Link 1559 1528 13412 0 2.59702802
Link 212 609 13498 0 -2.00875356
Link 65 436 13572 0 1.43892819
Link 71 1194 13591 0 1.85535003
Link 638 638 13714 1 -1.04456696
Link 589 297 13730 1 1.53273450
Link 625 1154 13896 1 -1.57915665
Link 145 1615 13948 1 -1.80787345
Link 1615 145 13949 1 -1.82549255
Link 1620 119 13974 1 1.00220546
Link 35 45 14005 0 -2.00122794
Link 177 1528 14280 1 -0.78605171
Link 119 301 14317 0 2.28945064
Link 57 882 14549 0 0.29373492
Link 64 45 14662 0 -2.26073583
Link 896 651 15089 0 -0.88528581
Link 68 207 15353 0 3.31023640
Link 214 235 15484 0 0.76186258
Link 540 1790 15606 1 1.45275492
Link 1790 1620 15607 1 -1.41567290
Link 98 589 15633 0 0.23257290
Link 555 70 15807 1 0.22122893
Link 178 252 15870 0 0.27886300
Link 605 10 15938 0 -3.46963602
Link 38 1417 16100 0 1.73071966
Link 127 1093 16243 0 -3.77246906
Link 433 745 16452 0 -1.71576620
Link 44 1150 16562 0 -0.87134108
Link 28 1886 16671 0 1.00000000
Link 1886 10 16672 0 -2.20831746
Link 61 56 16673 0 0.33772246
Link 419 1906 16868 1 -0.83990077
Link 1906 161 16869 1 0.61165807
Link 291 882 16935 0 -0.63428888
Link 207 207 16962 1 2.31203883
Link 419 156 17005 0 -1.47418931
Link 1434 637 17097 0 -2.06344320
Link 514 39 17335 0 0.56771078
Link 229 183 17470 0 3.13740179
Link 1093 826 17532 1 1.29170424
Link 1236 1962 17534 0 1.58607638
Link 1962 31 17535 0 -0.49481533
Link 175 235 17644 0 1.30054181
Link 147 178 17751 0 2.05387304
Link 630 207 17880 0 -2.05358885
Link 19 681 18086 0 0.93133134
Link 226 297 18179 0 -2.21728660
Link 444 643 18266 0 0.09245503
Link 1093 917 18650 0 1.05179839
GenomeEnd

