GenomeStart 55637
Neuron 1 1 0.00000000 1 0.00000000 0.00000000 0.00000000 0.00000000
Neuron 2 1 0.00000000 1 0.00000000 0.00000000 0.00000000 0.00000000
Neuron 3 1 0.00000000 1 0.00000000 0.00000000 0.00000000 0.00000000
Neuron 4 1 0.00000000 1 0.00000000 0.00000000 0.00000000 0.00000000
Neuron 5 1 0.00000000 1 0.00000000 0.00000000 0.00000000 0.00000000
Neuron 6 1 0.00000000 1 0.00000000 0.00000000 0.00000000 0.00000000
Neuron 7 1 0.00000000 1 0.00000000 0.00000000 0.00000000 0.00000000
Neuron 8 1 0.00000000 1 0.00000000 0.00000000 0.00000000 0.00000000
Neuron 9 2 0.00000000 1 0.00000000 0.00000000 0.00000000 0.00000000
Neuron 10 4 1.00000000 0 1.00000000 0.00000000 0.00000000 0.00000000
Neuron 11 4 1.00000000 0 1.00000000 0.00000000 0.00000000 0.00000000
Neuron 12 4 1.00000000 0 1.00000000 0.00000000 0.00000000 0.00000000
Neuron 13 4 1.00000000 0 1.00000000 0.00000000 0.00000000 0.00000000
Neuron 14 4 1.00000000 0 1.00000000 0.00000000 0.00000000 0.00000000
Neuron 15 4 1.00000000 0 1.00000000 0.00000000 0.00000000 0.00000000
Neuron 16 4 1.00000000 0 1.00000000 0.00000000 0.00000000 0.00000000
Neuron 17 3 0.50000000 1 1.00000000 0.00000000 0.00000000 0.00000000
Neuron 19 3 0.50000000 1 1.00000000 0.00000000 0.00000000 0.00000000
Neuron 22 3 0.50000000 1 1.00000000 0.00000000 0.00000000 0.00000000
Neuron 23 3 0.50000000 1 1.00000000 0.00000000 0.00000000 0.00000000
Neuron 26 3 0.50000000 1 1.00000000 0.00000000 0.00000000 0.00000000
Neuron 29 3 0.50000000 1 1.00000000 0.00000000 0.00000000 0.00000000
Neuron 30 3 0.50000000 1 1.00000000 0.00000000 0.00000000 0.00000000
Neuron 31 3 0.50000000 1 1.00000000 0.00000000 0.00000000 0.00000000
Neuron 32 3 0.50000000 1 1.00000000 0.00000000 0.00000000 0.00000000
Neuron 33 3 0.50000000 1 1.00000000 0.00000000 0.00000000 0.00000000
Neuron 34 3 0.50000000 1 1.00000000 0.00000000 0.00000000 0.00000000
Neuron 35 3 0.50000000 1 1.00000000 0.00000000 0.00000000 0.00000000
Neuron 36 3 0.50000000 1 1.00000000 0.00000000 0.00000000 0.00000000
Neuron 38 3 0.50000000 1 1.00000000 0.00000000 0.00000000 0.00000000
Neuron 39 3 0.50000000 1 1.00000000 0.00000000 0.00000000 0.00000000
Neuron 40 3 0.50000000 1 1.00000000 0.00000000 0.00000000 0.00000000
Neuron 41 3 0.50000000 1 1.00000000 0.00000000 0.00000000 0.00000000
Neuron 43 3 0.50000000 1 1.00000000 0.00000000 0.00000000 0.00000000
Neuron 44 3 0.50000000 1 1.00000000 0.00000000 0.00000000 0.00000000
Neuron 45 3 0.50000000 1 1.00000000 0.00000000 0.00000000 0.00000000
Neuron 46 3 0.50000000 1 1.00000000 0.00000000 0.00000000 0.00000000
Neuron 48 3 0.50000000 1 1.00000000 0.00000000 0.00000000 0.00000000
Neuron 50 3 0.50000000 1 1.00000000 0.00000000 0.00000000 0.00000000
Neuron 53 3 0.50000000 1 1.00000000 0.00000000 0.00000000 0.00000000
Neuron 55 3 0.50000000 1 1.00000000 0.00000000 0.00000000 0.00000000
Neuron 56 3 0.50000000 1 1.00000000 0.00000000 0.00000000 0.00000000
Neuron 57 3 0.50000000 1 1.00000000 0.00000000 0.00000000 0.00000000
Neuron 58 3 0.50000000 1 1.00000000 0.00000000 0.00000000 0.00000000
Neuron 61 3 0.50000000 1 1.00000000 0.00000000 0.00000000 0.00000000
Neuron 64 3 0.50000000 1 1.00000000 0.00000000 0.00000000 0.00000000
Neuron 68 3 0.50000000 1 1.00000000 0.00000000 0.00000000 0.00000000
Neuron 69 3 0.75000000 1 1.00000000 0.00000000 0.00000000 0.00000000
Neuron 70 3 0.25000000 1 1.00000000 0.00000000 0.00000000 0.00000000
Neuron 71 3 0.50000000 1 1.00000000 0.00000000 0.00000000 0.00000000
Neuron 72 3 0.75000000 1 1.00000000 0.00000000 0.00000000 0.00000000
Neuron 76 3 0.50000000 1 1.00000000 0.00000000 0.00000000 0.00000000
Neuron 81 3 0.50000000 1 1.00000000 0.00000000 0.00000000 0.00000000
Neuron 85 3 0.75000000 1 1.00000000 0.00000000 0.00000000 0.00000000
Neuron 88 3 0.75000000 1 1.00000000 0.00000000 0.00000000 0.00000000
Neuron 90 3 0.25000000 1 1.00000000 0.00000000 0.00000000 0.00000000
Neuron 91 3 0.25000000 1 1.00000000 0.00000000 0.00000000 0.00000000
Neuron 98 3 0.25000000 1 1.00000000 0.00000000 0.00000000 0.00000000
Neuron 113 3 0.75000000 1 1.00000000 0.00000000 0.00000000 0.00000000
Neuron 119 3 0.50000000 1 1.00000000 0.00000000 0.00000000 0.00000000
Neuron 129 3 0.75000000 1 1.00000000 0.00000000 0.00000000 0.00000000
Neuron 130 3 0.75000000 1 1.00000000 0.00000000 0.00000000 0.00000000
Neuron 132 3 0.25000000 1 1.00000000 0.00000000 0.00000000 0.00000000
Neuron 145 3 0.25000000 1 1.00000000 0.00000000 0.00000000 0.00000000
Neuron 147 3 0.25000000 1 1.00000000 0.00000000 0.00000000 0.00000000
Neuron 156 3 0.75000000 1 1.00000000 0.00000000 0.00000000 0.00000000
Neuron 161 3 0.37500000 1 1.00000000 0.00000000 0.00000000 0.00000000
Neuron 165 3 0.25000000 1 1.00000000 0.00000000 0.00000000 0.00000000
Neuron 175 3 0.25000000 1 1.00000000 0.00000000 0.00000000 0.00000000
Neuron 177 3 0.62500000 1 1.00000000 0.00000000 0.00000000 0.00000000
Neuron 180 3 0.50000000 1 1.00000000 0.00000000 0.00000000 0.00000000
Neuron 183 3 0.75000000 1 1.00000000 0.00000000 0.00000000 0.00000000
Neuron 187 3 0.75000000 1 1.00000000 0.00000000 0.00000000 0.00000000
Neuron 207 3 0.75000000 1 1.00000000 0.00000000 0.00000000 0.00000000
Neuron 212 3 0.25000000 1 1.00000000 0.00000000 0.00000000 0.00000000
Neuron 214 3 0.25000000 1 1.00000000 0.00000000 0.00000000 0.00000000
Neuron 221 3 0.37500000 1 1.00000000 0.00000000 0.00000000 0.00000000
Neuron 226 3 0.25000000 1 1.00000000 0.00000000 0.00000000 0.00000000
Neuron 229 3 0.37500000 1 1.00000000 0.00000000 0.00000000 0.00000000
Neuron 232 3 0.75000000 1 1.00000000 0.00000000 0.00000000 0.00000000
Neuron 234 3 0.25000000 1 1.00000000 0.00000000 0.00000000 0.00000000
Neuron 235 3 0.25000000 1 1.00000000 0.00000000 0.00000000 0.00000000
Neuron 239 3 0.75000000 1 1.00000000 0.00000000 0.00000000 0.00000000
Neuron 251 3 0.87500000 1 1.00000000 0.00000000 0.00000000 0.00000000
Neuron 282 3 0.37500000 1 1.00000000 0.00000000 0.00000000 0.00000000
Neuron 291 3 0.25000000 1 1.00000000 0.00000000 0.00000000 0.00000000
Neuron 310 3 0.75000000 1 1.00000000 0.00000000 0.00000000 0.00000000
Neuron 338 3 0.25000000 1 1.00000000 0.00000000 0.00000000 0.00000000
Neuron 351 3 0.37500000 1 1.00000000 0.00000000 0.00000000 0.00000000
Neuron 372 3 0.87500000 1 1.00000000 0.00000000 0.00000000 0.00000000
Neuron 377 3 0.50000000 1 1.00000000 0.00000000 0.00000000 0.00000000
Neuron 393 3 0.37500000 1 1.00000000 0.00000000 0.00000000 0.00000000
Neuron 422 3 0.87500000 1 1.00000000 0.00000000 0.00000000 0.00000000
Neuron 426 3 0.62500000 1 1.00000000 0.00000000 0.00000000 0.00000000
Neuron 430 3 0.25000000 1 1.00000000 0.00000000 0.00000000 0.00000000
Neuron 435 3 0.31250000 1 1.00000000 0.00000000 0.00000000 0.00000000
Neuron 436 3 0.87500000 1 1.00000000 0.00000000 0.00000000 0.00000000
Neuron 440 3 0.62500000 1 1.00000000 0.00000000 0.00000000 0.00000000
Neuron 447 3 0.18750000 1 1.00000000 0.00000000 0.00000000 0.00000000
Neuron 454 3 0.50000000 1 1.00000000 0.00000000 0.00000000 0.00000000
Neuron 476 3 0.12500000 1 1.00000000 0.00000000 0.00000000 0.00000000
Neuron 477 3 0.75000000 1 1.00000000 0.00000000 0.00000000 0.00000000
Neuron 494 3 1.00000000 1 1.00000000 0.00000000 0.00000000 0.00000000
Neuron 514 3 0.25000000 1 1.00000000 0.00000000 0.00000000 0.00000000
Neuron 519 3 1.00000000 1 1.00000000 0.00000000 0.00000000 0.00000000
Neuron 535 3 0.50000000 1 1.00000000 0.00000000 0.00000000 0.00000000
Neuron 539 3 0.75000000 1 1.00000000 0.00000000 0.00000000 0.00000000
Neuron 540 3 0.62500000 1 1.00000000 0.00000000 0.00000000 0.00000000
Neuron 564 3 0.28125000 1 1.00000000 0.00000000 0.00000000 0.00000000
Neuron 569 3 0.25000000 1 1.00000000 0.00000000 0.00000000 0.00000000
Neuron 575 3 0.18750000 1 1.00000000 0.00000000 0.00000000 0.00000000
Neuron 589 3 0.93750000 1 1.00000000 0.00000000 0.00000000 0.00000000
Neuron 605 3 0.21875000 1 1.00000000 0.00000000 0.00000000 0.00000000
Neuron 609 3 0.43750000 1 1.00000000 0.00000000 0.00000000 0.00000000
Neuron 611 3 0.50000000 1 1.00000000 0.00000000 0.00000000 0.00000000
Neuron 619 3 0.93750000 1 1.00000000 0.00000000 0.00000000 0.00000000
Neuron 630 3 0.50000000 1 1.00000000 0.00000000 0.00000000 0.00000000
Neuron 631 3 0.62500000 1 1.00000000 0.00000000 0.00000000 0.00000000
Neuron 638 3 0.43750000 1 1.00000000 0.00000000 0.00000000 0.00000000
Neuron 645 3 0.12500000 1 1.00000000 0.00000000 0.00000000 0.00000000
Neuron 659 3 0.17187500 1 1.00000000 0.00000000 0.00000000 0.00000000
Neuron 681 3 0.68750000 1 1.00000000 0.00000000 0.00000000 0.00000000
Neuron 687 3 0.50000000 1 1.00000000 0.00000000 0.00000000 0.00000000
Neuron 732 3 0.50000000 1 1.00000000 0.00000000 0.00000000 0.00000000
Neuron 736 3 0.68750000 1 1.00000000 0.00000000 0.00000000 0.00000000
Neuron 745 3 0.75000000 1 1.00000000 0.00000000 0.00000000 0.00000000
Neuron 796 3 0.50000000 1 1.00000000 0.00000000 0.00000000 0.00000000
Neuron 826 3 0.26562500 1 1.00000000 0.00000000 0.00000000 0.00000000
Neuron 882 3 0.62500000 1 1.00000000 0.00000000 0.00000000 0.00000000
Neuron 917 3 0.62500000 1 1.00000000 0.00000000 0.00000000 0.00000000
Neuron 991 3 0.50000000 1 1.00000000 0.00000000 0.00000000 0.00000000
Neuron 1009 3 0.71875000 1 1.00000000 0.00000000 0.00000000 0.00000000
Neuron 1043 3 0.62500000 1 1.00000000 0.00000000 0.00000000 0.00000000
Link 1 10 1 0 -3.06326013
Link 2 10 2 0 1.18748123
Link 3 10 3 0 1.24880161
Link 4 10 4 0 -0.56462054
Link 6 10 6 0 -0.82928301
Link 8 10 8 0 -1.32050456
Link 9 10 9 0 0.79722856
Link 1 11 10 0 -4.37573317
Link 2 11 11 0 0.30219904
Link 3 11 12 0 -0.32669387
Link 4 11 13 0 0.50889813
Link 5 11 14 0 -1.94355938
Link 6 11 15 0 0.45344440
Link 7 11 16 0 1.27641473
Link 8 11 17 0 0.07635984
Link 9 11 18 0 -2.03245048
Link 1 12 19 0 -0.66190286
Link 3 12 21 0 2.05703975
Link 4 12 22 0 1.00062689
Link 5 12 23 0 0.78956677
Link 6 12 24 0 -4.92829610
Link 8 12 26 0 -0.40302647
Link 9 12 27 0 1.91479831
Link 1 13 28 0 -1.73033975
Link 3 13 30 0 0.56879841
Link 4 13 31 0 -1.43032595
Link 6 13 33 0 -0.23314599
Link 8 13 35 0 -0.89233645
Link 9 13 36 0 0.00301234
Link 3 14 39 0 -0.04017070
Link 4 14 40 0 -0.45913448
Link 6 14 42 0 2.40576783
Link 8 14 44 0 0.81171603
Link 9 14 45 0 -0.84973349
Link 1 15 46 0 -2.21443815
Link 2 15 47 0 0.56651570
Link 4 15 49 0 -3.09419324
Link 5 15 50 0 0.43286386
Link 7 15 52 0 1.91392520
Link 8 15 53 0 0.16894600
Link 9 15 54 0 -0.49233863
Link 1 16 55 0 -1.55970954
Link 2 16 56 0 0.45012931
Link 3 16 57 0 -3.12035162
Link 4 16 58 0 0.79802750
Link 5 16 59 0 0.82648210
Link 7 16 61 0 -1.83086620
Link 8 16 62 0 -0.20371596
Link 9 16 63 0 -0.23021766
Link 2 19 71 0 -0.46342737
Link 6 22 80 0 0.51928972
Link 22 16 81 0 1.27547862
Link 23 11 84 0 0.36478626
Link 5 26 93 0 -0.70309505
Link 26 10 94 0 -0.74805226
Link 8 29 102 0 0.37852956
Link 2 30 105 0 -1.12829222
Link 30 14 106 0 -0.95965960
Link 31 13 109 0 -1.07484064
Link 8 32 111 0 1.28294451
Link 32 13 112 0 -1.05743868
Link 6 33 115 0 0.68437158
Link 33 13 116 0 1.30134292
Link 34 12 119 0 0.55102347
Link 5 35 121 0 1.34140764
Link 35 13 122 0 -1.81649564
Link 4 36 126 0 2.25416718
Link 36 14 127 0 -2.80752530
Link 2 38 132 0 0.61943263
Link 6 39 135 0 -0.61866474
Link 39 15 136 0 2.22666085
Link 41 14 142 0 1.11099372
Link 43 15 148 0 -1.47426815
Link 44 11 151 0 2.14390484
Link 45 16 154 0 3.24982532
Link 5 46 156 0 1.22618382
Link 46 12 157 0 1.74309015
Link 2 48 162 0 -3.17363543
Link 5 50 171 0 -1.07265522
Link 7 53 186 0 -1.78175278
Link 53 12 187 0 -2.25264292
Link 2 55 193 0 -1.24772742
Link 55 11 194 0 1.15434533
Link 7 56 197 0 -1.23576487
Link 56 16 198 0 1.18112474
Link 5 57 202 0 1.24866476
Link 6 58 208 0 -1.38766307
Link 61 13 220 0 3.09499195
Link 14 14 233 1 -0.57497269
Link 7 64 237 0 -1.94747718
Link 7 55 249 0 1.00347917
Link 5 55 250 0 3.51418938
Link 15 38 261 1 2.92794716
Link 7 68 286 0 0.84208955
Link 68 10 287 0 0.87167403
Link 38 69 290 0 3.64812327
Link 1 70 307 0 1.05957212
Link 70 41 308 0 -0.77178133
Link 41 72 327 0 1.60913791
Link 72 14 328 0 -0.82485864
Link 76 14 351 0 1.63171592
Link 38 56 379 0 1.33716555
Link 2 81 399 0 0.96860766
Link 81 13 400 0 -0.46495879
Link 16 85 430 1 1.45001639
Link 29 88 448 0 -0.19609030
Link 88 15 449 0 -0.89755271
Link 3 90 459 0 0.78876186
Link 4 91 463 0 0.61441085
Link 91 17 464 0 1.97838559
Link 6 98 520 0 0.32989732
Link 13 55 582 1 1.07808495
Link 113 15 641 0 2.31821564
Link 2 119 693 0 1.80579178
Link 119 12 694 0 -2.02581575
Link 129 14 791 0 2.29054904
Link 71 130 795 0 -1.33433872
Link 130 11 796 0 -3.20236189
Link 3 132 801 0 1.19172020
Link 132 43 802 0 -2.87851731
Link 9 38 844 0 -0.46367371
Link 4 145 867 0 2.06218494
Link 145 45 868 0 -1.25755995
Link 19 57 882 0 1.40542698
Link 7 147 884 0 -1.25722482
Link 147 68 885 0 -0.81245523
Link 57 156 931 0 1.45356276
Link 156 15 932 0 -0.95188026
Link 32 14 970 0 -1.51551949
Link 90 161 986 0 0.51261438
Link 161 31 987 0 1.31948672
Link 165 30 1006 0 -0.21002816
Link 8 48 1064 0 -0.81072784
Link 68 68 1084 1 -2.97545590
Link 8 175 1110 0 -0.15426948
Link 175 76 1111 0 2.58185979
Link 85 177 1131 1 -0.91390386
Link 177 68 1132 1 -0.99730928
Link 2 180 1145 0 0.89060954
Link 180 11 1146 0 0.20815377
Link 29 56 1156 0 1.08939758
Link 19 183 1174 0 0.68811382
Link 183 10 1175 0 0.75207063
Link 40 187 1190 0 0.39271180
Link 8 38 1271 0 2.48333323
Link 48 207 1299 0 0.91839011
Link 207 16 1300 0 -0.81924521
Link 10 32 1308 1 0.33101872
Link 4 212 1339 0 1.11986647
Link 212 40 1340 0 -2.73391879
Link 3 214 1351 0 -0.98821783
Link 214 44 1352 0 -2.62421934
Link 5 71 1358 0 -0.39162167
Link 98 221 1402 0 0.91065794
Link 221 23 1403 0 -0.27773799
Link 10 68 1425 1 -2.00303498
Link 3 226 1447 0 0.58950534
Link 226 34 1448 0 -0.99277591
Link 70 229 1466 0 -1.23653686
Link 229 41 1467 0 0.06746373
Link 9 71 1475 0 1.05139832
Link 58 232 1485 0 2.04587736
Link 232 14 1486 0 -1.28083439
Link 44 56 1490 0 -1.40997571
Link 4 234 1505 0 -1.18005814
Link 239 10 1536 0 -1.23569467
Link 187 251 1600 0 0.49684801
Link 251 13 1601 0 -1.97682145
Link 19 55 1661 0 -1.91094161
Link 8 69 1708 0 -2.48661883
Link 234 282 1813 0 -1.34760369
Link 282 55 1814 0 1.67188770
Link 16 48 1827 1 -1.98513136
Link 7 291 1853 0 1.88132525
Link 291 61 1854 0 -0.13395651
Link 310 14 1971 0 -0.78684523
Link 8 338 2165 0 0.05935757
Link 338 68 2166 0 0.23179623
Link 1 98 2201 0 1.35465392
Link 31 351 2254 1 0.65463031
Link 351 235 2255 1 0.95940435
Link 71 31 2288 0 1.12443241
Link 11 50 2323 1 1.55282962
Link 69 372 2424 0 -1.77109273
Link 372 12 2425 0 -0.70869802
Link 377 81 2466 0 0.58596173
Link 12 30 2517 1 0.18832388
Link 40 19 2520 0 -0.24280025
Link 129 129 2564 1 0.68724236
Link 393 71 2567 0 -0.98559588
Link 44 26 2687 0 2.01227657
Link 129 422 2777 0 -0.08118492
Link 17 426 2801 0 -2.48529826
Link 426 113 2802 0 3.20699357
Link 129 17 2822 1 0.80113832
Link 8 430 2838 0 -1.19602439
Link 430 40 2839 0 0.91802655
Link 435 393 2885 0 1.78447688
Link 69 436 2888 0 1.97959112
Link 436 15 2889 0 -0.43666906
Link 64 440 2909 0 0.94829935
Link 440 310 2910 0 0.80218839
Link 30 68 2927 0 0.78696350
Link 38 338 2934 1 -0.56414438
Link 435 14 2972 0 -0.88279005
Link 4 447 2984 0 2.03550361
Link 447 282 2985 0 -0.91852392
Link 50 11 2990 0 -1.05958364
Link 214 214 3012 1 0.16548457
Link 32 454 3037 0 -0.61791646
Link 34 310 3086 0 1.23437676
Link 11 338 3108 1 -0.81025720
Link 69 13 3154 0 -1.08334540
Link 4 476 3191 0 -0.34877387
Link 34 477 3196 0 1.92802829
Link 477 15 3197 0 -1.06490021
Link 129 32 3288 1 1.51512201
Link 35 48 3291 0 0.24648681
Link 15 494 3341 1 -1.58607055
Link 85 14 3454 0 -2.53894722
Link 5 514 3496 0 0.77557202
Link 514 56 3497 0 2.17410355
Link 494 519 3528 1 0.64311773
Link 519 15 3529 1 0.34194815
Link 17 535 3645 0 0.20950431
Link 535 40 3646 0 -2.16816914
Link 35 539 3673 0 -0.04532776
Link 539 16 3674 0 0.52365440
Link 50 540 3684 0 1.41634712
Link 540 129 3685 0 3.13654125
Link 56 69 3774 0 -1.32013573
Link 30 30 3785 1 -0.35876732
Link 393 48 3799 0 1.69496179
Link 38 476 3858 1 -5.02584328
Link 564 435 3897 0 1.58635062
Link 494 282 3904 1 -0.13186093
Link 5 569 3927 0 -1.65289810
Link 569 32 3928 0 1.31698793
Link 476 575 3984 0 -4.20998068
Link 575 235 3985 0 1.74199739
Link 422 589 4105 0 1.20168890
Link 589 14 4106 0 0.03740006
Link 589 16 4185 0 -1.30772331
Link 605 435 4245 0 0.55930848
Link 85 64 4254 1 -0.29685123
Link 165 609 4286 0 1.01401577
Link 609 426 4287 0 -0.59460792
Link 23 50 4305 0 -0.33077763
Link 454 611 4315 0 3.03438727
Link 611 19 4316 0 -1.52206233
Link 16 619 4415 1 1.56030164
Link 619 251 4416 1 -0.29928542
Link 71 41 4453 0 -2.79453897
Link 4 129 4496 0 0.52469269
Link 5 630 4532 0 -0.96302232
Link 630 494 4533 0 0.68171773
Link 68 631 4544 0 1.33317407
Link 631 239 4545 0 0.56598112
Link 177 638 4594 1 0.99107001
Link 638 70 4595 1 4.08490056
Link 2 645 4692 0 2.21555331
Link 645 165 4693 0 -0.89943774
Link 575 435 4702 0 0.43331230
Link 76 68 4716 0 1.73453933
Link 40 40 4724 1 -0.06551568
Link 476 659 4813 0 0.53434599
Link 659 605 4814 0 -0.98732121
Link 68 130 4837 0 -0.69689250
Link 251 61 4915 1 1.37325140
Link 251 681 5026 1 0.89827310
Link 681 454 5027 1 2.74229090
Link 7 687 5077 0 3.59878295
Link 687 12 5078 0 -1.42467996
Link 130 129 5212 0 1.27795215
Link 235 26 5385 0 1.01416065
Link 732 29 5410 0 -0.88917228
Link 32 736 5456 0 -0.11649165
Link 736 251 5457 0 -1.34922440
Link 147 31 5497 0 4.35255665
Link 745 14 5527 0 0.22518380
Link 72 10 5548 0 2.59473480
Link 130 130 5784 1 -0.20273964
Link 61 235 5787 1 -0.48553585
Link 569 44 5832 0 1.18527985
Link 226 76 5902 0 0.73183819
Link 310 569 5975 1 1.04497950
Link 39 796 6036 0 0.92234255
Link 796 61 6037 0 0.57586169
Link 31 64 6210 0 -1.35780997
Link 235 826 6282 0 0.76502269
Link 826 564 6283 0 0.01114754
Link 494 796 6517 1 -0.88038887
Link 454 882 6747 0 0.91628855
Link 882 113 6748 0 -0.75948828
Link 645 38 6765 0 -2.75666734
Link 234 15 6860 0 -0.89358030
Link 58 422 6880 0 1.29091884
Link 64 917 7083 0 1.12230944
Link 917 745 7084 0 1.28671616
Link 611 35 7189 0 -0.48529305
Link 393 377 7262 0 2.47340118
Link 564 422 7273 0 -0.66499989
Link 19 239 7292 0 5.68957663
Link 113 539 7310 0 -2.80577643
Link 71 687 7517 0 -2.11370216
Link 72 645 7763 1 0.21537820
Link 291 435 7801 0 0.01943169
Link 31 991 7838 0 1.12064765
Link 991 732 7839 0 1.05724763
Link 43 1009 8040 0 0.80278309
Link 1009 589 8041 0 4.74681915
Link 161 422 8085 0 0.88178061
Link 58 1043 8362 0 0.98334221
Link 1043 129 8363 0 -1.45255201
GenomeEnd

