GenomeStart 40650
Neuron 1 1 0.00000000 1 0.00000000 0.00000000 0.00000000 0.00000000
Neuron 2 1 0.00000000 1 0.00000000 0.00000000 0.00000000 0.00000000
Neuron 3 1 0.00000000 1 0.00000000 0.00000000 0.00000000 0.00000000
Neuron 4 1 0.00000000 1 0.00000000 0.00000000 0.00000000 0.00000000
Neuron 5 1 0.00000000 1 0.00000000 0.00000000 0.00000000 0.00000000
Neuron 6 1 0.00000000 1 0.00000000 0.00000000 0.00000000 0.00000000
Neuron 7 1 0.00000000 1 0.00000000 0.00000000 0.00000000 0.00000000
Neuron 8 1 0.00000000 1 0.00000000 0.00000000 0.00000000 0.00000000
Neuron 9 2 0.00000000 1 0.00000000 0.00000000 0.00000000 0.00000000
Neuron 10 4 1.00000000 0 1.00000000 0.00000000 0.00000000 0.00000000
Neuron 11 4 1.00000000 0 1.00000000 0.00000000 0.00000000 0.00000000
Neuron 12 4 1.00000000 0 1.00000000 0.00000000 0.00000000 0.00000000
Neuron 13 4 1.00000000 0 1.00000000 0.00000000 0.00000000 0.00000000
Neuron 14 4 1.00000000 0 1.00000000 0.00000000 0.00000000 0.00000000
Neuron 15 4 1.00000000 0 1.00000000 0.00000000 0.00000000 0.00000000
Neuron 16 4 1.00000000 0 1.00000000 0.00000000 0.00000000 0.00000000
Neuron 17 3 0.50000000 1 1.00000000 0.00000000 0.00000000 0.00000000
Neuron 19 3 0.50000000 1 1.00000000 0.00000000 0.00000000 0.00000000
Neuron 22 3 0.50000000 1 1.00000000 0.00000000 0.00000000 0.00000000
Neuron 23 3 0.50000000 1 1.00000000 0.00000000 0.00000000 0.00000000
Neuron 30 3 0.50000000 1 1.00000000 0.00000000 0.00000000 0.00000000
Neuron 31 3 0.50000000 1 1.00000000 0.00000000 0.00000000 0.00000000
Neuron 32 3 0.50000000 1 1.00000000 0.00000000 0.00000000 0.00000000
Neuron 34 3 0.50000000 1 1.00000000 0.00000000 0.00000000 0.00000000
Neuron 37 3 0.50000000 1 1.00000000 0.00000000 0.00000000 0.00000000
Neuron 40 3 0.50000000 1 1.00000000 0.00000000 0.00000000 0.00000000
Neuron 41 3 0.50000000 1 1.00000000 0.00000000 0.00000000 0.00000000
Neuron 42 3 0.50000000 1 1.00000000 0.00000000 0.00000000 0.00000000
Neuron 44 3 0.50000000 1 1.00000000 0.00000000 0.00000000 0.00000000
Neuron 46 3 0.50000000 1 1.00000000 0.00000000 0.00000000 0.00000000
Neuron 50 3 0.50000000 1 1.00000000 0.00000000 0.00000000 0.00000000
Neuron 55 3 0.50000000 1 1.00000000 0.00000000 0.00000000 0.00000000
Neuron 57 3 0.50000000 1 1.00000000 0.00000000 0.00000000 0.00000000
Neuron 61 3 0.50000000 1 1.00000000 0.00000000 0.00000000 0.00000000
Neuron 64 3 0.50000000 1 1.00000000 0.00000000 0.00000000 0.00000000
Neuron 68 3 0.50000000 1 1.00000000 0.00000000 0.00000000 0.00000000
Neuron 70 3 0.25000000 1 1.00000000 0.00000000 0.00000000 0.00000000
Neuron 81 3 0.50000000 1 1.00000000 0.00000000 0.00000000 0.00000000
Neuron 85 3 0.75000000 1 1.00000000 0.00000000 0.00000000 0.00000000
Neuron 98 3 0.25000000 1 1.00000000 0.00000000 0.00000000 0.00000000
Neuron 113 3 0.75000000 1 1.00000000 0.00000000 0.00000000 0.00000000
Neuron 129 3 0.75000000 1 1.00000000 0.00000000 0.00000000 0.00000000
Neuron 139 3 0.25000000 1 1.00000000 0.00000000 0.00000000 0.00000000
Neuron 142 3 0.75000000 1 1.00000000 0.00000000 0.00000000 0.00000000
Neuron 147 3 0.25000000 1 1.00000000 0.00000000 0.00000000 0.00000000
Neuron 156 3 0.75000000 1 1.00000000 0.00000000 0.00000000 0.00000000
Neuron 165 3 0.25000000 1 1.00000000 0.00000000 0.00000000 0.00000000
Neuron 177 3 0.62500000 1 1.00000000 0.00000000 0.00000000 0.00000000
Neuron 187 3 0.75000000 1 1.00000000 0.00000000 0.00000000 0.00000000
Neuron 212 3 0.25000000 1 1.00000000 0.00000000 0.00000000 0.00000000
Neuron 226 3 0.25000000 1 1.00000000 0.00000000 0.00000000 0.00000000
Neuron 234 3 0.25000000 1 1.00000000 0.00000000 0.00000000 0.00000000
Neuron 239 3 0.75000000 1 1.00000000 0.00000000 0.00000000 0.00000000
Neuron 251 3 0.87500000 1 1.00000000 0.00000000 0.00000000 0.00000000
Neuron 282 3 0.37500000 1 1.00000000 0.00000000 0.00000000 0.00000000
Neuron 310 3 0.75000000 1 1.00000000 0.00000000 0.00000000 0.00000000
Neuron 342 3 0.62500000 1 1.00000000 0.00000000 0.00000000 0.00000000
Neuron 377 3 0.50000000 1 1.00000000 0.00000000 0.00000000 0.00000000
Neuron 422 3 0.87500000 1 1.00000000 0.00000000 0.00000000 0.00000000
Neuron 425 3 0.87500000 1 1.00000000 0.00000000 0.00000000 0.00000000
Neuron 426 3 0.62500000 1 1.00000000 0.00000000 0.00000000 0.00000000
Neuron 430 3 0.25000000 1 1.00000000 0.00000000 0.00000000 0.00000000
Neuron 444 3 0.12500000 1 1.00000000 0.00000000 0.00000000 0.00000000
Neuron 454 3 0.50000000 1 1.00000000 0.00000000 0.00000000 0.00000000
Neuron 494 3 1.00000000 1 1.00000000 0.00000000 0.00000000 0.00000000
Neuron 616 3 0.93750000 1 1.00000000 0.00000000 0.00000000 0.00000000
Neuron 625 3 0.62500000 1 1.00000000 0.00000000 0.00000000 0.00000000
Neuron 707 3 0.50000000 1 1.00000000 0.00000000 0.00000000 0.00000000
Neuron 780 3 0.37500000 1 1.00000000 0.00000000 0.00000000 0.00000000
Link 1 10 1 0 -1.22471019
Link 5 10 5 0 2.02270043
Link 6 10 6 0 1.84988710
Link 9 10 9 0 -0.16825464
Link 1 11 10 0 -2.03068565
Link 2 11 11 0 0.81899777
Link 4 11 13 0 5.71052507
Link 5 11 14 0 -0.82246258
Link 7 11 16 0 0.98417039
Link 9 11 18 0 0.15508146
Link 1 12 19 0 -3.08398226
Link 2 12 20 0 2.39821613
Link 4 12 22 0 2.99068832
Link 6 12 24 0 -1.12582447
Link 7 12 25 0 2.24044884
Link 8 12 26 0 -0.96040739
Link 9 12 27 0 -0.45459822
Link 1 13 28 0 -1.55914244
Link 6 13 33 0 -1.05455312
Link 3 14 39 0 -0.15067410
Link 4 14 40 0 2.54655979
Link 6 14 42 0 -0.03002877
Link 8 14 44 0 -0.49960265
Link 9 14 45 0 -1.16454493
Link 1 15 46 0 1.76662869
Link 3 15 48 0 0.07480686
Link 6 15 51 0 -0.66527704
Link 7 15 52 0 0.80195538
Link 8 15 53 0 -2.20616971
Link 9 15 54 0 2.17463566
Link 1 16 55 0 0.26237455
Link 2 16 56 0 0.10499732
Link 3 16 57 0 -0.34643777
Link 4 16 58 0 -0.56115263
Link 5 16 59 0 0.51278324
Link 7 16 61 0 3.23439071
Link 8 16 62 0 -4.07187365
Link 9 16 63 0 -0.02554999
Link 4 17 65 0 -1.21481838
Link 19 10 72 0 0.99543359
Link 6 22 80 0 1.11745386
Link 22 16 81 0 -0.60585307
Link 23 11 84 0 0.02937063
Link 30 14 106 0 -2.91036664
Link 3 31 108 0 2.14021894
Link 31 13 109 0 0.12086662
Link 8 32 111 0 0.43463940
Link 34 12 119 0 1.28162186
Link 2 37 129 0 0.97751883
Link 37 15 130 0 -1.28641070
Link 41 14 142 0 0.01506980
Link 8 42 144 0 0.37789411
Link 42 11 145 0 0.27067670
Link 3 44 150 0 1.09161218
Link 44 11 151 0 -0.74826249
Link 5 46 156 0 0.39375195
Link 46 12 157 0 -1.44805642
Link 5 50 171 0 -2.39335846
Link 2 55 193 0 0.01492141
Link 55 11 194 0 1.77291854
Link 5 57 202 0 0.83089248
Link 7 61 219 0 2.21524524
Link 61 13 220 0 0.14858480
Link 7 64 237 0 -0.72588665
Link 7 55 249 0 -1.05002231
Link 5 55 250 0 -0.11516887
Link 1 70 307 0 1.70147537
Link 70 41 308 0 3.64525032
Link 2 81 399 0 0.96347197
Link 81 13 400 0 -2.30319033
Link 16 85 430 1 1.36586208
Link 6 98 520 0 0.42924554
Link 98 23 521 0 1.08294799
Link 13 55 582 1 -0.63757398
Link 50 129 790 0 0.46878792
Link 2 139 835 0 1.66348464
Link 139 19 836 0 -0.08984261
Link 32 142 854 0 0.09205088
Link 142 13 855 0 -1.11195090
Link 19 57 882 0 1.40208642
Link 7 147 884 0 2.48311135
Link 147 68 885 0 -1.54444935
Link 156 15 932 0 0.26294061
Link 32 14 970 0 2.98969113
Link 81 15 972 0 -3.87601033
Link 2 165 1005 0 2.18895747
Link 165 30 1006 0 -0.21017286
Link 4 42 1081 0 -3.25116037
Link 85 177 1131 1 0.71091588
Link 177 68 1132 1 1.87364274
Link 40 187 1190 0 -1.04174913
Link 4 212 1339 0 1.98515604
Link 226 34 1448 0 1.08919630
Link 4 234 1505 0 -2.71666882
Link 68 239 1535 0 0.96254604
Link 239 10 1536 0 -1.13466367
Link 187 251 1600 0 -0.71631996
Link 19 55 1661 0 0.11772002
Link 234 282 1813 0 -1.36143619
Link 282 55 1814 0 -1.04726986
Link 64 310 1970 0 0.62856299
Link 310 14 1971 0 0.34708975
Link 57 342 2186 0 1.00000000
Link 342 156 2187 0 1.57717203
Link 1 98 2201 0 1.10337400
Link 34 377 2465 0 1.08921398
Link 377 81 2466 0 -1.49738390
Link 40 19 2520 0 -2.15610455
Link 4 282 2538 0 -2.52779487
Link 129 129 2564 1 1.48389731
Link 17 40 2643 0 -0.03487960
Link 34 15 2755 0 1.20173195
Link 129 422 2777 0 1.00000000
Link 422 14 2778 0 3.58520436
Link 113 425 2797 0 0.64730366
Link 425 15 2798 0 0.40495769
Link 17 426 2801 0 -0.36509935
Link 426 113 2802 0 0.32604202
Link 129 17 2822 1 -0.74518223
Link 8 430 2838 0 -2.07226072
Link 430 40 2839 0 0.09663047
Link 3 444 2959 0 0.92982832
Link 444 226 2960 0 -2.31079014
Link 32 454 3037 0 1.58975173
Link 454 19 3038 0 0.92361973
Link 34 310 3086 0 -0.82118637
Link 32 15 3151 0 -1.59483627
Link 15 494 3341 1 1.08430461
Link 494 15 3342 1 -2.12169915
Link 85 14 3454 0 -0.25898829
Link 30 30 3785 1 3.30014370
Link 165 426 3842 0 -1.91533510
Link 177 70 3881 1 -0.95742424
Link 494 282 3904 1 0.33663094
Link 16 251 3932 1 0.26195093
Link 251 454 4233 1 -0.87428688
Link 5 494 4368 0 -2.76010423
Link 251 616 4389 0 1.00000000
Link 616 13 4390 0 3.29259031
Link 19 70 4462 1 -1.06390238
Link 85 625 4509 1 -1.77707016
Link 625 64 4510 1 -0.13693242
Link 57 23 4546 0 -0.88135636
Link 234 226 4848 0 -0.92539062
Link 1 234 4988 0 -0.17475765
Link 625 625 5186 1 5.34661296
Link 19 707 5206 1 0.22596346
Link 707 19 5207 1 4.08325045
Link 5 147 5254 0 2.28908022
Link 251 57 5748 1 4.09121374
Link 212 780 5855 0 0.23646280
Link 780 40 5856 0 0.05022286
Link 780 19 5908 0 -3.61642890
Link 226 13 5936 0 -4.58382887
GenomeEnd

