GenomeStart 47741
Neuron 1 1 0.00000000 1 0.00000000 0.00000000 0.00000000 0.00000000
Neuron 2 1 0.00000000 1 0.00000000 0.00000000 0.00000000 0.00000000
Neuron 3 1 0.00000000 1 0.00000000 0.00000000 0.00000000 0.00000000
Neuron 4 1 0.00000000 1 0.00000000 0.00000000 0.00000000 0.00000000
Neuron 5 1 0.00000000 1 0.00000000 0.00000000 0.00000000 0.00000000
Neuron 6 1 0.00000000 1 0.00000000 0.00000000 0.00000000 0.00000000
Neuron 7 1 0.00000000 1 0.00000000 0.00000000 0.00000000 0.00000000
Neuron 8 1 0.00000000 1 0.00000000 0.00000000 0.00000000 0.00000000
Neuron 9 2 0.00000000 1 0.00000000 0.00000000 0.00000000 0.00000000
Neuron 10 4 1.00000000 0 1.00000000 0.00000000 0.00000000 0.00000000
Neuron 11 4 1.00000000 0 1.00000000 0.00000000 0.00000000 0.00000000
Neuron 12 4 1.00000000 0 1.00000000 0.00000000 0.00000000 0.00000000
Neuron 13 4 1.00000000 0 1.00000000 0.00000000 0.00000000 0.00000000
Neuron 14 4 1.00000000 0 1.00000000 0.00000000 0.00000000 0.00000000
Neuron 15 4 1.00000000 0 1.00000000 0.00000000 0.00000000 0.00000000
Neuron 16 4 1.00000000 0 1.00000000 0.00000000 0.00000000 0.00000000
Neuron 17 3 0.50000000 1 1.00000000 0.00000000 0.00000000 0.00000000
Neuron 18 3 0.50000000 1 1.00000000 0.00000000 0.00000000 0.00000000
Neuron 19 3 0.50000000 1 1.00000000 0.00000000 0.00000000 0.00000000
Neuron 22 3 0.50000000 1 1.00000000 0.00000000 0.00000000 0.00000000
Neuron 23 3 0.50000000 1 1.00000000 0.00000000 0.00000000 0.00000000
Neuron 30 3 0.50000000 1 1.00000000 0.00000000 0.00000000 0.00000000
Neuron 31 3 0.50000000 1 1.00000000 0.00000000 0.00000000 0.00000000
Neuron 32 3 0.50000000 1 1.00000000 0.00000000 0.00000000 0.00000000
Neuron 34 3 0.50000000 1 1.00000000 0.00000000 0.00000000 0.00000000
Neuron 38 3 0.50000000 1 1.00000000 0.00000000 0.00000000 0.00000000
Neuron 40 3 0.50000000 1 1.00000000 0.00000000 0.00000000 0.00000000
Neuron 41 3 0.50000000 1 1.00000000 0.00000000 0.00000000 0.00000000
Neuron 42 3 0.50000000 1 1.00000000 0.00000000 0.00000000 0.00000000
Neuron 50 3 0.50000000 1 1.00000000 0.00000000 0.00000000 0.00000000
Neuron 55 3 0.50000000 1 1.00000000 0.00000000 0.00000000 0.00000000
Neuron 57 3 0.50000000 1 1.00000000 0.00000000 0.00000000 0.00000000
Neuron 59 3 0.50000000 1 1.00000000 0.00000000 0.00000000 0.00000000
Neuron 61 3 0.50000000 1 1.00000000 0.00000000 0.00000000 0.00000000
Neuron 64 3 0.50000000 1 1.00000000 0.00000000 0.00000000 0.00000000
Neuron 65 3 0.75000000 1 1.00000000 0.00000000 0.00000000 0.00000000
Neuron 68 3 0.50000000 1 1.00000000 0.00000000 0.00000000 0.00000000
Neuron 70 3 0.25000000 1 1.00000000 0.00000000 0.00000000 0.00000000
Neuron 81 3 0.50000000 1 1.00000000 0.00000000 0.00000000 0.00000000
Neuron 85 3 0.75000000 1 1.00000000 0.00000000 0.00000000 0.00000000
Neuron 91 3 0.25000000 1 1.00000000 0.00000000 0.00000000 0.00000000
Neuron 98 3 0.25000000 1 1.00000000 0.00000000 0.00000000 0.00000000
Neuron 108 3 0.75000000 1 1.00000000 0.00000000 0.00000000 0.00000000
Neuron 113 3 0.75000000 1 1.00000000 0.00000000 0.00000000 0.00000000
Neuron 129 3 0.75000000 1 1.00000000 0.00000000 0.00000000 0.00000000
Neuron 139 3 0.25000000 1 1.00000000 0.00000000 0.00000000 0.00000000
Neuron 142 3 0.75000000 1 1.00000000 0.00000000 0.00000000 0.00000000
Neuron 147 3 0.25000000 1 1.00000000 0.00000000 0.00000000 0.00000000
Neuron 153 3 0.62500000 1 1.00000000 0.00000000 0.00000000 0.00000000
Neuron 156 3 0.75000000 1 1.00000000 0.00000000 0.00000000 0.00000000
Neuron 165 3 0.25000000 1 1.00000000 0.00000000 0.00000000 0.00000000
Neuron 170 3 0.75000000 1 1.00000000 0.00000000 0.00000000 0.00000000
Neuron 177 3 0.62500000 1 1.00000000 0.00000000 0.00000000 0.00000000
Neuron 187 3 0.75000000 1 1.00000000 0.00000000 0.00000000 0.00000000
Neuron 193 3 0.75000000 1 1.00000000 0.00000000 0.00000000 0.00000000
Neuron 226 3 0.25000000 1 1.00000000 0.00000000 0.00000000 0.00000000
Neuron 234 3 0.25000000 1 1.00000000 0.00000000 0.00000000 0.00000000
Neuron 239 3 0.75000000 1 1.00000000 0.00000000 0.00000000 0.00000000
Neuron 245 3 0.25000000 1 1.00000000 0.00000000 0.00000000 0.00000000
Neuron 249 3 0.12500000 1 1.00000000 0.00000000 0.00000000 0.00000000
Neuron 251 3 0.87500000 1 1.00000000 0.00000000 0.00000000 0.00000000
Neuron 282 3 0.37500000 1 1.00000000 0.00000000 0.00000000 0.00000000
Neuron 288 3 0.87500000 1 1.00000000 0.00000000 0.00000000 0.00000000
Neuron 310 3 0.75000000 1 1.00000000 0.00000000 0.00000000 0.00000000
Neuron 340 3 0.75000000 1 1.00000000 0.00000000 0.00000000 0.00000000
Neuron 377 3 0.50000000 1 1.00000000 0.00000000 0.00000000 0.00000000
Neuron 392 3 0.43750000 1 1.00000000 0.00000000 0.00000000 0.00000000
Neuron 426 3 0.62500000 1 1.00000000 0.00000000 0.00000000 0.00000000
Neuron 429 3 0.37500000 1 1.00000000 0.00000000 0.00000000 0.00000000
Neuron 430 3 0.25000000 1 1.00000000 0.00000000 0.00000000 0.00000000
Neuron 433 3 0.75000000 1 1.00000000 0.00000000 0.00000000 0.00000000
Neuron 444 3 0.12500000 1 1.00000000 0.00000000 0.00000000 0.00000000
Neuron 454 3 0.50000000 1 1.00000000 0.00000000 0.00000000 0.00000000
Neuron 494 3 1.00000000 1 1.00000000 0.00000000 0.00000000 0.00000000
Neuron 530 3 0.12500000 1 1.00000000 0.00000000 0.00000000 0.00000000
Neuron 535 3 0.50000000 1 1.00000000 0.00000000 0.00000000 0.00000000
Neuron 544 3 0.87500000 1 1.00000000 0.00000000 0.00000000 0.00000000
Neuron 548 3 0.37500000 1 1.00000000 0.00000000 0.00000000 0.00000000
Neuron 584 3 0.81250000 1 1.00000000 0.00000000 0.00000000 0.00000000
Neuron 602 3 0.75000000 1 1.00000000 0.00000000 0.00000000 0.00000000
Neuron 614 3 0.37500000 1 1.00000000 0.00000000 0.00000000 0.00000000
Neuron 619 3 0.93750000 1 1.00000000 0.00000000 0.00000000 0.00000000
Neuron 631 3 0.62500000 1 1.00000000 0.00000000 0.00000000 0.00000000
Neuron 649 3 0.50000000 1 1.00000000 0.00000000 0.00000000 0.00000000
Neuron 661 3 0.18750000 1 1.00000000 0.00000000 0.00000000 0.00000000
Neuron 706 3 0.96875000 1 1.00000000 0.00000000 0.00000000 0.00000000
Neuron 708 3 0.06250000 1 1.00000000 0.00000000 0.00000000 0.00000000
Neuron 798 3 0.95312500 1 1.00000000 0.00000000 0.00000000 0.00000000
Neuron 804 3 0.78125000 1 1.00000000 0.00000000 0.00000000 0.00000000
Neuron 806 3 0.98437500 1 1.00000000 0.00000000 0.00000000 0.00000000
Neuron 880 3 0.50000000 1 1.00000000 0.00000000 0.00000000 0.00000000
Neuron 910 3 0.96093750 1 1.00000000 0.00000000 0.00000000 0.00000000
Link 1 10 1 0 -0.84114106
Link 6 10 6 0 3.24937792
Link 9 10 9 0 1.22024836
Link 1 11 10 0 -2.62077430
Link 2 11 11 0 1.04627208
Link 3 11 12 0 -1.15015267
Link 4 11 13 0 5.55517929
Link 5 11 14 0 4.04779340
Link 7 11 16 0 -0.50210749
Link 9 11 18 0 0.47266744
Link 1 12 19 0 -2.35445364
Link 5 12 23 0 0.32026257
Link 7 12 25 0 4.30732808
Link 8 12 26 0 -0.37606070
Link 9 12 27 0 -1.58560022
Link 1 13 28 0 -4.89895664
Link 6 13 33 0 -3.63547841
Link 3 14 39 0 1.49925422
Link 4 14 40 0 0.80086148
Link 6 14 42 0 1.25539443
Link 8 14 44 0 -0.13216723
Link 9 14 45 0 -1.24351147
Link 1 15 46 0 1.17660425
Link 2 15 47 0 -0.66957378
Link 3 15 48 0 -2.68129299
Link 6 15 51 0 -0.20462966
Link 7 15 52 0 -1.19251132
Link 8 15 53 0 -1.63038722
Link 9 15 54 0 0.42586135
Link 1 16 55 0 3.18529031
Link 2 16 56 0 3.03824563
Link 3 16 57 0 -1.99064662
Link 4 16 58 0 2.17122088
Link 5 16 59 0 0.69600644
Link 7 16 61 0 2.50855478
Link 8 16 62 0 -1.47667739
Link 9 16 63 0 -0.64453034
Link 6 18 68 0 0.76353609
Link 18 12 69 0 -2.27387472
Link 19 10 72 0 0.47284595
Link 6 22 80 0 1.15458598
Link 22 16 81 0 0.69465442
Link 30 14 106 0 -1.61172179
Link 3 31 108 0 2.41939733
Link 8 32 111 0 -0.62088316
Link 13 13 124 1 -0.37088073
Link 2 38 132 0 0.67605636
Link 38 12 133 0 -1.61574152
Link 4 40 138 0 1.13891862
Link 41 14 142 0 1.05150028
Link 8 42 144 0 -2.30506860
Link 5 50 171 0 2.24592053
Link 2 55 193 0 -2.09119793
Link 5 57 202 0 -0.38779427
Link 4 59 211 0 0.30894194
Link 59 12 212 0 3.93888973
Link 7 61 219 0 -0.37609033
Link 61 13 220 0 -1.49257409
Link 7 64 237 0 2.78406100
Link 23 65 244 0 1.66523351
Link 65 11 245 0 -0.97761630
Link 7 55 249 0 -2.59501312
Link 70 41 308 0 1.36869696
Link 2 81 399 0 3.15864592
Link 81 13 400 0 -1.18950098
Link 16 85 430 1 1.44775374
Link 4 91 463 0 1.48755576
Link 91 17 464 0 1.97587090
Link 6 98 520 0 1.03286361
Link 98 23 521 0 0.49325379
Link 13 55 582 1 -0.94872293
Link 113 15 641 0 1.29389365
Link 50 129 790 0 2.55269166
Link 129 14 791 0 -0.57829933
Link 2 139 835 0 0.95995646
Link 139 19 836 0 0.75458908
Link 32 142 854 0 1.81628930
Link 142 13 855 0 -1.17516825
Link 19 57 882 0 3.06129684
Link 7 147 884 0 1.21975679
Link 55 153 915 0 1.96892108
Link 153 108 916 0 0.93025268
Link 57 156 931 0 0.55725296
Link 156 15 932 0 1.55025101
Link 2 165 1005 0 -1.16655185
Link 42 170 1056 0 1.00000000
Link 170 11 1057 0 -1.59305364
Link 85 177 1131 1 -1.45164267
Link 177 68 1132 1 3.21699467
Link 40 187 1190 0 0.93155458
Link 31 193 1223 0 0.66285633
Link 193 13 1224 0 0.77640269
Link 226 34 1448 0 -0.50436473
Link 4 234 1505 0 -0.89624872
Link 5 245 1563 0 -0.00483390
Link 249 70 1589 0 0.59994283
Link 251 13 1601 0 2.14267254
Link 19 55 1661 0 -0.81443087
Link 234 282 1813 0 1.86642939
Link 108 288 1844 0 0.33847293
Link 288 11 1845 0 0.81081280
Link 64 310 1970 0 1.78064121
Link 310 14 1971 0 0.64078061
Link 34 340 2176 0 1.29094505
Link 340 12 2177 0 1.07648324
Link 1 98 2201 0 0.97148121
Link 377 81 2466 0 -0.64293873
Link 40 19 2520 0 -2.64076899
Link 282 392 2561 0 1.21583783
Link 392 55 2562 0 0.89977934
Link 34 15 2755 0 3.87185823
Link 17 426 2801 0 -0.74212665
Link 426 113 2802 0 -1.66873265
Link 129 17 2822 1 -0.00523299
Link 147 429 2826 0 1.20825440
Link 429 68 2827 0 -1.73892417
Link 430 40 2839 0 -2.05493798
Link 129 433 2865 1 1.94718816
Link 433 129 2866 1 -2.06279529
Link 3 444 2959 0 3.26621558
Link 444 226 2960 0 -0.24147523
Link 32 454 3037 0 -0.88160311
Link 454 19 3038 0 0.03124098
Link 34 310 3086 0 1.26018868
Link 129 32 3288 1 0.36746694
Link 22 14 3317 0 -0.00576782
Link 494 15 3342 1 -1.86509331
Link 177 85 3436 0 2.27822939
Link 85 14 3454 0 -0.64639744
Link 8 530 3611 0 -1.01081989
Link 17 535 3645 0 0.85150907
Link 535 40 3646 0 1.70500688
Link 239 544 3734 0 0.38913300
Link 544 10 3735 0 -1.62027682
Link 165 548 3766 0 -0.67238013
Link 548 30 3767 0 0.12765621
Link 30 30 3785 1 3.02653097
Link 177 70 3881 1 3.92856823
Link 494 282 3904 1 0.85545587
Link 584 251 4061 0 0.45094164
Link 32 602 4215 0 1.00000000
Link 602 14 4216 0 -4.09495929
Link 251 454 4233 1 -4.48751619
Link 85 64 4254 1 -0.55108221
Link 245 614 4345 0 0.21820923
Link 614 55 4346 0 1.66541760
Link 5 494 4368 0 -2.16297636
Link 619 251 4416 1 -1.71853838
Link 129 64 4460 1 0.12901298
Link 68 631 4544 0 2.39279500
Link 631 239 4545 0 2.32062043
Link 34 649 4726 0 0.82011403
Link 649 377 4727 0 0.93745082
Link 530 661 4824 0 0.81291211
Link 661 430 4825 0 3.70417402
Link 13 430 4846 1 2.21989260
Link 57 282 5002 1 0.00753959
Link 226 113 5143 0 0.35662934
Link 17 251 5167 0 -0.82476084
Link 5 226 5184 0 -2.15694481
Link 1 708 5231 0 2.09776092
Link 708 249 5232 0 1.41500852
Link 98 548 5272 0 1.74331317
Link 249 706 5273 0 1.08147969
Link 530 251 5458 0 0.62052317
Link 11 108 5582 1 -1.74547943
Link 310 234 5628 1 -2.04651558
Link 31 454 5794 0 1.82773962
Link 544 108 5870 1 -0.55507980
Link 798 619 6053 1 -0.41962705
Link 187 804 6092 0 0.25207247
Link 804 584 6093 0 1.03434378
Link 16 806 6110 1 1.00000000
Link 806 706 6111 1 1.28162513
Link 708 429 6114 0 -2.95860960
Link 59 98 6592 1 -2.11694756
Link 23 619 6663 0 -0.07801855
Link 17 880 6737 0 0.53927640
Link 880 57 6738 0 -0.81695596
Link 249 113 6873 0 -0.97134330
Link 706 910 7042 1 0.56630460
Link 910 798 7043 1 0.69614412
Link 6 649 7076 0 0.98464870
Link 584 55 7131 1 2.00235837
Link 59 30 7186 0 1.52495508
Link 193 108 7256 0 -0.09367294
Link 798 239 7382 1 2.93995580
GenomeEnd

