GenomeStart 80524
Neuron 1 1 0.00000000 1 0.00000000 0.00000000 0.00000000 0.00000000
Neuron 2 1 0.00000000 1 0.00000000 0.00000000 0.00000000 0.00000000
Neuron 3 1 0.00000000 1 0.00000000 0.00000000 0.00000000 0.00000000
Neuron 4 1 0.00000000 1 0.00000000 0.00000000 0.00000000 0.00000000
Neuron 5 1 0.00000000 1 0.00000000 0.00000000 0.00000000 0.00000000
Neuron 6 1 0.00000000 1 0.00000000 0.00000000 0.00000000 0.00000000
Neuron 7 1 0.00000000 1 0.00000000 0.00000000 0.00000000 0.00000000
Neuron 8 1 0.00000000 1 0.00000000 0.00000000 0.00000000 0.00000000
Neuron 9 2 0.00000000 1 0.00000000 0.00000000 0.00000000 0.00000000
Neuron 10 4 1.00000000 0 1.00000000 0.00000000 0.00000000 0.00000000
Neuron 11 4 1.00000000 0 1.00000000 0.00000000 0.00000000 0.00000000
Neuron 12 4 1.00000000 0 1.00000000 0.00000000 0.00000000 0.00000000
Neuron 13 4 1.00000000 0 1.00000000 0.00000000 0.00000000 0.00000000
Neuron 14 4 1.00000000 0 1.00000000 0.00000000 0.00000000 0.00000000
Neuron 15 4 1.00000000 0 1.00000000 0.00000000 0.00000000 0.00000000
Neuron 16 4 1.00000000 0 1.00000000 0.00000000 0.00000000 0.00000000
Neuron 17 3 0.50000000 1 1.00000000 0.00000000 0.00000000 0.00000000
Neuron 19 3 0.50000000 1 1.00000000 0.00000000 0.00000000 0.00000000
Neuron 22 3 0.50000000 1 1.00000000 0.00000000 0.00000000 0.00000000
Neuron 23 3 0.50000000 1 1.00000000 0.00000000 0.00000000 0.00000000
Neuron 26 3 0.50000000 1 1.00000000 0.00000000 0.00000000 0.00000000
Neuron 29 3 0.50000000 1 1.00000000 0.00000000 0.00000000 0.00000000
Neuron 30 3 0.50000000 1 1.00000000 0.00000000 0.00000000 0.00000000
Neuron 31 3 0.50000000 1 1.00000000 0.00000000 0.00000000 0.00000000
Neuron 32 3 0.50000000 1 1.00000000 0.00000000 0.00000000 0.00000000
Neuron 33 3 0.50000000 1 1.00000000 0.00000000 0.00000000 0.00000000
Neuron 34 3 0.50000000 1 1.00000000 0.00000000 0.00000000 0.00000000
Neuron 35 3 0.50000000 1 1.00000000 0.00000000 0.00000000 0.00000000
Neuron 36 3 0.50000000 1 1.00000000 0.00000000 0.00000000 0.00000000
Neuron 38 3 0.50000000 1 1.00000000 0.00000000 0.00000000 0.00000000
Neuron 39 3 0.50000000 1 1.00000000 0.00000000 0.00000000 0.00000000
Neuron 40 3 0.50000000 1 1.00000000 0.00000000 0.00000000 0.00000000
Neuron 41 3 0.50000000 1 1.00000000 0.00000000 0.00000000 0.00000000
Neuron 42 3 0.50000000 1 1.00000000 0.00000000 0.00000000 0.00000000
Neuron 43 3 0.50000000 1 1.00000000 0.00000000 0.00000000 0.00000000
Neuron 44 3 0.50000000 1 1.00000000 0.00000000 0.00000000 0.00000000
Neuron 45 3 0.50000000 1 1.00000000 0.00000000 0.00000000 0.00000000
Neuron 46 3 0.50000000 1 1.00000000 0.00000000 0.00000000 0.00000000
Neuron 48 3 0.50000000 1 1.00000000 0.00000000 0.00000000 0.00000000
Neuron 50 3 0.50000000 1 1.00000000 0.00000000 0.00000000 0.00000000
Neuron 53 3 0.50000000 1 1.00000000 0.00000000 0.00000000 0.00000000
Neuron 55 3 0.50000000 1 1.00000000 0.00000000 0.00000000 0.00000000
Neuron 56 3 0.50000000 1 1.00000000 0.00000000 0.00000000 0.00000000
Neuron 57 3 0.50000000 1 1.00000000 0.00000000 0.00000000 0.00000000
Neuron 58 3 0.50000000 1 1.00000000 0.00000000 0.00000000 0.00000000
Neuron 61 3 0.50000000 1 1.00000000 0.00000000 0.00000000 0.00000000
Neuron 64 3 0.50000000 1 1.00000000 0.00000000 0.00000000 0.00000000
Neuron 65 3 0.75000000 1 1.00000000 0.00000000 0.00000000 0.00000000
Neuron 68 3 0.50000000 1 1.00000000 0.00000000 0.00000000 0.00000000
Neuron 69 3 0.75000000 1 1.00000000 0.00000000 0.00000000 0.00000000
Neuron 70 3 0.25000000 1 1.00000000 0.00000000 0.00000000 0.00000000
Neuron 71 3 0.50000000 1 1.00000000 0.00000000 0.00000000 0.00000000
Neuron 72 3 0.75000000 1 1.00000000 0.00000000 0.00000000 0.00000000
Neuron 76 3 0.50000000 1 1.00000000 0.00000000 0.00000000 0.00000000
Neuron 81 3 0.50000000 1 1.00000000 0.00000000 0.00000000 0.00000000
Neuron 85 3 0.75000000 1 1.00000000 0.00000000 0.00000000 0.00000000
Neuron 88 3 0.75000000 1 1.00000000 0.00000000 0.00000000 0.00000000
Neuron 90 3 0.25000000 1 1.00000000 0.00000000 0.00000000 0.00000000
Neuron 91 3 0.25000000 1 1.00000000 0.00000000 0.00000000 0.00000000
Neuron 98 3 0.25000000 1 1.00000000 0.00000000 0.00000000 0.00000000
Neuron 113 3 0.75000000 1 1.00000000 0.00000000 0.00000000 0.00000000
Neuron 119 3 0.50000000 1 1.00000000 0.00000000 0.00000000 0.00000000
Neuron 129 3 0.75000000 1 1.00000000 0.00000000 0.00000000 0.00000000
Neuron 130 3 0.75000000 1 1.00000000 0.00000000 0.00000000 0.00000000
Neuron 132 3 0.25000000 1 1.00000000 0.00000000 0.00000000 0.00000000
Neuron 138 3 0.75000000 1 1.00000000 0.00000000 0.00000000 0.00000000
Neuron 139 3 0.25000000 1 1.00000000 0.00000000 0.00000000 0.00000000
Neuron 142 3 0.75000000 1 1.00000000 0.00000000 0.00000000 0.00000000
Neuron 145 3 0.25000000 1 1.00000000 0.00000000 0.00000000 0.00000000
Neuron 147 3 0.25000000 1 1.00000000 0.00000000 0.00000000 0.00000000
Neuron 156 3 0.75000000 1 1.00000000 0.00000000 0.00000000 0.00000000
Neuron 161 3 0.37500000 1 1.00000000 0.00000000 0.00000000 0.00000000
Neuron 165 3 0.25000000 1 1.00000000 0.00000000 0.00000000 0.00000000
Neuron 168 3 0.75000000 1 1.00000000 0.00000000 0.00000000 0.00000000
Neuron 175 3 0.25000000 1 1.00000000 0.00000000 0.00000000 0.00000000
Neuron 177 3 0.62500000 1 1.00000000 0.00000000 0.00000000 0.00000000
Neuron 178 3 0.75000000 1 1.00000000 0.00000000 0.00000000 0.00000000
Neuron 180 3 0.50000000 1 1.00000000 0.00000000 0.00000000 0.00000000
Neuron 183 3 0.75000000 1 1.00000000 0.00000000 0.00000000 0.00000000
Neuron 187 3 0.75000000 1 1.00000000 0.00000000 0.00000000 0.00000000
Neuron 207 3 0.75000000 1 1.00000000 0.00000000 0.00000000 0.00000000
Neuron 212 3 0.25000000 1 1.00000000 0.00000000 0.00000000 0.00000000
Neuron 214 3 0.25000000 1 1.00000000 0.00000000 0.00000000 0.00000000
Neuron 221 3 0.37500000 1 1.00000000 0.00000000 0.00000000 0.00000000
Neuron 226 3 0.25000000 1 1.00000000 0.00000000 0.00000000 0.00000000
Neuron 229 3 0.37500000 1 1.00000000 0.00000000 0.00000000 0.00000000
Neuron 231 3 0.25000000 1 1.00000000 0.00000000 0.00000000 0.00000000
Neuron 232 3 0.75000000 1 1.00000000 0.00000000 0.00000000 0.00000000
Neuron 234 3 0.25000000 1 1.00000000 0.00000000 0.00000000 0.00000000
Neuron 235 3 0.25000000 1 1.00000000 0.00000000 0.00000000 0.00000000
Neuron 239 3 0.75000000 1 1.00000000 0.00000000 0.00000000 0.00000000
Neuron 249 3 0.12500000 1 1.00000000 0.00000000 0.00000000 0.00000000
Neuron 251 3 0.87500000 1 1.00000000 0.00000000 0.00000000 0.00000000
Neuron 282 3 0.37500000 1 1.00000000 0.00000000 0.00000000 0.00000000
Neuron 291 3 0.25000000 1 1.00000000 0.00000000 0.00000000 0.00000000
Neuron 297 3 0.50000000 1 1.00000000 0.00000000 0.00000000 0.00000000
Neuron 301 3 0.50000000 1 1.00000000 0.00000000 0.00000000 0.00000000
Neuron 310 3 0.75000000 1 1.00000000 0.00000000 0.00000000 0.00000000
Neuron 316 3 0.75000000 1 1.00000000 0.00000000 0.00000000 0.00000000
Neuron 338 3 0.25000000 1 1.00000000 0.00000000 0.00000000 0.00000000
Neuron 351 3 0.37500000 1 1.00000000 0.00000000 0.00000000 0.00000000
Neuron 372 3 0.87500000 1 1.00000000 0.00000000 0.00000000 0.00000000
Neuron 377 3 0.50000000 1 1.00000000 0.00000000 0.00000000 0.00000000
Neuron 393 3 0.37500000 1 1.00000000 0.00000000 0.00000000 0.00000000
Neuron 413 3 0.75000000 1 1.00000000 0.00000000 0.00000000 0.00000000
Neuron 422 3 0.87500000 1 1.00000000 0.00000000 0.00000000 0.00000000
Neuron 426 3 0.62500000 1 1.00000000 0.00000000 0.00000000 0.00000000
Neuron 430 3 0.25000000 1 1.00000000 0.00000000 0.00000000 0.00000000
Neuron 435 3 0.31250000 1 1.00000000 0.00000000 0.00000000 0.00000000
Neuron 436 3 0.87500000 1 1.00000000 0.00000000 0.00000000 0.00000000
Neuron 440 3 0.62500000 1 1.00000000 0.00000000 0.00000000 0.00000000
Neuron 444 3 0.12500000 1 1.00000000 0.00000000 0.00000000 0.00000000
Neuron 447 3 0.18750000 1 1.00000000 0.00000000 0.00000000 0.00000000
Neuron 454 3 0.50000000 1 1.00000000 0.00000000 0.00000000 0.00000000
Neuron 476 3 0.12500000 1 1.00000000 0.00000000 0.00000000 0.00000000
Neuron 477 3 0.75000000 1 1.00000000 0.00000000 0.00000000 0.00000000
Neuron 494 3 1.00000000 1 1.00000000 0.00000000 0.00000000 0.00000000
Neuron 514 3 0.25000000 1 1.00000000 0.00000000 0.00000000 0.00000000
Neuron 519 3 1.00000000 1 1.00000000 0.00000000 0.00000000 0.00000000
Neuron 524 3 0.62500000 1 1.00000000 0.00000000 0.00000000 0.00000000
Neuron 535 3 0.50000000 1 1.00000000 0.00000000 0.00000000 0.00000000
Neuron 539 3 0.75000000 1 1.00000000 0.00000000 0.00000000 0.00000000
Neuron 540 3 0.62500000 1 1.00000000 0.00000000 0.00000000 0.00000000
Neuron 549 3 0.62500000 1 1.00000000 0.00000000 0.00000000 0.00000000
Neuron 558 3 0.50000000 1 1.00000000 0.00000000 0.00000000 0.00000000
Neuron 564 3 0.28125000 1 1.00000000 0.00000000 0.00000000 0.00000000
Neuron 569 3 0.25000000 1 1.00000000 0.00000000 0.00000000 0.00000000
Neuron 575 3 0.18750000 1 1.00000000 0.00000000 0.00000000 0.00000000
Neuron 589 3 0.93750000 1 1.00000000 0.00000000 0.00000000 0.00000000
Neuron 605 3 0.21875000 1 1.00000000 0.00000000 0.00000000 0.00000000
Neuron 609 3 0.43750000 1 1.00000000 0.00000000 0.00000000 0.00000000
Neuron 611 3 0.50000000 1 1.00000000 0.00000000 0.00000000 0.00000000
Neuron 619 3 0.93750000 1 1.00000000 0.00000000 0.00000000 0.00000000
Neuron 625 3 0.62500000 1 1.00000000 0.00000000 0.00000000 0.00000000
Neuron 630 3 0.50000000 1 1.00000000 0.00000000 0.00000000 0.00000000
Neuron 631 3 0.62500000 1 1.00000000 0.00000000 0.00000000 0.00000000
Neuron 633 3 0.50000000 1 1.00000000 0.00000000 0.00000000 0.00000000
Neuron 637 3 0.50000000 1 1.00000000 0.00000000 0.00000000 0.00000000
Neuron 638 3 0.43750000 1 1.00000000 0.00000000 0.00000000 0.00000000
Neuron 639 3 0.50000000 1 1.00000000 0.00000000 0.00000000 0.00000000
Neuron 645 3 0.12500000 1 1.00000000 0.00000000 0.00000000 0.00000000
Neuron 653 3 0.26562500 1 1.00000000 0.00000000 0.00000000 0.00000000
Neuron 659 3 0.17187500 1 1.00000000 0.00000000 0.00000000 0.00000000
Neuron 681 3 0.68750000 1 1.00000000 0.00000000 0.00000000 0.00000000
Neuron 687 3 0.50000000 1 1.00000000 0.00000000 0.00000000 0.00000000
Neuron 689 3 0.87500000 1 1.00000000 0.00000000 0.00000000 0.00000000
Neuron 698 3 0.25000000 1 1.00000000 0.00000000 0.00000000 0.00000000
Neuron 712 3 0.68750000 1 1.00000000 0.00000000 0.00000000 0.00000000
Neuron 721 3 0.50000000 1 1.00000000 0.00000000 0.00000000 0.00000000
Neuron 732 3 0.50000000 1 1.00000000 0.00000000 0.00000000 0.00000000
Neuron 736 3 0.68750000 1 1.00000000 0.00000000 0.00000000 0.00000000
Neuron 745 3 0.75000000 1 1.00000000 0.00000000 0.00000000 0.00000000
Neuron 796 3 0.50000000 1 1.00000000 0.00000000 0.00000000 0.00000000
Neuron 826 3 0.26562500 1 1.00000000 0.00000000 0.00000000 0.00000000
Neuron 844 3 0.59375000 1 1.00000000 0.00000000 0.00000000 0.00000000
Neuron 882 3 0.62500000 1 1.00000000 0.00000000 0.00000000 0.00000000
Neuron 896 3 0.12500000 1 1.00000000 0.00000000 0.00000000 0.00000000
Neuron 917 3 0.62500000 1 1.00000000 0.00000000 0.00000000 0.00000000
Neuron 991 3 0.50000000 1 1.00000000 0.00000000 0.00000000 0.00000000
Neuron 993 3 0.56250000 1 1.00000000 0.00000000 0.00000000 0.00000000
Neuron 1009 3 0.71875000 1 1.00000000 0.00000000 0.00000000 0.00000000
Neuron 1021 3 0.06250000 1 1.00000000 0.00000000 0.00000000 0.00000000
Neuron 1022 3 0.19531250 1 1.00000000 0.00000000 0.00000000 0.00000000
Neuron 1043 3 0.62500000 1 1.00000000 0.00000000 0.00000000 0.00000000
Neuron 1093 3 0.56250000 1 1.00000000 0.00000000 0.00000000 0.00000000
Neuron 1110 3 0.43750000 1 1.00000000 0.00000000 0.00000000 0.00000000
Neuron 1154 3 0.31250000 1 1.00000000 0.00000000 0.00000000 0.00000000
Neuron 1155 3 0.50000000 1 1.00000000 0.00000000 0.00000000 0.00000000
Neuron 1198 3 0.25000000 1 1.00000000 0.00000000 0.00000000 0.00000000
Neuron 1216 3 0.59375000 1 1.00000000 0.00000000 0.00000000 0.00000000
Neuron 1245 3 0.28125000 1 1.00000000 0.00000000 0.00000000 0.00000000
Neuron 1247 3 0.50000000 1 1.00000000 0.00000000 0.00000000 0.00000000
Neuron 1299 3 0.50000000 1 1.00000000 0.00000000 0.00000000 0.00000000
Neuron 1378 3 0.68750000 1 1.00000000 0.00000000 0.00000000 0.00000000
Link 1 10 1 0 -3.11243454
Link 2 10 2 0 2.52298342
Link 3 10 3 0 0.26771834
Link 4 10 4 0 -0.88416845
Link 6 10 6 0 0.93664517
Link 8 10 8 0 2.31109629
Link 1 11 10 0 -3.05989102
Link 2 11 11 0 -2.50352230
Link 3 11 12 0 1.25334548
Link 4 11 13 0 2.83715306
Link 5 11 14 0 -0.68435760
Link 6 11 15 0 -1.43373047
Link 9 11 18 0 0.69300964
Link 1 12 19 0 -1.30800320
Link 3 12 21 0 1.82868237
Link 4 12 22 0 -0.63017951
Link 5 12 23 0 1.29644332
Link 6 12 24 0 -3.93571433
Link 8 12 26 0 -0.91216974
Link 9 12 27 0 1.08180801
Link 1 13 28 0 -0.89022856
Link 3 13 30 0 1.22761465
Link 4 13 31 0 -2.54135657
Link 6 13 33 0 -0.35671969
Link 9 13 36 0 2.53245333
Link 3 14 39 0 0.73455732
Link 4 14 40 0 -0.36596572
Link 6 14 42 0 2.19211704
Link 8 14 44 0 0.47356945
Link 9 14 45 0 1.32951403
Link 1 15 46 0 -2.54502288
Link 2 15 47 0 0.83406580
Link 4 15 49 0 -1.75627285
Link 5 15 50 0 0.41852071
Link 7 15 52 0 0.02278830
Link 9 15 54 0 0.06764352
Link 1 16 55 0 -1.80296906
Link 2 16 56 0 -1.64108109
Link 3 16 57 0 -1.04044876
Link 4 16 58 0 -0.96643340
Link 5 16 59 0 2.23434566
Link 7 16 61 0 0.73852137
Link 8 16 62 0 0.02440790
Link 9 16 63 0 0.37056127
Link 6 22 80 0 0.43302400
Link 22 16 81 0 1.69922867
Link 5 26 93 0 -2.51452232
Link 8 29 102 0 2.04642658
Link 2 30 105 0 -0.06381904
Link 30 14 106 0 -2.36539777
Link 31 13 109 0 -2.58073352
Link 8 32 111 0 0.27571559
Link 6 33 115 0 1.91665679
Link 34 12 119 0 5.42784619
Link 5 35 121 0 2.15134823
Link 35 13 122 0 -0.91704305
Link 4 36 126 0 2.70819329
Link 36 14 127 0 -1.96696676
Link 2 38 132 0 -0.02382061
Link 6 39 135 0 3.69223558
Link 39 15 136 0 -1.80492897
Link 41 14 142 0 3.31819201
Link 8 42 144 0 -5.16636244
Link 42 11 145 0 1.77930755
Link 43 15 148 0 -1.64776708
Link 45 16 154 0 0.01678194
Link 5 46 156 0 3.08218423
Link 46 12 157 0 1.44472771
Link 2 48 162 0 -2.13544906
Link 7 53 186 0 -2.52751839
Link 2 55 193 0 1.31281648
Link 55 11 194 0 0.13443883
Link 7 56 197 0 -2.63510896
Link 5 57 202 0 1.86728534
Link 6 58 208 0 -0.94759147
Link 61 13 220 0 2.56777490
Link 14 14 233 1 0.94446868
Link 7 64 237 0 -4.76276473
Link 23 65 244 0 2.02490581
Link 65 11 245 0 -0.03764536
Link 5 55 250 0 2.12071319
Link 15 38 261 1 2.61130793
Link 7 68 286 0 -1.80896167
Link 68 10 287 0 0.74887290
Link 38 69 290 0 5.19470802
Link 70 41 308 0 -1.30883762
Link 41 72 327 0 0.40366453
Link 76 14 351 0 1.81390731
Link 38 56 379 0 1.03660915
Link 2 81 399 0 0.84136710
Link 81 13 400 0 -2.58657184
Link 16 85 430 1 0.78486599
Link 29 88 448 0 1.11184479
Link 88 15 449 0 1.17022966
Link 3 90 459 0 1.79687458
Link 4 91 463 0 1.19493296
Link 91 17 464 0 0.48085203
Link 6 98 520 0 -2.87597496
Link 13 55 582 1 2.36557078
Link 113 15 641 0 2.19796663
Link 2 119 693 0 1.92483410
Link 129 14 791 0 2.44544944
Link 3 132 801 0 2.03224108
Link 132 43 802 0 -0.37650759
Link 44 138 832 0 1.35687841
Link 138 11 833 0 2.21213563
Link 2 139 835 0 0.86907446
Link 139 19 836 0 -1.18479450
Link 9 38 844 0 -0.83055476
Link 32 142 854 0 1.04155025
Link 142 13 855 0 -0.35968878
Link 4 145 867 0 3.52416281
Link 145 45 868 0 0.69326643
Link 19 57 882 0 0.95100053
Link 7 147 884 0 -2.38290340
Link 147 68 885 0 -1.93555272
Link 57 156 931 0 2.52992147
Link 156 15 932 0 0.54934896
Link 32 14 970 0 -4.02166720
Link 90 161 986 0 -2.06758473
Link 161 31 987 0 -1.17026660
Link 165 30 1006 0 -0.29792141
Link 119 168 1037 0 0.26584215
Link 168 12 1038 0 -1.16555453
Link 8 48 1064 0 -1.68325328
Link 68 68 1084 1 -3.99359361
Link 8 175 1110 0 0.52044187
Link 175 76 1111 0 -0.71354199
Link 85 177 1131 1 0.50190433
Link 177 68 1132 1 0.75094631
Link 53 178 1135 0 2.67769878
Link 178 12 1136 0 -4.42709154
Link 2 180 1145 0 2.51029535
Link 180 11 1146 0 0.53748833
Link 29 56 1156 0 2.20229909
Link 19 183 1174 0 -1.60191633
Link 183 10 1175 0 3.13069271
Link 40 187 1190 0 -0.85468050
Link 8 38 1271 0 0.72658798
Link 48 207 1299 0 0.14994625
Link 207 16 1300 0 1.37158671
Link 10 32 1308 1 -1.19820314
Link 138 138 1322 1 -4.71948292
Link 4 212 1339 0 0.16804495
Link 212 40 1340 0 -1.11555528
Link 3 214 1351 0 -1.37717036
Link 214 44 1352 0 -3.70583258
Link 5 71 1358 0 -3.27996356
Link 98 221 1402 0 0.53559910
Link 221 23 1403 0 -0.08240958
Link 10 68 1425 1 -4.16479784
Link 226 34 1448 0 -0.40589636
Link 70 229 1466 0 -2.61839319
Link 229 41 1467 0 -0.86998245
Link 9 71 1475 0 -0.59610159
Link 5 231 1477 0 1.91934320
Link 231 50 1478 0 -3.76471951
Link 58 232 1485 0 1.13222388
Link 232 14 1486 0 -2.52016960
Link 44 56 1490 0 -1.74020054
Link 4 234 1505 0 -1.46508242
Link 239 10 1536 0 -1.04001626
Link 1 249 1588 0 -0.09383858
Link 249 70 1589 0 -0.51520520
Link 187 251 1600 0 2.06367528
Link 251 13 1601 0 -2.34140759
Link 8 69 1708 0 1.60337943
Link 234 282 1813 0 -1.42206528
Link 282 55 1814 0 3.11068454
Link 16 48 1827 1 1.92318019
Link 7 291 1853 0 5.71931426
Link 291 61 1854 0 1.37205176
Link 297 55 1885 0 -2.25768792
Link 8 301 1910 0 2.21888403
Link 301 13 1911 0 1.33587392
Link 310 14 1971 0 -0.77226102
Link 33 316 2017 0 1.39316842
Link 316 13 2018 0 0.24859668
Link 8 338 2165 0 2.33769201
Link 338 68 2166 0 1.42044033
Link 1 98 2201 0 -0.09553356
Link 31 351 2254 1 1.00718629
Link 41 41 2268 1 -1.51452707
Link 71 31 2288 0 0.18488337
Link 11 50 2323 1 0.44361117
Link 69 372 2424 0 1.49166923
Link 372 12 2425 0 -0.41810654
Link 377 81 2466 0 1.76624348
Link 12 30 2517 1 1.15105140
Link 40 19 2520 0 -2.84027650
Link 129 129 2564 1 2.49914834
Link 393 71 2567 0 0.11182663
Link 26 413 2685 0 -1.09266900
Link 413 10 2686 0 -0.45765934
Link 44 26 2687 0 0.41163205
Link 129 422 2777 0 -1.54649665
Link 17 426 2801 0 -4.36040714
Link 426 113 2802 0 3.25002959
Link 8 430 2838 0 -1.93627437
Link 430 40 2839 0 1.55543074
Link 435 393 2885 0 -3.39780303
Link 69 436 2888 0 1.72763458
Link 436 15 2889 0 2.23569402
Link 64 440 2909 0 1.41256616
Link 440 310 2910 0 2.45937582
Link 38 338 2934 1 -0.63881017
Link 3 444 2959 0 0.31101914
Link 444 226 2960 0 1.04489642
Link 435 14 2972 0 -2.04476893
Link 4 447 2984 0 3.60228386
Link 447 282 2985 0 -1.24161069
Link 50 11 2990 0 -1.75636443
Link 214 214 3012 1 -0.40381756
Link 34 310 3086 0 -0.08640567
Link 11 338 3108 1 1.14523891
Link 69 13 3154 0 -1.74858148
Link 4 476 3191 0 -1.40986054
Link 34 477 3196 0 3.14906252
Link 477 15 3197 0 -0.95396770
Link 15 69 3259 1 1.19791047
Link 129 32 3288 1 1.51026315
Link 15 494 3341 1 -0.42308886
Link 175 23 3433 0 5.11670612
Link 85 14 3454 0 -3.33432072
Link 5 514 3496 0 2.55658836
Link 494 519 3528 1 -0.55576854
Link 519 15 3529 1 -1.83146369
Link 129 524 3565 1 1.74341270
Link 524 17 3566 1 1.14051940
Link 17 535 3645 0 -0.16853192
Link 535 40 3646 0 -4.48156194
Link 35 539 3673 0 0.71428691
Link 539 16 3674 0 0.35804062
Link 540 129 3685 0 -2.29029168
Link 56 69 3774 0 -2.00426937
Link 30 30 3785 1 0.57299387
Link 71 549 3793 0 -0.04221549
Link 549 130 3794 0 2.47881945
Link 393 48 3799 0 1.29054128
Link 38 476 3858 1 -4.58325776
Link 558 15 3867 0 0.06527865
Link 564 435 3897 0 0.97884087
Link 494 282 3904 1 0.66730206
Link 5 569 3927 0 -2.39407072
Link 569 32 3928 0 2.14154744
Link 476 575 3984 0 -5.60653294
Link 575 235 3985 0 1.68888086
Link 422 589 4105 0 1.93551345
Link 589 14 4106 0 -1.01957484
Link 589 16 4185 0 -2.49158935
Link 165 609 4286 0 0.77639896
Link 609 426 4287 0 2.17524612
Link 23 50 4305 0 -2.18487238
Link 454 611 4315 0 4.96909367
Link 234 41 4363 0 -1.52409009
Link 16 619 4415 1 2.62895296
Link 619 251 4416 1 -1.68207261
Link 4 129 4496 0 -1.00637191
Link 85 625 4509 1 2.00828506
Link 625 64 4510 1 -2.04088268
Link 5 630 4532 0 0.24270638
Link 630 494 4533 0 2.28549766
Link 631 239 4545 0 1.09513444
Link 30 633 4558 0 1.51329730
Link 633 68 4559 0 3.04535644
Link 32 637 4587 0 2.69327384
Link 637 454 4588 0 -1.30104385
Link 177 638 4594 1 -1.70675625
Link 638 70 4595 1 2.67292311
Link 71 639 4598 0 1.00000000
Link 639 41 4599 0 -2.28639079
Link 645 165 4693 0 1.32056371
Link 575 435 4702 0 2.48019651
Link 76 68 4716 0 1.18010382
Link 40 40 4724 1 0.20987955
Link 605 653 4747 0 0.60516494
Link 653 435 4748 0 1.09325362
Link 476 659 4813 0 -1.23449926
Link 68 130 4837 0 1.29226339
Link 251 681 5026 1 0.42395970
Link 7 687 5077 0 3.63369492
Link 687 12 5078 0 -0.23975823
Link 130 689 5097 0 1.89651572
Link 689 11 5098 0 -3.26119630
Link 698 55 5146 0 -0.56620614
Link 130 129 5212 0 1.49971973
Link 251 712 5268 1 -2.71207722
Link 611 721 5339 0 0.98656530
Link 721 19 5340 0 0.77501778
Link 235 26 5385 0 1.24106072
Link 32 736 5456 0 -1.75753813
Link 736 251 5457 0 -1.88814728
Link 147 31 5497 0 1.55311919
Link 745 14 5527 0 1.10741055
Link 72 10 5548 0 2.64079428
Link 130 130 5784 1 0.23512508
Link 61 235 5787 1 3.34439011
Link 569 44 5832 0 1.30916466
Link 226 76 5902 0 0.53575847
Link 310 569 5975 1 2.28364503
Link 39 796 6036 0 3.44183614
Link 796 61 6037 0 -0.81518676
Link 31 64 6210 0 -1.47371818
Link 235 826 6282 0 0.76383696
Link 826 564 6283 0 -1.55925392
Link 681 844 6399 1 1.04154390
Link 844 454 6400 1 1.72499346
Link 494 796 6517 1 -1.07234216
Link 454 882 6747 0 -1.51010744
Link 882 113 6748 0 -0.09726258
Link 645 38 6765 0 -6.64088447
Link 234 15 6860 0 -0.62309030
Link 58 422 6880 0 2.15214672
Link 7 896 6915 0 0.03304374
Link 896 698 6916 0 -0.80330833
Link 64 917 7083 0 1.06970865
Link 917 745 7084 0 3.73505897
Link 611 35 7189 0 -2.79445952
Link 564 422 7273 0 -0.22691848
Link 19 239 7292 0 5.78268857
Link 113 539 7310 0 -5.35025975
Link 177 494 7470 0 3.34401461
Link 71 687 7517 0 -1.62675752
Link 72 645 7763 1 -1.75514176
Link 291 435 7801 0 3.64854061
Link 31 991 7838 0 -0.37013402
Link 991 732 7839 0 2.73952628
Link 68 993 7851 0 0.95367789
Link 993 631 7852 0 4.33572839
Link 43 1009 8040 0 0.82477004
Link 1009 589 8041 0 4.59988089
Link 161 422 8085 0 0.02221318
Link 2 1021 8108 0 0.75028046
Link 1021 645 8109 0 1.97744167
Link 659 1022 8134 0 0.68880775
Link 1022 605 8135 0 -1.60383892
Link 58 1043 8362 0 -1.69500510
Link 1043 129 8363 0 -2.60710874
Link 630 48 8617 0 0.46662161
Link 991 36 8705 0 -0.68957180
Link 619 338 8725 1 -2.68768096
Link 338 535 8744 0 2.34160347
Link 50 1093 8807 0 2.25011281
Link 1093 540 8808 0 2.96461781
Link 177 156 8916 0 3.39536996
Link 645 46 8931 0 0.02210603
Link 393 1110 8959 0 -0.89649222
Link 1110 377 8960 0 2.84113402
Link 514 15 8984 0 -0.95659142
Link 540 15 9239 0 -0.52593328
Link 351 1154 9285 1 0.74228910
Link 732 1155 9292 0 -1.24140056
Link 1155 29 9293 0 -1.50518657
Link 826 33 9437 0 1.42719178
Link 71 796 9550 0 -0.31110618
Link 8 1198 9693 0 -0.71309372
Link 1198 558 9694 0 -1.67226261
Link 712 129 9711 0 0.32543611
Link 712 1216 9856 1 1.04865292
Link 1216 61 9857 1 1.46126559
Link 58 732 9858 0 -2.45134390
Link 44 249 9890 1 -0.18694680
Link 43 119 10070 0 -0.60129128
Link 39 1155 10155 0 0.47236039
Link 1154 1245 10183 1 0.87979336
Link 1245 235 10184 1 2.73130531
Link 19 1247 10194 0 0.25967524
Link 1247 297 10195 0 0.25699384
Link 147 168 10422 0 -0.21840601
Link 71 991 10513 0 -1.97128856
Link 514 130 10685 0 0.42752533
Link 17 1299 10725 0 0.90158795
Link 1299 22 10726 0 1.44739083
Link 42 232 10746 0 3.29088863
Link 1 477 10960 0 0.42462733
Link 539 301 11354 1 -0.10621183
Link 435 48 11379 0 -0.31826727
Link 1043 1093 11428 1 -1.59710901
Link 98 113 11504 0 -2.96195898
Link 180 17 11532 0 -2.07184555
Link 64 119 11558 0 2.39441146
Link 611 1378 11565 0 1.36797679
Link 1378 372 11566 0 1.99589370
Link 454 1247 11583 0 -1.14515740
Link 161 98 11606 1 -4.41831573
Link 168 19 11967 1 1.62855448
Link 19 882 12035 0 1.75187521
Link 175 221 12083 0 1.08152121
Link 4 221 12222 0 1.67625961
Link 119 61 12308 0 2.39084078
Link 535 291 12564 1 0.52310122
Link 65 214 12913 1 1.35412689
GenomeEnd

