GenomeStart 53010
Neuron 1 1 0.00000000 1 0.00000000 0.00000000 0.00000000 0.00000000
Neuron 2 1 0.00000000 1 0.00000000 0.00000000 0.00000000 0.00000000
Neuron 3 1 0.00000000 1 0.00000000 0.00000000 0.00000000 0.00000000
Neuron 4 1 0.00000000 1 0.00000000 0.00000000 0.00000000 0.00000000
Neuron 5 1 0.00000000 1 0.00000000 0.00000000 0.00000000 0.00000000
Neuron 6 1 0.00000000 1 0.00000000 0.00000000 0.00000000 0.00000000
Neuron 7 1 0.00000000 1 0.00000000 0.00000000 0.00000000 0.00000000
Neuron 8 1 0.00000000 1 0.00000000 0.00000000 0.00000000 0.00000000
Neuron 9 2 0.00000000 1 0.00000000 0.00000000 0.00000000 0.00000000
Neuron 10 4 1.00000000 0 1.00000000 0.00000000 0.00000000 0.00000000
Neuron 11 4 1.00000000 0 1.00000000 0.00000000 0.00000000 0.00000000
Neuron 12 4 1.00000000 0 1.00000000 0.00000000 0.00000000 0.00000000
Neuron 13 4 1.00000000 0 1.00000000 0.00000000 0.00000000 0.00000000
Neuron 14 4 1.00000000 0 1.00000000 0.00000000 0.00000000 0.00000000
Neuron 15 4 1.00000000 0 1.00000000 0.00000000 0.00000000 0.00000000
Neuron 16 4 1.00000000 0 1.00000000 0.00000000 0.00000000 0.00000000
Neuron 17 3 0.50000000 1 1.00000000 0.00000000 0.00000000 0.00000000
Neuron 19 3 0.50000000 1 1.00000000 0.00000000 0.00000000 0.00000000
Neuron 22 3 0.50000000 1 1.00000000 0.00000000 0.00000000 0.00000000
Neuron 23 3 0.50000000 1 1.00000000 0.00000000 0.00000000 0.00000000
Neuron 26 3 0.50000000 1 1.00000000 0.00000000 0.00000000 0.00000000
Neuron 29 3 0.50000000 1 1.00000000 0.00000000 0.00000000 0.00000000
Neuron 30 3 0.50000000 1 1.00000000 0.00000000 0.00000000 0.00000000
Neuron 31 3 0.50000000 1 1.00000000 0.00000000 0.00000000 0.00000000
Neuron 32 3 0.50000000 1 1.00000000 0.00000000 0.00000000 0.00000000
Neuron 33 3 0.50000000 1 1.00000000 0.00000000 0.00000000 0.00000000
Neuron 34 3 0.50000000 1 1.00000000 0.00000000 0.00000000 0.00000000
Neuron 35 3 0.50000000 1 1.00000000 0.00000000 0.00000000 0.00000000
Neuron 36 3 0.50000000 1 1.00000000 0.00000000 0.00000000 0.00000000
Neuron 38 3 0.50000000 1 1.00000000 0.00000000 0.00000000 0.00000000
Neuron 39 3 0.50000000 1 1.00000000 0.00000000 0.00000000 0.00000000
Neuron 40 3 0.50000000 1 1.00000000 0.00000000 0.00000000 0.00000000
Neuron 41 3 0.50000000 1 1.00000000 0.00000000 0.00000000 0.00000000
Neuron 43 3 0.50000000 1 1.00000000 0.00000000 0.00000000 0.00000000
Neuron 44 3 0.50000000 1 1.00000000 0.00000000 0.00000000 0.00000000
Neuron 45 3 0.50000000 1 1.00000000 0.00000000 0.00000000 0.00000000
Neuron 46 3 0.50000000 1 1.00000000 0.00000000 0.00000000 0.00000000
Neuron 48 3 0.50000000 1 1.00000000 0.00000000 0.00000000 0.00000000
Neuron 50 3 0.50000000 1 1.00000000 0.00000000 0.00000000 0.00000000
Neuron 53 3 0.50000000 1 1.00000000 0.00000000 0.00000000 0.00000000
Neuron 55 3 0.50000000 1 1.00000000 0.00000000 0.00000000 0.00000000
Neuron 56 3 0.50000000 1 1.00000000 0.00000000 0.00000000 0.00000000
Neuron 57 3 0.50000000 1 1.00000000 0.00000000 0.00000000 0.00000000
Neuron 58 3 0.50000000 1 1.00000000 0.00000000 0.00000000 0.00000000
Neuron 59 3 0.50000000 1 1.00000000 0.00000000 0.00000000 0.00000000
Neuron 61 3 0.50000000 1 1.00000000 0.00000000 0.00000000 0.00000000
Neuron 64 3 0.50000000 1 1.00000000 0.00000000 0.00000000 0.00000000
Neuron 68 3 0.50000000 1 1.00000000 0.00000000 0.00000000 0.00000000
Neuron 69 3 0.75000000 1 1.00000000 0.00000000 0.00000000 0.00000000
Neuron 70 3 0.25000000 1 1.00000000 0.00000000 0.00000000 0.00000000
Neuron 71 3 0.50000000 1 1.00000000 0.00000000 0.00000000 0.00000000
Neuron 72 3 0.75000000 1 1.00000000 0.00000000 0.00000000 0.00000000
Neuron 76 3 0.50000000 1 1.00000000 0.00000000 0.00000000 0.00000000
Neuron 81 3 0.50000000 1 1.00000000 0.00000000 0.00000000 0.00000000
Neuron 85 3 0.75000000 1 1.00000000 0.00000000 0.00000000 0.00000000
Neuron 88 3 0.75000000 1 1.00000000 0.00000000 0.00000000 0.00000000
Neuron 90 3 0.25000000 1 1.00000000 0.00000000 0.00000000 0.00000000
Neuron 91 3 0.25000000 1 1.00000000 0.00000000 0.00000000 0.00000000
Neuron 98 3 0.25000000 1 1.00000000 0.00000000 0.00000000 0.00000000
Neuron 113 3 0.75000000 1 1.00000000 0.00000000 0.00000000 0.00000000
Neuron 119 3 0.50000000 1 1.00000000 0.00000000 0.00000000 0.00000000
Neuron 129 3 0.75000000 1 1.00000000 0.00000000 0.00000000 0.00000000
Neuron 130 3 0.75000000 1 1.00000000 0.00000000 0.00000000 0.00000000
Neuron 132 3 0.25000000 1 1.00000000 0.00000000 0.00000000 0.00000000
Neuron 145 3 0.25000000 1 1.00000000 0.00000000 0.00000000 0.00000000
Neuron 147 3 0.25000000 1 1.00000000 0.00000000 0.00000000 0.00000000
Neuron 156 3 0.75000000 1 1.00000000 0.00000000 0.00000000 0.00000000
Neuron 161 3 0.37500000 1 1.00000000 0.00000000 0.00000000 0.00000000
Neuron 165 3 0.25000000 1 1.00000000 0.00000000 0.00000000 0.00000000
Neuron 175 3 0.25000000 1 1.00000000 0.00000000 0.00000000 0.00000000
Neuron 177 3 0.62500000 1 1.00000000 0.00000000 0.00000000 0.00000000
Neuron 180 3 0.50000000 1 1.00000000 0.00000000 0.00000000 0.00000000
Neuron 187 3 0.75000000 1 1.00000000 0.00000000 0.00000000 0.00000000
Neuron 214 3 0.25000000 1 1.00000000 0.00000000 0.00000000 0.00000000
Neuron 226 3 0.25000000 1 1.00000000 0.00000000 0.00000000 0.00000000
Neuron 229 3 0.37500000 1 1.00000000 0.00000000 0.00000000 0.00000000
Neuron 232 3 0.75000000 1 1.00000000 0.00000000 0.00000000 0.00000000
Neuron 234 3 0.25000000 1 1.00000000 0.00000000 0.00000000 0.00000000
Neuron 235 3 0.25000000 1 1.00000000 0.00000000 0.00000000 0.00000000
Neuron 239 3 0.75000000 1 1.00000000 0.00000000 0.00000000 0.00000000
Neuron 251 3 0.87500000 1 1.00000000 0.00000000 0.00000000 0.00000000
Neuron 282 3 0.37500000 1 1.00000000 0.00000000 0.00000000 0.00000000
Neuron 291 3 0.25000000 1 1.00000000 0.00000000 0.00000000 0.00000000
Neuron 310 3 0.75000000 1 1.00000000 0.00000000 0.00000000 0.00000000
Neuron 338 3 0.25000000 1 1.00000000 0.00000000 0.00000000 0.00000000
Neuron 351 3 0.37500000 1 1.00000000 0.00000000 0.00000000 0.00000000
Neuron 372 3 0.87500000 1 1.00000000 0.00000000 0.00000000 0.00000000
Neuron 377 3 0.50000000 1 1.00000000 0.00000000 0.00000000 0.00000000
Neuron 393 3 0.37500000 1 1.00000000 0.00000000 0.00000000 0.00000000
Neuron 422 3 0.87500000 1 1.00000000 0.00000000 0.00000000 0.00000000
Neuron 426 3 0.62500000 1 1.00000000 0.00000000 0.00000000 0.00000000
Neuron 430 3 0.25000000 1 1.00000000 0.00000000 0.00000000 0.00000000
Neuron 435 3 0.31250000 1 1.00000000 0.00000000 0.00000000 0.00000000
Neuron 436 3 0.87500000 1 1.00000000 0.00000000 0.00000000 0.00000000
Neuron 447 3 0.18750000 1 1.00000000 0.00000000 0.00000000 0.00000000
Neuron 454 3 0.50000000 1 1.00000000 0.00000000 0.00000000 0.00000000
Neuron 476 3 0.12500000 1 1.00000000 0.00000000 0.00000000 0.00000000
Neuron 477 3 0.75000000 1 1.00000000 0.00000000 0.00000000 0.00000000
Neuron 494 3 1.00000000 1 1.00000000 0.00000000 0.00000000 0.00000000
Neuron 519 3 1.00000000 1 1.00000000 0.00000000 0.00000000 0.00000000
Neuron 535 3 0.50000000 1 1.00000000 0.00000000 0.00000000 0.00000000
Neuron 539 3 0.75000000 1 1.00000000 0.00000000 0.00000000 0.00000000
Neuron 540 3 0.62500000 1 1.00000000 0.00000000 0.00000000 0.00000000
Neuron 564 3 0.28125000 1 1.00000000 0.00000000 0.00000000 0.00000000
Neuron 569 3 0.25000000 1 1.00000000 0.00000000 0.00000000 0.00000000
Neuron 575 3 0.18750000 1 1.00000000 0.00000000 0.00000000 0.00000000
Neuron 589 3 0.93750000 1 1.00000000 0.00000000 0.00000000 0.00000000
Neuron 605 3 0.21875000 1 1.00000000 0.00000000 0.00000000 0.00000000
Neuron 611 3 0.50000000 1 1.00000000 0.00000000 0.00000000 0.00000000
Neuron 630 3 0.50000000 1 1.00000000 0.00000000 0.00000000 0.00000000
Neuron 638 3 0.43750000 1 1.00000000 0.00000000 0.00000000 0.00000000
Neuron 645 3 0.12500000 1 1.00000000 0.00000000 0.00000000 0.00000000
Neuron 659 3 0.17187500 1 1.00000000 0.00000000 0.00000000 0.00000000
Neuron 681 3 0.68750000 1 1.00000000 0.00000000 0.00000000 0.00000000
Neuron 687 3 0.50000000 1 1.00000000 0.00000000 0.00000000 0.00000000
Neuron 732 3 0.50000000 1 1.00000000 0.00000000 0.00000000 0.00000000
Neuron 736 3 0.68750000 1 1.00000000 0.00000000 0.00000000 0.00000000
Neuron 745 3 0.75000000 1 1.00000000 0.00000000 0.00000000 0.00000000
Neuron 796 3 0.50000000 1 1.00000000 0.00000000 0.00000000 0.00000000
Neuron 917 3 0.62500000 1 1.00000000 0.00000000 0.00000000 0.00000000
Link 1 10 1 0 -2.27863927
Link 2 10 2 0 0.59259612
Link 3 10 3 0 1.34325109
Link 4 10 4 0 -1.10449703
Link 6 10 6 0 -1.40164181
Link 8 10 8 0 -1.77844566
Link 9 10 9 0 0.14877985
Link 1 11 10 0 -4.66172509
Link 2 11 11 0 0.02818836
Link 3 11 12 0 0.63490221
Link 4 11 13 0 0.84424114
Link 5 11 14 0 -2.33900881
Link 6 11 15 0 0.00436379
Link 7 11 16 0 1.34512659
Link 8 11 17 0 -0.22151324
Link 9 11 18 0 -1.33127673
Link 1 12 19 0 -1.28524371
Link 3 12 21 0 2.10910179
Link 5 12 23 0 0.75125538
Link 6 12 24 0 -5.50110184
Link 8 12 26 0 -0.89205363
Link 9 12 27 0 1.46334671
Link 1 13 28 0 -2.11770164
Link 3 13 30 0 0.41684900
Link 4 13 31 0 -1.32457791
Link 6 13 33 0 0.17584684
Link 8 13 35 0 -1.74284789
Link 9 13 36 0 0.01335902
Link 3 14 39 0 -0.61793144
Link 4 14 40 0 -0.76548599
Link 6 14 42 0 2.41072037
Link 8 14 44 0 0.81822122
Link 9 14 45 0 -0.20791784
Link 1 15 46 0 -1.53875758
Link 2 15 47 0 0.26760859
Link 4 15 49 0 -2.60838632
Link 5 15 50 0 0.41285713
Link 7 15 52 0 2.03468016
Link 8 15 53 0 -0.56045576
Link 9 15 54 0 -0.14827585
Link 1 16 55 0 -3.08269960
Link 2 16 56 0 0.68477671
Link 3 16 57 0 -3.27885213
Link 4 16 58 0 0.24983284
Link 5 16 59 0 1.31876698
Link 7 16 61 0 -1.29014706
Link 8 16 62 0 0.33329648
Link 9 16 63 0 -0.22773223
Link 2 19 71 0 -0.63306013
Link 19 10 72 0 0.35975647
Link 6 22 80 0 1.40056692
Link 22 16 81 0 1.06428146
Link 23 11 84 0 0.15276972
Link 5 26 93 0 -0.96061386
Link 26 10 94 0 -1.45353743
Link 8 29 102 0 0.94501933
Link 2 30 105 0 -0.97330227
Link 30 14 106 0 -1.05189327
Link 31 13 109 0 -0.47640293
Link 8 32 111 0 1.66492802
Link 32 13 112 0 -0.32643552
Link 6 33 115 0 1.16001969
Link 33 13 116 0 1.35706385
Link 34 12 119 0 0.99346846
Link 5 35 121 0 1.36441463
Link 35 13 122 0 -1.99455684
Link 4 36 126 0 2.30992445
Link 36 14 127 0 -2.95369229
Link 2 38 132 0 0.54001242
Link 6 39 135 0 -0.75213291
Link 39 15 136 0 2.89782122
Link 4 40 138 0 -1.68903111
Link 41 14 142 0 1.25828348
Link 43 15 148 0 -1.35803046
Link 44 11 151 0 1.43363689
Link 45 16 154 0 2.84335830
Link 5 46 156 0 1.73083353
Link 46 12 157 0 1.35015942
Link 2 48 162 0 -3.12031082
Link 48 16 163 0 -1.04197290
Link 5 50 171 0 -0.65657199
Link 7 53 186 0 -1.33352022
Link 53 12 187 0 -1.66347883
Link 2 55 193 0 -0.80443145
Link 55 11 194 0 1.19391739
Link 7 56 197 0 -0.04643941
Link 56 16 198 0 1.06354575
Link 5 57 202 0 1.13646154
Link 6 58 208 0 -1.17418934
Link 4 59 211 0 0.51787853
Link 59 12 212 0 0.44860942
Link 61 13 220 0 3.00311942
Link 14 14 233 1 -0.30959958
Link 7 64 237 0 -2.04596021
Link 7 55 249 0 1.26155601
Link 5 55 250 0 3.00415219
Link 15 38 261 1 3.05526664
Link 7 68 286 0 1.06102450
Link 68 10 287 0 0.76272272
Link 38 69 290 0 3.64720914
Link 1 70 307 0 1.14817109
Link 70 41 308 0 -0.95966447
Link 41 72 327 0 1.39590613
Link 72 14 328 0 -0.83933988
Link 76 14 351 0 2.80906401
Link 38 56 379 0 0.86855076
Link 2 81 399 0 1.44558140
Link 81 13 400 0 -0.77300811
Link 16 85 430 1 1.33883610
Link 29 88 448 0 0.16712226
Link 88 15 449 0 -0.96156750
Link 5 56 453 0 3.26773308
Link 3 90 459 0 0.35397080
Link 4 91 463 0 0.50183127
Link 91 17 464 0 2.20340744
Link 6 98 520 0 0.21094280
Link 98 23 521 0 -1.42906281
Link 13 55 582 1 1.00459251
Link 113 15 641 0 1.93383087
Link 2 119 693 0 1.65437071
Link 119 12 694 0 -1.74703347
Link 129 14 791 0 1.65757672
Link 71 130 795 0 -1.32112990
Link 130 11 796 0 -3.00114580
Link 3 132 801 0 1.17816821
Link 132 43 802 0 -2.92172566
Link 9 38 844 0 -0.58019680
Link 4 145 867 0 1.90389008
Link 145 45 868 0 -1.61503330
Link 19 57 882 0 1.01782193
Link 7 147 884 0 -0.96770169
Link 147 68 885 0 -0.47345287
Link 57 156 931 0 1.80445184
Link 156 15 932 0 -1.21007664
Link 32 14 970 0 -1.55995211
Link 90 161 986 0 0.94451477
Link 161 31 987 0 1.75156705
Link 165 30 1006 0 -0.25973333
Link 8 48 1064 0 -0.64506048
Link 68 68 1084 1 -1.83910125
Link 8 175 1110 0 -0.02826383
Link 175 76 1111 0 2.28703476
Link 85 177 1131 1 -0.76052604
Link 177 68 1132 1 -1.10382415
Link 2 180 1145 0 0.62190759
Link 180 11 1146 0 0.54153479
Link 29 56 1156 0 0.19164513
Link 40 187 1190 0 0.88573689
Link 8 38 1271 0 2.29481079
Link 10 32 1308 1 0.52241932
Link 3 214 1351 0 -1.25271809
Link 214 44 1352 0 -2.45647639
Link 5 71 1358 0 -0.95418360
Link 10 68 1425 1 -1.23073321
Link 3 226 1447 0 0.80367469
Link 226 34 1448 0 -0.49982563
Link 70 229 1466 0 -1.52730866
Link 229 41 1467 0 0.06612450
Link 9 71 1475 0 0.99126810
Link 58 232 1485 0 1.50196192
Link 232 14 1486 0 -1.42110639
Link 44 56 1490 0 -0.74978152
Link 4 234 1505 0 -1.13243802
Link 68 239 1535 0 0.33063855
Link 239 10 1536 0 -0.91656985
Link 187 251 1600 0 0.27811407
Link 251 13 1601 0 -2.00491363
Link 19 55 1661 0 -2.31135070
Link 8 69 1708 0 -2.43887291
Link 234 282 1813 0 -2.03539450
Link 282 55 1814 0 1.61894217
Link 16 48 1827 1 -1.68088861
Link 7 291 1853 0 1.81123363
Link 291 61 1854 0 0.20133358
Link 64 310 1970 0 0.49092504
Link 310 14 1971 0 0.22656389
Link 8 338 2165 0 0.69242349
Link 338 68 2166 0 0.26253577
Link 1 98 2201 0 0.61927596
Link 31 351 2254 1 0.82688038
Link 351 235 2255 1 0.87748852
Link 71 31 2288 0 1.79440774
Link 11 50 2323 1 2.15040392
Link 69 372 2424 0 -1.04865192
Link 372 12 2425 0 -0.19217954
Link 377 81 2466 0 0.70089675
Link 12 30 2517 1 0.35109735
Link 40 19 2520 0 -0.02818888
Link 129 129 2564 1 1.00007306
Link 393 71 2567 0 -0.43895283
Link 44 26 2687 0 1.23883285
Link 129 422 2777 0 0.37155326
Link 17 426 2801 0 -2.85138164
Link 426 113 2802 0 2.46864064
Link 129 17 2822 1 0.89500348
Link 8 430 2838 0 -1.64557622
Link 430 40 2839 0 0.52735774
Link 435 393 2885 0 1.81541582
Link 69 436 2888 0 1.74719541
Link 436 15 2889 0 -1.03885996
Link 30 68 2927 0 -0.11956722
Link 38 338 2934 1 -1.08903902
Link 435 14 2972 0 -1.35656203
Link 4 447 2984 0 1.99707286
Link 447 282 2985 0 -0.90878177
Link 50 11 2990 0 -0.75297067
Link 214 214 3012 1 -0.54128439
Link 32 454 3037 0 -0.72201287
Link 34 310 3086 0 1.06292798
Link 11 338 3108 1 -1.29959446
Link 69 13 3154 0 0.03584083
Link 4 476 3191 0 -0.36695949
Link 34 477 3196 0 1.58539487
Link 477 15 3197 0 -1.36155658
Link 129 32 3288 1 1.15842064
Link 35 48 3291 0 -0.95156079
Link 15 494 3341 1 -1.86832814
Link 85 14 3454 0 -2.80979526
Link 494 519 3528 1 0.56795193
Link 519 15 3529 1 0.15378237
Link 17 535 3645 0 0.86095065
Link 535 40 3646 0 -2.80691989
Link 35 539 3673 0 1.04106036
Link 539 16 3674 0 -0.01444624
Link 50 540 3684 0 1.89741853
Link 540 129 3685 0 3.27338430
Link 56 69 3774 0 -0.83823371
Link 30 30 3785 1 -0.11770229
Link 393 48 3799 0 1.28668314
Link 165 426 3842 0 -0.94281219
Link 38 476 3858 1 -4.47477941
Link 235 564 3896 0 -0.51143299
Link 564 435 3897 0 0.90025199
Link 494 282 3904 1 0.93720278
Link 5 569 3927 0 -0.69829240
Link 569 32 3928 0 1.69908929
Link 16 251 3932 1 -0.00843480
Link 476 575 3984 0 -4.25542616
Link 575 235 3985 0 1.06402347
Link 422 589 4105 0 1.06151590
Link 589 14 4106 0 -0.10756278
Link 589 16 4185 0 -1.83316278
Link 605 435 4245 0 0.63184158
Link 85 64 4254 1 -0.60464861
Link 23 50 4305 0 -0.25343592
Link 454 611 4315 0 2.38643873
Link 611 19 4316 0 -1.37628907
Link 71 41 4453 0 -2.98548422
Link 4 129 4496 0 0.59965771
Link 5 630 4532 0 -1.46131011
Link 630 494 4533 0 0.61755989
Link 177 638 4594 1 0.96211734
Link 638 70 4595 1 4.29709454
Link 2 645 4692 0 2.70474114
Link 645 165 4693 0 -1.14058527
Link 575 435 4702 0 0.41857311
Link 76 68 4716 0 2.25536160
Link 40 40 4724 1 0.37750965
Link 476 659 4813 0 -0.02999284
Link 659 605 4814 0 -0.31771848
Link 68 130 4837 0 -1.18829977
Link 251 61 4915 1 1.42561387
Link 251 681 5026 1 0.67518005
Link 681 454 5027 1 2.77436771
Link 7 687 5077 0 4.04005173
Link 687 12 5078 0 -0.91706014
Link 130 129 5212 0 0.82902369
Link 235 26 5385 0 0.36693785
Link 31 732 5409 0 1.15065144
Link 732 29 5410 0 -0.66978225
Link 58 129 5440 0 -0.96205691
Link 32 736 5456 0 -0.50360944
Link 736 251 5457 0 -2.55430956
Link 147 31 5497 0 4.44050601
Link 745 14 5527 0 -0.18625310
Link 72 10 5548 0 1.61306297
Link 454 113 5608 0 -0.29059714
Link 61 235 5787 1 -0.44246318
Link 569 44 5832 0 1.08182833
Link 226 76 5902 0 0.94112519
Link 310 569 5975 1 1.20669808
Link 39 796 6036 0 1.23231096
Link 796 61 6037 0 0.52785942
Link 31 64 6210 0 -1.36036800
Link 494 796 6517 1 -1.01632396
Link 645 38 6765 0 -2.89400123
Link 234 15 6860 0 -0.77339131
Link 58 422 6880 0 0.17567721
Link 64 917 7083 0 0.78604273
Link 917 745 7084 0 0.95693278
Link 611 35 7189 0 -0.22466369
Link 393 377 7262 0 2.27859729
Link 564 422 7273 0 -0.97570746
Link 19 239 7292 0 4.93106338
Link 113 539 7310 0 -3.92842594
Link 43 589 7425 0 4.74720897
Link 71 687 7517 0 -1.77992767
Link 72 645 7763 1 -0.02935659
Link 291 435 7801 0 0.93499960
Link 569 477 7874 0 -1.79663026
Link 76 310 7958 0 3.96081982
Link 611 732 7973 0 2.04119125
Link 19 917 8231 0 -0.29559957
GenomeEnd

