GenomeStart 97442
Neuron 1 1 0.00000000 1 0.00000000 0.00000000 0.00000000 0.00000000
Neuron 2 1 0.00000000 1 0.00000000 0.00000000 0.00000000 0.00000000
Neuron 3 1 0.00000000 1 0.00000000 0.00000000 0.00000000 0.00000000
Neuron 4 1 0.00000000 1 0.00000000 0.00000000 0.00000000 0.00000000
Neuron 5 1 0.00000000 1 0.00000000 0.00000000 0.00000000 0.00000000
Neuron 6 1 0.00000000 1 0.00000000 0.00000000 0.00000000 0.00000000
Neuron 7 1 0.00000000 1 0.00000000 0.00000000 0.00000000 0.00000000
Neuron 8 1 0.00000000 1 0.00000000 0.00000000 0.00000000 0.00000000
Neuron 9 2 0.00000000 1 0.00000000 0.00000000 0.00000000 0.00000000
Neuron 10 4 1.00000000 0 1.00000000 0.00000000 0.00000000 0.00000000
Neuron 11 4 1.00000000 0 1.00000000 0.00000000 0.00000000 0.00000000
Neuron 12 4 1.00000000 0 1.00000000 0.00000000 0.00000000 0.00000000
Neuron 13 4 1.00000000 0 1.00000000 0.00000000 0.00000000 0.00000000
Neuron 14 4 1.00000000 0 1.00000000 0.00000000 0.00000000 0.00000000
Neuron 15 4 1.00000000 0 1.00000000 0.00000000 0.00000000 0.00000000
Neuron 16 4 1.00000000 0 1.00000000 0.00000000 0.00000000 0.00000000
Neuron 17 3 0.50000000 1 1.00000000 0.00000000 0.00000000 0.00000000
Neuron 18 3 0.50000000 1 1.00000000 0.00000000 0.00000000 0.00000000
Neuron 19 3 0.50000000 1 1.00000000 0.00000000 0.00000000 0.00000000
Neuron 22 3 0.50000000 1 1.00000000 0.00000000 0.00000000 0.00000000
Neuron 23 3 0.50000000 1 1.00000000 0.00000000 0.00000000 0.00000000
Neuron 26 3 0.50000000 1 1.00000000 0.00000000 0.00000000 0.00000000
Neuron 29 3 0.50000000 1 1.00000000 0.00000000 0.00000000 0.00000000
Neuron 30 3 0.50000000 1 1.00000000 0.00000000 0.00000000 0.00000000
Neuron 31 3 0.50000000 1 1.00000000 0.00000000 0.00000000 0.00000000
Neuron 32 3 0.50000000 1 1.00000000 0.00000000 0.00000000 0.00000000
Neuron 33 3 0.50000000 1 1.00000000 0.00000000 0.00000000 0.00000000
Neuron 34 3 0.50000000 1 1.00000000 0.00000000 0.00000000 0.00000000
Neuron 35 3 0.50000000 1 1.00000000 0.00000000 0.00000000 0.00000000
Neuron 36 3 0.50000000 1 1.00000000 0.00000000 0.00000000 0.00000000
Neuron 38 3 0.50000000 1 1.00000000 0.00000000 0.00000000 0.00000000
Neuron 39 3 0.50000000 1 1.00000000 0.00000000 0.00000000 0.00000000
Neuron 40 3 0.50000000 1 1.00000000 0.00000000 0.00000000 0.00000000
Neuron 41 3 0.50000000 1 1.00000000 0.00000000 0.00000000 0.00000000
Neuron 42 3 0.50000000 1 1.00000000 0.00000000 0.00000000 0.00000000
Neuron 43 3 0.50000000 1 1.00000000 0.00000000 0.00000000 0.00000000
Neuron 44 3 0.50000000 1 1.00000000 0.00000000 0.00000000 0.00000000
Neuron 45 3 0.50000000 1 1.00000000 0.00000000 0.00000000 0.00000000
Neuron 46 3 0.50000000 1 1.00000000 0.00000000 0.00000000 0.00000000
Neuron 48 3 0.50000000 1 1.00000000 0.00000000 0.00000000 0.00000000
Neuron 50 3 0.50000000 1 1.00000000 0.00000000 0.00000000 0.00000000
Neuron 53 3 0.50000000 1 1.00000000 0.00000000 0.00000000 0.00000000
Neuron 54 3 0.50000000 1 1.00000000 0.00000000 0.00000000 0.00000000
Neuron 55 3 0.50000000 1 1.00000000 0.00000000 0.00000000 0.00000000
Neuron 56 3 0.50000000 1 1.00000000 0.00000000 0.00000000 0.00000000
Neuron 57 3 0.50000000 1 1.00000000 0.00000000 0.00000000 0.00000000
Neuron 58 3 0.50000000 1 1.00000000 0.00000000 0.00000000 0.00000000
Neuron 59 3 0.50000000 1 1.00000000 0.00000000 0.00000000 0.00000000
Neuron 60 3 0.50000000 1 1.00000000 0.00000000 0.00000000 0.00000000
Neuron 61 3 0.50000000 1 1.00000000 0.00000000 0.00000000 0.00000000
Neuron 64 3 0.50000000 1 1.00000000 0.00000000 0.00000000 0.00000000
Neuron 65 3 0.75000000 1 1.00000000 0.00000000 0.00000000 0.00000000
Neuron 68 3 0.50000000 1 1.00000000 0.00000000 0.00000000 0.00000000
Neuron 69 3 0.75000000 1 1.00000000 0.00000000 0.00000000 0.00000000
Neuron 70 3 0.25000000 1 1.00000000 0.00000000 0.00000000 0.00000000
Neuron 71 3 0.50000000 1 1.00000000 0.00000000 0.00000000 0.00000000
Neuron 72 3 0.75000000 1 1.00000000 0.00000000 0.00000000 0.00000000
Neuron 75 3 0.50000000 1 1.00000000 0.00000000 0.00000000 0.00000000
Neuron 76 3 0.50000000 1 1.00000000 0.00000000 0.00000000 0.00000000
Neuron 81 3 0.50000000 1 1.00000000 0.00000000 0.00000000 0.00000000
Neuron 85 3 0.75000000 1 1.00000000 0.00000000 0.00000000 0.00000000
Neuron 88 3 0.75000000 1 1.00000000 0.00000000 0.00000000 0.00000000
Neuron 90 3 0.25000000 1 1.00000000 0.00000000 0.00000000 0.00000000
Neuron 91 3 0.25000000 1 1.00000000 0.00000000 0.00000000 0.00000000
Neuron 95 3 0.75000000 1 1.00000000 0.00000000 0.00000000 0.00000000
Neuron 98 3 0.25000000 1 1.00000000 0.00000000 0.00000000 0.00000000
Neuron 100 3 0.50000000 1 1.00000000 0.00000000 0.00000000 0.00000000
Neuron 104 3 0.25000000 1 1.00000000 0.00000000 0.00000000 0.00000000
Neuron 108 3 0.75000000 1 1.00000000 0.00000000 0.00000000 0.00000000
Neuron 113 3 0.75000000 1 1.00000000 0.00000000 0.00000000 0.00000000
Neuron 118 3 0.25000000 1 1.00000000 0.00000000 0.00000000 0.00000000
Neuron 119 3 0.50000000 1 1.00000000 0.00000000 0.00000000 0.00000000
Neuron 121 3 0.25000000 1 1.00000000 0.00000000 0.00000000 0.00000000
Neuron 129 3 0.75000000 1 1.00000000 0.00000000 0.00000000 0.00000000
Neuron 130 3 0.75000000 1 1.00000000 0.00000000 0.00000000 0.00000000
Neuron 131 3 0.62500000 1 1.00000000 0.00000000 0.00000000 0.00000000
Neuron 132 3 0.25000000 1 1.00000000 0.00000000 0.00000000 0.00000000
Neuron 138 3 0.75000000 1 1.00000000 0.00000000 0.00000000 0.00000000
Neuron 142 3 0.75000000 1 1.00000000 0.00000000 0.00000000 0.00000000
Neuron 145 3 0.25000000 1 1.00000000 0.00000000 0.00000000 0.00000000
Neuron 147 3 0.25000000 1 1.00000000 0.00000000 0.00000000 0.00000000
Neuron 153 3 0.62500000 1 1.00000000 0.00000000 0.00000000 0.00000000
Neuron 156 3 0.75000000 1 1.00000000 0.00000000 0.00000000 0.00000000
Neuron 158 3 0.25000000 1 1.00000000 0.00000000 0.00000000 0.00000000
Neuron 161 3 0.37500000 1 1.00000000 0.00000000 0.00000000 0.00000000
Neuron 165 3 0.25000000 1 1.00000000 0.00000000 0.00000000 0.00000000
Neuron 175 3 0.25000000 1 1.00000000 0.00000000 0.00000000 0.00000000
Neuron 177 3 0.62500000 1 1.00000000 0.00000000 0.00000000 0.00000000
Neuron 180 3 0.50000000 1 1.00000000 0.00000000 0.00000000 0.00000000
Neuron 183 3 0.75000000 1 1.00000000 0.00000000 0.00000000 0.00000000
Neuron 187 3 0.75000000 1 1.00000000 0.00000000 0.00000000 0.00000000
Neuron 193 3 0.75000000 1 1.00000000 0.00000000 0.00000000 0.00000000
Neuron 195 3 0.75000000 1 1.00000000 0.00000000 0.00000000 0.00000000
Neuron 207 3 0.75000000 1 1.00000000 0.00000000 0.00000000 0.00000000
Neuron 212 3 0.25000000 1 1.00000000 0.00000000 0.00000000 0.00000000
Neuron 214 3 0.25000000 1 1.00000000 0.00000000 0.00000000 0.00000000
Neuron 221 3 0.37500000 1 1.00000000 0.00000000 0.00000000 0.00000000
Neuron 226 3 0.25000000 1 1.00000000 0.00000000 0.00000000 0.00000000
Neuron 229 3 0.37500000 1 1.00000000 0.00000000 0.00000000 0.00000000
Neuron 231 3 0.25000000 1 1.00000000 0.00000000 0.00000000 0.00000000
Neuron 232 3 0.75000000 1 1.00000000 0.00000000 0.00000000 0.00000000
Neuron 234 3 0.25000000 1 1.00000000 0.00000000 0.00000000 0.00000000
Neuron 235 3 0.25000000 1 1.00000000 0.00000000 0.00000000 0.00000000
Neuron 239 3 0.75000000 1 1.00000000 0.00000000 0.00000000 0.00000000
Neuron 245 3 0.25000000 1 1.00000000 0.00000000 0.00000000 0.00000000
Neuron 249 3 0.12500000 1 1.00000000 0.00000000 0.00000000 0.00000000
Neuron 251 3 0.87500000 1 1.00000000 0.00000000 0.00000000 0.00000000
Neuron 278 3 0.75000000 1 1.00000000 0.00000000 0.00000000 0.00000000
Neuron 282 3 0.37500000 1 1.00000000 0.00000000 0.00000000 0.00000000
Neuron 288 3 0.87500000 1 1.00000000 0.00000000 0.00000000 0.00000000
Neuron 291 3 0.25000000 1 1.00000000 0.00000000 0.00000000 0.00000000
Neuron 297 3 0.50000000 1 1.00000000 0.00000000 0.00000000 0.00000000
Neuron 310 3 0.75000000 1 1.00000000 0.00000000 0.00000000 0.00000000
Neuron 312 3 0.50000000 1 1.00000000 0.00000000 0.00000000 0.00000000
Neuron 320 3 0.56250000 1 1.00000000 0.00000000 0.00000000 0.00000000
Neuron 338 3 0.25000000 1 1.00000000 0.00000000 0.00000000 0.00000000
Neuron 340 3 0.75000000 1 1.00000000 0.00000000 0.00000000 0.00000000
Neuron 342 3 0.62500000 1 1.00000000 0.00000000 0.00000000 0.00000000
Neuron 351 3 0.37500000 1 1.00000000 0.00000000 0.00000000 0.00000000
Neuron 365 3 0.50000000 1 1.00000000 0.00000000 0.00000000 0.00000000
Neuron 372 3 0.87500000 1 1.00000000 0.00000000 0.00000000 0.00000000
Neuron 377 3 0.50000000 1 1.00000000 0.00000000 0.00000000 0.00000000
Neuron 378 3 0.62500000 1 1.00000000 0.00000000 0.00000000 0.00000000
Neuron 392 3 0.43750000 1 1.00000000 0.00000000 0.00000000 0.00000000
Neuron 393 3 0.37500000 1 1.00000000 0.00000000 0.00000000 0.00000000
Neuron 410 3 0.12500000 1 1.00000000 0.00000000 0.00000000 0.00000000
Neuron 413 3 0.75000000 1 1.00000000 0.00000000 0.00000000 0.00000000
Neuron 422 3 0.87500000 1 1.00000000 0.00000000 0.00000000 0.00000000
Neuron 426 3 0.62500000 1 1.00000000 0.00000000 0.00000000 0.00000000
Neuron 429 3 0.37500000 1 1.00000000 0.00000000 0.00000000 0.00000000
Neuron 430 3 0.25000000 1 1.00000000 0.00000000 0.00000000 0.00000000
Neuron 433 3 0.75000000 1 1.00000000 0.00000000 0.00000000 0.00000000
Neuron 435 3 0.31250000 1 1.00000000 0.00000000 0.00000000 0.00000000
Neuron 436 3 0.87500000 1 1.00000000 0.00000000 0.00000000 0.00000000
Neuron 440 3 0.62500000 1 1.00000000 0.00000000 0.00000000 0.00000000
Neuron 442 3 0.50000000 1 1.00000000 0.00000000 0.00000000 0.00000000
Neuron 444 3 0.12500000 1 1.00000000 0.00000000 0.00000000 0.00000000
Neuron 447 3 0.18750000 1 1.00000000 0.00000000 0.00000000 0.00000000
Neuron 454 3 0.50000000 1 1.00000000 0.00000000 0.00000000 0.00000000
Neuron 458 3 0.34375000 1 1.00000000 0.00000000 0.00000000 0.00000000
Neuron 466 3 0.12500000 1 1.00000000 0.00000000 0.00000000 0.00000000
Neuron 474 3 0.87500000 1 1.00000000 0.00000000 0.00000000 0.00000000
Neuron 476 3 0.12500000 1 1.00000000 0.00000000 0.00000000 0.00000000
Neuron 477 3 0.75000000 1 1.00000000 0.00000000 0.00000000 0.00000000
Neuron 478 3 0.56250000 1 1.00000000 0.00000000 0.00000000 0.00000000
Neuron 482 3 0.37500000 1 1.00000000 0.00000000 0.00000000 0.00000000
Neuron 494 3 1.00000000 1 1.00000000 0.00000000 0.00000000 0.00000000
Neuron 510 3 0.50000000 1 1.00000000 0.00000000 0.00000000 0.00000000
Neuron 514 3 0.25000000 1 1.00000000 0.00000000 0.00000000 0.00000000
Neuron 519 3 1.00000000 1 1.00000000 0.00000000 0.00000000 0.00000000
Neuron 524 3 0.62500000 1 1.00000000 0.00000000 0.00000000 0.00000000
Neuron 525 3 0.62500000 1 1.00000000 0.00000000 0.00000000 0.00000000
Neuron 530 3 0.12500000 1 1.00000000 0.00000000 0.00000000 0.00000000
Neuron 535 3 0.50000000 1 1.00000000 0.00000000 0.00000000 0.00000000
Neuron 539 3 0.75000000 1 1.00000000 0.00000000 0.00000000 0.00000000
Neuron 540 3 0.62500000 1 1.00000000 0.00000000 0.00000000 0.00000000
Neuron 544 3 0.87500000 1 1.00000000 0.00000000 0.00000000 0.00000000
Neuron 545 3 0.31250000 1 1.00000000 0.00000000 0.00000000 0.00000000
Neuron 548 3 0.37500000 1 1.00000000 0.00000000 0.00000000 0.00000000
Neuron 549 3 0.62500000 1 1.00000000 0.00000000 0.00000000 0.00000000
Neuron 558 3 0.50000000 1 1.00000000 0.00000000 0.00000000 0.00000000
Neuron 564 3 0.28125000 1 1.00000000 0.00000000 0.00000000 0.00000000
Neuron 569 3 0.25000000 1 1.00000000 0.00000000 0.00000000 0.00000000
Neuron 575 3 0.18750000 1 1.00000000 0.00000000 0.00000000 0.00000000
Neuron 578 3 0.25000000 1 1.00000000 0.00000000 0.00000000 0.00000000
Neuron 584 3 0.81250000 1 1.00000000 0.00000000 0.00000000 0.00000000
Neuron 589 3 0.93750000 1 1.00000000 0.00000000 0.00000000 0.00000000
Neuron 598 3 0.25000000 1 1.00000000 0.00000000 0.00000000 0.00000000
Neuron 602 3 0.75000000 1 1.00000000 0.00000000 0.00000000 0.00000000
Neuron 605 3 0.21875000 1 1.00000000 0.00000000 0.00000000 0.00000000
Neuron 609 3 0.43750000 1 1.00000000 0.00000000 0.00000000 0.00000000
Neuron 611 3 0.50000000 1 1.00000000 0.00000000 0.00000000 0.00000000
Neuron 614 3 0.37500000 1 1.00000000 0.00000000 0.00000000 0.00000000
Neuron 619 3 0.93750000 1 1.00000000 0.00000000 0.00000000 0.00000000
Neuron 620 3 0.12500000 1 1.00000000 0.00000000 0.00000000 0.00000000
Neuron 624 3 0.15625000 1 1.00000000 0.00000000 0.00000000 0.00000000
Neuron 630 3 0.50000000 1 1.00000000 0.00000000 0.00000000 0.00000000
Neuron 631 3 0.62500000 1 1.00000000 0.00000000 0.00000000 0.00000000
Neuron 632 3 0.90625000 1 1.00000000 0.00000000 0.00000000 0.00000000
Neuron 638 3 0.43750000 1 1.00000000 0.00000000 0.00000000 0.00000000
Neuron 645 3 0.12500000 1 1.00000000 0.00000000 0.00000000 0.00000000
Neuron 646 3 0.62500000 1 1.00000000 0.00000000 0.00000000 0.00000000
Neuron 649 3 0.50000000 1 1.00000000 0.00000000 0.00000000 0.00000000
Neuron 657 3 0.43750000 1 1.00000000 0.00000000 0.00000000 0.00000000
Neuron 659 3 0.17187500 1 1.00000000 0.00000000 0.00000000 0.00000000
Neuron 661 3 0.18750000 1 1.00000000 0.00000000 0.00000000 0.00000000
Neuron 671 3 0.81250000 1 1.00000000 0.00000000 0.00000000 0.00000000
Neuron 672 3 0.62500000 1 1.00000000 0.00000000 0.00000000 0.00000000
Neuron 681 3 0.68750000 1 1.00000000 0.00000000 0.00000000 0.00000000
Neuron 683 3 0.25000000 1 1.00000000 0.00000000 0.00000000 0.00000000
Neuron 687 3 0.50000000 1 1.00000000 0.00000000 0.00000000 0.00000000
Neuron 694 3 0.87500000 1 1.00000000 0.00000000 0.00000000 0.00000000
Neuron 697 3 0.21875000 1 1.00000000 0.00000000 0.00000000 0.00000000
Neuron 706 3 0.96875000 1 1.00000000 0.00000000 0.00000000 0.00000000
Neuron 708 3 0.06250000 1 1.00000000 0.00000000 0.00000000 0.00000000
Neuron 712 3 0.68750000 1 1.00000000 0.00000000 0.00000000 0.00000000
Neuron 721 3 0.50000000 1 1.00000000 0.00000000 0.00000000 0.00000000
Neuron 722 3 0.87500000 1 1.00000000 0.00000000 0.00000000 0.00000000
Neuron 732 3 0.50000000 1 1.00000000 0.00000000 0.00000000 0.00000000
Neuron 733 3 0.31250000 1 1.00000000 0.00000000 0.00000000 0.00000000
Neuron 736 3 0.68750000 1 1.00000000 0.00000000 0.00000000 0.00000000
Neuron 739 3 0.56250000 1 1.00000000 0.00000000 0.00000000 0.00000000
Neuron 745 3 0.75000000 1 1.00000000 0.00000000 0.00000000 0.00000000
Neuron 754 3 0.50000000 1 1.00000000 0.00000000 0.00000000 0.00000000
Neuron 783 3 0.12500000 1 1.00000000 0.00000000 0.00000000 0.00000000
Neuron 788 3 0.18750000 1 1.00000000 0.00000000 0.00000000 0.00000000
Neuron 796 3 0.50000000 1 1.00000000 0.00000000 0.00000000 0.00000000
Neuron 798 3 0.95312500 1 1.00000000 0.00000000 0.00000000 0.00000000
Neuron 804 3 0.78125000 1 1.00000000 0.00000000 0.00000000 0.00000000
Neuron 806 3 0.98437500 1 1.00000000 0.00000000 0.00000000 0.00000000
Neuron 817 3 0.50000000 1 1.00000000 0.00000000 0.00000000 0.00000000
Neuron 820 3 0.43750000 1 1.00000000 0.00000000 0.00000000 0.00000000
Neuron 826 3 0.26562500 1 1.00000000 0.00000000 0.00000000 0.00000000
Neuron 853 3 0.50000000 1 1.00000000 0.00000000 0.00000000 0.00000000
Neuron 871 3 0.50000000 1 1.00000000 0.00000000 0.00000000 0.00000000
Neuron 874 3 0.12500000 1 1.00000000 0.00000000 0.00000000 0.00000000
Neuron 875 3 0.37500000 1 1.00000000 0.00000000 0.00000000 0.00000000
Neuron 881 3 0.03125000 1 1.00000000 0.00000000 0.00000000 0.00000000
Neuron 882 3 0.62500000 1 1.00000000 0.00000000 0.00000000 0.00000000
Neuron 888 3 0.21875000 1 1.00000000 0.00000000 0.00000000 0.00000000
Neuron 917 3 0.62500000 1 1.00000000 0.00000000 0.00000000 0.00000000
Neuron 920 3 0.43750000 1 1.00000000 0.00000000 0.00000000 0.00000000
Neuron 932 3 0.37500000 1 1.00000000 0.00000000 0.00000000 0.00000000
Neuron 939 3 0.50000000 1 1.00000000 0.00000000 0.00000000 0.00000000
Neuron 948 3 0.68750000 1 1.00000000 0.00000000 0.00000000 0.00000000
Neuron 951 3 0.81250000 1 1.00000000 0.00000000 0.00000000 0.00000000
Neuron 952 3 0.79687500 1 1.00000000 0.00000000 0.00000000 0.00000000
Neuron 957 3 0.35937500 1 1.00000000 0.00000000 0.00000000 0.00000000
Neuron 969 3 0.37500000 1 1.00000000 0.00000000 0.00000000 0.00000000
Neuron 972 3 0.37500000 1 1.00000000 0.00000000 0.00000000 0.00000000
Neuron 973 3 0.99218750 1 1.00000000 0.00000000 0.00000000 0.00000000
Neuron 981 3 0.75000000 1 1.00000000 0.00000000 0.00000000 0.00000000
Neuron 985 3 0.62500000 1 1.00000000 0.00000000 0.00000000 0.00000000
Neuron 990 3 1.00000000 1 1.00000000 0.00000000 0.00000000 0.00000000
Neuron 991 3 0.50000000 1 1.00000000 0.00000000 0.00000000 0.00000000
Neuron 996 3 0.75000000 1 1.00000000 0.00000000 0.00000000 0.00000000
Neuron 999 3 0.56250000 1 1.00000000 0.00000000 0.00000000 0.00000000
Neuron 1002 3 0.50000000 1 1.00000000 0.00000000 0.00000000 0.00000000
Neuron 1009 3 0.71875000 1 1.00000000 0.00000000 0.00000000 0.00000000
Neuron 1021 3 0.06250000 1 1.00000000 0.00000000 0.00000000 0.00000000
Neuron 1027 3 0.87500000 1 1.00000000 0.00000000 0.00000000 0.00000000
Neuron 1043 3 0.62500000 1 1.00000000 0.00000000 0.00000000 0.00000000
Neuron 1058 3 0.50000000 1 1.00000000 0.00000000 0.00000000 0.00000000
Neuron 1077 3 0.20312500 1 1.00000000 0.00000000 0.00000000 0.00000000
Neuron 1109 3 0.78125000 1 1.00000000 0.00000000 0.00000000 0.00000000
Neuron 1110 3 0.43750000 1 1.00000000 0.00000000 0.00000000 0.00000000
Neuron 1139 3 0.50000000 1 1.00000000 0.00000000 0.00000000 0.00000000
Neuron 1141 3 0.03125000 1 1.00000000 0.00000000 0.00000000 0.00000000
Neuron 1155 3 0.50000000 1 1.00000000 0.00000000 0.00000000 0.00000000
Neuron 1180 3 0.81250000 1 1.00000000 0.00000000 0.00000000 0.00000000
Neuron 1188 3 0.59375000 1 1.00000000 0.00000000 0.00000000 0.00000000
Neuron 1197 3 0.34375000 1 1.00000000 0.00000000 0.00000000 0.00000000
Neuron 1216 3 0.59375000 1 1.00000000 0.00000000 0.00000000 0.00000000
Neuron 1220 3 0.59375000 1 1.00000000 0.00000000 0.00000000 0.00000000
Neuron 1237 3 0.78125000 1 1.00000000 0.00000000 0.00000000 0.00000000
Neuron 1243 3 0.68750000 1 1.00000000 0.00000000 0.00000000 0.00000000
Neuron 1252 3 0.43750000 1 1.00000000 0.00000000 0.00000000 0.00000000
Neuron 1266 3 0.50000000 1 1.00000000 0.00000000 0.00000000 0.00000000
Neuron 1269 3 0.71875000 1 1.00000000 0.00000000 0.00000000 0.00000000
Neuron 1300 3 0.51562500 1 1.00000000 0.00000000 0.00000000 0.00000000
Neuron 1379 3 0.50000000 1 1.00000000 0.00000000 0.00000000 0.00000000
Neuron 1449 3 0.25000000 1 1.00000000 0.00000000 0.00000000 0.00000000
Neuron 1491 3 0.71875000 1 1.00000000 0.00000000 0.00000000 0.00000000
Neuron 1502 3 0.82812500 1 1.00000000 0.00000000 0.00000000 0.00000000
Neuron 1519 3 0.50000000 1 1.00000000 0.00000000 0.00000000 0.00000000
Neuron 1525 3 0.37500000 1 1.00000000 0.00000000 0.00000000 0.00000000
Neuron 1572 3 0.92187500 1 1.00000000 0.00000000 0.00000000 0.00000000
Neuron 1576 3 0.75000000 1 1.00000000 0.00000000 0.00000000 0.00000000
Neuron 1592 3 0.12500000 1 1.00000000 0.00000000 0.00000000 0.00000000
Neuron 1705 3 0.46875000 1 1.00000000 0.00000000 0.00000000 0.00000000
Neuron 1717 3 0.43750000 1 1.00000000 0.00000000 0.00000000 0.00000000
Neuron 1726 3 0.34375000 1 1.00000000 0.00000000 0.00000000 0.00000000
Neuron 1798 3 0.62500000 1 1.00000000 0.00000000 0.00000000 0.00000000
Neuron 1813 3 0.50000000 1 1.00000000 0.00000000 0.00000000 0.00000000
Link 1 10 1 0 -1.38676165
Link 2 10 2 0 -1.42016953
Link 3 10 3 0 0.73677830
Link 6 10 6 0 -1.31833754
Link 8 10 8 0 -1.61907900
Link 9 10 9 0 1.37384650
Link 1 11 10 0 -3.06921641
Link 2 11 11 0 3.77884213
Link 3 11 12 0 0.99934390
Link 4 11 13 0 2.45572395
Link 5 11 14 0 3.14975884
Link 6 11 15 0 0.55153689
Link 7 11 16 0 -1.95124603
Link 8 11 17 0 1.56210325
Link 9 11 18 0 -1.74897924
Link 1 12 19 0 -2.44922741
Link 4 12 22 0 1.25577915
Link 5 12 23 0 -2.28053629
Link 6 12 24 0 -0.82698412
Link 7 12 25 0 -0.67869519
Link 8 12 26 0 -0.04126616
Link 9 12 27 0 0.63753369
Link 1 13 28 0 -3.37354041
Link 3 13 30 0 0.58126661
Link 4 13 31 0 0.80959350
Link 6 13 33 0 1.12653538
Link 9 13 36 0 1.45658905
Link 3 14 39 0 0.06219812
Link 6 14 42 0 -0.88398255
Link 8 14 44 0 -1.08743077
Link 9 14 45 0 -0.98392203
Link 1 15 46 0 -4.69544343
Link 2 15 47 0 0.47321719
Link 3 15 48 0 0.95680020
Link 4 15 49 0 -6.78540213
Link 5 15 50 0 0.87698218
Link 6 15 51 0 0.09748055
Link 7 15 52 0 2.22841516
Link 8 15 53 0 -1.29281129
Link 9 15 54 0 -1.62369733
Link 1 16 55 0 -0.68075622
Link 2 16 56 0 1.55399099
Link 3 16 57 0 -1.08675011
Link 5 16 59 0 -0.32649165
Link 7 16 61 0 0.93247996
Link 8 16 62 0 -1.10255381
Link 9 16 63 0 -0.57877736
Link 4 17 65 0 -0.81928881
Link 6 18 68 0 1.66494596
Link 18 12 69 0 -0.41749419
Link 2 19 71 0 -4.20566679
Link 19 10 72 0 1.59368802
Link 6 22 80 0 -0.64107196
Link 22 16 81 0 1.48912893
Link 23 11 84 0 -0.85339550
Link 5 26 93 0 -2.11544935
Link 8 29 102 0 -1.58024609
Link 30 14 106 0 -0.73255371
Link 31 13 109 0 -1.53474609
Link 8 32 111 0 1.56825489
Link 32 13 112 0 0.68261157
Link 6 33 115 0 2.58297201
Link 33 13 116 0 5.56360729
Link 34 12 119 0 0.70021593
Link 5 35 121 0 -1.76044872
Link 35 13 122 0 -2.22865710
Link 13 13 124 1 -3.66766458
Link 4 36 126 0 -0.94360453
Link 36 14 127 0 1.57475767
Link 2 38 132 0 -1.44804671
Link 38 12 133 0 -2.26124924
Link 6 39 135 0 1.11533504
Link 39 15 136 0 3.35950028
Link 41 14 142 0 0.48569576
Link 8 42 144 0 0.10689368
Link 42 11 145 0 2.03687242
Link 43 15 148 0 2.36677108
Link 45 16 154 0 1.80191249
Link 5 46 156 0 0.45563146
Link 46 12 157 0 0.99997322
Link 2 48 162 0 -2.90640141
Link 5 50 171 0 4.02883367
Link 7 53 186 0 2.07226738
Link 53 12 187 0 -0.39481304
Link 3 54 189 0 -2.55412005
Link 2 55 193 0 0.17983116
Link 55 11 194 0 1.27058494
Link 7 56 197 0 -2.54758858
Link 56 16 198 0 -0.72913638
Link 5 57 202 0 -0.62682097
Link 6 58 208 0 -0.46205682
Link 58 14 209 0 -1.22570531
Link 4 59 211 0 0.76564362
Link 59 12 212 0 1.47137464
Link 4 60 214 0 1.22123117
Link 60 10 215 0 -1.58949652
Link 7 61 219 0 -1.65040431
Link 61 13 220 0 -1.48725014
Link 14 14 233 1 1.06457891
Link 7 64 237 0 2.65310052
Link 2 23 241 0 3.32208272
Link 23 65 244 0 0.34743440
Link 65 11 245 0 -0.10557762
Link 7 55 249 0 1.01694204
Link 5 55 250 0 -2.33601992
Link 15 38 261 1 0.48588745
Link 7 68 286 0 -3.87074663
Link 68 10 287 0 0.28083404
Link 1 70 307 0 0.96852818
Link 70 41 308 0 3.73123908
Link 41 72 327 0 1.30319987
Link 72 14 328 0 0.13701849
Link 75 10 344 0 0.62996887
Link 76 14 351 0 -1.42469472
Link 38 56 379 0 0.51557161
Link 2 81 399 0 2.28412442
Link 81 13 400 0 0.49437124
Link 16 85 430 1 2.32819673
Link 88 15 449 0 -2.13777799
Link 3 90 459 0 0.56452800
Link 4 91 463 0 0.80693625
Link 91 17 464 0 -1.88511152
Link 95 14 500 0 2.64402533
Link 98 23 521 0 3.49541955
Link 8 100 551 0 2.71454393
Link 13 55 582 1 1.75271530
Link 8 104 601 0 -0.00706901
Link 113 15 641 0 2.21623131
Link 7 118 682 0 -2.39488352
Link 118 64 683 0 -2.75509530
Link 2 119 693 0 1.41128626
Link 119 12 694 0 -0.34734654
Link 2 121 700 0 1.70497102
Link 121 81 701 0 1.50050716
Link 50 129 790 0 1.71206279
Link 129 14 791 0 2.78268395
Link 130 11 796 0 -0.00433476
Link 29 131 798 0 -1.24069660
Link 131 88 799 0 -3.12858926
Link 3 132 801 0 1.84072597
Link 132 43 802 0 0.61362646
Link 44 138 832 0 1.73929259
Link 138 11 833 0 2.07415151
Link 9 38 844 0 -1.80447235
Link 4 145 867 0 3.28781671
Link 19 57 882 0 1.05256086
Link 7 147 884 0 -1.01525446
Link 147 68 885 0 -0.50796233
Link 57 156 931 0 2.73020280
Link 156 15 932 0 1.17078140
Link 1 158 946 0 0.85795990
Link 158 75 947 0 -0.38618672
Link 32 14 970 0 1.80030185
Link 90 161 986 0 -3.14086670
Link 161 31 987 0 -1.69185569
Link 2 165 1005 0 -0.88418244
Link 165 30 1006 0 -0.28328197
Link 8 175 1110 0 -0.00828532
Link 175 76 1111 0 3.06759953
Link 85 177 1131 1 -1.08406207
Link 177 68 1132 1 0.15091333
Link 2 180 1145 0 1.52127532
Link 29 56 1156 0 3.15460173
Link 19 183 1174 0 -0.56487808
Link 183 10 1175 0 -0.77451134
Link 40 187 1190 0 0.61503445
Link 31 193 1223 0 -2.10405724
Link 193 13 1224 0 -1.32214450
Link 100 195 1233 0 1.00000000
Link 195 12 1234 0 1.22162515
Link 48 207 1299 0 2.63745999
Link 207 16 1300 0 2.65958395
Link 10 32 1308 1 -1.82048556
Link 4 212 1339 0 1.93484589
Link 212 40 1340 0 0.87017632
Link 3 214 1351 0 -1.11414688
Link 214 44 1352 0 -0.91822163
Link 5 71 1358 0 1.13642290
Link 98 221 1402 0 0.15728788
Link 221 23 1403 0 -1.99713055
Link 10 68 1425 1 -3.74459401
Link 3 226 1447 0 -1.10556226
Link 226 34 1448 0 -0.47804792
Link 70 229 1466 0 2.66326387
Link 9 71 1475 0 -0.65822011
Link 231 50 1478 0 0.91050777
Link 58 232 1485 0 0.99145434
Link 232 14 1486 0 -1.55708873
Link 44 56 1490 0 -2.76115872
Link 4 234 1505 0 -0.03496625
Link 239 10 1536 0 -0.44548640
Link 5 245 1563 0 -0.56378753
Link 249 70 1589 0 0.08076078
Link 187 251 1600 0 0.59637090
Link 251 13 1601 0 -0.79802793
Link 8 69 1708 0 -2.17830101
Link 61 278 1796 0 -2.98761515
Link 278 13 1797 0 3.53527574
Link 282 55 1814 0 4.15413600
Link 16 48 1827 1 3.93232531
Link 288 11 1845 0 0.54463383
Link 291 61 1854 0 3.05056721
Link 19 297 1884 0 2.12484935
Link 297 55 1885 0 -1.15112459
Link 310 14 1971 0 0.42848779
Link 3 312 1981 0 -0.41991674
Link 312 12 1982 0 0.11316811
Link 55 320 2046 0 -0.74331884
Link 320 153 2047 0 0.33309562
Link 8 338 2165 0 0.92808112
Link 34 340 2176 0 0.32931037
Link 340 12 2177 0 1.03964322
Link 57 342 2186 0 -0.38415376
Link 342 156 2187 0 -0.22664693
Link 1 98 2201 0 1.34139030
Link 351 235 2255 1 -0.65922130
Link 71 31 2288 0 -0.11360673
Link 11 50 2323 1 2.98626824
Link 4 365 2352 0 1.08487954
Link 365 16 2353 0 -0.26387188
Link 372 12 2425 0 -0.27515373
Link 377 81 2466 0 0.32818737
Link 54 378 2475 0 2.27933343
Link 378 95 2476 0 2.68569007
Link 12 30 2517 1 0.12134543
Link 40 19 2520 0 1.89033135
Link 4 282 2538 0 -1.82452985
Link 282 392 2561 0 2.49975836
Link 392 55 2562 0 -3.63944979
Link 129 129 2564 1 0.53453389
Link 393 71 2567 0 1.06886098
Link 6 410 2666 0 1.62457951
Link 410 98 2667 0 -1.48126448
Link 26 413 2685 0 -1.95306908
Link 413 10 2686 0 -0.22440608
Link 44 26 2687 0 2.40508123
Link 34 15 2755 0 -3.12193689
Link 129 422 2777 0 0.30324188
Link 17 426 2801 0 -1.26682233
Link 426 113 2802 0 3.63138987
Link 129 17 2822 1 1.61893084
Link 429 68 2827 0 0.32225849
Link 8 430 2838 0 -3.74780896
Link 430 40 2839 0 -1.97141631
Link 129 433 2865 1 0.30865449
Link 433 129 2866 1 1.88284003
Link 69 436 2888 0 1.34778850
Link 436 15 2889 0 -3.57485373
Link 64 440 2909 0 1.60160291
Link 440 310 2910 0 0.13889984
Link 30 68 2927 0 -1.08798140
Link 40 442 2930 0 1.89252364
Link 442 19 2931 0 1.94460814
Link 38 338 2934 1 0.63307924
Link 3 444 2959 0 -1.56848859
Link 435 14 2972 0 1.29482643
Link 4 447 2984 0 1.99945935
Link 447 282 2985 0 -1.43315802
Link 50 11 2990 0 -2.93675856
Link 435 458 3062 0 0.74466734
Link 34 310 3086 0 -2.82093795
Link 11 338 3108 1 0.54875973
Link 7 466 3131 0 3.31793234
Link 466 291 3132 0 -0.94596653
Link 69 13 3154 0 -1.45449413
Link 310 474 3180 0 -0.21400432
Link 474 14 3181 0 1.94829246
Link 4 476 3191 0 0.83609502
Link 34 477 3196 0 3.75744940
Link 477 15 3197 0 -0.27069294
Link 177 478 3200 1 2.64475499
Link 478 68 3201 1 2.28504091
Link 338 482 3234 0 0.62812731
Link 482 68 3235 0 -2.82811634
Link 129 32 3288 1 0.55263036
Link 35 48 3291 0 0.96075582
Link 15 494 3341 1 3.66077937
Link 494 15 3342 1 -0.70314406
Link 175 23 3433 0 4.14989286
Link 85 14 3454 0 -1.94509779
Link 68 510 3465 1 1.00000000
Link 510 68 3466 1 0.15871615
Link 5 514 3496 0 2.25868798
Link 514 56 3497 0 1.58417236
Link 494 519 3528 1 -1.13750616
Link 129 524 3565 1 -2.10821090
Link 524 17 3566 1 1.26563897
Link 34 525 3569 0 -0.39381146
Link 8 530 3611 0 2.10021697
Link 17 535 3645 0 -0.52702003
Link 535 40 3646 0 0.30537002
Link 35 539 3673 0 1.58729244
Link 539 16 3674 0 -0.58702087
Link 50 540 3684 0 2.09981945
Link 540 129 3685 0 2.78448619
Link 239 544 3734 0 0.21499567
Link 544 10 3735 0 2.03765784
Link 234 545 3738 0 0.68539546
Link 545 282 3739 0 0.46499422
Link 165 548 3766 0 -0.09502095
Link 548 30 3767 0 2.18845970
Link 56 69 3774 0 -3.44546596
Link 30 30 3785 1 -0.95127130
Link 71 549 3793 0 0.10634158
Link 549 130 3794 0 -1.46693669
Link 393 48 3799 0 1.91587921
Link 38 476 3858 1 -1.69177923
Link 8 558 3866 0 1.80096627
Link 558 15 3867 0 -0.61916998
Link 177 70 3881 1 1.60192695
Link 564 435 3897 0 -0.03726195
Link 494 282 3904 1 1.36178595
Link 5 569 3927 0 -0.57484613
Link 98 98 3967 1 1.80399713
Link 575 235 3985 0 1.14313023
Link 578 36 4000 0 1.57525271
Link 584 251 4061 0 1.97502733
Link 589 14 4106 0 -1.65115135
Link 214 598 4168 1 1.57140921
Link 598 214 4169 1 -0.36815779
Link 589 16 4185 0 -1.51279878
Link 251 454 4233 1 1.38874304
Link 605 435 4245 0 -0.22452459
Link 85 64 4254 1 -1.31031432
Link 165 609 4286 0 0.73667485
Link 609 426 4287 0 -2.82666364
Link 454 611 4315 0 1.75375154
Link 611 19 4316 0 -1.14284503
Link 245 614 4345 0 -0.45734858
Link 614 55 4346 0 2.27894843
Link 16 619 4415 1 -1.60765137
Link 619 251 4416 1 -1.23239878
Link 5 620 4422 0 0.67565356
Link 620 231 4423 0 -0.91398817
Link 71 41 4453 0 -4.10920935
Link 129 64 4460 1 -1.88845635
Link 476 624 4482 0 1.03254540
Link 624 575 4483 0 -4.15671559
Link 4 129 4496 0 -1.97322215
Link 5 630 4532 0 2.03368393
Link 630 494 4533 0 0.21649347
Link 68 631 4544 0 0.36997050
Link 631 239 4545 0 0.21240305
Link 422 632 4555 0 1.96900191
Link 177 638 4594 1 -0.16708681
Link 638 70 4595 1 5.57227406
Link 645 165 4693 0 -3.30249024
Link 129 646 4697 1 -0.46849849
Link 575 435 4702 0 1.97575381
Link 76 68 4716 0 -0.93371999
Link 649 377 4727 0 0.14987611
Link 229 657 4772 0 1.10642937
Link 657 41 4773 0 1.74039290
Link 476 659 4813 0 -1.37498561
Link 659 605 4814 0 -1.07135997
Link 530 661 4824 0 -2.70037358
Link 68 130 4837 0 0.00841776
Link 13 430 4846 1 4.65434804
Link 180 30 4896 0 2.23819856
Link 69 671 4938 0 0.02829310
Link 671 372 4939 0 -0.59017181
Link 32 672 4942 0 0.32556452
Link 672 142 4943 0 -0.62997936
Link 113 619 4944 0 -1.99342879
Link 57 282 5002 1 2.04996262
Link 251 681 5026 1 -0.60723283
Link 681 454 5027 1 2.17463065
Link 2 129 5033 0 0.31886512
Link 2 683 5053 0 -0.54649738
Link 683 30 5054 0 0.50622153
Link 7 687 5077 0 2.10891707
Link 687 12 5078 0 -5.16930360
Link 694 14 5122 0 -0.03331762
Link 19 619 5133 0 0.46428531
Link 697 430 5140 0 0.90690116
Link 226 113 5143 0 1.64925502
Link 17 251 5167 0 -0.47679475
Link 130 129 5212 0 0.27536523
Link 708 249 5232 0 -1.58476186
Link 98 548 5272 0 -0.35604544
Link 249 706 5273 0 1.29999467
Link 611 721 5339 0 -0.76442141
Link 721 19 5340 0 -1.01078223
Link 142 722 5351 0 1.79029832
Link 722 13 5352 0 -1.40314607
Link 235 26 5385 0 -0.25789391
Link 147 733 5412 0 0.90846030
Link 32 736 5456 0 -0.31453757
Link 736 251 5457 0 0.53802584
Link 530 251 5458 0 -2.22500785
Link 64 739 5479 0 0.66775392
Link 147 31 5497 0 -0.77467708
Link 745 14 5527 0 1.80548604
Link 72 10 5548 0 -1.93326659
Link 11 108 5582 1 -0.74250595
Link 754 14 5612 0 -0.01211753
Link 32 17 5629 0 -1.03723373
Link 130 130 5784 1 -0.15245865
Link 61 235 5787 1 -1.63335205
Link 569 44 5832 0 4.30748874
Link 544 108 5870 1 1.44748905
Link 226 76 5902 0 -3.01539265
Link 5 783 5904 0 2.76862777
Link 783 226 5905 0 1.22362991
Link 444 788 5968 0 -0.29003315
Link 788 226 5969 0 1.38626971
Link 39 796 6036 0 2.20789359
Link 796 61 6037 0 0.77528286
Link 706 798 6052 1 2.35939418
Link 798 619 6053 1 0.97586296
Link 187 804 6092 0 0.13149148
Link 806 706 6111 1 -0.21284117
Link 31 64 6210 0 -0.84124640
Link 31 820 6229 1 -3.05938346
Link 820 351 6230 1 0.41068227
Link 235 826 6282 0 1.13141227
Link 826 564 6283 0 -0.49412469
Link 649 57 6381 0 -1.39780034
Link 34 853 6466 0 0.67475982
Link 853 649 6467 0 -1.45149695
Link 17 57 6566 0 1.20546533
Link 59 98 6592 1 -4.11132010
Link 310 871 6624 1 4.04034171
Link 871 569 6625 1 3.09701618
Link 23 619 6663 0 -2.79083385
Link 4 874 6693 0 0.15928632
Link 874 578 6694 0 -0.59785949
Link 104 875 6697 0 1.00849713
Link 875 32 6698 0 -0.82485045
Link 1 881 6741 0 -1.12103729
Link 881 708 6742 0 2.05864267
Link 454 882 6747 0 0.30237515
Link 882 113 6748 0 0.08943563
Link 645 38 6765 0 2.42087083
Link 708 888 6830 0 -0.15309754
Link 888 429 6831 0 -0.22202400
Link 234 15 6860 0 1.49038633
Link 58 422 6880 0 1.42670872
Link 64 917 7083 0 2.11723581
Link 917 745 7084 0 0.05073258
Link 249 920 7104 0 3.36527820
Link 920 113 7105 0 1.84612744
Link 611 35 7189 0 -1.66873828
Link 569 932 7232 0 1.88437519
Link 932 32 7233 0 1.13823589
Link 564 422 7273 0 0.75585418
Link 19 239 7292 0 1.71592458
Link 113 539 7310 0 -0.50513911
Link 40 939 7326 1 -0.33397861
Link 939 40 7327 1 -4.45295730
Link 153 948 7401 0 -2.45101898
Link 948 108 7402 0 -1.23918980
Link 951 288 7455 0 -4.25306268
Link 952 584 7462 0 0.54156663
Link 458 957 7506 0 0.47751025
Link 957 393 7507 0 1.16540527
Link 71 687 7517 0 0.20260454
Link 951 614 7646 1 -3.35285280
Link 145 969 7650 0 1.93148764
Link 969 45 7651 0 -0.15517227
Link 972 212 7684 1 0.30637679
Link 16 973 7690 1 0.71379663
Link 973 806 7691 1 1.11930341
Link 433 61 7758 1 -0.07748728
Link 72 645 7763 1 -1.35285808
Link 22 981 7765 0 0.74079397
Link 981 14 7766 0 1.08012663
Link 291 435 7801 0 -2.95177070
Link 32 985 7809 0 1.78223321
Link 985 602 7810 0 -5.64532613
Link 519 990 7833 1 1.54100101
Link 990 15 7834 1 0.08953624
Link 31 991 7838 0 -0.01896286
Link 991 732 7839 0 -0.75532475
Link 494 996 7910 1 1.00838254
Link 996 796 7911 1 2.20162489
Link 646 999 7949 1 -0.63206355
Link 999 32 7950 1 0.99648222
Link 23 1002 7986 0 -1.69274580
Link 1002 50 7987 0 -0.33388377
Link 43 1009 8040 0 -1.10569569
Link 1009 589 8041 0 7.23403317
Link 161 422 8085 0 0.16887178
Link 1021 645 8109 0 2.55441366
Link 602 108 8113 0 0.73959078
Link 602 1027 8160 0 2.32863396
Link 1027 14 8161 0 0.34767201
Link 65 55 8170 1 -1.20271737
Link 54 187 8212 0 1.07557482
Link 108 19 8215 1 -1.07866169
Link 10 649 8278 1 0.35879024
Link 40 454 8355 0 0.57577067
Link 58 1043 8362 0 -2.77135450
Link 1043 129 8363 0 2.37950583
Link 30 1058 8534 0 -0.39733233
Link 1058 61 8535 0 -2.85656586
Link 3 525 8556 0 1.35815767
Link 630 48 8617 0 2.71199728
Link 661 1077 8656 0 -1.92740261
Link 1077 697 8657 0 1.81479222
Link 611 372 8689 0 1.68369026
Link 338 535 8744 0 -1.82227700
Link 177 156 8916 0 2.34097506
Link 645 46 8931 0 2.75646718
Link 108 1109 8954 0 -1.74730150
Link 1109 951 8955 0 0.78525623
Link 393 1110 8959 0 1.15933694
Link 1110 377 8960 0 3.23419085
Link 514 15 8984 0 0.39206157
Link 121 193 9004 0 -0.25696210
Link 251 806 9033 0 3.14518552
Link 535 1139 9196 0 -0.21478197
Link 1139 41 9197 0 2.23958279
Link 2 1141 9202 0 0.57678056
Link 1141 1021 9203 0 0.76217778
Link 540 15 9239 0 -0.26798422
Link 22 61 9258 0 -3.74825950
Link 732 1155 9292 0 0.70044827
Link 1155 29 9293 0 -0.08854531
Link 826 33 9437 0 1.79319177
Link 113 952 9455 0 0.25833523
Link 85 1180 9526 0 -0.12316783
Link 1180 694 9527 0 0.10343104
Link 71 796 9550 0 -0.47886553
Link 619 1188 9597 1 0.24552846
Link 1188 338 9598 1 -1.16308566
Link 6 90 9651 0 1.25419439
Link 539 539 9673 1 -2.07658076
Link 733 1197 9686 0 2.22227394
Link 1197 429 9687 0 0.52259254
Link 121 430 9810 0 -0.78376760
Link 712 1216 9856 1 -0.11575953
Link 1216 61 9857 1 0.52998855
Link 706 706 9866 1 1.75386931
Link 436 11 9868 0 -0.28706769
Link 393 88 9889 0 -2.48560953
Link 338 232 9905 0 0.73498558
Link 739 1220 9922 0 1.40913377
Link 1220 440 9923 0 0.49149044
Link 29 671 9936 0 -2.03141296
Link 351 519 9950 0 -0.77351315
Link 187 43 9975 1 0.97263846
Link 54 113 10017 0 -1.30336290
Link 177 477 10030 0 -1.91682812
Link 1009 558 10069 1 -1.05167656
Link 44 638 10085 1 -0.89069683
Link 187 433 10095 0 0.45809515
Link 1237 712 10101 1 0.39456441
Link 1 232 10156 0 -2.66073866
Link 525 1243 10168 0 -0.50459849
Link 41 1252 10243 1 0.58081961
Link 1252 972 10244 1 1.17373982
Link 31 1266 10388 0 3.42637286
Link 1266 817 10389 0 -0.67944324
Link 920 1269 10406 0 -0.37485338
Link 1269 16 10407 0 -1.73613271
Link 5 817 10414 0 -0.08068799
Link 50 85 10530 0 -1.64242580
Link 68 291 10660 1 0.44271550
Link 804 1300 10736 1 -3.63859724
Link 1300 231 10737 1 0.25551977
Link 530 1077 10915 0 -1.41780001
Link 30 36 11012 0 4.20922822
Link 435 165 11103 1 -4.12792439
Link 156 85 11126 0 0.19781250
Link 430 108 11469 0 3.04441963
Link 605 81 11486 0 -0.97151523
Link 817 1379 11572 0 -0.06311644
Link 1379 454 11573 0 -2.06619512
Link 392 804 11933 0 -2.40670026
Link 410 282 12087 0 -1.83102347
Link 4 1449 12226 0 1.61767192
Link 1449 754 12227 0 2.59579519
Link 392 138 12438 0 1.14918537
Link 796 871 12500 0 -1.30707755
Link 1243 1491 12643 0 -0.46298230
Link 1491 310 12644 0 -2.15953656
Link 90 435 12667 0 -2.90427378
Link 251 1502 12731 1 1.21047627
Link 1502 1237 12732 1 1.50547269
Link 1266 745 12773 0 4.14068586
Link 145 1519 12898 0 0.26081549
Link 108 378 12951 1 0.98533911
Link 649 153 13015 0 -2.13181210
Link 3 1525 13017 0 0.18275992
Link 1525 207 13018 0 -3.22333952
Link 38 1220 13195 0 -0.30457433
Link 951 29 13289 1 -0.10423771
Link 10 874 13523 1 -2.46178894
Link 632 1572 13526 0 0.96441491
Link 1572 589 13527 0 2.84037589
Link 477 1576 13552 1 2.16124090
Link 1576 477 13553 1 0.51119319
Link 1197 477 13581 0 -0.80490022
Link 214 619 13606 0 1.45465505
Link 6 1592 13741 0 0.27514994
Link 1592 98 13742 0 0.16234535
Link 312 999 13897 0 -0.92687087
Link 70 598 13913 0 3.24497035
Link 142 806 14008 0 2.99458232
Link 671 706 14131 0 0.37045268
Link 56 619 14271 0 1.07453742
Link 229 1300 14306 0 1.16347925
Link 611 23 14358 0 1.40015658
Link 804 132 14563 1 -1.10913893
Link 1139 1705 14718 1 0.70636072
Link 1705 920 14719 1 -0.69030778
Link 351 1717 14836 0 0.38517121
Link 1717 26 14837 0 -3.07039136
Link 447 1726 14906 0 1.00000000
Link 1726 64 14907 0 2.36717569
Link 697 42 14912 0 2.01952546
Link 90 1220 14956 0 -0.69806426
Link 1519 187 14978 0 -1.74975320
Link 33 393 15096 1 1.96508497
Link 874 649 15123 0 0.50473874
Link 4 338 15167 0 -0.11783836
Link 589 440 15233 1 -2.38632315
Link 990 564 15269 1 0.17842708
Link 165 1491 15414 0 -3.44041070
Link 631 736 15567 0 0.81050478
Link 1519 1798 15711 0 1.56126554
Link 1798 69 15712 0 -1.01400309
Link 393 1813 15877 0 1.04834241
Link 1813 917 15878 0 -1.46605387
Link 659 539 15894 0 -2.47215293
GenomeEnd

