GenomeStart 49772
Neuron 1 1 0.00000000 1 0.00000000 0.00000000 0.00000000 0.00000000
Neuron 2 1 0.00000000 1 0.00000000 0.00000000 0.00000000 0.00000000
Neuron 3 1 0.00000000 1 0.00000000 0.00000000 0.00000000 0.00000000
Neuron 4 1 0.00000000 1 0.00000000 0.00000000 0.00000000 0.00000000
Neuron 5 1 0.00000000 1 0.00000000 0.00000000 0.00000000 0.00000000
Neuron 6 1 0.00000000 1 0.00000000 0.00000000 0.00000000 0.00000000
Neuron 7 1 0.00000000 1 0.00000000 0.00000000 0.00000000 0.00000000
Neuron 8 1 0.00000000 1 0.00000000 0.00000000 0.00000000 0.00000000
Neuron 9 2 0.00000000 1 0.00000000 0.00000000 0.00000000 0.00000000
Neuron 10 4 1.00000000 0 1.00000000 0.00000000 0.00000000 0.00000000
Neuron 11 4 1.00000000 0 1.00000000 0.00000000 0.00000000 0.00000000
Neuron 12 4 1.00000000 0 1.00000000 0.00000000 0.00000000 0.00000000
Neuron 13 4 1.00000000 0 1.00000000 0.00000000 0.00000000 0.00000000
Neuron 14 4 1.00000000 0 1.00000000 0.00000000 0.00000000 0.00000000
Neuron 15 4 1.00000000 0 1.00000000 0.00000000 0.00000000 0.00000000
Neuron 16 4 1.00000000 0 1.00000000 0.00000000 0.00000000 0.00000000
Neuron 17 3 0.50000000 1 1.00000000 0.00000000 0.00000000 0.00000000
Neuron 19 3 0.50000000 1 1.00000000 0.00000000 0.00000000 0.00000000
Neuron 22 3 0.50000000 1 1.00000000 0.00000000 0.00000000 0.00000000
Neuron 23 3 0.50000000 1 1.00000000 0.00000000 0.00000000 0.00000000
Neuron 26 3 0.50000000 1 1.00000000 0.00000000 0.00000000 0.00000000
Neuron 29 3 0.50000000 1 1.00000000 0.00000000 0.00000000 0.00000000
Neuron 30 3 0.50000000 1 1.00000000 0.00000000 0.00000000 0.00000000
Neuron 31 3 0.50000000 1 1.00000000 0.00000000 0.00000000 0.00000000
Neuron 32 3 0.50000000 1 1.00000000 0.00000000 0.00000000 0.00000000
Neuron 33 3 0.50000000 1 1.00000000 0.00000000 0.00000000 0.00000000
Neuron 34 3 0.50000000 1 1.00000000 0.00000000 0.00000000 0.00000000
Neuron 35 3 0.50000000 1 1.00000000 0.00000000 0.00000000 0.00000000
Neuron 36 3 0.50000000 1 1.00000000 0.00000000 0.00000000 0.00000000
Neuron 38 3 0.50000000 1 1.00000000 0.00000000 0.00000000 0.00000000
Neuron 39 3 0.50000000 1 1.00000000 0.00000000 0.00000000 0.00000000
Neuron 40 3 0.50000000 1 1.00000000 0.00000000 0.00000000 0.00000000
Neuron 41 3 0.50000000 1 1.00000000 0.00000000 0.00000000 0.00000000
Neuron 43 3 0.50000000 1 1.00000000 0.00000000 0.00000000 0.00000000
Neuron 44 3 0.50000000 1 1.00000000 0.00000000 0.00000000 0.00000000
Neuron 45 3 0.50000000 1 1.00000000 0.00000000 0.00000000 0.00000000
Neuron 46 3 0.50000000 1 1.00000000 0.00000000 0.00000000 0.00000000
Neuron 48 3 0.50000000 1 1.00000000 0.00000000 0.00000000 0.00000000
Neuron 50 3 0.50000000 1 1.00000000 0.00000000 0.00000000 0.00000000
Neuron 53 3 0.50000000 1 1.00000000 0.00000000 0.00000000 0.00000000
Neuron 55 3 0.50000000 1 1.00000000 0.00000000 0.00000000 0.00000000
Neuron 56 3 0.50000000 1 1.00000000 0.00000000 0.00000000 0.00000000
Neuron 57 3 0.50000000 1 1.00000000 0.00000000 0.00000000 0.00000000
Neuron 58 3 0.50000000 1 1.00000000 0.00000000 0.00000000 0.00000000
Neuron 61 3 0.50000000 1 1.00000000 0.00000000 0.00000000 0.00000000
Neuron 64 3 0.50000000 1 1.00000000 0.00000000 0.00000000 0.00000000
Neuron 68 3 0.50000000 1 1.00000000 0.00000000 0.00000000 0.00000000
Neuron 69 3 0.75000000 1 1.00000000 0.00000000 0.00000000 0.00000000
Neuron 70 3 0.25000000 1 1.00000000 0.00000000 0.00000000 0.00000000
Neuron 71 3 0.50000000 1 1.00000000 0.00000000 0.00000000 0.00000000
Neuron 72 3 0.75000000 1 1.00000000 0.00000000 0.00000000 0.00000000
Neuron 76 3 0.50000000 1 1.00000000 0.00000000 0.00000000 0.00000000
Neuron 81 3 0.50000000 1 1.00000000 0.00000000 0.00000000 0.00000000
Neuron 85 3 0.75000000 1 1.00000000 0.00000000 0.00000000 0.00000000
Neuron 88 3 0.75000000 1 1.00000000 0.00000000 0.00000000 0.00000000
Neuron 90 3 0.25000000 1 1.00000000 0.00000000 0.00000000 0.00000000
Neuron 91 3 0.25000000 1 1.00000000 0.00000000 0.00000000 0.00000000
Neuron 98 3 0.25000000 1 1.00000000 0.00000000 0.00000000 0.00000000
Neuron 113 3 0.75000000 1 1.00000000 0.00000000 0.00000000 0.00000000
Neuron 119 3 0.50000000 1 1.00000000 0.00000000 0.00000000 0.00000000
Neuron 129 3 0.75000000 1 1.00000000 0.00000000 0.00000000 0.00000000
Neuron 130 3 0.75000000 1 1.00000000 0.00000000 0.00000000 0.00000000
Neuron 132 3 0.25000000 1 1.00000000 0.00000000 0.00000000 0.00000000
Neuron 145 3 0.25000000 1 1.00000000 0.00000000 0.00000000 0.00000000
Neuron 147 3 0.25000000 1 1.00000000 0.00000000 0.00000000 0.00000000
Neuron 156 3 0.75000000 1 1.00000000 0.00000000 0.00000000 0.00000000
Neuron 161 3 0.37500000 1 1.00000000 0.00000000 0.00000000 0.00000000
Neuron 165 3 0.25000000 1 1.00000000 0.00000000 0.00000000 0.00000000
Neuron 175 3 0.25000000 1 1.00000000 0.00000000 0.00000000 0.00000000
Neuron 177 3 0.62500000 1 1.00000000 0.00000000 0.00000000 0.00000000
Neuron 180 3 0.50000000 1 1.00000000 0.00000000 0.00000000 0.00000000
Neuron 187 3 0.75000000 1 1.00000000 0.00000000 0.00000000 0.00000000
Neuron 214 3 0.25000000 1 1.00000000 0.00000000 0.00000000 0.00000000
Neuron 226 3 0.25000000 1 1.00000000 0.00000000 0.00000000 0.00000000
Neuron 229 3 0.37500000 1 1.00000000 0.00000000 0.00000000 0.00000000
Neuron 232 3 0.75000000 1 1.00000000 0.00000000 0.00000000 0.00000000
Neuron 234 3 0.25000000 1 1.00000000 0.00000000 0.00000000 0.00000000
Neuron 235 3 0.25000000 1 1.00000000 0.00000000 0.00000000 0.00000000
Neuron 239 3 0.75000000 1 1.00000000 0.00000000 0.00000000 0.00000000
Neuron 251 3 0.87500000 1 1.00000000 0.00000000 0.00000000 0.00000000
Neuron 282 3 0.37500000 1 1.00000000 0.00000000 0.00000000 0.00000000
Neuron 291 3 0.25000000 1 1.00000000 0.00000000 0.00000000 0.00000000
Neuron 310 3 0.75000000 1 1.00000000 0.00000000 0.00000000 0.00000000
Neuron 338 3 0.25000000 1 1.00000000 0.00000000 0.00000000 0.00000000
Neuron 351 3 0.37500000 1 1.00000000 0.00000000 0.00000000 0.00000000
Neuron 372 3 0.87500000 1 1.00000000 0.00000000 0.00000000 0.00000000
Neuron 377 3 0.50000000 1 1.00000000 0.00000000 0.00000000 0.00000000
Neuron 393 3 0.37500000 1 1.00000000 0.00000000 0.00000000 0.00000000
Neuron 422 3 0.87500000 1 1.00000000 0.00000000 0.00000000 0.00000000
Neuron 426 3 0.62500000 1 1.00000000 0.00000000 0.00000000 0.00000000
Neuron 430 3 0.25000000 1 1.00000000 0.00000000 0.00000000 0.00000000
Neuron 435 3 0.31250000 1 1.00000000 0.00000000 0.00000000 0.00000000
Neuron 436 3 0.87500000 1 1.00000000 0.00000000 0.00000000 0.00000000
Neuron 447 3 0.18750000 1 1.00000000 0.00000000 0.00000000 0.00000000
Neuron 454 3 0.50000000 1 1.00000000 0.00000000 0.00000000 0.00000000
Neuron 476 3 0.12500000 1 1.00000000 0.00000000 0.00000000 0.00000000
Neuron 477 3 0.75000000 1 1.00000000 0.00000000 0.00000000 0.00000000
Neuron 494 3 1.00000000 1 1.00000000 0.00000000 0.00000000 0.00000000
Neuron 519 3 1.00000000 1 1.00000000 0.00000000 0.00000000 0.00000000
Neuron 535 3 0.50000000 1 1.00000000 0.00000000 0.00000000 0.00000000
Neuron 539 3 0.75000000 1 1.00000000 0.00000000 0.00000000 0.00000000
Neuron 540 3 0.62500000 1 1.00000000 0.00000000 0.00000000 0.00000000
Neuron 564 3 0.28125000 1 1.00000000 0.00000000 0.00000000 0.00000000
Neuron 569 3 0.25000000 1 1.00000000 0.00000000 0.00000000 0.00000000
Neuron 575 3 0.18750000 1 1.00000000 0.00000000 0.00000000 0.00000000
Neuron 589 3 0.93750000 1 1.00000000 0.00000000 0.00000000 0.00000000
Neuron 605 3 0.21875000 1 1.00000000 0.00000000 0.00000000 0.00000000
Neuron 611 3 0.50000000 1 1.00000000 0.00000000 0.00000000 0.00000000
Neuron 630 3 0.50000000 1 1.00000000 0.00000000 0.00000000 0.00000000
Neuron 645 3 0.12500000 1 1.00000000 0.00000000 0.00000000 0.00000000
Neuron 659 3 0.17187500 1 1.00000000 0.00000000 0.00000000 0.00000000
Neuron 681 3 0.68750000 1 1.00000000 0.00000000 0.00000000 0.00000000
Neuron 687 3 0.50000000 1 1.00000000 0.00000000 0.00000000 0.00000000
Neuron 732 3 0.50000000 1 1.00000000 0.00000000 0.00000000 0.00000000
Neuron 736 3 0.68750000 1 1.00000000 0.00000000 0.00000000 0.00000000
Neuron 745 3 0.75000000 1 1.00000000 0.00000000 0.00000000 0.00000000
Neuron 796 3 0.50000000 1 1.00000000 0.00000000 0.00000000 0.00000000
Neuron 917 3 0.62500000 1 1.00000000 0.00000000 0.00000000 0.00000000
Link 1 10 1 0 -1.70101780
Link 2 10 2 0 0.54870589
Link 3 10 3 0 1.66227157
Link 4 10 4 0 -1.39404853
Link 6 10 6 0 -0.68761035
Link 8 10 8 0 -1.75748189
Link 9 10 9 0 0.74475590
Link 1 11 10 0 -4.05282945
Link 2 11 11 0 -0.09245749
Link 3 11 12 0 0.34511780
Link 4 11 13 0 0.48884997
Link 5 11 14 0 -0.32258132
Link 6 11 15 0 0.37303965
Link 7 11 16 0 1.43638912
Link 8 11 17 0 -0.67376282
Link 9 11 18 0 -1.64760095
Link 1 12 19 0 -1.10415411
Link 3 12 21 0 1.88863973
Link 4 12 22 0 0.55209542
Link 5 12 23 0 0.65853236
Link 6 12 24 0 -5.22638688
Link 8 12 26 0 -0.87310005
Link 9 12 27 0 1.75666344
Link 1 13 28 0 -1.90484845
Link 3 13 30 0 0.49386438
Link 4 13 31 0 -1.25689476
Link 6 13 33 0 0.18414990
Link 8 13 35 0 -0.36149273
Link 9 13 36 0 0.32900189
Link 3 14 39 0 -0.11217612
Link 4 14 40 0 -0.46661684
Link 6 14 42 0 2.12622219
Link 8 14 44 0 1.18771804
Link 9 14 45 0 -0.05495365
Link 1 15 46 0 -1.60525880
Link 2 15 47 0 -0.22726295
Link 4 15 49 0 -3.26210052
Link 5 15 50 0 0.85156384
Link 7 15 52 0 1.55004308
Link 8 15 53 0 -0.08177171
Link 9 15 54 0 0.12641734
Link 1 16 55 0 -2.15299044
Link 2 16 56 0 -0.63778872
Link 3 16 57 0 -3.12657582
Link 4 16 58 0 0.25239935
Link 5 16 59 0 1.78842005
Link 6 16 60 0 -0.28268039
Link 7 16 61 0 -1.47560569
Link 8 16 62 0 -0.02837757
Link 9 16 63 0 -0.61401652
Link 2 19 71 0 -0.47916835
Link 19 10 72 0 -0.02115665
Link 6 22 80 0 0.65622828
Link 22 16 81 0 1.30008258
Link 23 11 84 0 0.67177727
Link 5 26 93 0 -0.45413091
Link 26 10 94 0 -1.36244232
Link 8 29 102 0 -0.14336041
Link 2 30 105 0 -1.30333229
Link 30 14 106 0 -1.02165873
Link 31 13 109 0 -0.55480699
Link 8 32 111 0 1.58622296
Link 32 13 112 0 0.08562732
Link 6 33 115 0 1.18890336
Link 33 13 116 0 0.72280115
Link 34 12 119 0 1.04889621
Link 5 35 121 0 1.69832031
Link 35 13 122 0 -2.20206042
Link 4 36 126 0 2.42013076
Link 36 14 127 0 -3.32270246
Link 2 38 132 0 0.06021609
Link 6 39 135 0 -0.39635938
Link 39 15 136 0 2.33228986
Link 4 40 138 0 -1.58871245
Link 41 14 142 0 1.51089325
Link 43 15 148 0 -1.53483150
Link 44 11 151 0 1.43626128
Link 45 16 154 0 3.36085072
Link 5 46 156 0 1.51936814
Link 46 12 157 0 1.42145412
Link 2 48 162 0 -2.86563791
Link 48 16 163 0 -0.64941348
Link 5 50 171 0 -1.86085554
Link 7 53 186 0 -1.63159573
Link 53 12 187 0 -1.88569899
Link 2 55 193 0 -1.13218935
Link 55 11 194 0 1.57312272
Link 7 56 197 0 -0.48416857
Link 56 16 198 0 1.44702790
Link 5 57 202 0 1.01377955
Link 6 58 208 0 -1.20292352
Link 61 13 220 0 2.92735823
Link 14 14 233 1 0.29876432
Link 7 64 237 0 -2.25172168
Link 7 55 249 0 1.34110519
Link 5 55 250 0 3.32792314
Link 15 38 261 1 3.26112302
Link 7 68 286 0 1.13909537
Link 68 10 287 0 0.67282882
Link 38 69 290 0 3.39619121
Link 1 70 307 0 0.62092910
Link 70 41 308 0 -0.77742657
Link 41 72 327 0 1.51759227
Link 72 14 328 0 -0.75850741
Link 76 14 351 0 2.45702334
Link 38 56 379 0 1.09246848
Link 2 81 399 0 1.30910928
Link 81 13 400 0 -0.28794382
Link 16 85 430 1 1.28400737
Link 29 88 448 0 -0.26409925
Link 88 15 449 0 -0.60347961
Link 5 56 453 0 2.19354516
Link 3 90 459 0 0.25832056
Link 4 91 463 0 1.13593011
Link 91 17 464 0 2.21671760
Link 6 98 520 0 0.17417203
Link 98 23 521 0 -0.34906383
Link 13 55 582 1 0.95261813
Link 113 15 641 0 1.62561585
Link 2 119 693 0 0.88274236
Link 119 12 694 0 -2.36814618
Link 129 14 791 0 1.68142282
Link 71 130 795 0 -1.56775011
Link 130 11 796 0 -3.02117896
Link 3 132 801 0 1.21559817
Link 132 43 802 0 -2.94921365
Link 9 38 844 0 0.23542762
Link 4 145 867 0 1.69046560
Link 145 45 868 0 -1.30365539
Link 19 57 882 0 1.11013854
Link 7 147 884 0 -0.96311791
Link 147 68 885 0 -0.78457017
Link 57 156 931 0 1.52523707
Link 156 15 932 0 -1.06411394
Link 32 14 970 0 -1.59522392
Link 90 161 986 0 1.11907732
Link 161 31 987 0 1.10348893
Link 165 30 1006 0 0.18736135
Link 8 48 1064 0 -0.95799569
Link 68 68 1084 1 -2.20345481
Link 8 175 1110 0 -0.16503563
Link 175 76 1111 0 2.45259635
Link 85 177 1131 1 -0.60422554
Link 177 68 1132 1 -0.95103966
Link 2 180 1145 0 0.62998668
Link 180 11 1146 0 -0.12238091
Link 29 56 1156 0 0.56711614
Link 40 187 1190 0 0.21212838
Link 8 38 1271 0 1.24532362
Link 10 32 1308 1 0.08609993
Link 3 214 1351 0 -1.22906258
Link 214 44 1352 0 -2.14452791
Link 5 71 1358 0 -0.92783955
Link 10 68 1425 1 -2.06079216
Link 3 226 1447 0 0.38570506
Link 226 34 1448 0 -0.94163810
Link 70 229 1466 0 -1.44810267
Link 229 41 1467 0 0.31256858
Link 9 71 1475 0 0.42862991
Link 58 232 1485 0 1.73563602
Link 232 14 1486 0 -1.24220810
Link 44 56 1490 0 -0.84127880
Link 4 234 1505 0 -1.02868548
Link 68 239 1535 0 0.20633528
Link 239 10 1536 0 -0.80836752
Link 187 251 1600 0 0.30752589
Link 251 13 1601 0 -2.21789656
Link 19 55 1661 0 -2.17164462
Link 8 69 1708 0 -2.51897867
Link 234 282 1813 0 -1.45441113
Link 282 55 1814 0 1.84498249
Link 16 48 1827 1 -2.05408364
Link 7 291 1853 0 1.37532767
Link 291 61 1854 0 -0.50659092
Link 64 310 1970 0 -0.03516766
Link 310 14 1971 0 -0.35875090
Link 8 338 2165 0 0.57842113
Link 338 68 2166 0 0.99455657
Link 1 98 2201 0 1.02810890
Link 31 351 2254 1 0.55941595
Link 351 235 2255 1 0.61849108
Link 71 31 2288 0 1.39605228
Link 11 50 2323 1 2.03069240
Link 69 372 2424 0 -1.09170433
Link 372 12 2425 0 -0.74314240
Link 34 377 2465 0 1.42832281
Link 377 81 2466 0 0.87577680
Link 12 30 2517 1 0.28552961
Link 40 19 2520 0 -0.62299552
Link 129 129 2564 1 0.88048681
Link 393 71 2567 0 -0.53223932
Link 44 26 2687 0 2.02256541
Link 129 422 2777 0 0.19655110
Link 17 426 2801 0 -2.62033877
Link 426 113 2802 0 2.28162889
Link 129 17 2822 1 2.13023073
Link 8 430 2838 0 -2.06028653
Link 430 40 2839 0 1.13625704
Link 435 393 2885 0 2.18342929
Link 69 436 2888 0 1.98434936
Link 436 15 2889 0 -0.70003749
Link 30 68 2927 0 0.71550876
Link 38 338 2934 1 -1.03924870
Link 435 14 2972 0 -1.49154415
Link 4 447 2984 0 1.62706650
Link 447 282 2985 0 -0.91097504
Link 50 11 2990 0 -1.25723871
Link 214 214 3012 1 -0.78869179
Link 32 454 3037 0 -0.49276425
Link 34 310 3086 0 1.14778975
Link 11 338 3108 1 -1.20942751
Link 69 13 3154 0 -0.19351051
Link 4 476 3191 0 -0.89644072
Link 34 477 3196 0 1.18933701
Link 477 15 3197 0 -1.41154660
Link 129 32 3288 1 1.36394329
Link 35 48 3291 0 -0.68552236
Link 15 494 3341 1 -1.39129817
Link 85 14 3454 0 -3.95754183
Link 494 519 3528 1 0.79483602
Link 519 15 3529 1 0.02755522
Link 17 535 3645 0 0.12796652
Link 535 40 3646 0 -2.43298728
Link 35 539 3673 0 0.46847594
Link 539 16 3674 0 0.11476438
Link 50 540 3684 0 1.87030862
Link 540 129 3685 0 3.09707753
Link 56 69 3774 0 -1.05261022
Link 30 30 3785 1 0.04835242
Link 393 48 3799 0 0.82859467
Link 165 426 3842 0 -0.70147718
Link 38 476 3858 1 -4.25294586
Link 177 70 3881 1 4.41384041
Link 235 564 3896 0 0.32319704
Link 564 435 3897 0 0.66103121
Link 494 282 3904 1 0.57654559
Link 5 569 3927 0 -1.18953073
Link 569 32 3928 0 -0.01911994
Link 16 251 3932 1 -0.19651410
Link 476 575 3984 0 -3.77124946
Link 575 235 3985 0 1.21905607
Link 422 589 4105 0 1.09226094
Link 589 14 4106 0 -0.12803239
Link 589 16 4185 0 -1.60333509
Link 605 435 4245 0 0.56850340
Link 85 64 4254 1 -0.91181227
Link 23 50 4305 0 -0.49624061
Link 454 611 4315 0 2.39730453
Link 611 19 4316 0 -1.34639964
Link 71 41 4453 0 -2.47413534
Link 4 129 4496 0 0.20995296
Link 5 630 4532 0 -1.24151656
Link 630 494 4533 0 0.82234488
Link 2 645 4692 0 1.82736032
Link 645 165 4693 0 -1.12381461
Link 575 435 4702 0 -0.03362917
Link 76 68 4716 0 2.00103779
Link 40 40 4724 1 0.42972065
Link 476 659 4813 0 0.66456038
Link 659 605 4814 0 -0.17507719
Link 68 130 4837 0 0.32820094
Link 251 61 4915 1 1.35471445
Link 251 681 5026 1 1.00000000
Link 681 454 5027 1 2.37673601
Link 7 687 5077 0 3.67579266
Link 687 12 5078 0 -0.79886189
Link 130 129 5212 0 0.66822656
Link 235 26 5385 0 0.58069053
Link 31 732 5409 0 1.00000000
Link 732 29 5410 0 -1.01964212
Link 58 129 5440 0 -0.98912174
Link 32 736 5456 0 0.51376803
Link 736 251 5457 0 -3.13010787
Link 147 31 5497 0 3.99570483
Link 745 14 5527 0 -0.61297047
Link 72 10 5548 0 1.64660022
Link 454 113 5608 0 -0.49510467
Link 61 235 5787 1 -0.93647277
Link 569 44 5832 0 1.41476062
Link 226 76 5902 0 1.36079774
Link 310 569 5975 1 0.62553735
Link 39 796 6036 0 1.47129716
Link 796 61 6037 0 1.08954074
Link 31 64 6210 0 -1.17522773
Link 494 796 6517 1 -0.97768386
Link 645 38 6765 0 -2.56586089
Link 234 15 6860 0 -0.78826788
Link 58 422 6880 0 0.02333107
Link 64 917 7083 0 0.71807854
Link 917 745 7084 0 1.27858458
Link 611 35 7189 0 0.04928378
Link 393 377 7262 0 2.93057712
Link 564 422 7273 0 -0.50433441
Link 19 239 7292 0 5.20034178
Link 113 539 7310 0 -3.47160971
Link 43 589 7425 0 4.16398983
Link 71 687 7517 0 -1.79223838
GenomeEnd

