GenomeStart 64895
Neuron 1 1 0.00000000 1 0.00000000 0.00000000 0.00000000 0.00000000
Neuron 2 1 0.00000000 1 0.00000000 0.00000000 0.00000000 0.00000000
Neuron 3 1 0.00000000 1 0.00000000 0.00000000 0.00000000 0.00000000
Neuron 4 1 0.00000000 1 0.00000000 0.00000000 0.00000000 0.00000000
Neuron 5 1 0.00000000 1 0.00000000 0.00000000 0.00000000 0.00000000
Neuron 6 1 0.00000000 1 0.00000000 0.00000000 0.00000000 0.00000000
Neuron 7 1 0.00000000 1 0.00000000 0.00000000 0.00000000 0.00000000
Neuron 8 1 0.00000000 1 0.00000000 0.00000000 0.00000000 0.00000000
Neuron 9 2 0.00000000 1 0.00000000 0.00000000 0.00000000 0.00000000
Neuron 10 4 1.00000000 0 1.00000000 0.00000000 0.00000000 0.00000000
Neuron 11 4 1.00000000 0 1.00000000 0.00000000 0.00000000 0.00000000
Neuron 12 4 1.00000000 0 1.00000000 0.00000000 0.00000000 0.00000000
Neuron 13 4 1.00000000 0 1.00000000 0.00000000 0.00000000 0.00000000
Neuron 14 4 1.00000000 0 1.00000000 0.00000000 0.00000000 0.00000000
Neuron 15 4 1.00000000 0 1.00000000 0.00000000 0.00000000 0.00000000
Neuron 16 4 1.00000000 0 1.00000000 0.00000000 0.00000000 0.00000000
Neuron 17 3 0.50000000 1 1.00000000 0.00000000 0.00000000 0.00000000
Neuron 18 3 0.50000000 1 1.00000000 0.00000000 0.00000000 0.00000000
Neuron 19 3 0.50000000 1 1.00000000 0.00000000 0.00000000 0.00000000
Neuron 22 3 0.50000000 1 1.00000000 0.00000000 0.00000000 0.00000000
Neuron 23 3 0.50000000 1 1.00000000 0.00000000 0.00000000 0.00000000
Neuron 30 3 0.50000000 1 1.00000000 0.00000000 0.00000000 0.00000000
Neuron 31 3 0.50000000 1 1.00000000 0.00000000 0.00000000 0.00000000
Neuron 32 3 0.50000000 1 1.00000000 0.00000000 0.00000000 0.00000000
Neuron 34 3 0.50000000 1 1.00000000 0.00000000 0.00000000 0.00000000
Neuron 37 3 0.50000000 1 1.00000000 0.00000000 0.00000000 0.00000000
Neuron 38 3 0.50000000 1 1.00000000 0.00000000 0.00000000 0.00000000
Neuron 40 3 0.50000000 1 1.00000000 0.00000000 0.00000000 0.00000000
Neuron 41 3 0.50000000 1 1.00000000 0.00000000 0.00000000 0.00000000
Neuron 42 3 0.50000000 1 1.00000000 0.00000000 0.00000000 0.00000000
Neuron 46 3 0.50000000 1 1.00000000 0.00000000 0.00000000 0.00000000
Neuron 48 3 0.50000000 1 1.00000000 0.00000000 0.00000000 0.00000000
Neuron 50 3 0.50000000 1 1.00000000 0.00000000 0.00000000 0.00000000
Neuron 54 3 0.50000000 1 1.00000000 0.00000000 0.00000000 0.00000000
Neuron 55 3 0.50000000 1 1.00000000 0.00000000 0.00000000 0.00000000
Neuron 57 3 0.50000000 1 1.00000000 0.00000000 0.00000000 0.00000000
Neuron 59 3 0.50000000 1 1.00000000 0.00000000 0.00000000 0.00000000
Neuron 61 3 0.50000000 1 1.00000000 0.00000000 0.00000000 0.00000000
Neuron 64 3 0.50000000 1 1.00000000 0.00000000 0.00000000 0.00000000
Neuron 65 3 0.75000000 1 1.00000000 0.00000000 0.00000000 0.00000000
Neuron 68 3 0.50000000 1 1.00000000 0.00000000 0.00000000 0.00000000
Neuron 70 3 0.25000000 1 1.00000000 0.00000000 0.00000000 0.00000000
Neuron 81 3 0.50000000 1 1.00000000 0.00000000 0.00000000 0.00000000
Neuron 85 3 0.75000000 1 1.00000000 0.00000000 0.00000000 0.00000000
Neuron 86 3 0.25000000 1 1.00000000 0.00000000 0.00000000 0.00000000
Neuron 95 3 0.75000000 1 1.00000000 0.00000000 0.00000000 0.00000000
Neuron 98 3 0.25000000 1 1.00000000 0.00000000 0.00000000 0.00000000
Neuron 105 3 0.50000000 1 1.00000000 0.00000000 0.00000000 0.00000000
Neuron 108 3 0.75000000 1 1.00000000 0.00000000 0.00000000 0.00000000
Neuron 113 3 0.75000000 1 1.00000000 0.00000000 0.00000000 0.00000000
Neuron 127 3 0.25000000 1 1.00000000 0.00000000 0.00000000 0.00000000
Neuron 129 3 0.75000000 1 1.00000000 0.00000000 0.00000000 0.00000000
Neuron 139 3 0.25000000 1 1.00000000 0.00000000 0.00000000 0.00000000
Neuron 142 3 0.75000000 1 1.00000000 0.00000000 0.00000000 0.00000000
Neuron 147 3 0.25000000 1 1.00000000 0.00000000 0.00000000 0.00000000
Neuron 153 3 0.62500000 1 1.00000000 0.00000000 0.00000000 0.00000000
Neuron 156 3 0.75000000 1 1.00000000 0.00000000 0.00000000 0.00000000
Neuron 159 3 0.25000000 1 1.00000000 0.00000000 0.00000000 0.00000000
Neuron 165 3 0.25000000 1 1.00000000 0.00000000 0.00000000 0.00000000
Neuron 170 3 0.75000000 1 1.00000000 0.00000000 0.00000000 0.00000000
Neuron 176 3 0.25000000 1 1.00000000 0.00000000 0.00000000 0.00000000
Neuron 177 3 0.62500000 1 1.00000000 0.00000000 0.00000000 0.00000000
Neuron 187 3 0.75000000 1 1.00000000 0.00000000 0.00000000 0.00000000
Neuron 193 3 0.75000000 1 1.00000000 0.00000000 0.00000000 0.00000000
Neuron 221 3 0.37500000 1 1.00000000 0.00000000 0.00000000 0.00000000
Neuron 226 3 0.25000000 1 1.00000000 0.00000000 0.00000000 0.00000000
Neuron 229 3 0.37500000 1 1.00000000 0.00000000 0.00000000 0.00000000
Neuron 234 3 0.25000000 1 1.00000000 0.00000000 0.00000000 0.00000000
Neuron 239 3 0.75000000 1 1.00000000 0.00000000 0.00000000 0.00000000
Neuron 245 3 0.25000000 1 1.00000000 0.00000000 0.00000000 0.00000000
Neuron 249 3 0.12500000 1 1.00000000 0.00000000 0.00000000 0.00000000
Neuron 251 3 0.87500000 1 1.00000000 0.00000000 0.00000000 0.00000000
Neuron 282 3 0.37500000 1 1.00000000 0.00000000 0.00000000 0.00000000
Neuron 288 3 0.87500000 1 1.00000000 0.00000000 0.00000000 0.00000000
Neuron 310 3 0.75000000 1 1.00000000 0.00000000 0.00000000 0.00000000
Neuron 322 3 0.93750000 1 1.00000000 0.00000000 0.00000000 0.00000000
Neuron 325 3 0.12500000 1 1.00000000 0.00000000 0.00000000 0.00000000
Neuron 340 3 0.75000000 1 1.00000000 0.00000000 0.00000000 0.00000000
Neuron 377 3 0.50000000 1 1.00000000 0.00000000 0.00000000 0.00000000
Neuron 392 3 0.43750000 1 1.00000000 0.00000000 0.00000000 0.00000000
Neuron 426 3 0.62500000 1 1.00000000 0.00000000 0.00000000 0.00000000
Neuron 429 3 0.37500000 1 1.00000000 0.00000000 0.00000000 0.00000000
Neuron 430 3 0.25000000 1 1.00000000 0.00000000 0.00000000 0.00000000
Neuron 433 3 0.75000000 1 1.00000000 0.00000000 0.00000000 0.00000000
Neuron 444 3 0.12500000 1 1.00000000 0.00000000 0.00000000 0.00000000
Neuron 454 3 0.50000000 1 1.00000000 0.00000000 0.00000000 0.00000000
Neuron 477 3 0.75000000 1 1.00000000 0.00000000 0.00000000 0.00000000
Neuron 494 3 1.00000000 1 1.00000000 0.00000000 0.00000000 0.00000000
Neuron 519 3 1.00000000 1 1.00000000 0.00000000 0.00000000 0.00000000
Neuron 527 3 0.87500000 1 1.00000000 0.00000000 0.00000000 0.00000000
Neuron 530 3 0.12500000 1 1.00000000 0.00000000 0.00000000 0.00000000
Neuron 535 3 0.50000000 1 1.00000000 0.00000000 0.00000000 0.00000000
Neuron 544 3 0.87500000 1 1.00000000 0.00000000 0.00000000 0.00000000
Neuron 548 3 0.37500000 1 1.00000000 0.00000000 0.00000000 0.00000000
Neuron 563 3 0.56250000 1 1.00000000 0.00000000 0.00000000 0.00000000
Neuron 579 3 0.46875000 1 1.00000000 0.00000000 0.00000000 0.00000000
Neuron 584 3 0.81250000 1 1.00000000 0.00000000 0.00000000 0.00000000
Neuron 614 3 0.37500000 1 1.00000000 0.00000000 0.00000000 0.00000000
Neuron 619 3 0.93750000 1 1.00000000 0.00000000 0.00000000 0.00000000
Neuron 631 3 0.62500000 1 1.00000000 0.00000000 0.00000000 0.00000000
Neuron 636 3 0.40625000 1 1.00000000 0.00000000 0.00000000 0.00000000
Neuron 637 3 0.50000000 1 1.00000000 0.00000000 0.00000000 0.00000000
Neuron 649 3 0.50000000 1 1.00000000 0.00000000 0.00000000 0.00000000
Neuron 661 3 0.18750000 1 1.00000000 0.00000000 0.00000000 0.00000000
Neuron 676 3 0.62500000 1 1.00000000 0.00000000 0.00000000 0.00000000
Neuron 691 3 0.75000000 1 1.00000000 0.00000000 0.00000000 0.00000000
Neuron 694 3 0.87500000 1 1.00000000 0.00000000 0.00000000 0.00000000
Neuron 706 3 0.96875000 1 1.00000000 0.00000000 0.00000000 0.00000000
Neuron 708 3 0.06250000 1 1.00000000 0.00000000 0.00000000 0.00000000
Neuron 772 3 0.43750000 1 1.00000000 0.00000000 0.00000000 0.00000000
Neuron 786 3 0.18750000 1 1.00000000 0.00000000 0.00000000 0.00000000
Neuron 798 3 0.95312500 1 1.00000000 0.00000000 0.00000000 0.00000000
Neuron 804 3 0.78125000 1 1.00000000 0.00000000 0.00000000 0.00000000
Neuron 817 3 0.50000000 1 1.00000000 0.00000000 0.00000000 0.00000000
Neuron 821 3 0.54687500 1 1.00000000 0.00000000 0.00000000 0.00000000
Neuron 911 3 0.84375000 1 1.00000000 0.00000000 0.00000000 0.00000000
Neuron 923 3 0.87500000 1 1.00000000 0.00000000 0.00000000 0.00000000
Neuron 980 3 0.43750000 1 1.00000000 0.00000000 0.00000000 0.00000000
Neuron 992 3 0.85937500 1 1.00000000 0.00000000 0.00000000 0.00000000
Neuron 1029 3 0.75000000 1 1.00000000 0.00000000 0.00000000 0.00000000
Neuron 1034 3 0.37500000 1 1.00000000 0.00000000 0.00000000 0.00000000
Neuron 1050 3 0.25000000 1 1.00000000 0.00000000 0.00000000 0.00000000
Link 1 10 1 0 -1.19583850
Link 6 10 6 0 -1.19738544
Link 9 10 9 0 0.66949726
Link 1 11 10 0 -2.78316116
Link 2 11 11 0 5.04849769
Link 3 11 12 0 -0.94104913
Link 4 11 13 0 -1.78908717
Link 5 11 14 0 0.29404947
Link 7 11 16 0 -2.15862178
Link 9 11 18 0 1.70349562
Link 1 12 19 0 -3.20702178
Link 7 12 25 0 -0.02364002
Link 8 12 26 0 0.47554654
Link 9 12 27 0 -0.29324666
Link 1 13 28 0 -1.67028222
Link 6 13 33 0 -1.08932050
Link 4 14 40 0 -0.64259123
Link 6 14 42 0 1.85584315
Link 8 14 44 0 -1.65671889
Link 9 14 45 0 1.46890259
Link 1 15 46 0 1.00617940
Link 3 15 48 0 0.48485148
Link 6 15 51 0 -1.72797805
Link 7 15 52 0 0.01460315
Link 8 15 53 0 -0.06104205
Link 9 15 54 0 0.04030452
Link 1 16 55 0 0.41468895
Link 3 16 57 0 1.70651005
Link 4 16 58 0 0.31853956
Link 5 16 59 0 -0.55700720
Link 7 16 61 0 2.52216337
Link 8 16 62 0 -3.13973128
Link 9 16 63 0 0.77464721
Link 4 17 65 0 1.14906621
Link 6 18 68 0 -0.25272421
Link 18 12 69 0 -0.64138911
Link 19 10 72 0 -3.03361814
Link 22 16 81 0 -0.62879453
Link 30 14 106 0 0.75663284
Link 3 31 108 0 2.01360026
Link 8 32 111 0 -0.94221566
Link 13 13 124 1 0.38463929
Link 2 37 129 0 1.32534484
Link 37 15 130 0 0.06345399
Link 38 12 133 0 -0.02454711
Link 4 40 138 0 0.63801447
Link 41 14 142 0 0.44338730
Link 8 42 144 0 -1.62451476
Link 5 46 156 0 0.77427032
Link 46 12 157 0 0.24267729
Link 2 48 162 0 2.44432060
Link 48 16 163 0 0.22369928
Link 5 50 171 0 -0.20991758
Link 2 55 193 0 -0.24761217
Link 5 57 202 0 -2.95858855
Link 59 12 212 0 0.79870159
Link 7 61 219 0 -0.91579248
Link 61 13 220 0 -1.27019927
Link 7 64 237 0 -2.37897550
Link 23 65 244 0 -0.27183636
Link 65 11 245 0 0.78346596
Link 7 55 249 0 0.59983973
Link 2 81 399 0 -0.17803591
Link 81 13 400 0 -0.53611216
Link 54 54 406 1 1.16812398
Link 16 85 430 1 0.57125132
Link 3 86 441 0 1.06590677
Link 86 54 442 0 -0.27338624
Link 54 95 499 0 2.42487042
Link 6 98 520 0 -0.04215572
Link 13 55 582 1 1.30414958
Link 57 105 607 1 1.01553608
Link 105 57 608 1 2.76635613
Link 113 15 641 0 -0.43615519
Link 2 127 783 0 0.41532537
Link 127 38 784 0 1.12812996
Link 50 129 790 0 0.86342716
Link 129 14 791 0 0.24441452
Link 2 139 835 0 -1.62195013
Link 139 19 836 0 0.16034760
Link 32 142 854 0 1.17439787
Link 142 13 855 0 1.07903284
Link 19 57 882 0 0.13339325
Link 7 147 884 0 -0.39840875
Link 11 55 891 1 -2.23168548
Link 55 153 915 0 1.48957831
Link 153 108 916 0 0.07801292
Link 57 156 931 0 0.91740680
Link 156 15 932 0 0.23284504
Link 6 159 966 0 1.28018266
Link 159 22 967 0 -1.16865066
Link 32 14 970 0 -1.65311232
Link 2 165 1005 0 2.30033195
Link 42 170 1056 0 -0.33301485
Link 170 11 1057 0 -2.57444236
Link 4 176 1119 0 1.00021079
Link 176 59 1120 0 0.77556181
Link 85 177 1131 1 -0.80299031
Link 177 68 1132 1 0.52067395
Link 40 187 1190 0 -1.03723091
Link 31 193 1223 0 0.54624777
Link 193 13 1224 0 -0.45698600
Link 98 221 1402 0 0.43587984
Link 221 23 1403 0 -1.06159870
Link 226 34 1448 0 0.72670919
Link 70 229 1466 0 0.17294050
Link 229 41 1467 0 -1.56514931
Link 251 13 1601 0 -0.85342598
Link 19 55 1661 0 0.30659472
Link 234 282 1813 0 1.21092044
Link 108 288 1844 0 -0.17409241
Link 64 310 1970 0 2.70693622
Link 310 14 1971 0 4.90641787
Link 288 322 2062 0 0.63872033
Link 322 11 2063 0 0.68843285
Link 5 325 2081 0 -0.52602053
Link 325 245 2082 0 0.49359833
Link 34 340 2176 0 0.24152341
Link 1 98 2201 0 1.44577243
Link 377 81 2466 0 0.52709181
Link 40 19 2520 0 -0.20560145
Link 4 282 2538 0 0.89035303
Link 426 113 2802 0 -0.36507594
Link 129 17 2822 1 0.87626799
Link 147 429 2826 0 2.19543747
Link 430 40 2839 0 -0.52607902
Link 129 433 2865 1 -0.33443685
Link 3 444 2959 0 -0.16540984
Link 444 226 2960 0 -1.39439660
Link 454 19 3038 0 0.72310473
Link 34 310 3086 0 2.55276798
Link 34 477 3196 0 -1.38678258
Link 477 15 3197 0 -0.31008027
Link 129 32 3288 1 0.06987974
Link 22 14 3317 0 -0.46713164
Link 177 85 3436 0 1.22964233
Link 494 519 3528 1 0.18135285
Link 519 15 3529 1 -0.97204665
Link 95 527 3592 0 1.06800010
Link 527 14 3593 0 -0.40140384
Link 8 530 3611 0 2.00956913
Link 17 535 3645 0 1.67360664
Link 535 40 3646 0 1.43897804
Link 239 544 3734 0 -1.29857555
Link 544 10 3735 0 0.33442920
Link 165 548 3766 0 -2.88132579
Link 548 30 3767 0 0.34848590
Link 30 30 3785 1 -0.34575875
Link 177 70 3881 1 0.48703130
Link 17 563 3890 0 2.58295408
Link 563 426 3891 0 1.21955531
Link 392 579 4012 0 2.14885105
Link 579 55 4013 0 1.44369899
Link 251 454 4233 1 -1.33107594
Link 85 64 4254 1 -1.35240923
Link 245 614 4345 0 1.25899834
Link 5 494 4368 0 -1.30585565
Link 619 251 4416 1 1.57088406
Link 68 631 4544 0 -0.47079406
Link 631 239 4545 0 1.27950771
Link 282 636 4584 0 0.10949674
Link 636 392 4585 0 -0.39331946
Link 32 637 4587 0 0.89957374
Link 637 454 4588 0 -1.47996189
Link 34 649 4726 0 0.15326774
Link 649 377 4727 0 -0.08851142
Link 530 661 4824 0 0.87836841
Link 661 430 4825 0 4.92566200
Link 13 430 4846 1 -1.21595223
Link 129 676 4986 1 -0.11398623
Link 676 64 4987 1 0.08107201
Link 57 282 5002 1 -1.04413138
Link 530 530 5004 1 -1.53943314
Link 433 691 5103 1 0.56886739
Link 691 129 5104 1 -0.61648396
Link 85 694 5121 0 0.80952328
Link 694 14 5122 0 -0.51725734
Link 226 113 5143 0 0.65654831
Link 17 251 5167 0 -0.00656550
Link 5 226 5184 0 -4.14630313
Link 16 706 5202 1 0.50683823
Link 708 249 5232 0 -2.62317664
Link 98 548 5272 0 0.18912176
Link 454 129 5346 0 0.68929262
Link 530 251 5458 0 0.18851336
Link 11 108 5582 1 1.18383154
Link 310 234 5628 1 -0.86614046
Link 10 147 5703 1 0.43364647
Link 429 772 5791 0 3.15186981
Link 772 68 5792 0 -1.72829805
Link 544 108 5870 1 0.34504393
Link 249 786 5932 0 -0.18933019
Link 786 70 5933 0 0.13018172
Link 706 798 6052 1 -2.39703840
Link 798 619 6053 1 -1.24116010
Link 187 804 6092 0 1.23492100
Link 804 584 6093 0 -2.58839206
Link 708 429 6114 0 -0.97688197
Link 31 817 6206 0 0.72920450
Link 817 454 6207 0 1.99336899
Link 249 821 6232 0 1.60303283
Link 821 706 6233 0 -1.51079100
Link 98 426 6529 0 -0.35606327
Link 17 57 6566 0 2.34699348
Link 59 98 6592 1 -2.34329600
Link 23 619 6663 0 -0.19877854
Link 249 113 6873 0 -0.68727672
Link 584 911 7045 0 -0.02931240
Link 340 923 7136 0 -2.61839878
Link 923 12 7137 0 0.40348607
Link 113 377 7331 1 -0.99456941
Link 54 631 7375 0 -3.59829585
Link 282 426 7543 0 -0.53404004
Link 614 980 7753 0 0.71946518
Link 980 55 7754 0 1.91354143
Link 234 42 7770 0 0.78826402
Link 239 108 7792 0 -1.58688441
Link 911 992 7847 0 2.78321912
Link 992 251 7848 0 -0.61099458
Link 322 251 7976 1 -1.42816595
Link 661 661 8025 1 0.81784222
Link 245 708 8046 1 -0.89645463
Link 22 147 8071 1 0.46670147
Link 535 229 8165 1 -0.77778743
Link 129 1029 8185 0 -0.84897020
Link 1029 193 8186 0 -0.01890685
Link 70 1034 8243 0 1.00000000
Link 1034 30 8244 0 -0.69014681
Link 165 98 8294 0 -0.73423037
Link 377 14 8317 0 1.81179255
Link 251 249 8328 1 -0.11688548
Link 3 1050 8463 0 -1.34802964
Link 1050 649 8464 0 3.45798631
Link 923 923 8651 1 1.33596713
Link 170 177 9073 1 0.76518378
Link 64 544 9282 0 -0.30737375
Link 661 817 9403 0 -0.60579753
Link 5 392 9537 0 -0.37794871
Link 821 821 9713 1 -1.51309980
Link 177 636 9774 1 0.69827313
Link 454 14 9931 0 0.78016278
Link 37 817 9963 0 0.93294142
Link 159 68 10133 0 -4.77372410
GenomeEnd

