GenomeStart 72792
Neuron 1 1 0.00000000 1 0.00000000 0.00000000 0.00000000 0.00000000
Neuron 2 1 0.00000000 1 0.00000000 0.00000000 0.00000000 0.00000000
Neuron 3 1 0.00000000 1 0.00000000 0.00000000 0.00000000 0.00000000
Neuron 4 1 0.00000000 1 0.00000000 0.00000000 0.00000000 0.00000000
Neuron 5 1 0.00000000 1 0.00000000 0.00000000 0.00000000 0.00000000
Neuron 6 1 0.00000000 1 0.00000000 0.00000000 0.00000000 0.00000000
Neuron 7 1 0.00000000 1 0.00000000 0.00000000 0.00000000 0.00000000
Neuron 8 1 0.00000000 1 0.00000000 0.00000000 0.00000000 0.00000000
Neuron 9 2 0.00000000 1 0.00000000 0.00000000 0.00000000 0.00000000
Neuron 10 4 1.00000000 0 1.00000000 0.00000000 0.00000000 0.00000000
Neuron 11 4 1.00000000 0 1.00000000 0.00000000 0.00000000 0.00000000
Neuron 12 4 1.00000000 0 1.00000000 0.00000000 0.00000000 0.00000000
Neuron 13 4 1.00000000 0 1.00000000 0.00000000 0.00000000 0.00000000
Neuron 14 4 1.00000000 0 1.00000000 0.00000000 0.00000000 0.00000000
Neuron 15 4 1.00000000 0 1.00000000 0.00000000 0.00000000 0.00000000
Neuron 16 4 1.00000000 0 1.00000000 0.00000000 0.00000000 0.00000000
Neuron 22 3 0.50000000 1 1.00000000 0.00000000 0.00000000 0.00000000
Neuron 34 3 0.50000000 1 1.00000000 0.00000000 0.00000000 0.00000000
Neuron 35 3 0.50000000 1 1.00000000 0.00000000 0.00000000 0.00000000
Neuron 36 3 0.50000000 1 1.00000000 0.00000000 0.00000000 0.00000000
Neuron 41 3 0.50000000 1 1.00000000 0.00000000 0.00000000 0.00000000
Neuron 43 3 0.50000000 1 1.00000000 0.00000000 0.00000000 0.00000000
Neuron 54 3 0.50000000 1 1.00000000 0.00000000 0.00000000 0.00000000
Neuron 55 3 0.50000000 1 1.00000000 0.00000000 0.00000000 0.00000000
Neuron 56 3 0.50000000 1 1.00000000 0.00000000 0.00000000 0.00000000
Neuron 58 3 0.50000000 1 1.00000000 0.00000000 0.00000000 0.00000000
Neuron 66 3 0.50000000 1 1.00000000 0.00000000 0.00000000 0.00000000
Neuron 68 3 0.50000000 1 1.00000000 0.00000000 0.00000000 0.00000000
Neuron 78 3 0.75000000 1 1.00000000 0.00000000 0.00000000 0.00000000
Neuron 92 3 0.25000000 1 1.00000000 0.00000000 0.00000000 0.00000000
Neuron 112 3 0.75000000 1 1.00000000 0.00000000 0.00000000 0.00000000
Neuron 133 3 0.25000000 1 1.00000000 0.00000000 0.00000000 0.00000000
Neuron 144 3 0.75000000 1 1.00000000 0.00000000 0.00000000 0.00000000
Neuron 159 3 0.25000000 1 1.00000000 0.00000000 0.00000000 0.00000000
Neuron 173 3 0.75000000 1 1.00000000 0.00000000 0.00000000 0.00000000
Neuron 176 3 0.75000000 1 1.00000000 0.00000000 0.00000000 0.00000000
Neuron 177 3 0.25000000 1 1.00000000 0.00000000 0.00000000 0.00000000
Neuron 189 3 0.62500000 1 1.00000000 0.00000000 0.00000000 0.00000000
Neuron 202 3 0.50000000 1 1.00000000 0.00000000 0.00000000 0.00000000
Neuron 225 3 0.25000000 1 1.00000000 0.00000000 0.00000000 0.00000000
Neuron 272 3 0.75000000 1 1.00000000 0.00000000 0.00000000 0.00000000
Neuron 353 3 0.12500000 1 1.00000000 0.00000000 0.00000000 0.00000000
Neuron 397 3 0.50000000 1 1.00000000 0.00000000 0.00000000 0.00000000
Neuron 398 3 0.75000000 1 1.00000000 0.00000000 0.00000000 0.00000000
Neuron 415 3 0.75000000 1 1.00000000 0.00000000 0.00000000 0.00000000
Neuron 458 3 0.37500000 1 1.00000000 0.00000000 0.00000000 0.00000000
Neuron 473 3 0.12500000 1 1.00000000 0.00000000 0.00000000 0.00000000
Neuron 538 3 0.87500000 1 1.00000000 0.00000000 0.00000000 0.00000000
Neuron 554 3 0.25000000 1 1.00000000 0.00000000 0.00000000 0.00000000
Neuron 580 3 0.87500000 1 1.00000000 0.00000000 0.00000000 0.00000000
Neuron 588 3 0.50000000 1 1.00000000 0.00000000 0.00000000 0.00000000
Neuron 631 3 0.50000000 1 1.00000000 0.00000000 0.00000000 0.00000000
Neuron 690 3 0.50000000 1 1.00000000 0.00000000 0.00000000 0.00000000
Neuron 705 3 0.75000000 1 1.00000000 0.00000000 0.00000000 0.00000000
Neuron 737 3 0.62500000 1 1.00000000 0.00000000 0.00000000 0.00000000
Neuron 767 3 0.25000000 1 1.00000000 0.00000000 0.00000000 0.00000000
Neuron 819 3 0.87500000 1 1.00000000 0.00000000 0.00000000 0.00000000
Neuron 828 3 0.50000000 1 1.00000000 0.00000000 0.00000000 0.00000000
Neuron 857 3 0.50000000 1 1.00000000 0.00000000 0.00000000 0.00000000
Neuron 909 3 0.43750000 1 1.00000000 0.00000000 0.00000000 0.00000000
Neuron 975 3 0.50000000 1 1.00000000 0.00000000 0.00000000 0.00000000
Neuron 1079 3 0.31250000 1 1.00000000 0.00000000 0.00000000 0.00000000
Neuron 1121 3 0.28125000 1 1.00000000 0.00000000 0.00000000 0.00000000
Neuron 1123 3 0.87500000 1 1.00000000 0.00000000 0.00000000 0.00000000
Neuron 1196 3 0.50000000 1 1.00000000 0.00000000 0.00000000 0.00000000
Neuron 1197 3 0.50000000 1 1.00000000 0.00000000 0.00000000 0.00000000
Neuron 1208 3 0.43750000 1 1.00000000 0.00000000 0.00000000 0.00000000
Neuron 1244 3 0.43750000 1 1.00000000 0.00000000 0.00000000 0.00000000
Neuron 1247 3 0.62500000 1 1.00000000 0.00000000 0.00000000 0.00000000
Neuron 1282 3 0.37500000 1 1.00000000 0.00000000 0.00000000 0.00000000
Neuron 1377 3 0.68750000 1 1.00000000 0.00000000 0.00000000 0.00000000
Neuron 1379 3 0.59375000 1 1.00000000 0.00000000 0.00000000 0.00000000
Neuron 1399 3 0.31250000 1 1.00000000 0.00000000 0.00000000 0.00000000
Neuron 1569 3 0.12500000 1 1.00000000 0.00000000 0.00000000 0.00000000
Neuron 1609 3 0.25000000 1 1.00000000 0.00000000 0.00000000 0.00000000
Neuron 1617 3 0.75000000 1 1.00000000 0.00000000 0.00000000 0.00000000
Neuron 1632 3 0.93750000 1 1.00000000 0.00000000 0.00000000 0.00000000
Neuron 1727 3 0.50000000 1 1.00000000 0.00000000 0.00000000 0.00000000
Neuron 1746 3 0.96875000 1 1.00000000 0.00000000 0.00000000 0.00000000
Neuron 1801 3 0.98437500 1 1.00000000 0.00000000 0.00000000 0.00000000
Neuron 1805 3 0.37500000 1 1.00000000 0.00000000 0.00000000 0.00000000
Link 1 10 1 0 -0.88479307
Link 2 10 2 0 1.16289719
Link 3 10 3 0 -0.29120851
Link 4 10 4 0 2.26754567
Link 5 10 5 0 -0.23007456
Link 6 10 6 0 3.87814356
Link 7 10 7 0 -3.63108551
Link 8 10 8 0 0.40651683
Link 9 10 9 0 -0.28675455
Link 1 11 10 0 -1.89401887
Link 2 11 11 0 -0.99158649
Link 3 11 12 0 -1.80813536
Link 4 11 13 0 0.64388085
Link 5 11 14 0 -0.97576030
Link 7 11 16 0 -0.30534107
Link 8 11 17 0 0.87061833
Link 9 11 18 0 -1.59149871
Link 1 12 19 0 -2.02790544
Link 3 12 21 0 2.19563711
Link 4 12 22 0 -0.42453535
Link 5 12 23 0 0.88173032
Link 8 12 26 0 -0.56593948
Link 9 12 27 0 0.05213122
Link 1 13 28 0 -0.27187456
Link 3 13 30 0 -2.54059468
Link 4 13 31 0 0.17026394
Link 6 13 33 0 -0.80368504
Link 7 13 34 0 2.29393343
Link 9 13 36 0 0.94772043
Link 1 14 37 0 0.14147991
Link 3 14 39 0 -0.87258447
Link 4 14 40 0 0.82711724
Link 5 14 41 0 -1.41411944
Link 7 14 43 0 0.62986193
Link 8 14 44 0 1.97737003
Link 9 14 45 0 2.16456278
Link 1 15 46 0 2.07632919
Link 3 15 48 0 -0.07026206
Link 6 15 51 0 -0.41072855
Link 7 15 52 0 -0.81983059
Link 8 15 53 0 -0.56930852
Link 9 15 54 0 0.71341810
Link 2 16 56 0 2.65727375
Link 4 16 58 0 -0.77384295
Link 5 16 59 0 0.01961866
Link 7 16 61 0 -2.06405875
Link 9 16 63 0 -1.11965744
Link 6 22 82 0 0.35117250
Link 22 14 83 0 -0.31223004
Link 6 35 122 0 1.38078617
Link 35 11 123 0 0.91424476
Link 36 16 126 0 0.71325091
Link 7 41 141 0 1.67388959
Link 7 36 149 0 -0.80320619
Link 6 54 195 0 0.62252581
Link 54 12 196 0 -0.17081577
Link 55 15 199 0 -1.07210515
Link 2 58 215 0 1.38703185
Link 58 13 216 0 1.08658513
Link 3 66 261 0 0.19975369
Link 66 16 262 0 -0.54866598
Link 2 68 276 0 1.20680760
Link 68 12 277 0 0.43232378
Link 13 22 287 1 0.48230092
Link 41 78 348 0 1.48117888
Link 78 12 349 0 -1.15421853
Link 12 12 351 1 0.79382290
Link 54 54 430 1 -3.14425057
Link 58 22 434 0 -3.22900109
Link 14 41 449 1 2.17859931
Link 43 112 638 0 1.00683324
Link 6 58 704 0 -1.14303382
Link 8 58 728 0 -1.04144234
Link 3 58 798 0 0.76301653
Link 2 133 806 0 1.24757977
Link 133 43 807 0 1.00913011
Link 7 56 851 0 0.85201903
Link 144 16 877 0 -0.26291461
Link 7 78 903 0 -0.69703204
Link 56 58 905 0 1.97484392
Link 7 159 982 0 -0.04139190
Link 15 41 1007 1 2.45723177
Link 41 55 1045 0 -0.63146218
Link 56 66 1070 0 -0.22622431
Link 10 173 1107 1 1.75551594
Link 173 58 1108 1 -3.29090485
Link 56 176 1129 0 1.07407445
Link 176 13 1130 0 0.02565087
Link 1 177 1135 0 0.37287855
Link 177 36 1136 0 1.17258301
Link 34 189 1225 0 0.63198130
Link 1 58 1276 0 0.38637706
Link 56 202 1352 0 0.84195617
Link 1 225 1513 0 -3.83538238
Link 225 56 1514 0 3.66067050
Link 9 34 1603 0 3.92286871
Link 272 55 1828 1 -3.94323449
Link 55 202 1870 0 3.13015968
Link 16 41 2002 1 -3.53104768
Link 9 66 2159 0 -4.34640851
Link 4 173 2262 0 -1.58377772
Link 3 133 2272 0 0.27307931
Link 41 173 2284 0 -1.07298298
Link 66 58 2316 0 -2.78268651
Link 36 43 2358 0 -3.30095716
Link 5 353 2386 0 0.90566097
Link 353 92 2387 0 1.68498571
Link 55 397 2694 0 1.02564879
Link 13 398 2697 1 0.60421465
Link 159 58 2756 0 2.03751126
Link 415 41 2819 1 -1.61407760
Link 55 41 3149 0 -0.72529013
Link 1 473 3183 0 0.87655097
Link 473 225 3184 0 1.54623474
Link 2 473 3567 0 0.44037613
Link 112 538 3642 0 1.04643057
Link 538 15 3643 0 -0.50217603
Link 2 554 3744 0 1.52110087
Link 554 66 3745 0 0.44837042
Link 12 580 3896 1 0.95058556
Link 580 415 3897 1 1.35849345
Link 36 588 3957 0 1.47951086
Link 588 56 3958 0 4.06976938
Link 58 415 4039 0 0.63475496
Link 92 34 4175 0 -0.31143530
Link 15 173 4193 1 -1.06485461
Link 202 631 4218 0 0.75121203
Link 631 41 4219 0 0.45082448
Link 12 92 4489 1 3.17507316
Link 705 66 4700 1 -2.08204391
Link 588 737 4912 0 1.90174473
Link 737 415 4913 0 -1.08033930
Link 34 272 5043 0 2.18179779
Link 173 173 5075 1 -1.42788120
Link 225 767 5130 0 1.31804757
Link 767 159 5131 0 -5.16382938
Link 36 631 5360 0 1.20931650
Link 15 819 5442 1 0.95113329
Link 819 272 5443 1 1.44418928
Link 690 828 5514 0 1.20135660
Link 828 41 5515 0 -0.34353395
Link 690 225 5540 1 1.04377114
Link 631 92 5691 1 0.31374805
Link 159 159 5703 1 -3.87410846
Link 56 857 5760 0 1.40436079
Link 857 690 5761 0 0.86855630
Link 159 690 5943 0 -0.02645924
Link 133 58 6110 0 -0.98668820
Link 14 272 6207 1 -1.61632371
Link 737 225 6343 1 -0.05508734
Link 554 43 6481 0 2.10883302
Link 41 975 6583 0 0.96016172
Link 3 415 6805 0 3.76651832
Link 43 588 6835 0 -3.77894886
Link 13 177 7151 1 -2.60510660
Link 177 415 7241 0 2.20402898
Link 8 225 7260 0 0.89315121
Link 473 1079 7305 0 0.84110305
Link 1079 58 7306 0 -1.96514766
Link 397 397 7374 1 3.13234221
Link 54 554 7405 1 -2.66101538
Link 909 1121 7648 1 0.61685145
Link 1121 473 7649 1 -0.24219342
Link 1123 705 7670 1 -0.30820207
Link 272 588 7689 1 -2.51895942
Link 588 144 7758 0 1.61264053
Link 397 1196 8158 0 1.84786627
Link 1196 22 8159 0 -0.94889329
Link 54 1197 8161 0 1.74895822
Link 1197 690 8162 0 2.93744093
Link 133 1208 8223 0 0.04595097
Link 1208 737 8224 0 -1.83303416
Link 458 1244 8483 0 1.45591297
Link 1244 56 8484 0 1.05228750
Link 398 1247 8504 1 1.05695976
Link 1247 202 8505 1 -3.81506854
Link 398 458 8527 1 -1.46561409
Link 202 1282 8802 1 -0.20605527
Link 1282 225 8803 1 -3.46897391
Link 1282 1282 8956 1 1.88277644
Link 11 1244 9174 1 0.24566859
Link 189 1377 9510 0 0.49598832
Link 1377 144 9511 0 0.32570547
Link 144 1379 9532 1 1.30817964
Link 1379 909 9533 1 0.15396023
Link 55 398 9629 0 -0.88138728
Link 5 1379 9661 0 0.58457189
Link 92 1399 9663 0 1.00784371
Link 1399 458 9664 0 0.91875625
Link 458 54 9768 0 -2.85844243
Link 690 1377 9787 0 2.61398392
Link 55 767 10232 1 -0.13749042
Link 415 144 10249 0 2.56006973
Link 225 36 10259 0 0.80449157
Link 4 1569 10904 0 0.13855663
Link 1569 133 10905 0 4.33484548
Link 4 1609 11224 0 0.94851139
Link 1609 58 11225 0 -2.54132824
Link 41 1617 11276 0 0.95301405
Link 1617 11 11277 0 -0.59438441
Link 1632 1123 11361 1 1.17927694
Link 1244 398 11391 0 3.49007373
Link 7 554 11428 0 2.07051227
Link 1609 36 11484 0 0.22810448
Link 2 189 11644 0 -1.64736548
Link 4 631 11727 0 -0.39249113
Link 36 78 11924 0 -0.69859088
Link 975 1379 11941 0 0.68072061
Link 975 1727 12074 0 1.00000000
Link 1727 56 12075 0 1.61326837
Link 1746 1632 12222 1 -0.04679243
Link 6 909 12243 0 1.04482971
Link 857 631 12344 0 0.68087692
Link 631 43 12567 0 -2.30043612
Link 14 1801 12627 1 0.96522148
Link 1801 1746 12628 1 1.00063696
Link 767 1805 12660 0 0.99704494
Link 1805 202 12661 0 3.08087196
Link 159 35 12863 0 -3.48098975
GenomeEnd

