GenomeStart 111702
Neuron 1 1 0.00000000 1 0.00000000 0.00000000 0.00000000 0.00000000
Neuron 2 1 0.00000000 1 0.00000000 0.00000000 0.00000000 0.00000000
Neuron 3 1 0.00000000 1 0.00000000 0.00000000 0.00000000 0.00000000
Neuron 4 1 0.00000000 1 0.00000000 0.00000000 0.00000000 0.00000000
Neuron 5 1 0.00000000 1 0.00000000 0.00000000 0.00000000 0.00000000
Neuron 6 1 0.00000000 1 0.00000000 0.00000000 0.00000000 0.00000000
Neuron 7 1 0.00000000 1 0.00000000 0.00000000 0.00000000 0.00000000
Neuron 8 1 0.00000000 1 0.00000000 0.00000000 0.00000000 0.00000000
Neuron 9 2 0.00000000 1 0.00000000 0.00000000 0.00000000 0.00000000
Neuron 10 4 1.00000000 0 1.00000000 0.00000000 0.00000000 0.00000000
Neuron 11 4 1.00000000 0 1.00000000 0.00000000 0.00000000 0.00000000
Neuron 12 4 1.00000000 0 1.00000000 0.00000000 0.00000000 0.00000000
Neuron 13 4 1.00000000 0 1.00000000 0.00000000 0.00000000 0.00000000
Neuron 14 4 1.00000000 0 1.00000000 0.00000000 0.00000000 0.00000000
Neuron 15 4 1.00000000 0 1.00000000 0.00000000 0.00000000 0.00000000
Neuron 16 4 1.00000000 0 1.00000000 0.00000000 0.00000000 0.00000000
Neuron 18 3 0.50000000 1 1.00000000 0.00000000 0.00000000 0.00000000
Neuron 23 3 0.50000000 1 1.00000000 0.00000000 0.00000000 0.00000000
Neuron 26 3 0.50000000 1 1.00000000 0.00000000 0.00000000 0.00000000
Neuron 31 3 0.50000000 1 1.00000000 0.00000000 0.00000000 0.00000000
Neuron 35 3 0.50000000 1 1.00000000 0.00000000 0.00000000 0.00000000
Neuron 36 3 0.50000000 1 1.00000000 0.00000000 0.00000000 0.00000000
Neuron 37 3 0.50000000 1 1.00000000 0.00000000 0.00000000 0.00000000
Neuron 38 3 0.50000000 1 1.00000000 0.00000000 0.00000000 0.00000000
Neuron 39 3 0.50000000 1 1.00000000 0.00000000 0.00000000 0.00000000
Neuron 43 3 0.50000000 1 1.00000000 0.00000000 0.00000000 0.00000000
Neuron 48 3 0.50000000 1 1.00000000 0.00000000 0.00000000 0.00000000
Neuron 50 3 0.50000000 1 1.00000000 0.00000000 0.00000000 0.00000000
Neuron 52 3 0.50000000 1 1.00000000 0.00000000 0.00000000 0.00000000
Neuron 56 3 0.50000000 1 1.00000000 0.00000000 0.00000000 0.00000000
Neuron 61 3 0.50000000 1 1.00000000 0.00000000 0.00000000 0.00000000
Neuron 62 3 0.50000000 1 1.00000000 0.00000000 0.00000000 0.00000000
Neuron 66 3 0.50000000 1 1.00000000 0.00000000 0.00000000 0.00000000
Neuron 67 3 0.50000000 1 1.00000000 0.00000000 0.00000000 0.00000000
Neuron 68 3 0.75000000 1 1.00000000 0.00000000 0.00000000 0.00000000
Neuron 72 3 0.50000000 1 1.00000000 0.00000000 0.00000000 0.00000000
Neuron 73 3 0.50000000 1 1.00000000 0.00000000 0.00000000 0.00000000
Neuron 75 3 0.87500000 1 1.00000000 0.00000000 0.00000000 0.00000000
Neuron 95 3 0.75000000 1 1.00000000 0.00000000 0.00000000 0.00000000
Neuron 99 3 0.62500000 1 1.00000000 0.00000000 0.00000000 0.00000000
Neuron 104 3 0.25000000 1 1.00000000 0.00000000 0.00000000 0.00000000
Neuron 109 3 0.25000000 1 1.00000000 0.00000000 0.00000000 0.00000000
Neuron 111 3 0.75000000 1 1.00000000 0.00000000 0.00000000 0.00000000
Neuron 114 3 0.75000000 1 1.00000000 0.00000000 0.00000000 0.00000000
Neuron 116 3 0.37500000 1 1.00000000 0.00000000 0.00000000 0.00000000
Neuron 117 3 0.25000000 1 1.00000000 0.00000000 0.00000000 0.00000000
Neuron 119 3 0.25000000 1 1.00000000 0.00000000 0.00000000 0.00000000
Neuron 125 3 0.25000000 1 1.00000000 0.00000000 0.00000000 0.00000000
Neuron 126 3 0.75000000 1 1.00000000 0.00000000 0.00000000 0.00000000
Neuron 158 3 0.75000000 1 1.00000000 0.00000000 0.00000000 0.00000000
Neuron 160 3 0.25000000 1 1.00000000 0.00000000 0.00000000 0.00000000
Neuron 168 3 0.25000000 1 1.00000000 0.00000000 0.00000000 0.00000000
Neuron 176 3 0.75000000 1 1.00000000 0.00000000 0.00000000 0.00000000
Neuron 197 3 0.75000000 1 1.00000000 0.00000000 0.00000000 0.00000000
Neuron 201 3 0.25000000 1 1.00000000 0.00000000 0.00000000 0.00000000
Neuron 221 3 0.25000000 1 1.00000000 0.00000000 0.00000000 0.00000000
Neuron 222 3 0.81250000 1 1.00000000 0.00000000 0.00000000 0.00000000
Neuron 225 3 0.75000000 1 1.00000000 0.00000000 0.00000000 0.00000000
Neuron 226 3 0.37500000 1 1.00000000 0.00000000 0.00000000 0.00000000
Neuron 229 3 0.56250000 1 1.00000000 0.00000000 0.00000000 0.00000000
Neuron 231 3 0.25000000 1 1.00000000 0.00000000 0.00000000 0.00000000
Neuron 232 3 0.12500000 1 1.00000000 0.00000000 0.00000000 0.00000000
Neuron 234 3 0.43750000 1 1.00000000 0.00000000 0.00000000 0.00000000
Neuron 239 3 0.87500000 1 1.00000000 0.00000000 0.00000000 0.00000000
Neuron 242 3 0.50000000 1 1.00000000 0.00000000 0.00000000 0.00000000
Neuron 263 3 0.68750000 1 1.00000000 0.00000000 0.00000000 0.00000000
Neuron 277 3 0.50000000 1 1.00000000 0.00000000 0.00000000 0.00000000
Neuron 279 3 0.56250000 1 1.00000000 0.00000000 0.00000000 0.00000000
Neuron 289 3 0.25000000 1 1.00000000 0.00000000 0.00000000 0.00000000
Neuron 294 3 0.37500000 1 1.00000000 0.00000000 0.00000000 0.00000000
Neuron 295 3 0.56250000 1 1.00000000 0.00000000 0.00000000 0.00000000
Neuron 322 3 0.75000000 1 1.00000000 0.00000000 0.00000000 0.00000000
Neuron 324 3 0.62500000 1 1.00000000 0.00000000 0.00000000 0.00000000
Neuron 330 3 0.62500000 1 1.00000000 0.00000000 0.00000000 0.00000000
Neuron 333 3 0.87500000 1 1.00000000 0.00000000 0.00000000 0.00000000
Neuron 346 3 0.75000000 1 1.00000000 0.00000000 0.00000000 0.00000000
Neuron 347 3 0.62500000 1 1.00000000 0.00000000 0.00000000 0.00000000
Neuron 355 3 0.25000000 1 1.00000000 0.00000000 0.00000000 0.00000000
Neuron 356 3 0.25000000 1 1.00000000 0.00000000 0.00000000 0.00000000
Neuron 365 3 0.37500000 1 1.00000000 0.00000000 0.00000000 0.00000000
Neuron 367 3 0.62500000 1 1.00000000 0.00000000 0.00000000 0.00000000
Neuron 397 3 0.12500000 1 1.00000000 0.00000000 0.00000000 0.00000000
Neuron 409 3 0.62500000 1 1.00000000 0.00000000 0.00000000 0.00000000
Neuron 423 3 0.37500000 1 1.00000000 0.00000000 0.00000000 0.00000000
Neuron 440 3 0.34375000 1 1.00000000 0.00000000 0.00000000 0.00000000
Neuron 462 3 0.87500000 1 1.00000000 0.00000000 0.00000000 0.00000000
Neuron 476 3 0.59375000 1 1.00000000 0.00000000 0.00000000 0.00000000
Neuron 477 3 0.12500000 1 1.00000000 0.00000000 0.00000000 0.00000000
Neuron 494 3 0.37500000 1 1.00000000 0.00000000 0.00000000 0.00000000
Neuron 496 3 0.75000000 1 1.00000000 0.00000000 0.00000000 0.00000000
Neuron 504 3 0.87500000 1 1.00000000 0.00000000 0.00000000 0.00000000
Neuron 539 3 0.87500000 1 1.00000000 0.00000000 0.00000000 0.00000000
Neuron 556 3 0.12500000 1 1.00000000 0.00000000 0.00000000 0.00000000
Neuron 560 3 0.29687500 1 1.00000000 0.00000000 0.00000000 0.00000000
Neuron 562 3 0.75000000 1 1.00000000 0.00000000 0.00000000 0.00000000
Neuron 564 3 0.75000000 1 1.00000000 0.00000000 0.00000000 0.00000000
Neuron 574 3 0.50000000 1 1.00000000 0.00000000 0.00000000 0.00000000
Neuron 593 3 0.37500000 1 1.00000000 0.00000000 0.00000000 0.00000000
Neuron 602 3 0.75000000 1 1.00000000 0.00000000 0.00000000 0.00000000
Neuron 606 3 0.37500000 1 1.00000000 0.00000000 0.00000000 0.00000000
Neuron 609 3 0.62500000 1 1.00000000 0.00000000 0.00000000 0.00000000
Neuron 616 3 0.31250000 1 1.00000000 0.00000000 0.00000000 0.00000000
Neuron 618 3 0.53125000 1 1.00000000 0.00000000 0.00000000 0.00000000
Neuron 638 3 0.12500000 1 1.00000000 0.00000000 0.00000000 0.00000000
Neuron 641 3 0.50000000 1 1.00000000 0.00000000 0.00000000 0.00000000
Neuron 650 3 0.87500000 1 1.00000000 0.00000000 0.00000000 0.00000000
Neuron 668 3 0.12500000 1 1.00000000 0.00000000 0.00000000 0.00000000
Neuron 709 3 0.50000000 1 1.00000000 0.00000000 0.00000000 0.00000000
Neuron 722 3 0.53125000 1 1.00000000 0.00000000 0.00000000 0.00000000
Neuron 731 3 0.54687500 1 1.00000000 0.00000000 0.00000000 0.00000000
Neuron 735 3 0.50000000 1 1.00000000 0.00000000 0.00000000 0.00000000
Neuron 736 3 0.50000000 1 1.00000000 0.00000000 0.00000000 0.00000000
Neuron 755 3 0.93750000 1 1.00000000 0.00000000 0.00000000 0.00000000
Neuron 773 3 0.50000000 1 1.00000000 0.00000000 0.00000000 0.00000000
Neuron 795 3 0.50000000 1 1.00000000 0.00000000 0.00000000 0.00000000
Neuron 816 3 0.62500000 1 1.00000000 0.00000000 0.00000000 0.00000000
Neuron 821 3 0.87500000 1 1.00000000 0.00000000 0.00000000 0.00000000
Neuron 856 3 0.25000000 1 1.00000000 0.00000000 0.00000000 0.00000000
Neuron 875 3 0.68750000 1 1.00000000 0.00000000 0.00000000 0.00000000
Neuron 885 3 0.71875000 1 1.00000000 0.00000000 0.00000000 0.00000000
Neuron 890 3 0.71875000 1 1.00000000 0.00000000 0.00000000 0.00000000
Neuron 908 3 0.25000000 1 1.00000000 0.00000000 0.00000000 0.00000000
Neuron 920 3 0.68750000 1 1.00000000 0.00000000 0.00000000 0.00000000
Neuron 942 3 0.50000000 1 1.00000000 0.00000000 0.00000000 0.00000000
Neuron 944 3 0.25000000 1 1.00000000 0.00000000 0.00000000 0.00000000
Neuron 949 3 0.56250000 1 1.00000000 0.00000000 0.00000000 0.00000000
Neuron 950 3 0.93750000 1 1.00000000 0.00000000 0.00000000 0.00000000
Neuron 956 3 0.31250000 1 1.00000000 0.00000000 0.00000000 0.00000000
Neuron 957 3 0.50000000 1 1.00000000 0.00000000 0.00000000 0.00000000
Neuron 962 3 0.62500000 1 1.00000000 0.00000000 0.00000000 0.00000000
Neuron 970 3 0.50000000 1 1.00000000 0.00000000 0.00000000 0.00000000
Neuron 972 3 0.87500000 1 1.00000000 0.00000000 0.00000000 0.00000000
Neuron 975 3 0.43750000 1 1.00000000 0.00000000 0.00000000 0.00000000
Neuron 987 3 0.31250000 1 1.00000000 0.00000000 0.00000000 0.00000000
Neuron 1054 3 0.18750000 1 1.00000000 0.00000000 0.00000000 0.00000000
Neuron 1075 3 0.50000000 1 1.00000000 0.00000000 0.00000000 0.00000000
Neuron 1083 3 0.81250000 1 1.00000000 0.00000000 0.00000000 0.00000000
Neuron 1088 3 0.60937500 1 1.00000000 0.00000000 0.00000000 0.00000000
Neuron 1092 3 0.50000000 1 1.00000000 0.00000000 0.00000000 0.00000000
Neuron 1097 3 0.52343750 1 1.00000000 0.00000000 0.00000000 0.00000000
Neuron 1105 3 0.31250000 1 1.00000000 0.00000000 0.00000000 0.00000000
Neuron 1130 3 0.50000000 1 1.00000000 0.00000000 0.00000000 0.00000000
Neuron 1131 3 0.93750000 1 1.00000000 0.00000000 0.00000000 0.00000000
Neuron 1138 3 0.28125000 1 1.00000000 0.00000000 0.00000000 0.00000000
Neuron 1143 3 0.44531250 1 1.00000000 0.00000000 0.00000000 0.00000000
Neuron 1147 3 0.87500000 1 1.00000000 0.00000000 0.00000000 0.00000000
Neuron 1155 3 0.06250000 1 1.00000000 0.00000000 0.00000000 0.00000000
Neuron 1159 3 0.31250000 1 1.00000000 0.00000000 0.00000000 0.00000000
Neuron 1175 3 0.81250000 1 1.00000000 0.00000000 0.00000000 0.00000000
Neuron 1186 3 0.28125000 1 1.00000000 0.00000000 0.00000000 0.00000000
Neuron 1191 3 0.87500000 1 1.00000000 0.00000000 0.00000000 0.00000000
Neuron 1204 3 0.56250000 1 1.00000000 0.00000000 0.00000000 0.00000000
Neuron 1208 3 0.75000000 1 1.00000000 0.00000000 0.00000000 0.00000000
Neuron 1215 3 0.62500000 1 1.00000000 0.00000000 0.00000000 0.00000000
Neuron 1217 3 0.12500000 1 1.00000000 0.00000000 0.00000000 0.00000000
Neuron 1231 3 0.29687500 1 1.00000000 0.00000000 0.00000000 0.00000000
Neuron 1256 3 0.37500000 1 1.00000000 0.00000000 0.00000000 0.00000000
Neuron 1258 3 0.50000000 1 1.00000000 0.00000000 0.00000000 0.00000000
Neuron 1265 3 0.62500000 1 1.00000000 0.00000000 0.00000000 0.00000000
Neuron 1268 3 0.43750000 1 1.00000000 0.00000000 0.00000000 0.00000000
Neuron 1272 3 0.68750000 1 1.00000000 0.00000000 0.00000000 0.00000000
Neuron 1282 3 0.84375000 1 1.00000000 0.00000000 0.00000000 0.00000000
Neuron 1283 3 0.75000000 1 1.00000000 0.00000000 0.00000000 0.00000000
Neuron 1295 3 0.25000000 1 1.00000000 0.00000000 0.00000000 0.00000000
Neuron 1302 3 0.50000000 1 1.00000000 0.00000000 0.00000000 0.00000000
Neuron 1308 3 0.78125000 1 1.00000000 0.00000000 0.00000000 0.00000000
Neuron 1313 3 0.81250000 1 1.00000000 0.00000000 0.00000000 0.00000000
Neuron 1319 3 0.87500000 1 1.00000000 0.00000000 0.00000000 0.00000000
Neuron 1349 3 0.40625000 1 1.00000000 0.00000000 0.00000000 0.00000000
Neuron 1356 3 0.37500000 1 1.00000000 0.00000000 0.00000000 0.00000000
Neuron 1378 3 0.37500000 1 1.00000000 0.00000000 0.00000000 0.00000000
Neuron 1379 3 0.49609375 1 1.00000000 0.00000000 0.00000000 0.00000000
Neuron 1398 3 0.40625000 1 1.00000000 0.00000000 0.00000000 0.00000000
Neuron 1449 3 0.81250000 1 1.00000000 0.00000000 0.00000000 0.00000000
Neuron 1461 3 0.31250000 1 1.00000000 0.00000000 0.00000000 0.00000000
Neuron 1479 3 0.03125000 1 1.00000000 0.00000000 0.00000000 0.00000000
Neuron 1536 3 0.06250000 1 1.00000000 0.00000000 0.00000000 0.00000000
Neuron 1575 3 0.90625000 1 1.00000000 0.00000000 0.00000000 0.00000000
Neuron 1582 3 0.50000000 1 1.00000000 0.00000000 0.00000000 0.00000000
Neuron 1596 3 0.29687500 1 1.00000000 0.00000000 0.00000000 0.00000000
Neuron 1621 3 0.37500000 1 1.00000000 0.00000000 0.00000000 0.00000000
Neuron 1643 3 0.25000000 1 1.00000000 0.00000000 0.00000000 0.00000000
Neuron 1664 3 0.25000000 1 1.00000000 0.00000000 0.00000000 0.00000000
Neuron 1672 3 0.37500000 1 1.00000000 0.00000000 0.00000000 0.00000000
Neuron 1675 3 0.50000000 1 1.00000000 0.00000000 0.00000000 0.00000000
Neuron 1695 3 0.18750000 1 1.00000000 0.00000000 0.00000000 0.00000000
Neuron 1802 3 0.60937500 1 1.00000000 0.00000000 0.00000000 0.00000000
Neuron 1870 3 0.62500000 1 1.00000000 0.00000000 0.00000000 0.00000000
Neuron 1977 3 0.56250000 1 1.00000000 0.00000000 0.00000000 0.00000000
Neuron 2005 3 0.12500000 1 1.00000000 0.00000000 0.00000000 0.00000000
Neuron 2018 3 0.87500000 1 1.00000000 0.00000000 0.00000000 0.00000000
Neuron 2104 3 0.84375000 1 1.00000000 0.00000000 0.00000000 0.00000000
Neuron 2140 3 0.37500000 1 1.00000000 0.00000000 0.00000000 0.00000000
Neuron 2165 3 0.93750000 1 1.00000000 0.00000000 0.00000000 0.00000000
Neuron 2273 3 0.53125000 1 1.00000000 0.00000000 0.00000000 0.00000000
Neuron 2350 3 0.34375000 1 1.00000000 0.00000000 0.00000000 0.00000000
Link 1 10 1 0 0.52399225
Link 2 10 2 0 -0.13288751
Link 3 10 3 0 0.47360296
Link 4 10 4 0 -3.17545066
Link 7 10 7 0 -3.81605959
Link 9 10 9 0 -1.61040635
Link 1 11 10 0 1.58804671
Link 2 11 11 0 -0.60654788
Link 5 11 14 0 0.19869411
Link 6 11 15 0 0.79334708
Link 7 11 16 0 -1.17612650
Link 8 11 17 0 1.77079280
Link 9 11 18 0 -2.78714732
Link 1 12 19 0 2.22093984
Link 4 12 22 0 -0.95916780
Link 5 12 23 0 1.92870584
Link 6 12 24 0 1.05661484
Link 7 12 25 0 -1.92384026
Link 8 12 26 0 -0.97413186
Link 1 13 28 0 3.49970884
Link 2 13 29 0 1.80817003
Link 3 13 30 0 -0.99956160
Link 4 13 31 0 2.12173191
Link 6 13 33 0 3.31603460
Link 7 13 34 0 2.77606439
Link 8 13 35 0 0.75633104
Link 2 14 38 0 -0.52424837
Link 5 14 41 0 -1.91697042
Link 6 14 42 0 1.93332339
Link 8 14 44 0 -0.09146630
Link 9 14 45 0 3.17514523
Link 1 15 46 0 -0.58434069
Link 3 15 48 0 -2.49209478
Link 5 15 50 0 -1.83128433
Link 7 15 52 0 -2.24798757
Link 8 15 53 0 -2.02612557
Link 9 15 54 0 1.11166779
Link 3 16 57 0 0.67515270
Link 4 16 58 0 0.31941600
Link 9 16 63 0 -0.84423981
Link 2 18 68 0 0.32831388
Link 18 16 69 0 -1.76008601
Link 26 15 93 0 0.14785818
Link 8 35 120 0 -0.24210333
Link 35 10 121 0 0.01575155
Link 3 36 123 0 1.69692568
Link 36 11 124 0 0.46312721
Link 4 37 127 0 1.27501101
Link 8 38 130 0 5.57348067
Link 39 13 140 0 0.83611573
Link 7 43 152 0 1.49547332
Link 8 48 172 0 2.16246198
Link 6 52 185 0 -1.02257536
Link 3 56 197 0 2.61643941
Link 61 12 216 0 1.07925743
Link 7 62 219 0 0.87622496
Link 62 16 220 0 0.05768907
Link 1 66 253 0 2.43262911
Link 5 67 264 0 2.50951014
Link 67 13 265 0 1.09458689
Link 6 72 305 0 1.08994676
Link 72 16 306 0 -0.12215075
Link 4 73 311 0 1.55944697
Link 68 75 330 0 2.34585817
Link 9 35 336 0 4.07327769
Link 16 16 400 1 -2.80753236
Link 38 99 492 0 0.72467710
Link 3 104 548 0 0.92355792
Link 8 109 616 0 0.94984757
Link 109 50 617 0 0.49244337
Link 50 111 636 0 2.19036145
Link 111 13 637 0 -0.12676579
Link 104 116 663 0 2.18713208
Link 116 23 664 0 -4.70330222
Link 117 61 673 0 1.95277814
Link 50 23 690 0 0.56219628
Link 4 119 700 0 1.82454990
Link 2 125 747 0 2.27049673
Link 18 126 752 0 -0.50582278
Link 1 37 983 0 -0.46060879
Link 5 160 1043 0 2.10456106
Link 104 31 1050 0 -3.83532603
Link 2 168 1091 0 1.67458175
Link 3 66 1115 0 -2.87394015
Link 176 12 1172 0 -1.78952441
Link 111 16 1223 0 -0.14102222
Link 9 38 1281 0 -1.64698607
Link 52 197 1384 0 0.57775993
Link 201 38 1399 0 -6.52908224
Link 3 68 1499 0 0.72316243
Link 221 39 1534 0 0.61525254
Link 10 222 1538 1 0.64691927
Link 222 99 1539 1 1.17571214
Link 61 225 1557 0 0.89286278
Link 160 226 1560 0 1.12233139
Link 226 67 1561 0 0.12840002
Link 38 229 1578 0 2.18307414
Link 229 99 1579 0 0.53989344
Link 231 56 1606 0 -0.15614389
Link 9 73 1607 0 0.45794307
Link 3 232 1613 0 1.46365701
Link 37 67 1623 0 -1.57309700
Link 234 99 1631 0 -0.61906259
Link 239 13 1655 0 -1.81503342
Link 242 52 1673 0 1.02802425
Link 7 73 1830 0 -0.30982863
Link 99 263 1858 0 1.34155922
Link 263 68 1859 0 1.01169346
Link 35 109 1941 1 3.37474452
Link 50 277 1957 0 2.74841194
Link 26 279 1974 0 0.81763001
Link 279 99 1975 0 -3.81365577
Link 7 289 2022 0 2.11966841
Link 289 73 2023 0 1.06950470
Link 35 294 2057 1 1.88703842
Link 294 109 2058 1 3.80456140
Link 11 322 2262 1 0.19199233
Link 23 324 2278 0 1.61725139
Link 324 95 2279 0 3.04318941
Link 322 330 2310 1 1.19980589
Link 330 52 2311 1 0.74684274
Link 333 12 2321 0 0.03638256
Link 109 16 2338 0 1.07506155
Link 95 95 2339 1 -0.32573009
Link 73 346 2410 0 0.59998033
Link 346 14 2411 0 -2.26952747
Link 37 347 2418 0 1.71896404
Link 347 114 2419 0 0.30086160
Link 1 355 2471 0 -0.71749981
Link 355 73 2472 0 -3.99183681
Link 356 61 2482 0 3.58425918
Link 109 365 2536 0 1.09872181
Link 367 158 2550 0 1.20288602
Link 356 26 2558 0 3.33952267
Link 356 37 2642 0 0.46594777
Link 26 26 2698 1 -0.23744119
Link 8 397 2748 0 -1.84480227
Link 23 114 2762 0 1.18254471
Link 50 409 2828 0 1.22347264
Link 409 111 2829 0 -0.08498744
Link 234 242 2848 0 0.52755760
Link 109 109 2880 1 0.89528085
Link 61 26 2895 0 -0.83379100
Link 73 423 2918 1 0.95285504
Link 423 356 2919 1 0.65199327
Link 125 440 3024 0 -0.06881420
Link 440 234 3025 0 0.93673039
Link 158 462 3138 0 1.00000000
Link 462 14 3139 0 0.78640891
Link 95 125 3199 1 3.29658792
Link 295 476 3225 0 0.21710280
Link 5 477 3228 0 0.63788154
Link 477 356 3229 0 0.79623905
Link 494 61 3354 0 3.39536691
Link 114 504 3414 0 0.95227731
Link 504 15 3415 0 -0.23153112
Link 8 234 3624 0 5.08271638
Link 539 10 3627 0 1.28175721
Link 37 26 3643 0 -1.45157790
Link 61 52 3726 0 2.35847140
Link 39 39 3733 1 1.22367744
Link 2 556 3745 0 1.00553889
Link 556 168 3746 0 0.06104250
Link 125 560 3787 0 1.97433716
Link 560 440 3788 0 0.06960975
Link 562 67 3819 1 -0.59830762
Link 48 564 3824 0 1.05344662
Link 564 14 3825 0 0.42092716
Link 5 111 3877 0 -4.90557289
Link 242 574 3893 0 1.40445030
Link 168 593 4031 0 0.67938322
Link 73 602 4086 0 2.10393724
Link 606 73 4118 0 -4.01685796
Link 609 67 4137 1 -0.64550613
Link 355 616 4178 0 1.28748528
Link 31 618 4194 0 1.40842487
Link 618 295 4195 0 1.06164095
Link 440 13 4216 0 -0.58715586
Link 2 638 4328 0 0.94629716
Link 638 117 4329 0 -0.16893662
Link 641 52 4361 0 1.16685504
Link 66 104 4383 1 3.71085722
Link 650 562 4439 1 1.12866084
Link 668 201 4535 0 0.38287569
Link 104 125 4575 0 -5.09171325
Link 10 18 4611 1 -0.76142376
Link 95 709 4787 1 0.67983891
Link 52 722 4861 0 1.84540874
Link 722 295 4862 0 -1.16355010
Link 31 52 4898 0 2.13705737
Link 367 618 4907 1 6.77609964
Link 2 618 4921 0 5.74842532
Link 618 731 4923 0 -2.13052126
Link 731 295 4924 0 0.86859642
Link 735 37 4943 1 -0.18488333
Link 95 736 4945 1 1.40466974
Link 1 26 4947 0 2.02074892
Link 109 356 5111 0 0.43875261
Link 75 755 5129 0 1.58530738
Link 755 16 5130 0 0.62153731
Link 773 18 5239 0 -1.73774465
Link 795 574 5354 0 0.19330047
Link 56 816 5520 0 0.67398654
Link 816 496 5521 0 0.95076370
Link 496 821 5563 0 0.39641496
Link 821 14 5564 0 0.39043349
Link 116 277 5762 0 -3.73100873
Link 9 26 5807 0 -2.12214222
Link 168 856 5829 0 1.14045605
Link 856 201 5830 0 0.41094483
Link 35 73 5856 0 -0.89583921
Link 367 875 5967 0 2.36510261
Link 875 158 5968 0 -0.57401961
Link 234 234 5995 1 0.74387896
Link 263 885 6046 0 3.85517214
Link 885 68 6047 0 2.42886728
Link 15 35 6069 1 1.47009704
Link 222 890 6086 1 0.68834495
Link 890 99 6087 1 1.46433805
Link 440 15 6123 0 -0.25886389
Link 1 908 6240 0 -0.14186583
Link 908 26 6241 0 2.22371131
Link 618 52 6264 1 -2.98518169
Link 816 920 6304 0 -0.05006125
Link 920 496 6305 0 0.49687116
Link 26 942 6454 0 0.96356390
Link 942 773 6455 0 2.68987898
Link 5 944 6464 0 0.06703170
Link 944 38 6465 0 -0.38605554
Link 31 949 6488 0 0.59765950
Link 949 367 6489 0 0.35463365
Link 539 950 6493 0 2.12200881
Link 950 10 6494 0 -1.73832522
Link 956 494 6536 0 0.74997226
Link 35 957 6539 0 1.03068267
Link 957 73 6540 0 -1.93261662
Link 52 962 6564 0 2.07427746
Link 962 197 6565 0 2.17350018
Link 496 496 6582 1 -1.78447380
Link 277 970 6631 0 0.98948925
Link 970 242 6632 0 1.91038729
Link 197 324 6634 1 0.23039996
Link 197 972 6642 0 0.20548610
Link 975 26 6664 0 1.75700874
Link 7 494 6694 0 3.64009335
Link 987 116 6753 0 0.95292562
Link 5 277 6923 0 -0.94005025
Link 38 295 6949 0 -0.95972120
Link 494 18 6997 0 -2.34599853
Link 574 73 7111 0 -0.47662020
Link 201 722 7216 0 3.15798102
Link 494 158 7235 0 2.22654715
Link 232 1054 7247 0 0.27926970
Link 1054 104 7248 0 0.05743680
Link 277 201 7285 1 -2.87387955
Link 242 168 7334 1 0.62312814
Link 242 1075 7404 0 1.97702546
Link 1075 795 7405 0 2.74437358
Link 111 1083 7453 0 -0.23638439
Link 1083 239 7454 0 0.41583654
Link 476 1088 7490 0 -0.75719771
Link 1088 99 7491 0 -2.71651624
Link 18 1092 7509 0 0.92952975
Link 1092 50 7510 0 1.89783089
Link 39 75 7511 0 1.60234941
Link 61 1097 7534 0 1.43043798
Link 1097 731 7535 0 0.09116561
Link 440 52 7578 0 -1.17658221
Link 1 1105 7589 0 0.99808713
Link 1105 367 7590 0 -3.75823418
Link 956 73 7614 0 0.81550675
Link 37 1130 7746 1 0.67058500
Link 1130 735 7747 1 1.67981383
Link 16 1131 7751 1 1.26591811
Link 1131 650 7752 1 2.25473031
Link 8 722 7783 0 5.82470961
Link 104 1138 7810 0 -0.33997611
Link 440 1143 7833 0 0.60498894
Link 232 116 7872 0 1.72176266
Link 13 1147 7878 1 -0.27048396
Link 1155 668 7997 0 0.64406271
Link 1159 232 8028 1 2.65956993
Link 496 231 8090 1 0.63857915
Link 1138 816 8124 0 2.20784235
Link 50 609 8155 0 1.02922266
Link 1175 539 8184 0 0.02921275
Link 494 440 8206 1 -2.12259066
Link 356 1186 8271 0 1.64517058
Link 950 73 8306 1 1.30672295
Link 602 1191 8308 0 1.02473760
Link 1191 16 8309 0 0.16338072
Link 324 295 8366 1 4.00805614
Link 56 1204 8407 0 -0.11378793
Link 1204 816 8408 0 0.10647484
Link 1208 56 8440 1 -2.87799494
Link 225 1215 8489 1 1.24836609
Link 3 1217 8502 0 1.02789452
Link 1217 231 8503 0 1.32435655
Link 1138 1231 8574 0 0.36506370
Link 1231 987 8575 0 2.82489100
Link 197 1175 8715 0 -0.83569320
Link 119 1256 8770 0 0.25619287
Link 1256 73 8771 0 -0.17627331
Link 277 1258 8778 0 1.25846418
Link 1258 66 8779 0 0.16778724
Link 242 1265 8835 0 0.93286993
Link 1265 111 8836 0 4.51571488
Link 365 1268 8859 0 0.93720110
Link 1268 61 8860 0 2.77501527
Link 562 1272 8889 1 0.97972749
Link 1272 609 8890 1 2.38110926
Link 3 365 8900 0 2.16459533
Link 1175 1282 8936 0 2.54686517
Link 1282 539 8937 0 -0.40421833
Link 114 1283 8939 0 1.86872377
Link 1283 496 8940 0 -0.00731141
Link 8 1295 9027 0 1.93864266
Link 1295 37 9028 0 -2.91000540
Link 201 324 9044 0 1.88583119
Link 773 1302 9084 0 -0.22537571
Link 1302 37 9085 0 0.50550533
Link 95 1308 9127 0 1.49460604
Link 1308 1175 9128 0 0.53655164
Link 263 668 9132 1 -0.07142235
Link 1147 1313 9162 1 1.01153946
Link 1313 95 9163 1 4.15601362
Link 13 356 9183 1 -0.83084156
Link 16 1319 9209 1 1.45776552
Link 1319 1208 9210 1 0.96174671
Link 397 52 9301 0 1.25684700
Link 61 1349 9405 1 0.93876029
Link 1349 1159 9406 1 2.40307876
Link 56 1356 9434 1 1.09625523
Link 1356 119 9435 1 2.12246344
Link 8 225 9436 0 2.48109125
Link 168 73 9477 0 -1.39194362
Link 356 277 9555 0 -1.32012557
Link 650 650 9596 1 -0.99297288
Link 736 1378 9640 1 0.11141873
Link 1378 125 9641 1 0.46563468
Link 1143 1379 9647 0 0.05304606
Link 1379 731 9648 0 2.25957626
Link 119 242 9731 0 2.90048648
Link 593 1398 9775 0 0.64713305
Link 1398 975 9776 0 0.53072249
Link 330 330 9847 1 -4.83178216
Link 731 816 9874 0 -0.37585798
Link 1054 117 9909 0 2.52170696
Link 397 602 9966 0 -0.18707893
Link 397 242 9993 0 -1.02040925
Link 1319 109 10013 1 3.89178035
Link 1088 562 10030 0 -1.50003760
Link 773 731 10050 0 2.47611990
Link 225 1449 10176 0 0.93168786
Link 1449 333 10177 0 0.43512740
Link 67 409 10220 0 -1.90698522
Link 356 1461 10248 0 1.60221150
Link 1461 494 10249 0 1.73326115
Link 773 890 10290 0 -2.16376602
Link 295 75 10311 0 -2.80700431
Link 7 1479 10419 0 1.00407600
Link 1479 1155 10420 0 -0.45056127
Link 39 367 10620 0 0.90695498
Link 773 816 10719 0 0.30316725
Link 1097 950 10788 0 -1.84114805
Link 9 168 10790 0 1.51278925
Link 7 1536 10921 0 1.00000000
Link 1536 668 10922 0 1.42493267
Link 409 409 10953 1 -1.11923849
Link 409 440 10975 1 0.24198464
Link 556 234 11166 0 -0.20015798
Link 1231 1186 11226 1 -1.10315262
Link 11 1575 11277 1 1.28734898
Link 1575 1175 11278 1 0.77433204
Link 890 356 11293 1 -0.36730290
Link 37 1582 11346 1 1.00000000
Link 1582 37 11347 1 -1.85945341
Link 1186 50 11348 0 -2.64719438
Link 1186 1596 11438 0 0.24699280
Link 1596 956 11439 0 1.44376791
Link 294 1621 11646 1 1.07328348
Link 1621 294 11647 1 -0.83466030
Link 168 1643 11761 0 1.38154450
Link 1643 201 11762 0 0.50636696
Link 2 1664 11881 0 0.55125365
Link 1664 61 11882 0 1.47820963
Link 1283 1186 11902 1 0.89483613
Link 56 322 11919 0 4.70355945
Link 109 1672 11978 0 -0.26589363
Link 1672 61 11979 0 -1.47407662
Link 61 1675 11998 0 0.77028511
Link 1675 641 11999 0 -0.65325797
Link 18 229 12078 0 1.89495191
Link 641 1088 12145 0 -3.09576290
Link 397 1695 12180 0 3.17709123
Link 1695 109 12181 0 2.33954008
Link 4 722 12545 0 3.52125022
Link 1664 1664 12648 1 -1.51911116
Link 1143 242 12754 0 0.00277231
Link 356 496 12771 0 -0.56903596
Link 11 773 12900 1 0.89168237
Link 731 609 12963 0 -1.10547533
Link 722 119 13126 1 -2.81209461
Link 476 1802 13133 0 0.92689511
Link 1802 99 13134 0 -3.87648233
Link 234 1097 13506 0 0.53909034
Link 43 1870 13647 0 1.11844231
Link 1870 176 13648 0 1.33103601
Link 1215 1977 14532 1 1.00528004
Link 1977 242 14533 1 -3.69202043
Link 61 1131 14655 0 -1.84995097
Link 1088 1088 14724 1 -2.03956979
Link 16 201 14777 1 -1.13017907
Link 4 2005 14779 0 1.07328945
Link 2005 221 14780 0 0.14202018
Link 1083 1131 14798 0 2.97646196
Link 222 2018 14862 0 0.89033222
Link 2018 950 14863 0 0.98319886
Link 26 126 15292 0 -1.76665239
Link 890 1131 15311 0 2.29089506
Link 440 972 15330 0 -1.77228369
Link 36 1664 15489 1 2.08024038
Link 222 2104 15539 0 0.74570247
Link 2104 75 15540 0 -1.32423058
Link 709 2140 15773 1 1.11342534
Link 2140 104 15774 1 0.14138718
Link 972 2165 15963 0 0.98159856
Link 2165 10 15964 0 0.05349967
Link 126 755 16025 0 -1.67593430
Link 330 1313 16121 0 2.26951592
Link 1302 333 16595 0 -2.65678584
Link 75 735 16633 1 1.46289516
Link 1664 650 16709 0 -2.39540501
Link 735 2273 16833 0 1.09409877
Link 2273 229 16834 0 -4.01758954
Link 1147 1147 16885 1 2.29174226
Link 26 875 16958 0 -1.01880550
Link 52 158 17013 0 0.41173817
Link 1130 1130 17223 1 1.09607551
Link 616 2350 17419 0 0.83094749
Link 2350 606 17420 0 0.47794763
Link 39 920 18133 0 0.03983115
Link 962 234 18598 1 -1.50686431
Link 39 1283 18674 0 0.95746086
Link 4 232 18687 0 2.03061837
Link 736 35 18707 0 1.05584755
Link 1302 1215 18773 0 0.54837223
Link 355 35 18982 0 -2.08405127
Link 99 239 19764 0 1.96865410
Link 68 618 19801 1 -4.05188317
Link 1097 1097 19845 1 1.99327884
Link 2350 1075 19889 0 3.14897010
GenomeEnd

