GenomeStart 56760
Neuron 1 1 0.00000000 1 0.00000000 0.00000000 0.00000000 0.00000000
Neuron 2 1 0.00000000 1 0.00000000 0.00000000 0.00000000 0.00000000
Neuron 3 1 0.00000000 1 0.00000000 0.00000000 0.00000000 0.00000000
Neuron 4 1 0.00000000 1 0.00000000 0.00000000 0.00000000 0.00000000
Neuron 5 1 0.00000000 1 0.00000000 0.00000000 0.00000000 0.00000000
Neuron 6 1 0.00000000 1 0.00000000 0.00000000 0.00000000 0.00000000
Neuron 7 1 0.00000000 1 0.00000000 0.00000000 0.00000000 0.00000000
Neuron 8 1 0.00000000 1 0.00000000 0.00000000 0.00000000 0.00000000
Neuron 9 2 0.00000000 1 0.00000000 0.00000000 0.00000000 0.00000000
Neuron 10 4 1.00000000 0 1.00000000 0.00000000 0.00000000 0.00000000
Neuron 11 4 1.00000000 0 1.00000000 0.00000000 0.00000000 0.00000000
Neuron 12 4 1.00000000 0 1.00000000 0.00000000 0.00000000 0.00000000
Neuron 13 4 1.00000000 0 1.00000000 0.00000000 0.00000000 0.00000000
Neuron 14 4 1.00000000 0 1.00000000 0.00000000 0.00000000 0.00000000
Neuron 15 4 1.00000000 0 1.00000000 0.00000000 0.00000000 0.00000000
Neuron 16 4 1.00000000 0 1.00000000 0.00000000 0.00000000 0.00000000
Neuron 18 3 0.50000000 1 1.00000000 0.00000000 0.00000000 0.00000000
Neuron 23 3 0.50000000 1 1.00000000 0.00000000 0.00000000 0.00000000
Neuron 26 3 0.50000000 1 1.00000000 0.00000000 0.00000000 0.00000000
Neuron 31 3 0.50000000 1 1.00000000 0.00000000 0.00000000 0.00000000
Neuron 35 3 0.50000000 1 1.00000000 0.00000000 0.00000000 0.00000000
Neuron 36 3 0.50000000 1 1.00000000 0.00000000 0.00000000 0.00000000
Neuron 37 3 0.50000000 1 1.00000000 0.00000000 0.00000000 0.00000000
Neuron 38 3 0.50000000 1 1.00000000 0.00000000 0.00000000 0.00000000
Neuron 50 3 0.50000000 1 1.00000000 0.00000000 0.00000000 0.00000000
Neuron 52 3 0.50000000 1 1.00000000 0.00000000 0.00000000 0.00000000
Neuron 56 3 0.50000000 1 1.00000000 0.00000000 0.00000000 0.00000000
Neuron 61 3 0.50000000 1 1.00000000 0.00000000 0.00000000 0.00000000
Neuron 66 3 0.50000000 1 1.00000000 0.00000000 0.00000000 0.00000000
Neuron 67 3 0.50000000 1 1.00000000 0.00000000 0.00000000 0.00000000
Neuron 68 3 0.75000000 1 1.00000000 0.00000000 0.00000000 0.00000000
Neuron 73 3 0.50000000 1 1.00000000 0.00000000 0.00000000 0.00000000
Neuron 75 3 0.87500000 1 1.00000000 0.00000000 0.00000000 0.00000000
Neuron 95 3 0.75000000 1 1.00000000 0.00000000 0.00000000 0.00000000
Neuron 99 3 0.62500000 1 1.00000000 0.00000000 0.00000000 0.00000000
Neuron 104 3 0.25000000 1 1.00000000 0.00000000 0.00000000 0.00000000
Neuron 109 3 0.25000000 1 1.00000000 0.00000000 0.00000000 0.00000000
Neuron 111 3 0.75000000 1 1.00000000 0.00000000 0.00000000 0.00000000
Neuron 114 3 0.75000000 1 1.00000000 0.00000000 0.00000000 0.00000000
Neuron 116 3 0.37500000 1 1.00000000 0.00000000 0.00000000 0.00000000
Neuron 125 3 0.25000000 1 1.00000000 0.00000000 0.00000000 0.00000000
Neuron 158 3 0.75000000 1 1.00000000 0.00000000 0.00000000 0.00000000
Neuron 168 3 0.25000000 1 1.00000000 0.00000000 0.00000000 0.00000000
Neuron 197 3 0.75000000 1 1.00000000 0.00000000 0.00000000 0.00000000
Neuron 201 3 0.25000000 1 1.00000000 0.00000000 0.00000000 0.00000000
Neuron 222 3 0.81250000 1 1.00000000 0.00000000 0.00000000 0.00000000
Neuron 225 3 0.75000000 1 1.00000000 0.00000000 0.00000000 0.00000000
Neuron 229 3 0.56250000 1 1.00000000 0.00000000 0.00000000 0.00000000
Neuron 231 3 0.25000000 1 1.00000000 0.00000000 0.00000000 0.00000000
Neuron 234 3 0.43750000 1 1.00000000 0.00000000 0.00000000 0.00000000
Neuron 242 3 0.50000000 1 1.00000000 0.00000000 0.00000000 0.00000000
Neuron 263 3 0.68750000 1 1.00000000 0.00000000 0.00000000 0.00000000
Neuron 277 3 0.50000000 1 1.00000000 0.00000000 0.00000000 0.00000000
Neuron 295 3 0.56250000 1 1.00000000 0.00000000 0.00000000 0.00000000
Neuron 322 3 0.75000000 1 1.00000000 0.00000000 0.00000000 0.00000000
Neuron 324 3 0.62500000 1 1.00000000 0.00000000 0.00000000 0.00000000
Neuron 346 3 0.75000000 1 1.00000000 0.00000000 0.00000000 0.00000000
Neuron 355 3 0.25000000 1 1.00000000 0.00000000 0.00000000 0.00000000
Neuron 356 3 0.25000000 1 1.00000000 0.00000000 0.00000000 0.00000000
Neuron 365 3 0.37500000 1 1.00000000 0.00000000 0.00000000 0.00000000
Neuron 367 3 0.62500000 1 1.00000000 0.00000000 0.00000000 0.00000000
Neuron 397 3 0.12500000 1 1.00000000 0.00000000 0.00000000 0.00000000
Neuron 440 3 0.34375000 1 1.00000000 0.00000000 0.00000000 0.00000000
Neuron 476 3 0.59375000 1 1.00000000 0.00000000 0.00000000 0.00000000
Neuron 494 3 0.37500000 1 1.00000000 0.00000000 0.00000000 0.00000000
Neuron 496 3 0.75000000 1 1.00000000 0.00000000 0.00000000 0.00000000
Neuron 539 3 0.87500000 1 1.00000000 0.00000000 0.00000000 0.00000000
Neuron 556 3 0.12500000 1 1.00000000 0.00000000 0.00000000 0.00000000
Neuron 562 3 0.75000000 1 1.00000000 0.00000000 0.00000000 0.00000000
Neuron 574 3 0.50000000 1 1.00000000 0.00000000 0.00000000 0.00000000
Neuron 602 3 0.75000000 1 1.00000000 0.00000000 0.00000000 0.00000000
Neuron 606 3 0.37500000 1 1.00000000 0.00000000 0.00000000 0.00000000
Neuron 609 3 0.62500000 1 1.00000000 0.00000000 0.00000000 0.00000000
Neuron 618 3 0.53125000 1 1.00000000 0.00000000 0.00000000 0.00000000
Neuron 650 3 0.87500000 1 1.00000000 0.00000000 0.00000000 0.00000000
Neuron 668 3 0.12500000 1 1.00000000 0.00000000 0.00000000 0.00000000
Neuron 722 3 0.53125000 1 1.00000000 0.00000000 0.00000000 0.00000000
Neuron 735 3 0.50000000 1 1.00000000 0.00000000 0.00000000 0.00000000
Neuron 736 3 0.50000000 1 1.00000000 0.00000000 0.00000000 0.00000000
Neuron 773 3 0.50000000 1 1.00000000 0.00000000 0.00000000 0.00000000
Neuron 816 3 0.62500000 1 1.00000000 0.00000000 0.00000000 0.00000000
Neuron 875 3 0.68750000 1 1.00000000 0.00000000 0.00000000 0.00000000
Neuron 885 3 0.71875000 1 1.00000000 0.00000000 0.00000000 0.00000000
Neuron 950 3 0.93750000 1 1.00000000 0.00000000 0.00000000 0.00000000
Neuron 956 3 0.31250000 1 1.00000000 0.00000000 0.00000000 0.00000000
Neuron 962 3 0.62500000 1 1.00000000 0.00000000 0.00000000 0.00000000
Neuron 970 3 0.50000000 1 1.00000000 0.00000000 0.00000000 0.00000000
Neuron 1147 3 0.87500000 1 1.00000000 0.00000000 0.00000000 0.00000000
Neuron 1175 3 0.81250000 1 1.00000000 0.00000000 0.00000000 0.00000000
Neuron 1208 3 0.75000000 1 1.00000000 0.00000000 0.00000000 0.00000000
Neuron 1283 3 0.75000000 1 1.00000000 0.00000000 0.00000000 0.00000000
Neuron 1313 3 0.81250000 1 1.00000000 0.00000000 0.00000000 0.00000000
Neuron 1319 3 0.87500000 1 1.00000000 0.00000000 0.00000000 0.00000000
Link 1 10 1 0 0.16608241
Link 2 10 2 0 0.22369484
Link 3 10 3 0 0.60397739
Link 4 10 4 0 -1.16616229
Link 7 10 7 0 -2.68143160
Link 9 10 9 0 -1.50181066
Link 1 11 10 0 1.88951342
Link 2 11 11 0 -2.05609062
Link 4 11 13 0 0.22520964
Link 5 11 14 0 -0.49951330
Link 6 11 15 0 1.32144272
Link 7 11 16 0 -1.10965577
Link 8 11 17 0 2.00231667
Link 9 11 18 0 -2.13960958
Link 1 12 19 0 1.84345523
Link 4 12 22 0 -0.81329917
Link 5 12 23 0 0.29372496
Link 6 12 24 0 0.80705536
Link 7 12 25 0 -0.82360924
Link 1 13 28 0 3.00966477
Link 2 13 29 0 0.58043129
Link 3 13 30 0 -0.80961230
Link 4 13 31 0 0.61859107
Link 6 13 33 0 1.72528371
Link 7 13 34 0 0.76967913
Link 8 13 35 0 2.47193109
Link 2 14 38 0 -0.10025024
Link 5 14 41 0 -1.40610268
Link 6 14 42 0 1.06718634
Link 8 14 44 0 0.40161248
Link 9 14 45 0 2.93667449
Link 1 15 46 0 -1.05597452
Link 3 15 48 0 -0.78333611
Link 6 15 51 0 1.10349138
Link 7 15 52 0 -2.39334448
Link 8 15 53 0 -0.69720469
Link 9 15 54 0 1.28144022
Link 3 16 57 0 0.67137047
Link 4 16 58 0 -0.81120849
Link 6 16 60 0 0.09379926
Link 7 16 61 0 0.16939207
Link 9 16 63 0 -0.20340889
Link 18 16 69 0 -1.62617013
Link 26 15 93 0 -0.40556955
Link 8 35 120 0 1.02993569
Link 35 10 121 0 -0.64175931
Link 3 36 123 0 0.96163154
Link 36 11 124 0 -0.19550655
Link 4 37 127 0 2.00871720
Link 6 52 185 0 0.96221316
Link 2 61 215 0 1.70410939
Link 1 66 253 0 0.34385148
Link 5 67 264 0 1.57763726
Link 67 13 265 0 1.38960263
Link 4 73 311 0 0.73229081
Link 68 75 330 0 1.36280950
Link 75 16 331 0 0.42176264
Link 9 35 336 0 2.69215301
Link 16 16 400 1 -3.20826512
Link 3 104 548 0 2.61957779
Link 109 50 617 0 -0.06068457
Link 50 111 636 0 1.29639958
Link 111 13 637 0 -0.63634366
Link 37 114 647 0 1.11145391
Link 114 15 648 0 0.50317043
Link 104 116 663 0 1.10163043
Link 116 23 664 0 -3.11379490
Link 50 23 690 0 1.74182105
Link 5 38 704 0 0.06330871
Link 2 125 747 0 1.94006794
Link 1 37 983 0 -1.22639643
Link 158 14 1030 0 0.74478140
Link 104 31 1050 0 -3.71661116
Link 168 26 1092 0 0.16946568
Link 9 38 1281 0 -2.54521358
Link 197 10 1385 0 0.05876245
Link 201 38 1399 0 -7.72890994
Link 10 222 1538 1 1.20247343
Link 222 99 1539 1 1.92334313
Link 26 99 1541 0 -2.39900802
Link 61 225 1557 0 1.48003402
Link 225 12 1558 0 0.12671870
Link 38 229 1578 0 1.44335061
Link 229 99 1579 0 1.33395148
Link 3 231 1605 0 0.20191391
Link 231 56 1606 0 0.89553522
Link 9 73 1607 0 -0.72889892
Link 37 67 1623 0 -3.07978281
Link 234 99 1631 0 -0.93820097
Link 242 52 1673 0 0.82456253
Link 7 73 1830 0 0.32395307
Link 99 263 1858 0 1.83081624
Link 35 109 1941 1 4.38102781
Link 50 277 1957 0 1.09487828
Link 95 104 2002 1 0.86396058
Link 11 322 2262 1 1.21999329
Link 322 52 2263 1 -0.22137873
Link 23 324 2278 0 1.42542410
Link 324 95 2279 0 1.88860311
Link 109 16 2338 0 0.78753455
Link 73 346 2410 0 1.26338896
Link 346 14 2411 0 -1.46023299
Link 1 355 2471 0 0.65514886
Link 5 356 2481 0 0.88887964
Link 73 356 2534 1 -0.40222614
Link 109 365 2536 0 0.97803470
Link 365 61 2537 0 0.64946490
Link 31 367 2549 0 0.82006534
Link 356 26 2558 0 3.69194566
Link 356 37 2642 0 -0.55207720
Link 26 26 2698 1 -0.59698717
Link 8 397 2748 0 0.71294756
Link 397 109 2749 0 1.94360631
Link 23 114 2762 0 -1.47564511
Link 234 242 2848 0 -1.71013123
Link 61 26 2895 0 -0.48081172
Link 125 440 3024 0 0.72895320
Link 440 234 3025 0 0.89090350
Link 295 476 3225 0 0.74746361
Link 476 99 3226 0 -1.94633570
Link 356 494 3353 0 0.36952975
Link 494 61 3354 0 2.48874760
Link 496 14 3365 0 0.37763857
Link 8 234 3624 0 3.59648040
Link 61 52 3726 0 1.83725754
Link 2 556 3745 0 0.84864706
Link 556 168 3746 0 2.29345039
Link 242 574 3893 0 1.47571068
Link 574 31 3894 0 -0.00590268
Link 73 602 4086 0 1.86320912
Link 602 16 4087 0 -0.48748146
Link 355 606 4117 0 1.00000000
Link 606 73 4118 0 -3.84012334
Link 562 609 4136 1 0.61307978
Link 609 67 4137 1 -0.18855977
Link 31 618 4194 0 1.36936987
Link 618 295 4195 0 1.31370385
Link 440 13 4216 0 -0.56326954
Link 66 104 4383 1 3.53511390
Link 16 650 4438 1 0.99947943
Link 650 562 4439 1 0.71915887
Link 7 668 4534 0 1.28025440
Link 668 201 4535 0 1.41298704
Link 104 125 4575 0 -4.43862555
Link 10 18 4611 1 1.43992212
Link 52 722 4861 0 1.16072549
Link 722 295 4862 0 -0.49860288
Link 367 618 4907 1 6.08128169
Link 2 618 4921 0 4.45905150
Link 37 735 4942 1 0.84623827
Link 735 37 4943 1 -0.75648293
Link 95 736 4945 1 1.00000000
Link 736 125 4946 1 1.25072141
Link 1 26 4947 0 3.91623353
Link 109 356 5111 0 1.24291011
Link 26 773 5238 0 1.44067686
Link 773 18 5239 0 -2.54545661
Link 56 816 5520 0 1.24464111
Link 816 496 5521 0 1.04967100
Link 168 201 5713 0 -0.04107329
Link 116 277 5762 0 -4.27019592
Link 9 26 5807 0 -2.71438672
Link 35 73 5856 0 -0.70884781
Link 367 875 5967 0 1.25618967
Link 875 158 5968 0 0.02596929
Link 234 234 5995 1 0.69152431
Link 242 111 6041 0 3.11408697
Link 263 885 6046 0 1.85237596
Link 885 68 6047 0 1.03517501
Link 15 35 6069 1 1.95858895
Link 618 52 6264 1 -2.18334345
Link 539 950 6493 0 2.29191973
Link 950 10 6494 0 0.36283254
Link 356 956 6535 0 0.99710637
Link 956 494 6536 0 0.99881777
Link 52 962 6564 0 1.23251416
Link 962 197 6565 0 1.45880599
Link 277 970 6631 0 1.18933296
Link 970 242 6632 0 1.49763372
Link 7 494 6694 0 4.52801336
Link 38 295 6949 0 -0.85873953
Link 277 66 6977 0 0.07535548
Link 494 18 6997 0 -1.82505168
Link 574 73 7111 0 -0.75488687
Link 201 722 7216 0 1.32679901
Link 494 158 7235 0 1.89402105
Link 277 201 7285 1 -1.95351862
Link 242 168 7334 1 0.41758873
Link 322 355 7456 1 1.74092305
Link 956 73 7614 0 1.08769645
Link 13 1147 7878 1 0.98914855
Link 225 242 7896 1 -4.21524398
Link 496 231 8090 1 2.06625294
Link 50 609 8155 0 1.69127531
Link 95 1175 8183 0 1.20091960
Link 1175 539 8184 0 0.74032610
Link 494 440 8206 1 -1.95844071
Link 950 73 8306 1 1.33923998
Link 324 295 8366 1 3.25431368
Link 1208 56 8440 1 -1.04031061
Link 11 1175 8628 1 -1.02113779
Link 197 1175 8715 0 -0.22569485
Link 3 365 8900 0 2.53686295
Link 114 1283 8939 0 1.16617544
Link 1283 496 8940 0 -0.55028531
Link 201 324 9044 0 2.04274756
Link 263 668 9132 1 0.86709084
Link 1147 1313 9162 1 1.00000000
Link 1313 95 9163 1 4.25947202
Link 13 356 9183 1 0.22687711
Link 16 1319 9209 1 1.00000000
Link 1319 1208 9210 1 1.12754124
Link 397 52 9301 0 0.08369756
Link 8 225 9436 0 1.13425236
Link 168 73 9477 0 -3.54065503
GenomeEnd

